"SRL" "MIG" "GMax" "GMin" "SCI" "RCI" "GER" "MSM*"
"1" 7.164 43.438 47.264 7.246 0.9 -506.337241764377 0.0956069768604129 0.166812468345688
"2" 7.164 37.259 47.264 7.246 0.8 -420.086543830262 0.25001249437753 0.194476502321587
"3" 7.164 38.059 47.264 7.246 0.8 -431.253489670575 0.230021490329352 0.190388607162563
"4" 7.164 41.525 47.264 7.246 0.9 -479.63428252373 0.143410465290619 0.174497290788682
"5" 7.164 33.653 47.264 7.246 0.8 -369.751535455053 0.340121945124694 0.215315127923216
"6" 7.164 41.824 47.264 7.246 0.9 -483.807928531547 0.135938827527613 0.173249808722265
"7" 7.164 39.972 47.264 7.246 0.9 -457.956448911223 0.182218001899145 0.181276893825678
"8" 7.164 28.314 47.264 7.246 0.8 -295.226130653266 0.473536908391224 0.255915801370347
"9" 7.164 17.855 47.264 7.246 0.7 -149.232272473479 0.734894297566095 0.405824698963876
"10" 7.164 27.24 47.264 7.246 0.8 -280.234505862647 0.500374831325903 0.266005873715125
"11" 7.164 36.867 47.264 7.246 0.8 -414.614740368509 0.259808086361137 0.196544335042179
"12" 7.164 43.438 47.264 7.246 0.9 -506.337241764377 0.0956069768604129 0.166812468345688
"13" 7.164 22.063 47.264 7.246 0.6 -207.970407593523 0.629741616272677 0.328423151883243
"14" 7.164 43.618 47.264 7.246 0.9 -508.849804578448 0.0911090009495727 0.166124077215828
"15" 7.164 31.7 47.264 7.246 0.7 -342.49022892239 0.388924983757309 0.228580441640379
"16" 7.164 28.793 47.264 7.246 0.6 -301.912339475154 0.461567294717377 0.251658389191817
"17" 7.164 36.035 47.264 7.246 0.8 -403.001116694584 0.280598730571243 0.201082281115582
"18" 7.164 45.351 47.264 7.246 0.9 -533.040201005025 0.0478034884302063 0.159775969658883
"19" 7.164 33.873 47.264 7.246 0.9 -372.822445561139 0.334624419011445 0.213916688808195
"20" 7.164 28.563 47.264 7.246 0.5 -298.701842546064 0.467314708381228 0.253684837026923
"21" 7.164 37.699 47.264 7.246 0.8 -426.228364042434 0.239017442151032 0.192206689832622
"22" 7.164 47.264 47.264 7.246 1 -559.743160245673 0 0.153309072444144
"23" 7.164 26.88 47.264 7.246 0.6 -275.209380234506 0.509370783147584 0.269568452380952
"24" 7.164 18.788 47.264 7.246 0.6 -162.255723059743 0.711579789094907 0.385671705343836
"25" 7.164 33.873 47.264 7.246 0.9 -372.822445561139 0.334624419011445 0.213916688808195
"26" 7.164 37.879 47.264 7.246 0.8 -428.740926856505 0.234519466240192 0.191293328757359
"27" 7.164 36.326 47.264 7.246 0.9 -407.063093243998 0.273327002848718 0.199471452953807
"28" 7.164 35.346 47.264 7.246 0.8 -393.383584589615 0.297815982807736 0.205001980422113
"29" 7.164 35.786 47.264 7.246 0.8 -399.525404801787 0.286820930581238 0.202481417314033
"30" 7.164 38.96 47.264 7.246 0.8 -443.830262423227 0.207506622020091 0.185985626283368
"31" 7.164 42.606 47.264 7.246 0.9 -494.723618090452 0.116397621070518 0.170069943200488
"32" 7.164 47.264 47.264 7.246 1 -559.743160245673 0 0.153309072444144
"33" 7.164 20.471 47.264 7.246 0.6 -185.748185371301 0.669523714328552 0.353964144399394
"34" 7.164 28.563 47.264 7.246 0.6 -298.701842546064 0.467314708381228 0.253684837026923
"35" 7.164 33.873 47.264 7.246 0.9 -372.822445561139 0.334624419011445 0.213916688808195
"36" 7.164 33.873 47.264 7.246 0.8 -372.822445561139 0.334624419011445 0.213916688808195
"37" 7.164 20.37 47.264 7.246 0.7 -184.338358458962 0.672047578589635 0.355719194894453
"38" 7.164 30.227 47.264 7.246 0.7 -321.929089893914 0.425733419961018 0.239719456115394
"39" 7.164 38.059 47.264 7.246 0.8 -431.253489670575 0.230021490329352 0.190388607162563
"40" 7.164 37.659 47.264 7.246 0.7 -425.670016750419 0.240016992353441 0.192410844685201
"41" 7.164 29.387 47.264 7.246 0.7 -310.203796761586 0.446723974211605 0.246571613298397
"42" 7.164 43.618 47.264 7.246 0.9 -508.849804578448 0.0911090009495727 0.166124077215828
"43" 7.164 40.693 47.264 7.246 0.8 -468.020658849805 0.164201109500725 0.17806502346841
"44" 7.164 36.035 47.264 7.246 0.8 -403.001116694584 0.280598730571243 0.201082281115582
"45" 7.164 24.917 47.264 7.246 0.7 -247.808486878839 0.558423709330801 0.290805474174259
"46" 7.164 37.659 47.264 7.246 0.7 -425.670016750419 0.240016992353441 0.192410844685201
"47" 7.164 43.438 47.264 7.246 0.9 -506.337241764377 0.0956069768604129 0.166812468345688
"48" 7.164 39.972 47.264 7.246 0.9 -457.956448911223 0.182218001899145 0.181276893825678
"49" 7.164 40.693 47.264 7.246 0.8 -468.020658849805 0.164201109500725 0.17806502346841
"50" 7.164 39.612 47.264 7.246 0.9 -452.931323283082 0.191213953720826 0.18292436635363
"51" 7.164 32.259 47.264 7.246 0.8 -350.293132328308 0.374956269678645 0.224619486034905
"52" 7.164 28.775 47.264 7.246 0.7 -301.661083193747 0.462017092308461 0.251815812337098
"53" 7.164 41.525 47.264 7.246 0.9 -479.63428252373 0.143410465290619 0.174497290788682
"54" 7.164 41.824 47.264 7.246 0.9 -483.807928531547 0.135938827527613 0.173249808722265
"55" 7.164 34.132 47.264 7.246 0.7 -376.43774427694 0.328152331450847 0.21229344896285
"56" 7.164 32.389 47.264 7.246 0.6 -352.107761027359 0.371707731520816 0.223717928926487
"57" 7.164 38.96 47.264 7.246 0.8 -443.830262423227 0.207506622020091 0.185985626283368
"58" 7.164 28.022 47.264 7.246 0.8 -291.150195421552 0.480833624868809 0.258582542288202
"59" 7.164 29.355 47.264 7.246 0.6 -309.757118927973 0.447523614373532 0.246840401975813
"60" 7.164 39.392 47.264 7.246 0.7 -449.860413176996 0.196711479834075 0.18394597887896
"61" 7.164 25.868 47.264 7.246 0.5 -261.08319374651 0.534659403268529 0.280114427091387
"62" 7.164 37.699 47.264 7.246 0.9 -426.228364042434 0.239017442151032 0.192206689832622
"63" 7.164 30.868 47.264 7.246 0.7 -330.876605248465 0.409715627967415 0.234741479849683
"64" 7.164 37.047 47.264 7.246 0.7 -417.12730318258 0.255310110450297 0.195589386455044
"65" 7.164 36.146 47.264 7.246 0.8 -404.550530429927 0.277824978759558 0.200464781718586
"66" 7.164 24.917 47.264 7.246 0.7 -247.808486878839 0.558423709330801 0.290805474174259
"67" 7.164 25.529 47.264 7.246 0.6 -256.351200446678 0.543130591233945 0.283834071056446
"68" 7.164 26.541 47.264 7.246 0.6 -270.477386934673 0.517841971112999 0.273011567009532
"69" 7.164 26.25 47.264 7.246 0.6 -266.41541038526 0.525113698835524 0.276038095238095
"70" 7.164 27.834 47.264 7.246 0.8 -288.525963149079 0.485531510820131 0.260329093913918
"71" 7.164 32.821 47.264 7.246 0.7 -358.137911781128 0.360912589334799 0.220773285396545
"72" 7.164 29.215 47.264 7.246 0.8 -307.802903405919 0.451022040081963 0.24802327571453
"73" 7.164 36.146 47.264 7.246 0.8 -404.550530429927 0.277824978759558 0.200464781718586
"74" 7.164 34.233 47.264 7.246 0.6 -377.84757118928 0.325628467189765 0.211667104840359
"75" 7.164 39.612 47.264 7.246 0.9 -452.931323283082 0.191213953720826 0.18292436635363
"76" 7.164 37.047 47.264 7.246 0.7 -417.12730318258 0.255310110450297 0.195589386455044
"77" 7.164 38.178 47.264 7.246 0.8 -432.914572864322 0.227047828477185 0.18979516999319
"78" 7.164 33.833 47.264 7.246 0.7 -372.264098269124 0.335623969213854 0.214169597730027
"79" 7.164 30.187 47.264 7.246 0.6 -321.370742601898 0.426732970163426 0.240037102063802
"80" 7.164 27.482 47.264 7.246 0.6 -283.612506979341 0.494327552601329 0.263663488829052
"81" 7.164 28.094 47.264 7.246 0.7 -292.15522054718 0.479034434504473 0.257919840535346
"82" 7.164 32.209 47.264 7.246 0.8 -349.595198213289 0.376205707431656 0.224968176596603
"83" 7.164 38.059 47.264 7.246 0.8 -431.253489670575 0.230021490329352 0.190388607162563
"84" 7.164 30.886 47.264 7.246 0.8 -331.127861529872 0.409265830376331 0.234604675257398
"85" 7.164 43.438 47.264 7.246 0.8 -506.337241764377 0.0956069768604129 0.166812468345688
"86" 7.164 34.734 47.264 7.246 0.7 -384.840871021776 0.313109100904593 0.20861403811827
"87" 7.164 26.109 47.264 7.246 0.7 -264.447236180905 0.528637113299016 0.277528821479183
"88" 7.164 34.233 47.264 7.246 0.8 -377.84757118928 0.325628467189765 0.211667104840359
"89" 7.164 39.172 47.264 7.246 0.9 -446.78950307091 0.202209005947324 0.184979066680282
"90" 7.164 26.541 47.264 7.246 0.6 -270.477386934673 0.517841971112999 0.273011567009532
"91" 7.164 31.488 47.264 7.246 0.7 -339.530988274707 0.394222599830076 0.230119410569106
"92" 7.164 28.314 47.264 7.246 0.8 -295.226130653266 0.473536908391224 0.255915801370347
"93" 7.164 34.053 47.264 7.246 0.8 -375.335008375209 0.330126443100605 0.212785951311191
"94" 7.164 22.895 47.264 7.246 0.7 -219.584031267448 0.608950972062572 0.31648831622625
"95" 7.164 36.035 47.264 7.246 0.8 -403.001116694584 0.280598730571243 0.201082281115582
"96" 7.164 26.941 47.264 7.246 0.6 -276.06085985483 0.50784646908891 0.268958093611967
"97" 7.164 37.879 47.264 7.246 0.8 -428.740926856505 0.234519466240192 0.191293328757359
"98" 7.164 28.793 47.264 7.246 0.7 -301.912339475154 0.461567294717377 0.251658389191817
"99" 7.164 29.175 47.264 7.246 0.5 -307.244556113903 0.452021590284372 0.248363324764353
"100" 7.164 34.053 47.264 7.246 0.7 -375.335008375209 0.330126443100605 0.212785951311191
"101" 7.164 35.346 47.264 7.246 0.8 -393.383584589615 0.297815982807736 0.205001980422113
"102" 7.164 27.302 47.264 7.246 0.8 -281.099944165271 0.49882552851217 0.265401802065783
"103" 7.164 26.52 47.264 7.246 0.8 -270.184254606365 0.518366734969264 0.273227752639517
"104" 7.164 26.541 47.264 7.246 0.6 -270.477386934673 0.517841971112999 0.273011567009532
"105" 7.164 31.7 47.264 7.246 0.7 -342.49022892239 0.388924983757309 0.228580441640379
"106" 7.164 29.874 47.264 7.246 0.7 -317.001675041876 0.434554450497276 0.24255205195153
"107" 7.164 36.146 47.264 7.246 0.7 -404.550530429927 0.277824978759558 0.200464781718586
"108" 7.164 23.234 47.264 7.246 0.6 -224.316024567281 0.600479784097156 0.311870534561419
"109" 7.164 20.982 47.264 7.246 0.7 -192.881072026801 0.656754460492778 0.345343627871509
"110" 7.164 29.034 47.264 7.246 0.8 -305.276381909548 0.455545004747863 0.249569470276228
"111" 7.164 27.601 47.264 7.246 0.7 -285.273590173088 0.491353890749163 0.262526720046375
"112" 7.164 41.305 47.264 7.246 0.8 -476.563372417644 0.148907991403868 0.175426703788888
"113" 7.164 32.821 47.264 7.246 0.7 -358.137911781128 0.360912589334799 0.220773285396545
"114" 7.164 39.972 47.264 7.246 0.9 -457.956448911223 0.182218001899145 0.181276893825678
"115" 7.164 35.786 47.264 7.246 0.9 -399.525404801787 0.286820930581238 0.202481417314033
"116" 7.164 27.042 47.264 7.246 0.6 -277.470686767169 0.505322604827827 0.267953553731233
"117" 7.164 29.906 47.264 7.246 0.7 -317.448352875489 0.433754810335349 0.242292516551862
"118" 7.164 30.407 47.264 7.246 0.7 -324.441652707984 0.421235444050177 0.238300391357253
"119" 7.164 36.146 47.264 7.246 0.6 -404.550530429927 0.277824978759558 0.200464781718586
"120" 7.164 21.62 47.264 7.246 0.7 -201.78671133445 0.640811634764356 0.335152636447734
"121" 7.164 36.326 47.264 7.246 0.8 -407.063093243998 0.273327002848718 0.199471452953807
"122" 7.164 32.14 47.264 7.246 0.8 -348.632049134562 0.377929931530811 0.225451151213441
"123" 7.164 25.169 47.264 7.246 0.7 -251.326074818537 0.552126543055625 0.287893837657436
"124" 7.164 29.827 47.264 7.246 0.8 -316.345616973758 0.435728921985107 0.242934254199215
"125" 7.164 39.572 47.264 7.246 0.8 -452.372975991067 0.192213503923235 0.183109269180228
"126" 7.164 34.053 47.264 7.246 0.8 -375.335008375209 0.330126443100605 0.212785951311191
"127" 7.164 37.047 47.264 7.246 0.7 -417.12730318258 0.255310110450297 0.195589386455044
"128" 7.164 30.407 47.264 7.246 0.8 -324.441652707984 0.421235444050177 0.238300391357253
"129" 7.164 39.612 47.264 7.246 0.8 -452.931323283082 0.191213953720826 0.18292436635363
"130" 7.164 35.966 47.264 7.246 0.7 -402.037967615857 0.282322954670398 0.201468053161319
"131" 7.164 25.129 47.264 7.246 0.5 -250.767727526522 0.553126093258034 0.288352103147758
"132" 7.164 23.075 47.264 7.246 0.6 -222.096594081519 0.604452996151732 0.314019501625135
"133" 7.164 33.213 47.264 7.246 0.8 -363.609715242881 0.351116997351192 0.218167584981784
"134" 7.164 42.606 47.264 7.246 0.9 -494.723618090452 0.116397621070518 0.170069943200488
"135" 7.164 20.55 47.264 7.246 0.6 -186.850921273032 0.667549602678795 0.352603406326034
"136" 7.164 39.792 47.264 7.246 0.8 -455.443886097152 0.186715977809986 0.182096903900281
"137" 7.164 39.612 47.264 7.246 0.9 -452.931323283082 0.191213953720826 0.18292436635363
"138" 7.164 17.855 47.264 7.246 0.6 -149.232272473479 0.734894297566095 0.405824698963876
"139" 7.164 41.705 47.264 7.246 0.8 -482.1468453378 0.138912489379779 0.173744155377053
"140" 7.164 29.575 47.264 7.246 0.7 -312.828029034059 0.442026088260283 0.245004226542688
"141" 7.164 31.308 47.264 7.246 0.6 -337.018425460637 0.398720575740916 0.231442442826115
"142" 7.164 29.215 47.264 7.246 0.8 -307.802903405919 0.451022040081963 0.24802327571453
"143" 7.164 25.208 47.264 7.246 0.8 -251.870463428252 0.551151981608276 0.287448429070136
"144" 7.164 47.264 47.264 7.246 1 -559.743160245673 0 0.153309072444144
"145" 7.164 22.943 47.264 7.246 0.6 -220.254048017867 0.607751511819681 0.315826177919191
"146" 7.164 27.874 47.264 7.246 0.7 -289.084310441094 0.484531960617722 0.259955514099161
"147" 7.164 19.649 47.264 7.246 0.8 -174.27414852038 0.690064470988055 0.368771947681816
"148" 7.164 23.836 47.264 7.246 0.6 -232.719151312116 0.585436553550902 0.303993958717906
"149" 7.164 34.122 47.264 7.246 0.8 -376.298157453936 0.328402219001449 0.212355664966884
"150" 7.164 41.705 47.264 7.246 0.8 -482.1468453378 0.138912489379779 0.173744155377053
"151" 7.164 25.341 47.264 7.246 0.8 -253.726968174204 0.547828477185267 0.28593978138195
"152" 7.164 33.613 47.264 7.246 0.7 -369.193188163037 0.341121495327103 0.215571356320471
"153" 7.164 25.569 47.264 7.246 0.7 -256.909547738694 0.542131041031536 0.283390042629747
"154" 7.164 34.013 47.264 7.246 0.7 -374.776661083194 0.331125993303014 0.213036192044218
"155" 7.164 36.085 47.264 7.246 0.8 -403.699050809604 0.279349292818232 0.200803658029652
"156" 7.164 45.351 47.264 7.246 0.9 -533.040201005025 0.0478034884302063 0.159775969658883
"157" 7.164 21.281 47.264 7.246 0.5 -197.054718034618 0.649282822729772 0.340491518255721
"158" 7.164 30.688 47.264 7.246 0.6 -328.364042434394 0.414213603878255 0.236118352450469
"159" 7.164 27.24 47.264 7.246 0.8 -280.234505862647 0.500374831325903 0.266005873715125
"160" 7.164 32.259 47.264 7.246 0.8 -350.293132328308 0.374956269678645 0.224619486034905
"161" 7.164 30.656 47.264 7.246 0.8 -327.917364600782 0.415013244040182 0.236364822546973
"162" 7.164 28.173 47.264 7.246 0.6 -293.257956448911 0.477060322854715 0.257196606680155
"163" 7.164 39.612 47.264 7.246 0.9 -452.931323283082 0.191213953720826 0.18292436635363
"164" 7.164 26.048 47.264 7.246 0.5 -263.595756560581 0.530161427357689 0.278178746928747
"165" 7.164 38.56 47.264 7.246 0.8 -438.246789503071 0.21750212404418 0.187914937759336
"166" 7.164 27.482 47.264 7.246 0.7 -283.612506979341 0.494327552601329 0.263663488829052
"167" 7.164 23.004 47.264 7.246 0.7 -221.105527638191 0.606227197761008 0.314988697617806
"168" 7.164 31.52 47.264 7.246 0.8 -339.977666108319 0.393422959668149 0.22988578680203
"169" 7.164 34.734 47.264 7.246 0.7 -384.840871021776 0.313109100904593 0.20861403811827
"170" 7.164 35.966 47.264 7.246 0.7 -402.037967615857 0.282322954670398 0.201468053161319
"171" 7.164 29.395 47.264 7.246 0.6 -310.315466219989 0.446524064171123 0.246504507569314
"172" 7.164 47.264 47.264 7.246 1 -559.743160245673 0 0.153309072444144
"173" 7.164 43.438 47.264 7.246 0.9 -506.337241764377 0.0956069768604129 0.166812468345688
"174" 7.164 37.479 47.264 7.246 0.8 -423.157453936348 0.244514968264281 0.193334934229835
"175" 7.164 31.74 47.264 7.246 0.8 -343.048576214405 0.3879254335549 0.228292375551355
"176" 7.164 37.659 47.264 7.246 0.7 -425.670016750419 0.240016992353441 0.192410844685201
"177" 7.164 30.227 47.264 7.246 0.8 -321.929089893914 0.425733419961018 0.239719456115394
"178" 7.164 39.792 47.264 7.246 0.8 -455.443886097152 0.186715977809986 0.182096903900281
"179" 7.164 37.259 47.264 7.246 0.8 -420.086543830262 0.25001249437753 0.194476502321587
"180" 7.164 29.395 47.264 7.246 0.7 -310.315466219989 0.446524064171123 0.246504507569314
"181" 7.164 32.259 47.264 7.246 0.7 -350.293132328308 0.374956269678645 0.224619486034905
"182" 7.164 25.929 47.264 7.246 0.7 -261.934673366834 0.533135089209856 0.279455435998303
"183" 7.164 30.256 47.264 7.246 0.7 -322.333891680625 0.425008746064271 0.239489687995769
"184" 7.164 29.575 47.264 7.246 0.5 -312.828029034059 0.442026088260283 0.245004226542688
"185" 7.164 31.308 47.264 7.246 0.7 -337.018425460637 0.398720575740916 0.231442442826115
"186" 7.164 27.914 47.264 7.246 0.8 -289.64265773311 0.483532410415313 0.259583004943756
"187" 7.164 37.879 47.264 7.246 0.8 -428.740926856505 0.234519466240192 0.191293328757359
"188" 7.164 21.562 47.264 7.246 0.8 -200.977107761027 0.642260982557849 0.336054169372043
"189" 7.164 35.926 47.264 7.246 0.8 -401.479620323842 0.283322504872807 0.201692367644603
"190" 7.164 32.14 47.264 7.246 0.8 -348.632049134562 0.377929931530811 0.225451151213441
"191" 7.164 24.557 47.264 7.246 0.8 -242.783361250698 0.567419661152481 0.295068615873274
"192" 7.164 29.874 47.264 7.246 0.7 -317.001675041876 0.434554450497276 0.24255205195153
"193" 7.164 39.972 47.264 7.246 0.9 -457.956448911223 0.182218001899145 0.181276893825678
"194" 7.164 30.526 47.264 7.246 0.7 -326.102735901731 0.418261782198011 0.237371421083666
"195" 7.164 30.227 47.264 7.246 0.8 -321.929089893914 0.425733419961018 0.239719456115394
"196" 7.164 33.041 47.264 7.246 0.7 -361.208821887214 0.35541506322155 0.219303289852002
"197" 7.164 24.228 47.264 7.246 0.7 -238.190954773869 0.575640961567295 0.299075449892686
"198" 7.164 41.705 47.264 7.246 0.8 -482.1468453378 0.138912489379779 0.173744155377053
"199" 7.164 32.209 47.264 7.246 0.7 -349.595198213289 0.376205707431656 0.224968176596603
"200" 7.164 29.607 47.264 7.246 0.8 -313.274706867672 0.441226448098356 0.24473941973182
"201" 7.164 32.619 47.264 7.246 0.7 -355.318257956449 0.365960317856964 0.222140470278059
"202" 7.164 34.172 47.264 7.246 0.8 -376.996091568956 0.327152781248438 0.212044949081119
"203" 7.164 32.32 47.264 7.246 0.6 -351.144611948632 0.373431955619971 0.224195544554455
"204" 7.164 43.438 47.264 7.246 0.8 -506.337241764377 0.0956069768604129 0.166812468345688
"205" 7.164 22.063 47.264 7.246 0.6 -207.970407593523 0.629741616272677 0.328423151883243
"206" 7.164 33.833 47.264 7.246 0.7 -372.264098269124 0.335623969213854 0.214169597730027
"207" 7.164 21.382 47.264 7.246 0.7 -198.464544946957 0.646758958468689 0.338883172762136
"208" 7.164 43.438 47.264 7.246 0.9 -506.337241764377 0.0956069768604129 0.166812468345688
"209" 7.164 35.786 47.264 7.246 0.9 -399.525404801787 0.286820930581238 0.202481417314033
"210" 7.164 30.047 47.264 7.246 0.9 -319.416527079844 0.430231395871858 0.241155523013945
"211" 7.164 45.351 47.264 7.246 0.9 -533.040201005025 0.0478034884302063 0.159775969658883
"212" 7.164 37.699 47.264 7.246 0.9 -426.228364042434 0.239017442151032 0.192206689832622
"213" 7.164 27.781 47.264 7.246 0.6 -287.786152987158 0.486855914838323 0.260825744213671
"214" 7.164 34.413 47.264 7.246 0.8 -380.36013400335 0.321130491278924 0.210559962804754
"215" 7.164 30.047 47.264 7.246 0.9 -319.416527079844 0.430231395871858 0.241155523013945
"216" 7.164 33.873 47.264 7.246 0.8 -372.822445561139 0.334624419011445 0.213916688808195
"217" 7.164 22.715 47.264 7.246 0.7 -217.071468453378 0.613448947973412 0.318996257979309
"218" 7.164 26.761 47.264 7.246 0.8 -273.548297040759 0.51234444499975 0.27076716116737
"219" 7.164 34.233 47.264 7.246 0.7 -377.84757118928 0.325628467189765 0.211667104840359
"220" 7.164 31.607 47.264 7.246 0.6 -341.192071468453 0.39124893797791 0.229253013572943
"221" 7.164 39.612 47.264 7.246 0.9 -452.931323283082 0.191213953720826 0.18292436635363
"222" 7.164 30.767 47.264 7.246 0.7 -329.466778336125 0.412239492228497 0.23551207462541
"223" 7.164 33.902 47.264 7.246 0.8 -373.22724734785 0.333899745114698 0.21373370302637
"224" 7.164 37.699 47.264 7.246 0.9 -426.228364042434 0.239017442151032 0.192206689832622
"225" 7.164 35.926 47.264 7.246 0.8 -401.479620323842 0.283322504872807 0.201692367644603
"226" 7.164 34.734 47.264 7.246 0.7 -384.840871021776 0.313109100904593 0.20861403811827
"227" 7.164 31.96 47.264 7.246 0.9 -346.119486320491 0.382427907441651 0.226720901126408
"228" 7.164 33.873 47.264 7.246 0.9 -372.822445561139 0.334624419011445 0.213916688808195
"229" 7.164 28.613 47.264 7.246 0.7 -299.399776661083 0.466065270628217 0.253241533568658
"230" 7.164 32.209 47.264 7.246 0.7 -349.595198213289 0.376205707431656 0.224968176596603
"231" 7.164 26.541 47.264 7.246 0.7 -270.477386934673 0.517841971112999 0.273011567009532
"232" 7.164 33.873 47.264 7.246 0.9 -372.822445561139 0.334624419011445 0.213916688808195
"233" 7.164 27.042 47.264 7.246 0.6 -277.470686767169 0.505322604827827 0.267953553731233
"234" 7.164 24.315 47.264 7.246 0.6 -239.405360134003 0.573466939877055 0.298005346493934
"235" 7.164 45.351 47.264 7.246 0.9 -533.040201005025 0.0478034884302063 0.159775969658883
"236" 7.164 27.121 47.264 7.246 0.7 -278.5734226689 0.50334849317807 0.267173039342207
"237" 7.164 23.796 47.264 7.246 0.5 -232.160804020101 0.586436103753311 0.304504958816608
"238" 7.164 38.56 47.264 7.246 0.8 -438.246789503071 0.21750212404418 0.187914937759336
"239" 7.164 36.647 47.264 7.246 0.7 -411.543830262423 0.265305612474386 0.197724233907278
"240" 7.164 39.172 47.264 7.246 0.9 -446.78950307091 0.202209005947324 0.184979066680282
"241" 7.164 29.787 47.264 7.246 0.7 -315.787269681742 0.436728472187516 0.243260482760936
"242" 7.164 35.786 47.264 7.246 0.8 -399.525404801787 0.286820930581238 0.202481417314033
"243" 7.164 31.96 47.264 7.246 0.9 -346.119486320491 0.382427907441651 0.226720901126408
"244" 7.164 39.792 47.264 7.246 0.8 -455.443886097152 0.186715977809986 0.182096903900281
"245" 7.164 30.767 47.264 7.246 0.8 -329.466778336125 0.412239492228497 0.23551207462541
"246" 7.164 42.606 47.264 7.246 0.9 -494.723618090452 0.116397621070518 0.170069943200488
"247" 7.164 33.041 47.264 7.246 0.8 -361.208821887214 0.35541506322155 0.219303289852002
"248" 7.164 38.059 47.264 7.246 0.7 -431.253489670575 0.230021490329352 0.190388607162563
"249" 7.164 41.705 47.264 7.246 0.8 -482.1468453378 0.138912489379779 0.173744155377053
"250" 7.164 25.097 47.264 7.246 0.6 -250.321049692909 0.553925733419961 0.288719767302865
"251" 7.164 27.842 47.264 7.246 0.6 -288.637632607482 0.485331600779649 0.260254292076719
"252" 7.164 45.351 47.264 7.246 0.9 -533.040201005025 0.0478034884302063 0.159775969658883
"253" 7.164 34.013 47.264 7.246 0.7 -374.776661083194 0.331125993303014 0.213036192044218
"254" 7.164 43.438 47.264 7.246 0.9 -506.337241764377 0.0956069768604129 0.166812468345688
"255" 7.164 29.395 47.264 7.246 0.7 -310.315466219989 0.446524064171123 0.246504507569314
"256" 7.164 29.387 47.264 7.246 0.8 -310.203796761586 0.446723974211605 0.246571613298397
"257" 7.164 31.74 47.264 7.246 0.8 -343.048576214405 0.3879254335549 0.228292375551355
"258" 7.164 41.705 47.264 7.246 0.8 -482.1468453378 0.138912489379779 0.173744155377053
"259" 7.164 31.92 47.264 7.246 0.7 -345.561139028476 0.38342745764406 0.227005012531328
"260" 7.164 29.607 47.264 7.246 0.7 -313.274706867672 0.441226448098356 0.24473941973182
"261" 7.164 41.305 47.264 7.246 0.8 -476.563372417644 0.148907991403868 0.175426703788888
"262" 7.164 29.215 47.264 7.246 0.7 -307.802903405919 0.451022040081963 0.24802327571453
"263" 7.164 35.314 47.264 7.246 0.7 -392.936906756002 0.298615622969664 0.205187744237413
"264" 7.164 19.588 47.264 7.246 0.7 -173.422668900056 0.691588785046729 0.369920359403717
"265" 7.164 20.881 47.264 7.246 0.6 -191.471245114461 0.659278324753861 0.347014031895024
"266" 7.164 26.541 47.264 7.246 0.7 -270.477386934673 0.517841971112999 0.273011567009532
"267" 7.164 31.427 47.264 7.246 0.7 -338.679508654383 0.39574691388875 0.230566073758233
"268" 7.164 41.705 47.264 7.246 0.8 -482.1468453378 0.138912489379779 0.173744155377053
"269" 7.164 35.134 47.264 7.246 0.7 -390.424343941932 0.303113598880504 0.206238970797518
"270" 7.164 24.787 47.264 7.246 0.7 -245.993858179788 0.56167224748863 0.292330657199338
"271" 7.164 24.808 47.264 7.246 0.6 -246.286990508096 0.561147483632366 0.292083198968075
"272" 7.164 45.351 47.264 7.246 0.9 -533.040201005025 0.0478034884302063 0.159775969658883
"273" 7.164 22.964 47.264 7.246 0.7 -220.547180346175 0.607226747963416 0.315537362828775
"274" 7.164 28.613 47.264 7.246 0.7 -299.399776661083 0.466065270628217 0.253241533568658
"275" 7.164 39.612 47.264 7.246 0.8 -452.931323283082 0.191213953720826 0.18292436635363
"276" 7.164 34.172 47.264 7.246 0.8 -376.996091568956 0.327152781248438 0.212044949081119
"277" 7.164 31.96 47.264 7.246 0.9 -346.119486320491 0.382427907441651 0.226720901126408
"278" 7.164 27.874 47.264 7.246 0.6 -289.084310441094 0.484531960617722 0.259955514099161
"279" 7.164 27.262 47.264 7.246 0.6 -280.541596873255 0.499825078714578 0.265791211209743
"280" 7.164 36.265 47.264 7.246 0.7 -406.211613623674 0.274851316907392 0.199806976423549
"281" 7.164 41.705 47.264 7.246 0.8 -482.1468453378 0.138912489379779 0.173744155377053
"282" 7.164 25.987 47.264 7.246 0.7 -262.744276940257 0.531685741416363 0.278831723554085
"283" 7.164 32.1 47.264 7.246 0.7 -348.073701842546 0.37892948173322 0.225732087227414
"284" 7.164 27.781 47.264 7.246 0.5 -287.786152987158 0.486855914838323 0.260825744213671
"285" 7.164 20.428 47.264 7.246 0.6 -185.147962032384 0.670598230796142 0.354709222635598
"286" 7.164 27.06 47.264 7.246 0.7 -277.721943048576 0.504872807236743 0.267775314116778
"287" 7.164 31.96 47.264 7.246 0.8 -346.119486320491 0.382427907441651 0.226720901126408
"288" 7.164 35.314 47.264 7.246 0.7 -392.936906756002 0.298615622969664 0.205187744237413
"289" 7.164 28.563 47.264 7.246 0.6 -298.701842546064 0.467314708381228 0.253684837026923
"290" 7.164 36.326 47.264 7.246 0.9 -407.063093243998 0.273327002848718 0.199471452953807
"291" 7.164 36.265 47.264 7.246 0.7 -406.211613623674 0.274851316907392 0.199806976423549
"292" 7.164 27.302 47.264 7.246 0.8 -281.099944165271 0.49882552851217 0.265401802065783
"293" 7.164 41.705 47.264 7.246 0.8 -482.1468453378 0.138912489379779 0.173744155377053
"294" 7.164 43.218 47.264 7.246 0.9 -503.266331658292 0.101104502973662 0.167661622472118
"295" 7.164 33.213 47.264 7.246 0.8 -363.609715242881 0.351116997351192 0.218167584981784
"296" 7.164 29.395 47.264 7.246 0.7 -310.315466219989 0.446524064171123 0.246504507569314
"297" 7.164 30.187 47.264 7.246 0.6 -321.370742601898 0.426732970163426 0.240037102063802
"298" 7.164 45.351 47.264 7.246 0.9 -533.040201005025 0.0478034884302063 0.159775969658883
"299" 7.164 31.96 47.264 7.246 0.8 -346.119486320491 0.382427907441651 0.226720901126408
"300" 7.164 30.407 47.264 7.246 0.7 -324.441652707984 0.421235444050177 0.238300391357253
"301" 7.164 33.401 47.264 7.246 0.7 -366.233947515355 0.34641911139987 0.21693961258645
"302" 7.164 33.041 47.264 7.246 0.7 -361.208821887214 0.35541506322155 0.219303289852002
"303" 7.164 38.059 47.264 7.246 0.8 -431.253489670575 0.230021490329352 0.190388607162563
"304" 7.164 30.767 47.264 7.246 0.7 -329.466778336125 0.412239492228497 0.23551207462541
"305" 7.164 38.059 47.264 7.246 0.8 -431.253489670575 0.230021490329352 0.190388607162563
"306" 7.164 27.482 47.264 7.246 0.6 -283.612506979341 0.494327552601329 0.263663488829052
"307" 7.164 31.088 47.264 7.246 0.6 -333.947515354551 0.404218101854166 0.233080288214102
"308" 7.164 45.351 47.264 7.246 0.9 -533.040201005025 0.0478034884302063 0.159775969658883
"309" 7.164 34.053 47.264 7.246 0.7 -375.335008375209 0.330126443100605 0.212785951311191
"310" 7.164 31.128 47.264 7.246 0.8 -334.505862646566 0.403218551651757 0.23278077615009
"311" 7.164 30.047 47.264 7.246 0.9 -319.416527079844 0.430231395871858 0.241155523013945
"312" 7.164 36.384 47.264 7.246 0.9 -407.87269681742 0.271877655055225 0.199153474054529
"313" 7.164 28.433 47.264 7.246 0.8 -296.887213847013 0.470563246539057 0.254844722681391
"314" 7.164 43.438 47.264 7.246 0.9 -506.337241764377 0.0956069768604129 0.166812468345688
"315" 7.164 45.351 47.264 7.246 0.9 -533.040201005025 0.0478034884302063 0.159775969658883
"316" 7.164 41.305 47.264 7.246 0.8 -476.563372417644 0.148907991403868 0.175426703788888
"317" 7.164 39.792 47.264 7.246 0.8 -455.443886097152 0.186715977809986 0.182096903900281
"318" 7.164 35.314 47.264 7.246 0.8 -392.936906756002 0.298615622969664 0.205187744237413
"319" 7.164 34.954 47.264 7.246 0.8 -387.911781127862 0.307611574791344 0.207301024203239
"320" 7.164 25.921 47.264 7.246 0.7 -261.823003908431 0.533334999250337 0.279541684348598
"321" 7.164 38.059 47.264 7.246 0.8 -431.253489670575 0.230021490329352 0.190388607162563
"322" 7.164 21.451 47.264 7.246 0.7 -199.427694025684 0.645034734369534 0.337793109878327
"323" 7.164 25.929 47.264 7.246 0.7 -261.934673366834 0.533135089209856 0.279455435998303
"324" 7.164 39.972 47.264 7.246 0.8 -457.956448911223 0.182218001899145 0.181276893825678
"325" 7.164 36.035 47.264 7.246 0.7 -403.001116694584 0.280598730571243 0.201082281115582
"326" 7.164 34.053 47.264 7.246 0.8 -375.335008375209 0.330126443100605 0.212785951311191
"327" 7.164 39.392 47.264 7.246 0.8 -449.860413176996 0.196711479834075 0.18394597887896
"328" 7.164 24.737 47.264 7.246 0.7 -245.295924064768 0.562921685241641 0.292921534543397
"329" 7.164 33.041 47.264 7.246 0.8 -361.208821887214 0.35541506322155 0.219303289852002
"330" 7.164 28.314 47.264 7.246 0.8 -295.226130653266 0.473536908391224 0.255915801370347
"331" 7.164 37.259 47.264 7.246 0.8 -420.086543830262 0.25001249437753 0.194476502321587
"332" 7.164 30.047 47.264 7.246 0.9 -319.416527079844 0.430231395871858 0.241155523013945
"333" 7.164 33.041 47.264 7.246 0.8 -361.208821887214 0.35541506322155 0.219303289852002
"334" 7.164 30.587 47.264 7.246 0.7 -326.954215522055 0.416737468139337 0.236898028574231
"335" 7.164 18.237 47.264 7.246 0.6 -154.564489112228 0.72534859313309 0.397324121291879
"336" 7.164 42.606 47.264 7.246 0.9 -494.723618090452 0.116397621070518 0.170069943200488
"337" 7.164 38.78 47.264 7.246 0.8 -441.317699609157 0.212004597930931 0.186848891181021
"338" 7.164 39.612 47.264 7.246 0.8 -452.931323283082 0.191213953720826 0.18292436635363
"339" 7.164 30.227 47.264 7.246 0.8 -321.929089893914 0.425733419961018 0.239719456115394
"340" 7.164 33.873 47.264 7.246 0.9 -372.822445561139 0.334624419011445 0.213916688808195
"341" 7.164 31.92 47.264 7.246 0.7 -345.561139028476 0.38342745764406 0.227005012531328
"342" 7.164 36.085 47.264 7.246 0.8 -403.699050809604 0.279349292818232 0.200803658029652
"343" 7.164 23.436 47.264 7.246 0.6 -227.13567839196 0.595432055574991 0.309182454343745
"344" 7.164 36.867 47.264 7.246 0.8 -414.614740368509 0.259808086361137 0.196544335042179
"345" 7.164 34.233 47.264 7.246 0.8 -377.84757118928 0.325628467189765 0.211667104840359
"346" 7.164 24.517 47.264 7.246 0.6 -242.225013958682 0.56841921135489 0.295550026512216
"347" 7.164 30.526 47.264 7.246 0.7 -326.102735901731 0.418261782198011 0.237371421083666
"348" 7.164 35.786 47.264 7.246 0.9 -399.525404801787 0.286820930581238 0.202481417314033
"349" 7.164 24.986 47.264 7.246 0.8 -248.771635957566 0.556699485231646 0.290002401344753
"350" 7.164 37.879 47.264 7.246 0.8 -428.740926856505 0.234519466240192 0.191293328757359
"351" 7.164 37.699 47.264 7.246 0.8 -426.228364042434 0.239017442151032 0.192206689832622
"352" 7.164 37.259 47.264 7.246 0.8 -420.086543830262 0.25001249437753 0.194476502321587
"353" 7.164 25.208 47.264 7.246 0.8 -251.870463428252 0.551151981608276 0.287448429070136
"354" 7.164 32.32 47.264 7.246 0.8 -351.144611948632 0.373431955619971 0.224195544554455
"355" 7.164 34.413 47.264 7.246 0.8 -380.36013400335 0.321130491278924 0.210559962804754
"356" 7.164 27.694 47.264 7.246 0.7 -286.571747627024 0.489029936528562 0.261645121687008
"357" 7.164 35.566 47.264 7.246 0.8 -396.454494695701 0.292318456694488 0.203733903165945
"358" 7.164 35.786 47.264 7.246 0.8 -399.525404801787 0.286820930581238 0.202481417314033
"359" 7.164 38.56 47.264 7.246 0.8 -438.246789503071 0.21750212404418 0.187914937759336
"360" 7.164 24.016 47.264 7.246 0.7 -235.231714126187 0.580938577640062 0.301715522984677
"361" 7.164 26.361 47.264 7.246 0.6 -267.964824120603 0.522339947023839 0.274875763438413
"362" 7.164 35.314 47.264 7.246 0.8 -392.936906756002 0.298615622969664 0.205187744237413
"363" 7.164 32.209 47.264 7.246 0.6 -349.595198213289 0.376205707431656 0.224968176596603
"364" 7.164 35.566 47.264 7.246 0.7 -396.454494695701 0.292318456694488 0.203733903165945
"365" 7.164 36.085 47.264 7.246 0.8 -403.699050809604 0.279349292818232 0.200803658029652
"366" 7.164 31.989 47.264 7.246 0.6 -346.524288107203 0.381703233544905 0.226515364656601
"367" 7.164 26.141 47.264 7.246 0.7 -264.893914014517 0.527837473137088 0.277189089935351
"368" 7.164 34.053 47.264 7.246 0.8 -375.335008375209 0.330126443100605 0.212785951311191
"369" 7.164 30.007 47.264 7.246 0.6 -318.858179787828 0.431230946074266 0.241476988702636
"370" 7.164 41.305 47.264 7.246 0.8 -476.563372417644 0.148907991403868 0.175426703788888
"371" 7.164 28.613 47.264 7.246 0.7 -299.399776661083 0.466065270628217 0.253241533568658
"372" 7.164 37.948 47.264 7.246 0.9 -429.704075935232 0.232795242141037 0.190945504374407
"373" 7.164 34.233 47.264 7.246 0.8 -377.84757118928 0.325628467189765 0.211667104840359
"374" 7.164 27.993 47.264 7.246 0.7 -290.745393634841 0.481558298765556 0.258850426892437
"375" 7.164 32.259 47.264 7.246 0.7 -350.293132328308 0.374956269678645 0.224619486034905
"376" 7.164 34.302 47.264 7.246 0.8 -378.810720268007 0.323904243090609 0.211241327036324
"377" 7.164 30.587 47.264 7.246 0.6 -326.954215522055 0.416737468139337 0.236898028574231
"378" 7.164 25.147 47.264 7.246 0.7 -251.018983807929 0.55267629566695 0.288145703264803
"379" 7.164 33.401 47.264 7.246 0.7 -366.233947515355 0.34641911139987 0.21693961258645
"380" 7.164 37.998 47.264 7.246 0.7 -430.402010050251 0.231545804388025 0.190694247065635
"381" 7.164 33.221 47.264 7.246 0.7 -363.721384701284 0.35091708731071 0.218115047710785
"382" 7.164 37.879 47.264 7.246 0.8 -428.740926856505 0.234519466240192 0.191293328757359
"383" 7.164 29.787 47.264 7.246 0.7 -315.787269681742 0.436728472187516 0.243260482760936
"384" 7.164 33.833 47.264 7.246 0.7 -372.264098269124 0.335623969213854 0.214169597730027
"385" 7.164 30.468 47.264 7.246 0.8 -325.293132328308 0.419711129991504 0.23782329000919
"386" 7.164 38.96 47.264 7.246 0.8 -443.830262423227 0.207506622020091 0.185985626283368
"387" 7.164 37.699 47.264 7.246 0.9 -426.228364042434 0.239017442151032 0.192206689832622
"388" 7.164 30.296 47.264 7.246 0.8 -322.892238972641 0.424009195861862 0.239173488249274
"389" 7.164 41.525 47.264 7.246 0.9 -479.63428252373 0.143410465290619 0.174497290788682
"390" 7.164 34.172 47.264 7.246 0.8 -376.996091568956 0.327152781248438 0.212044949081119
"391" 7.164 37.659 47.264 7.246 0.7 -425.670016750419 0.240016992353441 0.192410844685201
"392" 7.164 27.662 47.264 7.246 0.6 -286.125069793412 0.489829576690489 0.261947798423831
"393" 7.164 39.911 47.264 7.246 0.8 -457.104969290899 0.183742315957819 0.181553957555561
"394" 7.164 37.479 47.264 7.246 0.8 -423.157453936348 0.244514968264281 0.193334934229835
"395" 7.164 31.128 47.264 7.246 0.7 -334.505862646566 0.403218551651757 0.23278077615009
"396" 7.164 34.302 47.264 7.246 0.8 -378.810720268007 0.323904243090609 0.211241327036324
"397" 7.164 35.746 47.264 7.246 0.6 -398.967057509771 0.287820480783647 0.202707995300173
"398" 7.164 43.438 47.264 7.246 0.9 -506.337241764377 0.0956069768604129 0.166812468345688
"399" 7.164 41.705 47.264 7.246 0.8 -482.1468453378 0.138912489379779 0.173744155377053
"400" 7.164 34.532 47.264 7.246 0.7 -382.021217197097 0.318156829426758 0.209834356538862
"401" 7.164 41.305 47.264 7.246 0.8 -476.563372417644 0.148907991403868 0.175426703788888
"402" 7.164 22.222 47.264 7.246 0.4 -210.189838079285 0.625768404218102 0.326073260732607
"403" 7.164 23.173 47.264 7.246 0.7 -223.464544946957 0.60200409815583 0.3126914944116
"404" 7.164 39.972 47.264 7.246 0.9 -457.956448911223 0.182218001899145 0.181276893825678
"405" 7.164 31.308 47.264 7.246 0.7 -337.018425460637 0.398720575740916 0.231442442826115
"406" 7.164 28.383 47.264 7.246 0.7 -296.189279731993 0.471812684292069 0.255293661698904
"407" 7.164 42.606 47.264 7.246 0.9 -494.723618090452 0.116397621070518 0.170069943200488
"408" 7.164 35.966 47.264 7.246 0.7 -402.037967615857 0.282322954670398 0.201468053161319
"409" 7.164 39.792 47.264 7.246 0.8 -455.443886097152 0.186715977809986 0.182096903900281
"410" 7.164 38.78 47.264 7.246 0.8 -441.317699609157 0.212004597930931 0.186848891181021
"411" 7.164 35.526 47.264 7.246 0.8 -395.896147403685 0.293318006896896 0.203963294488544
"412" 7.164 32.14 47.264 7.246 0.7 -348.632049134562 0.377929931530811 0.225451151213441
"413" 7.164 27.474 47.264 7.246 0.8 -283.500837520938 0.494527462641811 0.263740263521875
"414" 7.164 28.613 47.264 7.246 0.7 -299.399776661083 0.466065270628217 0.253241533568658
"415" 7.164 42.606 47.264 7.246 0.9 -494.723618090452 0.116397621070518 0.170069943200488
"416" 7.164 26.761 47.264 7.246 0.8 -273.548297040759 0.51234444499975 0.27076716116737
"417" 7.164 38.78 47.264 7.246 0.8 -441.317699609157 0.212004597930931 0.186848891181021
"418" 7.164 38.059 47.264 7.246 0.8 -431.253489670575 0.230021490329352 0.190388607162563
"419" 7.164 22.893 47.264 7.246 0.8 -219.556113902848 0.609000949572692 0.316515965578998
"420" 7.164 40.693 47.264 7.246 0.8 -468.020658849805 0.164201109500725 0.17806502346841
"421" 7.164 31.74 47.264 7.246 0.8 -343.048576214405 0.3879254335549 0.228292375551355
"422" 7.164 39.792 47.264 7.246 0.8 -455.443886097152 0.186715977809986 0.182096903900281
"423" 7.164 36.085 47.264 7.246 0.8 -403.699050809604 0.279349292818232 0.200803658029652
"424" 7.164 35.786 47.264 7.246 0.8 -399.525404801787 0.286820930581238 0.202481417314033
"425" 7.164 39.972 47.264 7.246 0.8 -457.956448911223 0.182218001899145 0.181276893825678
"426" 7.164 24.567 47.264 7.246 0.6 -242.922948073702 0.567169773601879 0.294948508161355
"427" 7.164 28.793 47.264 7.246 0.7 -301.912339475154 0.461567294717377 0.251658389191817
"428" 7.164 39.172 47.264 7.246 0.9 -446.78950307091 0.202209005947324 0.184979066680282
"429" 7.164 34.954 47.264 7.246 0.8 -387.911781127862 0.307611574791344 0.207301024203239
"430" 7.164 25.097 47.264 7.246 0.6 -250.321049692909 0.553925733419961 0.288719767302865
"431" 7.164 30.047 47.264 7.246 0.9 -319.416527079844 0.430231395871858 0.241155523013945
"432" 7.164 40.693 47.264 7.246 0.8 -468.020658849805 0.164201109500725 0.17806502346841
"433" 7.164 39.612 47.264 7.246 0.9 -452.931323283082 0.191213953720826 0.18292436635363
"434" 7.164 43.438 47.264 7.246 0.9 -506.337241764377 0.0956069768604129 0.166812468345688
"435" 7.164 39.392 47.264 7.246 0.8 -449.860413176996 0.196711479834075 0.18394597887896
"436" 7.164 42.606 47.264 7.246 0.9 -494.723618090452 0.116397621070518 0.170069943200488
"437" 7.164 43.618 47.264 7.246 0.9 -508.849804578448 0.0911090009495727 0.166124077215828
"438" 7.164 30.908 47.264 7.246 0.7 -331.43495254048 0.408716077765006 0.234437686035978
"439" 7.164 19.829 47.264 7.246 0.8 -176.78671133445 0.685566495077215 0.365424378435625
"440" 7.164 30.047 47.264 7.246 0.9 -319.416527079844 0.430231395871858 0.241155523013945
"441" 7.164 47.264 47.264 7.246 1 -559.743160245673 0 0.153309072444144
"442" 7.164 36.326 47.264 7.246 0.9 -407.063093243998 0.273327002848718 0.199471452953807
"443" 7.164 25.749 47.264 7.246 0.7 -259.422110552764 0.537633065120696 0.281408986756767
"444" 7.164 28.743 47.264 7.246 0.7 -301.214405360134 0.462816732470388 0.252096162543924
"445" 7.164 28.314 47.264 7.246 0.8 -295.226130653266 0.473536908391224 0.255915801370347
"446" 7.164 34.053 47.264 7.246 0.7 -375.335008375209 0.330126443100605 0.212785951311191
"447" 7.164 30.407 47.264 7.246 0.7 -324.441652707984 0.421235444050177 0.238300391357253
"448" 7.164 30.367 47.264 7.246 0.7 -323.883305415969 0.422234994252586 0.23861428524385
"449" 7.164 47.264 47.264 7.246 1 -559.743160245673 0 0.153309072444144
"450" 7.164 37.259 47.264 7.246 0.8 -420.086543830262 0.25001249437753 0.194476502321587
"451" 7.164 41.525 47.264 7.246 0.9 -479.63428252373 0.143410465290619 0.174497290788682
"452" 7.164 27.601 47.264 7.246 0.7 -285.273590173088 0.491353890749163 0.262526720046375
"453" 7.164 27.662 47.264 7.246 0.7 -286.125069793412 0.489829576690489 0.261947798423831
"454" 7.164 34.352 47.264 7.246 0.7 -379.508654383026 0.322654805337598 0.210933861201677
"455" 7.164 37.047 47.264 7.246 0.7 -417.12730318258 0.255310110450297 0.195589386455044
"456" 7.164 30.187 47.264 7.246 0.7 -321.370742601898 0.426732970163426 0.240037102063802
"457" 7.164 21.451 47.264 7.246 0.7 -199.427694025684 0.645034734369534 0.337793109878327
"458" 7.164 43.218 47.264 7.246 0.9 -503.266331658292 0.101104502973662 0.167661622472118
"459" 7.164 28.995 47.264 7.246 0.7 -304.731993299833 0.456519566195212 0.24990515606139
"460" 7.164 31.74 47.264 7.246 0.8 -343.048576214405 0.3879254335549 0.228292375551355
"461" 7.164 31.308 47.264 7.246 0.7 -337.018425460637 0.398720575740916 0.231442442826115
"462" 7.164 34.352 47.264 7.246 0.7 -379.508654383026 0.322654805337598 0.210933861201677
"463" 7.164 39.612 47.264 7.246 0.8 -452.931323283082 0.191213953720826 0.18292436635363
"464" 7.164 30.296 47.264 7.246 0.8 -322.892238972641 0.424009195861862 0.239173488249274
"465" 7.164 30.227 47.264 7.246 0.8 -321.929089893914 0.425733419961018 0.239719456115394
"466" 7.164 19.368 47.264 7.246 0.6 -170.35175879397 0.697086311159978 0.374122263527468
"467" 7.164 21.562 47.264 7.246 0.8 -200.977107761027 0.642260982557849 0.336054169372043
"468" 7.164 37.047 47.264 7.246 0.7 -417.12730318258 0.255310110450297 0.195589386455044
"469" 7.164 34.053 47.264 7.246 0.8 -375.335008375209 0.330126443100605 0.212785951311191
"470" 7.164 39.572 47.264 7.246 0.8 -452.372975991067 0.192213503923235 0.183109269180228
"471" 7.164 36.146 47.264 7.246 0.8 -404.550530429927 0.277824978759558 0.200464781718586
"472" 7.164 28.494 47.264 7.246 0.8 -297.738693467337 0.469038932480384 0.254299150698393
"473" 7.164 45.351 47.264 7.246 0.9 -533.040201005025 0.0478034884302063 0.159775969658883
"474" 7.164 37.699 47.264 7.246 0.8 -426.228364042434 0.239017442151032 0.192206689832622
"475" 7.164 36.085 47.264 7.246 0.7 -403.699050809604 0.279349292818232 0.200803658029652
"476" 7.164 43.438 47.264 7.246 0.8 -506.337241764377 0.0956069768604129 0.166812468345688
"477" 7.164 32.259 47.264 7.246 0.8 -350.293132328308 0.374956269678645 0.224619486034905
"478" 7.164 32.14 47.264 7.246 0.8 -348.632049134562 0.377929931530811 0.225451151213441
"479" 7.164 28.274 47.264 7.246 0.7 -294.667783361251 0.474536458593633 0.256277852443941
"480" 7.164 30.908 47.264 7.246 0.6 -331.43495254048 0.408716077765006 0.234437686035978
"481" 7.164 43.438 47.264 7.246 0.9 -506.337241764377 0.0956069768604129 0.166812468345688
"482" 7.164 37.479 47.264 7.246 0.8 -423.157453936348 0.244514968264281 0.193334934229835
"483" 7.164 39.572 47.264 7.246 0.8 -452.372975991067 0.192213503923235 0.183109269180228
"484" 7.164 36.867 47.264 7.246 0.8 -414.614740368509 0.259808086361137 0.196544335042179
"485" 7.164 33.653 47.264 7.246 0.8 -369.751535455053 0.340121945124694 0.215315127923216
"486" 7.164 33.401 47.264 7.246 0.6 -366.233947515355 0.34641911139987 0.21693961258645
"487" 7.164 32.1 47.264 7.246 0.7 -348.073701842546 0.37892948173322 0.225732087227414
"488" 7.164 31.74 47.264 7.246 0.7 -343.048576214405 0.3879254335549 0.228292375551355
"489" 7.164 39.792 47.264 7.246 0.8 -455.443886097152 0.186715977809986 0.182096903900281
"490" 7.164 26.581 47.264 7.246 0.8 -271.035734226689 0.51684242091059 0.272600729844626
"491" 7.164 36.035 47.264 7.246 0.7 -403.001116694584 0.280598730571243 0.201082281115582
"492" 7.164 37.699 47.264 7.246 0.8 -426.228364042434 0.239017442151032 0.192206689832622
"493" 7.164 36.146 47.264 7.246 0.8 -404.550530429927 0.277824978759558 0.200464781718586
"494" 7.164 25.327 47.264 7.246 0.7 -253.531546621999 0.54817831975611 0.286097840249536
"495" 7.164 29.215 47.264 7.246 0.8 -307.802903405919 0.451022040081963 0.24802327571453
"496" 7.164 34.734 47.264 7.246 0.7 -384.840871021776 0.313109100904593 0.20861403811827
"497" 7.164 37.699 47.264 7.246 0.9 -426.228364042434 0.239017442151032 0.192206689832622
"498" 7.164 41.705 47.264 7.246 0.8 -482.1468453378 0.138912489379779 0.173744155377053
"499" 7.164 31.308 47.264 7.246 0.6 -337.018425460637 0.398720575740916 0.231442442826115
"500" 7.164 21.382 47.264 7.246 0.8 -198.464544946957 0.646758958468689 0.338883172762136
"501" 7.164 29.575 47.264 7.246 0.6 -312.828029034059 0.442026088260283 0.245004226542688
"502" 7.164 26.83 47.264 7.246 0.7 -274.511446119486 0.510620220900595 0.270070816250466
"503" 7.164 33.873 47.264 7.246 0.9 -372.822445561139 0.334624419011445 0.213916688808195
"504" 7.164 39.792 47.264 7.246 0.7 -455.443886097152 0.186715977809986 0.182096903900281
"505" 7.164 30.187 47.264 7.246 0.7 -321.370742601898 0.426732970163426 0.240037102063802
"506" 7.164 31.96 47.264 7.246 0.8 -346.119486320491 0.382427907441651 0.226720901126408
"507" 7.164 28.163 47.264 7.246 0.6 -293.118369625907 0.477310210405318 0.257287930973263
"508" 7.164 45.351 47.264 7.246 0.9 -533.040201005025 0.0478034884302063 0.159775969658883
"509" 7.164 37.047 47.264 7.246 0.7 -417.12730318258 0.255310110450297 0.195589386455044
"510" 7.164 26.48 47.264 7.246 0.6 -269.62590731435 0.519366285171673 0.273640483383686
"511" 7.164 31.726 47.264 7.246 0.8 -342.8531546622 0.388275276125743 0.228393116056231
"512" 7.164 22.424 47.264 7.246 0.7 -213.009491903964 0.620720675695937 0.323135925793792
"513" 7.164 35.786 47.264 7.246 0.9 -399.525404801787 0.286820930581238 0.202481417314033
"514" 7.164 37.047 47.264 7.246 0.7 -417.12730318258 0.255310110450297 0.195589386455044
"515" 7.164 27.24 47.264 7.246 0.7 -280.234505862647 0.500374831325903 0.266005873715125
"516" 7.164 26.52 47.264 7.246 0.8 -270.184254606365 0.518366734969264 0.273227752639517
"517" 7.164 43.438 47.264 7.246 0.9 -506.337241764377 0.0956069768604129 0.166812468345688
"518" 7.164 22.816 47.264 7.246 0.6 -218.481295365718 0.610925083712329 0.317584151472651
"519" 7.164 32.32 47.264 7.246 0.8 -351.144611948632 0.373431955619971 0.224195544554455
"520" 7.164 38.178 47.264 7.246 0.8 -432.914572864322 0.227047828477185 0.18979516999319
"521" 7.164 32.14 47.264 7.246 0.8 -348.632049134562 0.377929931530811 0.225451151213441
"522" 7.164 37.948 47.264 7.246 0.9 -429.704075935232 0.232795242141037 0.190945504374407
"523" 7.164 34.053 47.264 7.246 0.8 -375.335008375209 0.330126443100605 0.212785951311191
"524" 7.164 41.705 47.264 7.246 0.8 -482.1468453378 0.138912489379779 0.173744155377053
"525" 7.164 28.674 47.264 7.246 0.7 -300.251256281407 0.464540956569544 0.252702796958917
"526" 7.164 25.097 47.264 7.246 0.7 -250.321049692909 0.553925733419961 0.288719767302865
"527" 7.164 28.022 47.264 7.246 0.8 -291.150195421552 0.480833624868809 0.258582542288202
"528" 7.164 25.749 47.264 7.246 0.7 -259.422110552764 0.537633065120696 0.281408986756767
"529" 7.164 35.253 47.264 7.246 0.7 -392.085427135678 0.300139937028337 0.205542790684481
"530" 7.164 33.952 47.264 7.246 0.7 -373.92518146287 0.332650307361687 0.213418944392083
"531" 7.164 35.314 47.264 7.246 0.8 -392.936906756002 0.298615622969664 0.205187744237413
"532" 7.164 23.234 47.264 7.246 0.7 -224.316024567281 0.600479784097156 0.311870534561419
"533" 7.164 33.833 47.264 7.246 0.7 -372.264098269124 0.335623969213854 0.214169597730027
"534" 7.164 35.966 47.264 7.246 0.7 -402.037967615857 0.282322954670398 0.201468053161319
"535" 7.164 33.873 47.264 7.246 0.9 -372.822445561139 0.334624419011445 0.213916688808195
"536" 7.164 20.489 47.264 7.246 0.6 -185.999441652708 0.669073916737468 0.35365317975499
"537" 7.164 39.792 47.264 7.246 0.8 -455.443886097152 0.186715977809986 0.182096903900281
"538" 7.164 29.967 47.264 7.246 0.7 -318.299832495812 0.432230496276675 0.241799312577168
"539" 7.164 39.792 47.264 7.246 0.8 -455.443886097152 0.186715977809986 0.182096903900281
"540" 7.164 31.96 47.264 7.246 0.9 -346.119486320491 0.382427907441651 0.226720901126408
"541" 7.164 28.054 47.264 7.246 0.7 -291.596873255165 0.480033984706882 0.258287588222713
"542" 7.164 35.786 47.264 7.246 0.8 -399.525404801787 0.286820930581238 0.202481417314033
"543" 7.164 30.187 47.264 7.246 0.5 -321.370742601898 0.426732970163426 0.240037102063802
"544" 7.164 34.352 47.264 7.246 0.6 -379.508654383026 0.322654805337598 0.210933861201677
"545" 7.164 23.295 47.264 7.246 0.7 -225.167504187605 0.598955470038483 0.311053874221936
"546" 7.164 33.653 47.264 7.246 0.7 -369.751535455053 0.340121945124694 0.215315127923216
"547" 7.164 35.746 47.264 7.246 0.7 -398.967057509771 0.287820480783647 0.202707995300173
"548" 7.164 35.314 47.264 7.246 0.8 -392.936906756002 0.298615622969664 0.205187744237413
"549" 7.164 31.488 47.264 7.246 0.6 -339.530988274707 0.394222599830076 0.230119410569106
"550" 7.164 39.612 47.264 7.246 0.8 -452.931323283082 0.191213953720826 0.18292436635363
"551" 7.164 39.792 47.264 7.246 0.8 -455.443886097152 0.186715977809986 0.182096903900281
"552" 7.164 33.433 47.264 7.246 0.8 -366.680625348967 0.345619471237943 0.216731971405498
"553" 7.164 28.674 47.264 7.246 0.7 -300.251256281407 0.464540956569544 0.252702796958917
"554" 7.164 41.705 47.264 7.246 0.8 -482.1468453378 0.138912489379779 0.173744155377053
"555" 7.164 34.954 47.264 7.246 0.8 -387.911781127862 0.307611574791344 0.207301024203239
"556" 7.164 29.215 47.264 7.246 0.7 -307.802903405919 0.451022040081963 0.24802327571453
"557" 7.164 41.525 47.264 7.246 0.9 -479.63428252373 0.143410465290619 0.174497290788682
"558" 7.164 41.525 47.264 7.246 0.8 -479.63428252373 0.143410465290619 0.174497290788682
"559" 7.164 37.047 47.264 7.246 0.7 -417.12730318258 0.255310110450297 0.195589386455044
"560" 7.164 39.572 47.264 7.246 0.8 -452.372975991067 0.192213503923235 0.183109269180228
"561" 7.164 30.407 47.264 7.246 0.8 -324.441652707984 0.421235444050177 0.238300391357253
"562" 7.164 35.786 47.264 7.246 0.9 -399.525404801787 0.286820930581238 0.202481417314033
"563" 7.164 32.14 47.264 7.246 0.7 -348.632049134562 0.377929931530811 0.225451151213441
"564" 7.164 24.016 47.264 7.246 0.5 -235.231714126187 0.580938577640062 0.301715522984677
"565" 7.164 21.382 47.264 7.246 0.8 -198.464544946957 0.646758958468689 0.338883172762136
"566" 7.164 45.351 47.264 7.246 0.9 -533.040201005025 0.0478034884302063 0.159775969658883
"567" 7.164 31.88 47.264 7.246 0.8 -345.00279173646 0.384427007846469 0.227289836888331
"568" 7.164 36.265 47.264 7.246 0.7 -406.211613623674 0.274851316907392 0.199806976423549
"569" 7.164 45.351 47.264 7.246 0.9 -533.040201005025 0.0478034884302063 0.159775969658883
"570" 7.164 39.792 47.264 7.246 0.8 -455.443886097152 0.186715977809986 0.182096903900281
"571" 7.164 33.873 47.264 7.246 0.9 -372.822445561139 0.334624419011445 0.213916688808195
"572" 7.164 43.618 47.264 7.246 0.9 -508.849804578448 0.0911090009495727 0.166124077215828
"573" 7.164 34.233 47.264 7.246 0.8 -377.84757118928 0.325628467189765 0.211667104840359
"574" 7.164 31.088 47.264 7.246 0.5 -333.947515354551 0.404218101854166 0.233080288214102
"575" 7.164 43.618 47.264 7.246 0.9 -508.849804578448 0.0911090009495727 0.166124077215828
"576" 7.164 36.647 47.264 7.246 0.7 -411.543830262423 0.265305612474386 0.197724233907278
"577" 7.164 39.572 47.264 7.246 0.8 -452.372975991067 0.192213503923235 0.183109269180228
"578" 7.164 31.92 47.264 7.246 0.6 -345.561139028476 0.38342745764406 0.227005012531328
"579" 7.164 34.352 47.264 7.246 0.7 -379.508654383026 0.322654805337598 0.210933861201677
"580" 7.164 31.668 47.264 7.246 0.7 -342.043551088777 0.389724623919236 0.228811418466591
"581" 7.164 26.65 47.264 7.246 0.7 -271.998883305416 0.515118196811435 0.271894934333959
"582" 7.164 25.688 47.264 7.246 0.7 -258.57063093244 0.539157379179369 0.282077234506384
"583" 7.164 42.606 47.264 7.246 0.9 -494.723618090452 0.116397621070518 0.170069943200488
"584" 7.164 28.682 47.264 7.246 0.7 -300.36292573981 0.464341046529062 0.252632312948888
"585" 7.164 33.221 47.264 7.246 0.7 -363.721384701284 0.35091708731071 0.218115047710785
"586" 7.164 43.218 47.264 7.246 0.9 -503.266331658292 0.101104502973662 0.167661622472118
"587" 7.164 24.866 47.264 7.246 0.6 -247.096594081519 0.559698135838872 0.291401914260436
"588" 7.164 37.699 47.264 7.246 0.9 -426.228364042434 0.239017442151032 0.192206689832622
"589" 7.164 38.78 47.264 7.246 0.8 -441.317699609157 0.212004597930931 0.186848891181021
"590" 7.164 20.982 47.264 7.246 0.6 -192.881072026801 0.656754460492778 0.345343627871509
"591" 7.164 43.618 47.264 7.246 0.9 -508.849804578448 0.0911090009495727 0.166124077215828
"592" 7.164 30.407 47.264 7.246 0.7 -324.441652707984 0.421235444050177 0.238300391357253
"593" 7.164 41.305 47.264 7.246 0.8 -476.563372417644 0.148907991403868 0.175426703788888
"594" 7.164 33.041 47.264 7.246 0.8 -361.208821887214 0.35541506322155 0.219303289852002
"595" 7.164 38.178 47.264 7.246 0.8 -432.914572864322 0.227047828477185 0.18979516999319
"596" 7.164 35.786 47.264 7.246 0.9 -399.525404801787 0.286820930581238 0.202481417314033
"597" 7.164 30.908 47.264 7.246 0.6 -331.43495254048 0.408716077765006 0.234437686035978
"598" 7.164 40.693 47.264 7.246 0.8 -468.020658849805 0.164201109500725 0.17806502346841
"599" 7.164 33.653 47.264 7.246 0.8 -369.751535455053 0.340121945124694 0.215315127923216
"600" 7.164 33.653 47.264 7.246 0.7 -369.751535455053 0.340121945124694 0.215315127923216
"601" 7.164 26.7 47.264 7.246 0.7 -272.696817420436 0.513868759058424 0.271385767790262
"602" 7.164 28.494 47.264 7.246 0.7 -297.738693467337 0.469038932480384 0.254299150698393
"603" 7.164 25.929 47.264 7.246 0.7 -261.934673366834 0.533135089209856 0.279455435998303
"604" 7.164 33.873 47.264 7.246 0.9 -372.822445561139 0.334624419011445 0.213916688808195
"605" 7.164 41.705 47.264 7.246 0.8 -482.1468453378 0.138912489379779 0.173744155377053
"606" 7.164 28.054 47.264 7.246 0.7 -291.596873255165 0.480033984706882 0.258287588222713
"607" 7.164 32.219 47.264 7.246 0.6 -349.734785036293 0.375955819881054 0.224898351904156
"608" 7.164 36.085 47.264 7.246 0.8 -403.699050809604 0.279349292818232 0.200803658029652
"609" 7.164 41.525 47.264 7.246 0.8 -479.63428252373 0.143410465290619 0.174497290788682
"610" 7.164 38.059 47.264 7.246 0.8 -431.253489670575 0.230021490329352 0.190388607162563
"611" 7.164 43.438 47.264 7.246 0.9 -506.337241764377 0.0956069768604129 0.166812468345688
"612" 7.164 23.735 47.264 7.246 0.4 -231.309324399777 0.587960417811984 0.305287550031599
"613" 7.164 32.68 47.264 7.246 0.9 -356.169737576773 0.364436003798291 0.22172582619339
"614" 7.164 32.28 47.264 7.246 0.7 -350.586264656616 0.37443150582238 0.224473358116481
"615" 7.164 30.407 47.264 7.246 0.8 -324.441652707984 0.421235444050177 0.238300391357253
"616" 7.164 39.972 47.264 7.246 0.9 -457.956448911223 0.182218001899145 0.181276893825678
"617" 7.164 29.755 47.264 7.246 0.7 -315.34059184813 0.437528112349443 0.243522097126533
"618" 7.164 30.367 47.264 7.246 0.6 -323.883305415969 0.422234994252586 0.23861428524385
"619" 7.164 29.575 47.264 7.246 0.7 -312.828029034059 0.442026088260283 0.245004226542688
"620" 7.164 34.954 47.264 7.246 0.7 -387.911781127862 0.307611574791344 0.207301024203239
"621" 7.164 29.395 47.264 7.246 0.7 -310.315466219989 0.446524064171123 0.246504507569314
"622" 7.164 18.817 47.264 7.246 0.7 -162.660524846455 0.710855115198161 0.385077323696657
"623" 7.164 28.854 47.264 7.246 0.8 -302.763819095477 0.460042980658704 0.251126360296666
"624" 7.164 31.96 47.264 7.246 0.9 -346.119486320491 0.382427907441651 0.226720901126408
"625" 7.164 20.37 47.264 7.246 0.7 -184.338358458962 0.672047578589635 0.355719194894453
"626" 7.164 23.014 47.264 7.246 0.5 -221.245114461195 0.605977310210405 0.314851829321283
"627" 7.164 38.059 47.264 7.246 0.7 -431.253489670575 0.230021490329352 0.190388607162563
"628" 7.164 25.929 47.264 7.246 0.7 -261.934673366834 0.533135089209856 0.279455435998303
"629" 7.164 25.147 47.264 7.246 0.7 -251.018983807929 0.55267629566695 0.288145703264803
"630" 7.164 34.172 47.264 7.246 0.8 -376.996091568956 0.327152781248438 0.212044949081119
"631" 7.164 25.028 47.264 7.246 0.7 -249.357900614182 0.555649957519116 0.289515742368547
"632" 7.164 23.905 47.264 7.246 0.7 -233.682300390843 0.583712329451747 0.303116502823677
"633" 7.164 25.749 47.264 7.246 0.6 -259.422110552764 0.537633065120696 0.281408986756767
"634" 7.164 29.355 47.264 7.246 0.6 -309.757118927973 0.447523614373532 0.246840401975813
"635" 7.164 37.879 47.264 7.246 0.8 -428.740926856505 0.234519466240192 0.191293328757359
"636" 7.164 43.618 47.264 7.246 0.9 -508.849804578448 0.0911090009495727 0.166124077215828
"637" 7.164 25.129 47.264 7.246 0.6 -250.767727526522 0.553126093258034 0.288352103147758
"638" 7.164 39.792 47.264 7.246 0.7 -455.443886097152 0.186715977809986 0.182096903900281
"639" 7.164 21.382 47.264 7.246 0.7 -198.464544946957 0.646758958468689 0.338883172762136
"640" 7.164 41.705 47.264 7.246 0.8 -482.1468453378 0.138912489379779 0.173744155377053
"641" 7.164 43.218 47.264 7.246 0.9 -503.266331658292 0.101104502973662 0.167661622472118
"642" 7.164 39.572 47.264 7.246 0.8 -452.372975991067 0.192213503923235 0.183109269180228
"643" 7.164 39.612 47.264 7.246 0.9 -452.931323283082 0.191213953720826 0.18292436635363
"644" 7.164 28.854 47.264 7.246 0.8 -302.763819095477 0.460042980658704 0.251126360296666
"645" 7.164 29.215 47.264 7.246 0.8 -307.802903405919 0.451022040081963 0.24802327571453
"646" 7.164 33.001 47.264 7.246 0.6 -360.650474595198 0.356414613423959 0.219569103966546
"647" 7.164 33.221 47.264 7.246 0.6 -363.721384701284 0.35091708731071 0.218115047710785
"648" 7.164 22.463 47.264 7.246 0.7 -213.55388051368 0.619746114248588 0.322574900948226
"649" 7.164 45.351 47.264 7.246 0.9 -533.040201005025 0.0478034884302063 0.159775969658883
"650" 7.164 37.998 47.264 7.246 0.8 -430.402010050251 0.231545804388025 0.190694247065635
"651" 7.164 41.525 47.264 7.246 0.9 -479.63428252373 0.143410465290619 0.174497290788682
"652" 7.164 25.929 47.264 7.246 0.7 -261.934673366834 0.533135089209856 0.279455435998303
"653" 7.164 38.78 47.264 7.246 0.7 -441.317699609157 0.212004597930931 0.186848891181021
"654" 7.164 30.407 47.264 7.246 0.8 -324.441652707984 0.421235444050177 0.238300391357253
"655" 7.164 26.761 47.264 7.246 0.7 -273.548297040759 0.51234444499975 0.27076716116737
"656" 7.164 34.734 47.264 7.246 0.7 -384.840871021776 0.313109100904593 0.20861403811827
"657" 7.164 35.926 47.264 7.246 0.8 -401.479620323842 0.283322504872807 0.201692367644603
"658" 7.164 31.607 47.264 7.246 0.6 -341.192071468453 0.39124893797791 0.229253013572943
"659" 7.164 37.699 47.264 7.246 0.9 -426.228364042434 0.239017442151032 0.192206689832622
"660" 7.164 29.395 47.264 7.246 0.6 -310.315466219989 0.446524064171123 0.246504507569314
"661" 7.164 31.488 47.264 7.246 0.6 -339.530988274707 0.394222599830076 0.230119410569106
"662" 7.164 33.653 47.264 7.246 0.8 -369.751535455053 0.340121945124694 0.215315127923216
"663" 7.164 17.946 47.264 7.246 0.5 -150.502512562814 0.732620320855615 0.403766856123927
"664" 7.164 32.821 47.264 7.246 0.6 -358.137911781128 0.360912589334799 0.220773285396545
"665" 7.164 24.048 47.264 7.246 0.7 -235.678391959799 0.580138937478135 0.301314038589488
"666" 7.164 33.041 47.264 7.246 0.7 -361.208821887214 0.35541506322155 0.219303289852002
"667" 7.164 33.873 47.264 7.246 0.8 -372.822445561139 0.334624419011445 0.213916688808195
"668" 7.164 21.57 47.264 7.246 0.6 -201.08877721943 0.642061072517367 0.33592953175707
"669" 7.164 27.961 47.264 7.246 0.6 -290.298715801228 0.482357938927483 0.259146668574085
"670" 7.164 30.047 47.264 7.246 0.9 -319.416527079844 0.430231395871858 0.241155523013945
"671" 7.164 29.514 47.264 7.246 0.7 -311.976549413735 0.443550402318956 0.245510605136545
"672" 7.164 32.14 47.264 7.246 0.8 -348.632049134562 0.377929931530811 0.225451151213441
"673" 7.164 34.954 47.264 7.246 0.8 -387.911781127862 0.307611574791344 0.207301024203239
"674" 7.164 30.476 47.264 7.246 0.7 -325.404801786711 0.419511219951022 0.237760861005381
"675" 7.164 19.188 47.264 7.246 0.5 -167.8391959799 0.701584287070818 0.377631853241609
"676" 7.164 35.966 47.264 7.246 0.8 -402.037967615857 0.282322954670398 0.201468053161319
"677" 7.164 37.699 47.264 7.246 0.9 -426.228364042434 0.239017442151032 0.192206689832622
"678" 7.164 29.787 47.264 7.246 0.7 -315.787269681742 0.436728472187516 0.243260482760936
"679" 7.164 37.699 47.264 7.246 0.9 -426.228364042434 0.239017442151032 0.192206689832622
"680" 7.164 29.034 47.264 7.246 0.9 -305.276381909548 0.455545004747863 0.249569470276228
"681" 7.164 37.699 47.264 7.246 0.9 -426.228364042434 0.239017442151032 0.192206689832622
"682" 7.164 45.351 47.264 7.246 0.9 -533.040201005025 0.0478034884302063 0.159775969658883
"683" 7.164 33.221 47.264 7.246 0.7 -363.721384701284 0.35091708731071 0.218115047710785
"684" 7.164 30.047 47.264 7.246 0.9 -319.416527079844 0.430231395871858 0.241155523013945
"685" 7.164 28.314 47.264 7.246 0.8 -295.226130653266 0.473536908391224 0.255915801370347
"686" 7.164 24.196 47.264 7.246 0.7 -237.744276940257 0.576440601729222 0.29947098693999
"687" 7.164 40.693 47.264 7.246 0.8 -468.020658849805 0.164201109500725 0.17806502346841
"688" 7.164 29.827 47.264 7.246 0.7 -316.345616973758 0.435728921985107 0.242934254199215
"689" 7.164 34.122 47.264 7.246 0.8 -376.298157453936 0.328402219001449 0.212355664966884
"690" 7.164 33.041 47.264 7.246 0.8 -361.208821887214 0.35541506322155 0.219303289852002
"691" 7.164 35.786 47.264 7.246 0.9 -399.525404801787 0.286820930581238 0.202481417314033
"692" 7.164 30.227 47.264 7.246 0.8 -321.929089893914 0.425733419961018 0.239719456115394
"693" 7.164 27.442 47.264 7.246 0.5 -283.054159687326 0.495327102803738 0.26404780992639
"694" 7.164 29.827 47.264 7.246 0.7 -316.345616973758 0.435728921985107 0.242934254199215
"695" 7.164 31.308 47.264 7.246 0.7 -337.018425460637 0.398720575740916 0.231442442826115
"696" 7.164 26.999 47.264 7.246 0.7 -276.870463428252 0.506397121295417 0.268380310381866
"697" 7.164 32.439 47.264 7.246 0.7 -352.805695142379 0.370458293767805 0.223373100280527
"698" 7.164 24.448 47.264 7.246 0.7 -241.261864879955 0.570143435454046 0.296384162303665
"699" 7.164 45.351 47.264 7.246 0.9 -533.040201005025 0.0478034884302063 0.159775969658883
"700" 7.164 35.786 47.264 7.246 0.9 -399.525404801787 0.286820930581238 0.202481417314033
"701" 7.164 26.43 47.264 7.246 0.5 -268.92797319933 0.520615722924684 0.274158153613318
"702" 7.164 33.873 47.264 7.246 0.9 -372.822445561139 0.334624419011445 0.213916688808195
"703" 7.164 30.656 47.264 7.246 0.7 -327.917364600782 0.415013244040182 0.236364822546973
"704" 7.164 34.413 47.264 7.246 0.8 -380.36013400335 0.321130491278924 0.210559962804754
"705" 7.164 19.138 47.264 7.246 0.6 -167.14126186488 0.702833724823829 0.378618455428989
"706" 7.164 36.146 47.264 7.246 0.8 -404.550530429927 0.277824978759558 0.200464781718586
"707" 7.164 29.694 47.264 7.246 0.6 -314.489112227806 0.439052426408116 0.244022361419815
"708" 7.164 29.034 47.264 7.246 0.9 -305.276381909548 0.455545004747863 0.249569470276228
"709" 7.164 22.463 47.264 7.246 0.6 -213.55388051368 0.619746114248588 0.322574900948226
"710" 7.164 32.5 47.264 7.246 0.7 -353.657174762702 0.368933979709131 0.222953846153846
"711" 7.164 35.346 47.264 7.246 0.8 -393.383584589615 0.297815982807736 0.205001980422113
"712" 7.164 43.618 47.264 7.246 0.9 -508.849804578448 0.0911090009495727 0.166124077215828
"713" 7.164 29.607 47.264 7.246 0.8 -313.274706867672 0.441226448098356 0.24473941973182
"714" 7.164 30.407 47.264 7.246 0.8 -324.441652707984 0.421235444050177 0.238300391357253
"715" 7.164 34.013 47.264 7.246 0.6 -374.776661083194 0.331125993303014 0.213036192044218
"716" 7.164 26.109 47.264 7.246 0.7 -264.447236180905 0.528637113299016 0.277528821479183
"717" 7.164 43.438 47.264 7.246 0.9 -506.337241764377 0.0956069768604129 0.166812468345688
"718" 7.164 43.438 47.264 7.246 0.9 -506.337241764377 0.0956069768604129 0.166812468345688
"719" 7.164 32.32 47.264 7.246 0.7 -351.144611948632 0.373431955619971 0.224195544554455
"720" 7.164 30.227 47.264 7.246 0.7 -321.929089893914 0.425733419961018 0.239719456115394
"721" 7.164 35.746 47.264 7.246 0.7 -398.967057509771 0.287820480783647 0.202707995300173
"722" 7.164 37.259 47.264 7.246 0.8 -420.086543830262 0.25001249437753 0.194476502321587
"723" 7.164 31.668 47.264 7.246 0.8 -342.043551088777 0.389724623919236 0.228811418466591
"724" 7.164 35.966 47.264 7.246 0.8 -402.037967615857 0.282322954670398 0.201468053161319
"725" 7.164 28.173 47.264 7.246 0.6 -293.257956448911 0.477060322854715 0.257196606680155
"726" 7.164 38.78 47.264 7.246 0.7 -441.317699609157 0.212004597930931 0.186848891181021
"727" 7.164 34.053 47.264 7.246 0.8 -375.335008375209 0.330126443100605 0.212785951311191
"728" 7.164 36.146 47.264 7.246 0.8 -404.550530429927 0.277824978759558 0.200464781718586
"729" 7.164 33.401 47.264 7.246 0.7 -366.233947515355 0.34641911139987 0.21693961258645
"730" 7.164 35.786 47.264 7.246 0.9 -399.525404801787 0.286820930581238 0.202481417314033
"731" 7.164 32.32 47.264 7.246 0.8 -351.144611948632 0.373431955619971 0.224195544554455
"732" 7.164 38.78 47.264 7.246 0.8 -441.317699609157 0.212004597930931 0.186848891181021
"733" 7.164 25.688 47.264 7.246 0.7 -258.57063093244 0.539157379179369 0.282077234506384
"734" 7.164 39.612 47.264 7.246 0.8 -452.931323283082 0.191213953720826 0.18292436635363
"735" 7.164 39.792 47.264 7.246 0.8 -455.443886097152 0.186715977809986 0.182096903900281
"736" 7.164 26.181 47.264 7.246 0.7 -265.452261306533 0.526837922934679 0.276765593369237
"737" 7.164 35.786 47.264 7.246 0.8 -399.525404801787 0.286820930581238 0.202481417314033
"738" 7.164 35.566 47.264 7.246 0.8 -396.454494695701 0.292318456694488 0.203733903165945
"739" 7.164 41.824 47.264 7.246 0.9 -483.807928531547 0.135938827527613 0.173249808722265
"740" 7.164 42.606 47.264 7.246 0.9 -494.723618090452 0.116397621070518 0.170069943200488
"741" 7.164 36.085 47.264 7.246 0.8 -403.699050809604 0.279349292818232 0.200803658029652
"742" 7.164 25.208 47.264 7.246 0.7 -251.870463428252 0.551151981608276 0.287448429070136
"743" 7.164 33.213 47.264 7.246 0.8 -363.609715242881 0.351116997351192 0.218167584981784
"744" 7.164 29.967 47.264 7.246 0.7 -318.299832495812 0.432230496276675 0.241799312577168
"745" 7.164 33.041 47.264 7.246 0.8 -361.208821887214 0.35541506322155 0.219303289852002
"746" 7.164 31.96 47.264 7.246 0.9 -346.119486320491 0.382427907441651 0.226720901126408
"747" 7.164 35.786 47.264 7.246 0.9 -399.525404801787 0.286820930581238 0.202481417314033
"748" 7.164 36.326 47.264 7.246 0.8 -407.063093243998 0.273327002848718 0.199471452953807
"749" 7.164 33.653 47.264 7.246 0.7 -369.751535455053 0.340121945124694 0.215315127923216
"750" 7.164 38.78 47.264 7.246 0.8 -441.317699609157 0.212004597930931 0.186848891181021
"751" 7.164 27.622 47.264 7.246 0.6 -285.566722501396 0.490829126892898 0.262327130548114
"752" 7.164 36.867 47.264 7.246 0.8 -414.614740368509 0.259808086361137 0.196544335042179
"753" 7.164 30.007 47.264 7.246 0.6 -318.858179787828 0.431230946074266 0.241476988702636
"754" 7.164 35.966 47.264 7.246 0.8 -402.037967615857 0.282322954670398 0.201468053161319
"755" 7.164 30.526 47.264 7.246 0.7 -326.102735901731 0.418261782198011 0.237371421083666
"756" 7.164 35.786 47.264 7.246 0.9 -399.525404801787 0.286820930581238 0.202481417314033
"757" 7.164 35.134 47.264 7.246 0.7 -390.424343941932 0.303113598880504 0.206238970797518
"758" 7.164 40.693 47.264 7.246 0.8 -468.020658849805 0.164201109500725 0.17806502346841
"759" 7.164 28.454 47.264 7.246 0.7 -297.180346175321 0.470038482682793 0.254656638785408
"760" 7.164 33.52 47.264 7.246 0.7 -367.895030709101 0.343445449547704 0.216169451073986
"761" 7.164 34.172 47.264 7.246 0.8 -376.996091568956 0.327152781248438 0.212044949081119
"762" 7.164 37.998 47.264 7.246 0.7 -430.402010050251 0.231545804388025 0.190694247065635
"763" 7.164 36.035 47.264 7.246 0.7 -403.001116694584 0.280598730571243 0.201082281115582
"764" 7.164 29.464 47.264 7.246 0.8 -311.278615298716 0.444799840071967 0.245927233233777
"765" 7.164 34.233 47.264 7.246 0.8 -377.84757118928 0.325628467189765 0.211667104840359
"766" 7.164 29.575 47.264 7.246 0.5 -312.828029034059 0.442026088260283 0.245004226542688
"767" 7.164 27.482 47.264 7.246 0.7 -283.612506979341 0.494327552601329 0.263663488829052
"768" 7.164 42.606 47.264 7.246 0.9 -494.723618090452 0.116397621070518 0.170069943200488
"769" 7.164 23.115 47.264 7.246 0.8 -222.654941373534 0.603453445949323 0.31347609777201
"770" 7.164 43.618 47.264 7.246 0.9 -508.849804578448 0.0911090009495727 0.166124077215828
"771" 7.164 36.867 47.264 7.246 0.7 -414.614740368509 0.259808086361137 0.196544335042179
"772" 7.164 35.966 47.264 7.246 0.8 -402.037967615857 0.282322954670398 0.201468053161319
"773" 7.164 26.65 47.264 7.246 0.7 -271.998883305416 0.515118196811435 0.271894934333959
"774" 7.164 35.253 47.264 7.246 0.7 -392.085427135678 0.300139937028337 0.205542790684481
"775" 7.164 31.607 47.264 7.246 0.6 -341.192071468453 0.39124893797791 0.229253013572943
"776" 7.164 30.227 47.264 7.246 0.7 -321.929089893914 0.425733419961018 0.239719456115394
"777" 7.164 34.172 47.264 7.246 0.8 -376.996091568956 0.327152781248438 0.212044949081119
"778" 7.164 35.134 47.264 7.246 0.7 -390.424343941932 0.303113598880504 0.206238970797518
"779" 7.164 20.37 47.264 7.246 0.7 -184.338358458962 0.672047578589635 0.355719194894453
"780" 7.164 37.479 47.264 7.246 0.7 -423.157453936348 0.244514968264281 0.193334934229835
"781" 7.164 25.961 47.264 7.246 0.6 -262.381351200447 0.532335449047928 0.279110974153538
"782" 7.164 33.873 47.264 7.246 0.9 -372.822445561139 0.334624419011445 0.213916688808195
"783" 7.164 23.208 47.264 7.246 0.8 -223.953098827471 0.601129491728722 0.312219924164081
"784" 7.164 32.5 47.264 7.246 0.8 -353.657174762702 0.368933979709131 0.222953846153846
"785" 7.164 28.634 47.264 7.246 0.8 -299.692908989391 0.465540506771953 0.25305580778096
"786" 7.164 31.96 47.264 7.246 0.9 -346.119486320491 0.382427907441651 0.226720901126408
"787" 7.164 45.351 47.264 7.246 0.9 -533.040201005025 0.0478034884302063 0.159775969658883
"788" 7.164 33.833 47.264 7.246 0.6 -372.264098269124 0.335623969213854 0.214169597730027
"789" 7.164 35.746 47.264 7.246 0.7 -398.967057509771 0.287820480783647 0.202707995300173
"790" 7.164 24.808 47.264 7.246 0.6 -246.286990508096 0.561147483632366 0.292083198968075
"791" 7.164 29.395 47.264 7.246 0.7 -310.315466219989 0.446524064171123 0.246504507569314
"792" 7.164 29.827 47.264 7.246 0.7 -316.345616973758 0.435728921985107 0.242934254199215
"793" 7.164 18.637 47.264 7.246 0.7 -160.147962032384 0.715353091109001 0.388796480120191
"794" 7.164 28.494 47.264 7.246 0.8 -297.738693467337 0.469038932480384 0.254299150698393
"795" 7.164 30.908 47.264 7.246 0.7 -331.43495254048 0.408716077765006 0.234437686035978
"796" 7.164 30.346 47.264 7.246 0.8 -323.590173087661 0.422759758108851 0.238779410795492
"797" 7.164 28.743 47.264 7.246 0.7 -301.214405360134 0.462816732470388 0.252096162543924
"798" 7.164 34.233 47.264 7.246 0.8 -377.84757118928 0.325628467189765 0.211667104840359
"799" 7.164 27.06 47.264 7.246 0.7 -277.721943048576 0.504872807236743 0.267775314116778
"800" 7.164 32.32 47.264 7.246 0.8 -351.144611948632 0.373431955619971 0.224195544554455
"801" 7.164 35.786 47.264 7.246 0.9 -399.525404801787 0.286820930581238 0.202481417314033
"802" 7.164 43.618 47.264 7.246 0.9 -508.849804578448 0.0911090009495727 0.166124077215828
"803" 7.164 23.648 47.264 7.246 0.8 -230.094919039643 0.590134439502224 0.306410690121786
"804" 7.164 34.233 47.264 7.246 0.7 -377.84757118928 0.325628467189765 0.211667104840359
"805" 7.164 32.14 47.264 7.246 0.8 -348.632049134562 0.377929931530811 0.225451151213441
"806" 7.164 39.612 47.264 7.246 0.8 -452.931323283082 0.191213953720826 0.18292436635363
"807" 7.164 32.14 47.264 7.246 0.7 -348.632049134562 0.377929931530811 0.225451151213441
"808" 7.164 35.926 47.264 7.246 0.8 -401.479620323842 0.283322504872807 0.201692367644603
"809" 7.164 39.572 47.264 7.246 0.8 -452.372975991067 0.192213503923235 0.183109269180228
"810" 7.164 34.413 47.264 7.246 0.8 -380.36013400335 0.321130491278924 0.210559962804754
"811" 7.164 23.414 47.264 7.246 0.7 -226.828587381351 0.595981808186316 0.309472964892799
"812" 7.164 26.581 47.264 7.246 0.8 -271.035734226689 0.51684242091059 0.272600729844626
"813" 7.164 22.495 47.264 7.246 0.7 -214.000558347292 0.618946474086661 0.322116025783507
"814" 7.164 47.264 47.264 7.246 1 -559.743160245673 0 0.153309072444144
"815" 7.164 34.413 47.264 7.246 0.8 -380.36013400335 0.321130491278924 0.210559962804754
"816" 7.164 23.735 47.264 7.246 0.4 -231.309324399777 0.587960417811984 0.305287550031599
"817" 7.164 37.699 47.264 7.246 0.9 -426.228364042434 0.239017442151032 0.192206689832622
"818" 7.164 34.954 47.264 7.246 0.7 -387.911781127862 0.307611574791344 0.207301024203239
"819" 7.164 31.128 47.264 7.246 0.7 -334.505862646566 0.403218551651757 0.23278077615009
"820" 7.164 23.335 47.264 7.246 0.6 -225.72585147962 0.597955919836074 0.310520677094493
"821" 7.164 34.954 47.264 7.246 0.8 -387.911781127862 0.307611574791344 0.207301024203239
"822" 7.164 27.042 47.264 7.246 0.6 -277.470686767169 0.505322604827827 0.267953553731233
"823" 7.164 33.221 47.264 7.246 0.7 -363.721384701284 0.35091708731071 0.218115047710785
"824" 7.164 45.351 47.264 7.246 0.9 -533.040201005025 0.0478034884302063 0.159775969658883
"825" 7.164 33.873 47.264 7.246 0.8 -372.822445561139 0.334624419011445 0.213916688808195
"826" 7.164 22.824 47.264 7.246 0.7 -218.592964824121 0.610725173671848 0.317472835611637
"827" 7.164 21.812 47.264 7.246 0.8 -204.466778336125 0.636013793792793 0.332202457362919
"828" 7.164 23.004 47.264 7.246 0.7 -221.105527638191 0.606227197761008 0.314988697617806
"829" 7.164 39.911 47.264 7.246 0.8 -457.104969290899 0.183742315957819 0.181553957555561
"830" 7.164 26.361 47.264 7.246 0.6 -267.964824120603 0.522339947023839 0.274875763438413
"831" 7.164 34.053 47.264 7.246 0.8 -375.335008375209 0.330126443100605 0.212785951311191
"832" 7.164 33.401 47.264 7.246 0.7 -366.233947515355 0.34641911139987 0.21693961258645
"833" 7.164 41.305 47.264 7.246 0.8 -476.563372417644 0.148907991403868 0.175426703788888
"834" 7.164 19.657 47.264 7.246 0.6 -174.385817978783 0.689864560947574 0.368621864984484
"835" 7.164 36.146 47.264 7.246 0.8 -404.550530429927 0.277824978759558 0.200464781718586
"836" 7.164 41.525 47.264 7.246 0.8 -479.63428252373 0.143410465290619 0.174497290788682
"837" 7.164 37.659 47.264 7.246 0.7 -425.670016750419 0.240016992353441 0.192410844685201
"838" 7.164 31.128 47.264 7.246 0.8 -334.505862646566 0.403218551651757 0.23278077615009
"839" 7.164 39.972 47.264 7.246 0.8 -457.956448911223 0.182218001899145 0.181276893825678
"840" 7.164 27.694 47.264 7.246 0.8 -286.571747627024 0.489029936528562 0.261645121687008
"841" 7.164 31.96 47.264 7.246 0.8 -346.119486320491 0.382427907441651 0.226720901126408
"842" 7.164 29.567 47.264 7.246 0.7 -312.716359575656 0.442225998300765 0.245070517807015
"843" 7.164 39.792 47.264 7.246 0.8 -455.443886097152 0.186715977809986 0.182096903900281
"844" 7.164 35.786 47.264 7.246 0.9 -399.525404801787 0.286820930581238 0.202481417314033
"845" 7.164 30.767 47.264 7.246 0.7 -329.466778336125 0.412239492228497 0.23551207462541
"846" 7.164 25.998 47.264 7.246 0.8 -262.897822445561 0.5314108651107 0.278713747211324
"847" 7.164 30.227 47.264 7.246 0.8 -321.929089893914 0.425733419961018 0.239719456115394
"848" 7.164 30.767 47.264 7.246 0.7 -329.466778336125 0.412239492228497 0.23551207462541
"849" 7.164 35.786 47.264 7.246 0.8 -399.525404801787 0.286820930581238 0.202481417314033
"850" 7.164 21.321 47.264 7.246 0.6 -197.613065326633 0.648283272527363 0.339852727358004
"851" 7.164 39.972 47.264 7.246 0.9 -457.956448911223 0.182218001899145 0.181276893825678
"852" 7.164 29.607 47.264 7.246 0.8 -313.274706867672 0.441226448098356 0.24473941973182
"853" 7.164 39.172 47.264 7.246 0.9 -446.78950307091 0.202209005947324 0.184979066680282
"854" 7.164 23.836 47.264 7.246 0.6 -232.719151312116 0.585436553550902 0.303993958717906
"855" 7.164 26.581 47.264 7.246 0.8 -271.035734226689 0.51684242091059 0.272600729844626
"856" 7.164 35.786 47.264 7.246 0.8 -399.525404801787 0.286820930581238 0.202481417314033
"857" 7.164 35.566 47.264 7.246 0.8 -396.454494695701 0.292318456694488 0.203733903165945
"858" 7.164 30.346 47.264 7.246 0.8 -323.590173087661 0.422759758108851 0.238779410795492
"859" 7.164 25.028 47.264 7.246 0.8 -249.357900614182 0.555649957519116 0.289515742368547
"860" 7.164 21.681 47.264 7.246 0.7 -202.638190954774 0.639287320705682 0.33420967667543
"861" 7.164 31.92 47.264 7.246 0.6 -345.561139028476 0.38342745764406 0.227005012531328
"862" 7.164 45.351 47.264 7.246 0.9 -533.040201005025 0.0478034884302063 0.159775969658883
"863" 7.164 41.525 47.264 7.246 0.9 -479.63428252373 0.143410465290619 0.174497290788682
"864" 7.164 32.259 47.264 7.246 0.8 -350.293132328308 0.374956269678645 0.224619486034905
"865" 7.164 28.674 47.264 7.246 0.8 -300.251256281407 0.464540956569544 0.252702796958917
"866" 7.164 43.618 47.264 7.246 0.9 -508.849804578448 0.0911090009495727 0.166124077215828
"867" 7.164 24.949 47.264 7.246 0.6 -248.255164712451 0.557624069168874 0.290432482263818
"868" 7.164 33.653 47.264 7.246 0.8 -369.751535455053 0.340121945124694 0.215315127923216
"869" 7.164 33.041 47.264 7.246 0.8 -361.208821887214 0.35541506322155 0.219303289852002
"870" 7.164 25.638 47.264 7.246 0.8 -257.87269681742 0.54040681693238 0.282627350027303
"871" 7.164 38.96 47.264 7.246 0.8 -443.830262423227 0.207506622020091 0.185985626283368
"872" 7.164 45.351 47.264 7.246 0.9 -533.040201005025 0.0478034884302063 0.159775969658883
"873" 7.164 42.606 47.264 7.246 0.9 -494.723618090452 0.116397621070518 0.170069943200488
"874" 7.164 33.653 47.264 7.246 0.8 -369.751535455053 0.340121945124694 0.215315127923216
"875" 7.164 41.705 47.264 7.246 0.8 -482.1468453378 0.138912489379779 0.173744155377053
"876" 7.164 28.314 47.264 7.246 0.8 -295.226130653266 0.473536908391224 0.255915801370347
"877" 7.164 31.52 47.264 7.246 0.8 -339.977666108319 0.393422959668149 0.22988578680203
"878" 7.164 30.227 47.264 7.246 0.8 -321.929089893914 0.425733419961018 0.239719456115394
"879" 7.164 43.438 47.264 7.246 0.8 -506.337241764377 0.0956069768604129 0.166812468345688
"880" 7.164 25.208 47.264 7.246 0.8 -251.870463428252 0.551151981608276 0.287448429070136
"881" 7.164 40.693 47.264 7.246 0.8 -468.020658849805 0.164201109500725 0.17806502346841
"882" 7.164 32.32 47.264 7.246 0.8 -351.144611948632 0.373431955619971 0.224195544554455
"883" 7.164 24.448 47.264 7.246 0.6 -241.261864879955 0.570143435454046 0.296384162303665
"884" 7.164 29.827 47.264 7.246 0.8 -316.345616973758 0.435728921985107 0.242934254199215
"885" 7.164 30.908 47.264 7.246 0.7 -331.43495254048 0.408716077765006 0.234437686035978
"886" 7.164 41.705 47.264 7.246 0.8 -482.1468453378 0.138912489379779 0.173744155377053
"887" 7.164 37.948 47.264 7.246 0.9 -429.704075935232 0.232795242141037 0.190945504374407
"888" 7.164 35.926 47.264 7.246 0.8 -401.479620323842 0.283322504872807 0.201692367644603
"889" 7.164 38.059 47.264 7.246 0.7 -431.253489670575 0.230021490329352 0.190388607162563
"890" 7.164 38.059 47.264 7.246 0.8 -431.253489670575 0.230021490329352 0.190388607162563
"891" 7.164 35.786 47.264 7.246 0.9 -399.525404801787 0.286820930581238 0.202481417314033
"892" 7.164 35.966 47.264 7.246 0.7 -402.037967615857 0.282322954670398 0.201468053161319
"893" 7.164 38.96 47.264 7.246 0.8 -443.830262423227 0.207506622020091 0.185985626283368
"894" 7.164 32.32 47.264 7.246 0.8 -351.144611948632 0.373431955619971 0.224195544554455
"895" 7.164 23.796 47.264 7.246 0.5 -232.160804020101 0.586436103753311 0.304504958816608
"896" 7.164 30.047 47.264 7.246 0.9 -319.416527079844 0.430231395871858 0.241155523013945
"897" 7.164 21.382 47.264 7.246 0.8 -198.464544946957 0.646758958468689 0.338883172762136
"898" 7.164 32.821 47.264 7.246 0.7 -358.137911781128 0.360912589334799 0.220773285396545
"899" 7.164 29.607 47.264 7.246 0.8 -313.274706867672 0.441226448098356 0.24473941973182
"900" 7.164 30.886 47.264 7.246 0.8 -331.127861529872 0.409265830376331 0.234604675257398
"901" 7.164 26.109 47.264 7.246 0.7 -264.447236180905 0.528637113299016 0.277528821479183
"902" 7.164 41.705 47.264 7.246 0.8 -482.1468453378 0.138912489379779 0.173744155377053
"903" 7.164 26.721 47.264 7.246 0.7 -272.989949748744 0.513343995202159 0.271172486059653
"904" 7.164 47.264 47.264 7.246 1 -559.743160245673 0 0.153309072444144
"905" 7.164 31.96 47.264 7.246 0.9 -346.119486320491 0.382427907441651 0.226720901126408
"906" 7.164 25.529 47.264 7.246 0.5 -256.351200446678 0.543130591233945 0.283834071056446
"907" 7.164 27.834 47.264 7.246 0.7 -288.525963149079 0.485531510820131 0.260329093913918
"908" 7.164 28.274 47.264 7.246 0.7 -294.667783361251 0.474536458593633 0.256277852443941
"909" 7.164 30.007 47.264 7.246 0.6 -318.858179787828 0.431230946074266 0.241476988702636
"910" 7.164 34.352 47.264 7.246 0.7 -379.508654383026 0.322654805337598 0.210933861201677
"911" 7.164 27.993 47.264 7.246 0.7 -290.745393634841 0.481558298765556 0.258850426892437
"912" 7.164 27.551 47.264 7.246 0.8 -284.575656058068 0.492603328502174 0.263003157780117
"913" 7.164 39.972 47.264 7.246 0.9 -457.956448911223 0.182218001899145 0.181276893825678
"914" 7.164 35.314 47.264 7.246 0.7 -392.936906756002 0.298615622969664 0.205187744237413
"915" 7.164 31.74 47.264 7.246 0.8 -343.048576214405 0.3879254335549 0.228292375551355
"916" 7.164 25.097 47.264 7.246 0.6 -250.321049692909 0.553925733419961 0.288719767302865
"917" 7.164 27.842 47.264 7.246 0.7 -288.637632607482 0.485331600779649 0.260254292076719
"918" 7.164 33.401 47.264 7.246 0.7 -366.233947515355 0.34641911139987 0.21693961258645
"919" 7.164 36.035 47.264 7.246 0.8 -403.001116694584 0.280598730571243 0.201082281115582
"920" 7.164 42.606 47.264 7.246 0.9 -494.723618090452 0.116397621070518 0.170069943200488
"921" 7.164 31.488 47.264 7.246 0.6 -339.530988274707 0.394222599830076 0.230119410569106
"922" 7.164 39.792 47.264 7.246 0.8 -455.443886097152 0.186715977809986 0.182096903900281
"923" 7.164 23.788 47.264 7.246 0.8 -232.049134561697 0.586636013793793 0.304607365058012
"924" 7.164 31.96 47.264 7.246 0.9 -346.119486320491 0.382427907441651 0.226720901126408
"925" 7.164 35.966 47.264 7.246 0.8 -402.037967615857 0.282322954670398 0.201468053161319
"926" 7.164 41.705 47.264 7.246 0.8 -482.1468453378 0.138912489379779 0.173744155377053
"927" 7.164 34.013 47.264 7.246 0.6 -374.776661083194 0.331125993303014 0.213036192044218
"928" 7.164 22.893 47.264 7.246 0.8 -219.556113902848 0.609000949572692 0.316515965578998
"929" 7.164 32.558 47.264 7.246 0.8 -354.466778336125 0.367484631915638 0.222556668100006
"930" 7.164 31.74 47.264 7.246 0.7 -343.048576214405 0.3879254335549 0.228292375551355
"931" 7.164 37.047 47.264 7.246 0.7 -417.12730318258 0.255310110450297 0.195589386455044
"932" 7.164 39.792 47.264 7.246 0.8 -455.443886097152 0.186715977809986 0.182096903900281
"933" 7.164 21.703 47.264 7.246 0.5 -202.945281965383 0.638737568094357 0.333870893424872
"934" 7.164 35.966 47.264 7.246 0.8 -402.037967615857 0.282322954670398 0.201468053161319
"935" 7.164 39.572 47.264 7.246 0.8 -452.372975991067 0.192213503923235 0.183109269180228
"936" 7.164 37.479 47.264 7.246 0.8 -423.157453936348 0.244514968264281 0.193334934229835
"937" 7.164 23.184 47.264 7.246 0.7 -223.618090452261 0.601729221850167 0.312543133195307
"938" 7.164 24.557 47.264 7.246 0.7 -242.783361250698 0.567419661152481 0.295068615873274
"939" 7.164 31.96 47.264 7.246 0.9 -346.119486320491 0.382427907441651 0.226720901126408
"940" 7.164 39.392 47.264 7.246 0.8 -449.860413176996 0.196711479834075 0.18394597887896
"941" 7.164 34.013 47.264 7.246 0.7 -374.776661083194 0.331125993303014 0.213036192044218
"942" 7.164 33.833 47.264 7.246 0.6 -372.264098269124 0.335623969213854 0.214169597730027
"943" 7.164 21.39 47.264 7.246 0.4 -198.57621440536 0.646559048428207 0.338756428237494
"944" 7.164 41.525 47.264 7.246 0.9 -479.63428252373 0.143410465290619 0.174497290788682
"945" 7.164 21.422 47.264 7.246 0.5 -199.022892238973 0.64575940826628 0.338250396788348
"946" 7.164 21.382 47.264 7.246 0.8 -198.464544946957 0.646758958468689 0.338883172762136
"947" 7.164 45.351 47.264 7.246 0.9 -533.040201005025 0.0478034884302063 0.159775969658883
"948" 7.164 30.047 47.264 7.246 0.9 -319.416527079844 0.430231395871858 0.241155523013945
"949" 7.164 30.306 47.264 7.246 0.6 -323.031825795645 0.42375930831126 0.239094568732264
"950" 7.164 43.618 47.264 7.246 0.9 -508.849804578448 0.0911090009495727 0.166124077215828
"951" 7.164 35.786 47.264 7.246 0.9 -399.525404801787 0.286820930581238 0.202481417314033
"952" 7.164 32.259 47.264 7.246 0.8 -350.293132328308 0.374956269678645 0.224619486034905
"953" 7.164 25.929 47.264 7.246 0.7 -261.934673366834 0.533135089209856 0.279455435998303
"954" 7.164 39.572 47.264 7.246 0.8 -452.372975991067 0.192213503923235 0.183109269180228
"955" 7.164 47.264 47.264 7.246 1 -559.743160245673 0 0.153309072444144
"956" 7.164 36.085 47.264 7.246 0.8 -403.699050809604 0.279349292818232 0.200803658029652
"957" 7.164 41.305 47.264 7.246 0.8 -476.563372417644 0.148907991403868 0.175426703788888
"958" 7.164 26.65 47.264 7.246 0.7 -271.998883305416 0.515118196811435 0.271894934333959
"959" 7.164 34.053 47.264 7.246 0.8 -375.335008375209 0.330126443100605 0.212785951311191
"960" 7.164 32.389 47.264 7.246 0.7 -352.107761027359 0.371707731520816 0.223717928926487
"961" 7.164 28.433 47.264 7.246 0.8 -296.887213847013 0.470563246539057 0.254844722681391
"962" 7.164 32.821 47.264 7.246 0.6 -358.137911781128 0.360912589334799 0.220773285396545
"963" 7.164 45.351 47.264 7.246 0.9 -533.040201005025 0.0478034884302063 0.159775969658883
"964" 7.164 30.595 47.264 7.246 0.7 -327.065884980458 0.416537558098855 0.236836084327504
"965" 7.164 31.52 47.264 7.246 0.8 -339.977666108319 0.393422959668149 0.22988578680203
"966" 7.164 32.5 47.264 7.246 0.7 -353.657174762702 0.368933979709131 0.222953846153846
"967" 7.164 23.796 47.264 7.246 0.6 -232.160804020101 0.586436103753311 0.304504958816608
"968" 7.164 36.867 47.264 7.246 0.7 -414.614740368509 0.259808086361137 0.196544335042179
"969" 7.164 37.047 47.264 7.246 0.7 -417.12730318258 0.255310110450297 0.195589386455044
"970" 7.164 29.175 47.264 7.246 0.5 -307.244556113903 0.452021590284372 0.248363324764353
"971" 7.164 41.525 47.264 7.246 0.8 -479.63428252373 0.143410465290619 0.174497290788682
"972" 7.164 39.792 47.264 7.246 0.8 -455.443886097152 0.186715977809986 0.182096903900281
"973" 7.164 29.215 47.264 7.246 0.8 -307.802903405919 0.451022040081963 0.24802327571453
"974" 7.164 34.013 47.264 7.246 0.7 -374.776661083194 0.331125993303014 0.213036192044218
"975" 7.164 34.532 47.264 7.246 0.8 -382.021217197097 0.318156829426758 0.209834356538862
"976" 7.164 29.034 47.264 7.246 0.9 -305.276381909548 0.455545004747863 0.249569470276228
"977" 7.164 30.227 47.264 7.246 0.8 -321.929089893914 0.425733419961018 0.239719456115394
"978" 7.164 24.808 47.264 7.246 0.6 -246.286990508096 0.561147483632366 0.292083198968075
"979" 7.164 32.389 47.264 7.246 0.7 -352.107761027359 0.371707731520816 0.223717928926487
"980" 7.164 24.588 47.264 7.246 0.8 -243.21608040201 0.566645009745614 0.294696599967464
"981" 7.164 20.089 47.264 7.246 0.5 -180.415968732552 0.679069418761557 0.360694907660909
"982" 7.164 41.525 47.264 7.246 0.8 -479.63428252373 0.143410465290619 0.174497290788682
"983" 7.164 28.494 47.264 7.246 0.7 -297.738693467337 0.469038932480384 0.254299150698393
"984" 7.164 43.618 47.264 7.246 0.9 -508.849804578448 0.0911090009495727 0.166124077215828
"985" 7.164 37.879 47.264 7.246 0.7 -428.740926856505 0.234519466240192 0.191293328757359
"986" 7.164 26.761 47.264 7.246 0.8 -273.548297040759 0.51234444499975 0.27076716116737
"987" 7.164 26.761 47.264 7.246 0.8 -273.548297040759 0.51234444499975 0.27076716116737
"988" 7.164 34.413 47.264 7.246 0.8 -380.36013400335 0.321130491278924 0.210559962804754
"989" 7.164 22.214 47.264 7.246 0.6 -210.078168620882 0.625968314258584 0.326190690555506
"990" 7.164 29.827 47.264 7.246 0.8 -316.345616973758 0.435728921985107 0.242934254199215
"991" 7.164 28.314 47.264 7.246 0.8 -295.226130653266 0.473536908391224 0.255915801370347
"992" 7.164 35.786 47.264 7.246 0.9 -399.525404801787 0.286820930581238 0.202481417314033
"993" 7.164 33.041 47.264 7.246 0.8 -361.208821887214 0.35541506322155 0.219303289852002
"994" 7.164 24.628 47.264 7.246 0.7 -243.774427694026 0.565645459543206 0.294217963293812
"995" 7.164 30.706 47.264 7.246 0.7 -328.615298715801 0.413763806287171 0.235979938774181
"996" 7.164 35.786 47.264 7.246 0.9 -399.525404801787 0.286820930581238 0.202481417314033
"997" 7.164 37.998 47.264 7.246 0.8 -430.402010050251 0.231545804388025 0.190694247065635
"998" 7.164 21.091 47.264 7.246 0.7 -194.402568397543 0.654030686191214 0.343558863970414
"999" 7.164 38.56 47.264 7.246 0.8 -438.246789503071 0.21750212404418 0.187914937759336
"1000" 7.164 29.034 47.264 7.246 0.8 -305.276381909548 0.455545004747863 0.249569470276228
