"SRL" "MIG" "GMax" "GMin" "SCI" "RCI" "GER" "MSM*"
"1" 174.3 156.1 243.9 19.2 0.75 10.4417670682731 0.39074321317312 0.122998078155029
"2" 174.3 148.8 243.9 19.2 0.7 14.6299483648881 0.423230974632844 0.129032258064516
"3" 174.3 174 243.9 19.2 0.75 0.172117039586905 0.311081441922563 0.110344827586207
"4" 174.3 135.9 243.9 19.2 0.75 22.0309810671256 0.48064085447263 0.141280353200883
"5" 174.3 156.9 243.9 19.2 0.7 9.98278829604131 0.387182910547397 0.122370936902486
"6" 174.3 159 243.9 19.2 0.8 8.77796901893289 0.377837116154873 0.120754716981132
"7" 174.3 160.5 243.9 19.2 0.8 7.91738382099828 0.371161548731642 0.119626168224299
"8" 174.3 166.3 243.9 19.2 0.75 4.58978772231784 0.345349354695149 0.115453998797354
"9" 174.3 182.6 243.9 19.2 0.75 -4.76190476190474 0.272808188696039 0.105147864184009
"10" 174.3 145.1 243.9 19.2 0.7 16.7527251864601 0.439697374276813 0.132322536181943
"11" 174.3 161.2 243.9 19.2 0.7 7.51577739529546 0.368046283934134 0.119106699751861
"12" 174.3 146.1 243.9 19.2 0.7 16.1790017211704 0.435246995994659 0.131416837782341
"13" 174.3 126.5 243.9 19.2 0.65 27.4239816408491 0.522474410324878 0.151778656126482
"14" 174.3 186.8 243.9 19.2 0.75 -7.17154331612162 0.254116599910992 0.102783725910064
"15" 174.3 161 243.9 19.2 0.7 7.63052208835342 0.368936359590565 0.119254658385093
"16" 174.3 152.9 243.9 19.2 0.75 12.2776821572002 0.404984423676013 0.125572269457162
"17" 174.3 147.1 243.9 19.2 0.8 15.6052782558807 0.430796617712505 0.130523453433039
"18" 174.3 137.4 243.9 19.2 0.75 21.1703958691911 0.473965287049399 0.139737991266376
"19" 174.3 158.2 243.9 19.2 0.65 9.23694779116465 0.381397418780596 0.121365360303413
"20" 174.3 172 243.9 19.2 0.65 1.31956397016638 0.319982198486871 0.111627906976744
"21" 174.3 144.4 243.9 19.2 0.7 17.1543316121629 0.442812639074321 0.132963988919668
"22" 174.3 147.8 243.9 19.2 0.8 15.2036718301779 0.427681352914998 0.129905277401894
"23" 174.3 174.6 243.9 19.2 0.9 -0.172117039586928 0.308411214953271 0.109965635738832
"24" 174.3 172.2 243.9 19.2 0.75 1.20481927710845 0.319092122830441 0.111498257839721
"25" 174.3 171.9 243.9 19.2 0.8 1.37693631669534 0.320427236315087 0.111692844677138
"26" 174.3 155.6 243.9 19.2 0.75 10.7286288009179 0.392968402314196 0.123393316195373
"27" 174.3 126.1 243.9 19.2 0.65 27.653471026965 0.524254561637739 0.152260111022998
"28" 174.3 163.4 243.9 19.2 0.8 6.25358577165804 0.358255451713395 0.11750305997552
"29" 174.3 179.2 243.9 19.2 0.8 -2.81124497991969 0.287939474855363 0.107142857142857
"30" 174.3 180.6 243.9 19.2 0.85 -3.6144578313253 0.281708945260347 0.106312292358804
"31" 174.3 162.5 243.9 19.2 0.75 6.76993689041883 0.362260792167334 0.118153846153846
"32" 174.3 131.2 243.9 19.2 0.7 24.7274813539874 0.501557632398754 0.146341463414634
"33" 174.3 145.7 243.9 19.2 0.75 16.4084911072863 0.437027147307521 0.131777625257378
"34" 174.3 129.3 243.9 19.2 0.7 25.8175559380379 0.510013351134846 0.148491879350348
"35" 174.3 179.9 243.9 19.2 0.8 -3.21285140562251 0.284824210057855 0.106725958866037
"36" 174.3 130.7 243.9 19.2 0.7 25.0143430866323 0.503782821539831 0.1469013006886
"37" 174.3 121.5 243.9 19.2 0.65 30.2925989672978 0.544726301735648 0.158024691358025
"38" 174.3 128.4 243.9 19.2 0.65 26.3339070567986 0.514018691588785 0.149532710280374
"39" 174.3 139.7 243.9 19.2 0.75 19.8508318990247 0.463729417000445 0.137437365783823
"40" 174.3 182.5 243.9 19.2 0.75 -4.70453241537578 0.273253226524254 0.105205479452055
"41" 174.3 184.8 243.9 19.2 0.75 -6.02409638554218 0.2630173564753 0.103896103896104
"42" 174.3 138.7 243.9 19.2 0.75 20.4245553643144 0.468179795282599 0.138428262436914
"43" 174.3 139.6 243.9 19.2 0.55 19.9082042455536 0.46417445482866 0.137535816618911
"44" 174.3 138.9 243.9 19.2 0.7 20.3098106712565 0.467289719626168 0.138228941684665
"45" 174.3 166 243.9 19.2 0.75 4.76190476190477 0.346684468179795 0.11566265060241
"46" 174.3 198.6 243.9 19.2 0.75 -13.9414802065404 0.201602136181575 0.0966767371601208
"47" 174.3 149.4 243.9 19.2 0.75 14.2857142857143 0.420560747663551 0.1285140562249
"48" 174.3 150.5 243.9 19.2 0.7 13.6546184738956 0.415665331553182 0.127574750830565
"49" 174.3 145.4 243.9 19.2 0.7 16.5806081468732 0.438362260792167 0.132049518569464
"50" 174.3 180.7 243.9 19.2 0.75 -3.67183017785429 0.281263907432132 0.106253458771444
"51" 174.3 158.7 243.9 19.2 0.65 8.9500860585198 0.379172229639519 0.120982986767486
"52" 174.3 148.9 243.9 19.2 0.85 14.5725760183591 0.422785936804628 0.128945601074547
"53" 174.3 155 243.9 19.2 0.7 11.0728628800918 0.395638629283489 0.123870967741935
"54" 174.3 139.1 243.9 19.2 0.75 20.1950659781985 0.466399643969737 0.13803019410496
"55" 174.3 176.2 243.9 19.2 0.8 -1.09007458405048 0.301290609701825 0.108967082860386
"56" 174.3 152.6 243.9 19.2 0.8 12.4497991967872 0.406319537160659 0.125819134993447
"57" 174.3 170.3 243.9 19.2 0.65 2.29489386115892 0.327547841566533 0.112742219612449
"58" 174.3 143.5 243.9 19.2 0.75 17.6706827309237 0.44681797952826 0.133797909407666
"59" 174.3 150.5 243.9 19.2 0.8 13.6546184738956 0.415665331553182 0.127574750830565
"60" 174.3 117.9 243.9 19.2 0.6 32.3580034423408 0.560747663551402 0.162849872773537
"61" 174.3 206.1 243.9 19.2 0.85 -18.2444061962134 0.16822429906542 0.0931586608442504
"62" 174.3 132.9 243.9 19.2 0.7 23.7521514629949 0.493991989319092 0.144469525959368
"63" 174.3 200.2 243.9 19.2 0.8 -14.859437751004 0.194481530930129 0.0959040959040959
"64" 174.3 133.2 243.9 19.2 0.75 23.5800344234079 0.492656875834446 0.144144144144144
"65" 174.3 208.2 243.9 19.2 0.8 -19.4492254733219 0.158878504672897 0.0922190201729107
"66" 174.3 141.9 243.9 19.2 0.65 18.5886402753873 0.453938584779706 0.135306553911205
"67" 174.3 136.2 243.9 19.2 0.7 21.8588640275387 0.479305740987984 0.140969162995595
"68" 174.3 155.4 243.9 19.2 0.8 10.8433734939759 0.393858477970627 0.123552123552124
"69" 174.3 115.9 243.9 19.2 0.7 33.5054503729202 0.56964842011571 0.165660051768766
"70" 174.3 131.9 243.9 19.2 0.7 24.3258749282846 0.498442367601246 0.145564821834723
"71" 174.3 133.9 243.9 19.2 0.8 23.1784279977051 0.489541611036938 0.143390589992532
"72" 174.3 181.4 243.9 19.2 0.85 -4.07343660355708 0.278148642634624 0.105843439911797
"73" 174.3 133.2 243.9 19.2 0.75 23.5800344234079 0.492656875834446 0.144144144144144
"74" 174.3 167.1 243.9 19.2 0.8 4.13080895008607 0.341789052069426 0.114901256732496
"75" 174.3 138.2 243.9 19.2 0.75 20.7114170969593 0.470404984423676 0.138929088277858
"76" 174.3 152.5 243.9 19.2 0.8 12.5071715433161 0.406764574988874 0.125901639344262
"77" 174.3 163.6 243.9 19.2 0.6 6.13884107860011 0.357365376056965 0.117359413202934
"78" 174.3 148.6 243.9 19.2 0.8 14.7446930579461 0.424121050289275 0.129205921938089
"79" 174.3 123.2 243.9 19.2 0.7 29.3172690763052 0.537160658655986 0.155844155844156
"80" 174.3 171.2 243.9 19.2 0.8 1.77854274239818 0.323542501112595 0.11214953271028
"81" 174.3 157.9 243.9 19.2 0.7 9.40906483075157 0.382732532265242 0.121595946801773
"82" 174.3 151.8 243.9 19.2 0.9 12.9087779690189 0.409879839786382 0.126482213438735
"83" 174.3 128 243.9 19.2 0.75 26.5633964429145 0.515798842901647 0.15
"84" 174.3 203 243.9 19.2 0.75 -16.4658634538152 0.182020471740098 0.0945812807881774
"85" 174.3 150.6 243.9 19.2 0.7 13.5972461273666 0.415220293724966 0.127490039840637
"86" 174.3 148.3 243.9 19.2 0.75 14.916810097533 0.425456163773921 0.129467296021578
"87" 174.3 159.1 243.9 19.2 0.75 8.72059667240389 0.377392078326658 0.120678818353237
"88" 174.3 121.7 243.9 19.2 0.65 30.1778542742398 0.543836226079217 0.157764995891537
"89" 174.3 111.2 243.9 19.2 0.65 36.201950659782 0.590565198041834 0.172661870503597
"90" 174.3 181.4 243.9 19.2 0.8 -4.0734366035571 0.278148642634624 0.105843439911797
"91" 174.3 169.1 243.9 19.2 0.7 2.98336201950659 0.332888295505118 0.113542282672975
"92" 174.3 152.3 243.9 19.2 0.7 12.6219162363741 0.407654650645305 0.126066973079448
"93" 174.3 142.2 243.9 19.2 0.7 18.4165232358004 0.45260347129506 0.135021097046414
"94" 174.3 139.1 243.9 19.2 0.75 20.1950659781985 0.466399643969738 0.138030194104961
"95" 174.3 127 243.9 19.2 0.7 27.1371199082043 0.520249221183801 0.151181102362205
"96" 174.3 155.2 243.9 19.2 0.75 10.9581181870339 0.394748553627058 0.123711340206186
"97" 174.3 191.6 243.9 19.2 0.75 -9.92541594951235 0.232754784156653 0.100208768267223
"98" 174.3 150.1 243.9 19.2 0.85 13.8841078600115 0.417445482866043 0.127914723517655
"99" 174.3 136.7 243.9 19.2 0.75 21.5720022948939 0.477080551846907 0.140453547915143
"100" 174.3 184.5 243.9 19.2 0.75 -5.85197934595525 0.264352469959947 0.104065040650407
"101" 174.3 186.8 243.9 19.2 0.75 -7.17154331612162 0.254116599910992 0.102783725910064
"102" 174.3 159.3 243.9 19.2 0.7 8.60585197934596 0.376502002670227 0.120527306967985
"103" 174.3 159 243.9 19.2 0.75 8.77796901893289 0.377837116154873 0.120754716981132
"104" 174.3 168.5 243.9 19.2 0.7 3.32759609868044 0.33555852247441 0.113946587537092
"105" 174.3 127.8 243.9 19.2 0.55 26.6781411359725 0.516688918558077 0.150234741784038
"106" 174.3 145.7 243.9 19.2 0.75 16.4084911072863 0.437027147307521 0.131777625257378
"107" 174.3 124.8 243.9 19.2 0.8 28.3993115318417 0.530040053404539 0.153846153846154
"108" 174.3 159.6 243.9 19.2 0.8 8.43373493975903 0.375166889185581 0.120300751879699
"109" 174.3 149.2 243.9 19.2 0.7 14.4004589787722 0.421450823319982 0.128686327077748
"110" 174.3 177.5 243.9 19.2 0.7 -1.83591508892713 0.295505117935024 0.108169014084507
"111" 174.3 132.8 243.9 19.2 0.75 23.8095238095238 0.494437027147307 0.144578313253012
"112" 174.3 130.5 243.9 19.2 0.75 25.1290877796902 0.504672897196262 0.147126436781609
"113" 174.3 149 243.9 19.2 0.7 14.5152036718302 0.422340898976413 0.128859060402685
"114" 174.3 185.9 243.9 19.2 0.75 -6.65519219736088 0.258121940364931 0.103281334050565
"115" 174.3 192.4 243.9 19.2 0.8 -10.3843947217441 0.22919448153093 0.0997920997920998
"116" 174.3 158.9 243.9 19.2 0.75 8.83534136546187 0.378282153983089 0.120830711139081
"117" 174.3 212.6 243.9 19.2 0.8 -21.9736087205967 0.13929684023142 0.090310442144873
"118" 174.3 152.5 243.9 19.2 0.65 12.5071715433161 0.406764574988874 0.125901639344262
"119" 174.3 116.8 243.9 19.2 0.7 32.9890992541595 0.565643079661771 0.164383561643836
"120" 174.3 190.1 243.9 19.2 0.75 -9.06483075157773 0.239430351579884 0.100999473961073
"121" 174.3 129.1 243.9 19.2 0.7 25.9323006310958 0.510903426791277 0.148721920991479
"122" 174.3 157.9 243.9 19.2 0.75 9.40906483075157 0.382732532265242 0.121595946801773
"123" 174.3 170.7 243.9 19.2 0.75 2.06540447504303 0.325767690253672 0.112478031634446
"124" 174.3 162 243.9 19.2 0.7 7.05679862306369 0.364485981308411 0.118518518518519
"125" 174.3 166.2 243.9 19.2 0.8 4.64716006884681 0.345794392523364 0.115523465703971
"126" 174.3 136.5 243.9 19.2 0.7 21.6867469879518 0.477970627503338 0.140659340659341
"127" 174.3 162.6 243.9 19.2 0.7 6.71256454388984 0.361815754339119 0.118081180811808
"128" 174.3 129 243.9 19.2 0.7 25.9896729776248 0.511348464619493 0.148837209302326
"129" 174.3 141.4 243.9 19.2 0.6 18.8755020080321 0.456163773920783 0.135785007072136
"130" 174.3 140.3 243.9 19.2 0.7 19.5065978198508 0.461059190031153 0.136849607982894
"131" 174.3 148.8 243.9 19.2 0.75 14.6299483648881 0.423230974632844 0.129032258064516
"132" 174.3 212.7 243.9 19.2 0.85 -22.0309810671256 0.138851802403204 0.0902679830747532
"133" 174.3 152.7 243.9 19.2 0.7 12.3924268502582 0.405874499332443 0.12573673870334
"134" 174.3 155.7 243.9 19.2 0.75 10.671256454389 0.392523364485981 0.123314065510597
"135" 174.3 170.8 243.9 19.2 0.7 2.00803212851406 0.325322652425456 0.112412177985948
"136" 174.3 155.2 243.9 19.2 0.75 10.9581181870339 0.394748553627058 0.123711340206186
"137" 174.3 145.9 243.9 19.2 0.75 16.2937464142283 0.43613707165109 0.131596984235778
"138" 174.3 174 243.9 19.2 0.8 0.172117039586928 0.311081441922563 0.110344827586207
"139" 174.3 173.1 243.9 19.2 0.65 0.688468158347666 0.315086782376502 0.110918544194107
"140" 174.3 144.2 243.9 19.2 0.65 17.2690763052209 0.443702714730752 0.133148404993065
"141" 174.3 165.3 243.9 19.2 0.75 5.16351118760757 0.349799732977303 0.116152450090744
"142" 174.3 176.8 243.9 19.2 0.75 -1.43430866322432 0.298620382732532 0.108597285067873
"143" 174.3 155.3 243.9 19.2 0.8 10.9007458405049 0.394303515798843 0.123631680618158
"144" 174.3 121 243.9 19.2 0.75 30.5794606999426 0.546951490876725 0.158677685950413
"145" 174.3 145.7 243.9 19.2 0.8 16.4084911072863 0.437027147307521 0.131777625257378
"146" 174.3 174.4 243.9 19.2 0.75 -0.0573723465289611 0.309301290609702 0.110091743119266
"147" 174.3 162.6 243.9 19.2 0.8 6.71256454388984 0.361815754339119 0.118081180811808
"148" 174.3 141.1 243.9 19.2 0.7 19.047619047619 0.457498887405429 0.13607370659107
"149" 174.3 177.3 243.9 19.2 0.8 -1.72117039586919 0.296395193591455 0.1082910321489
"150" 174.3 147.9 243.9 19.2 0.7 15.1462994836489 0.427236315086782 0.129817444219067
"151" 174.3 158.4 243.9 19.2 0.65 9.12220309810672 0.380507343124166 0.121212121212121
"152" 174.3 125.4 243.9 19.2 0.7 28.0550774526678 0.527369826435247 0.15311004784689
"153" 174.3 118.5 243.9 19.2 0.65 32.013769363167 0.558077436582109 0.162025316455696
"154" 174.3 133.4 243.9 19.2 0.75 23.46528973035 0.491766800178015 0.143928035982009
"155" 174.3 162.1 243.9 19.2 0.85 6.9994262765347 0.364040943480196 0.118445404071561
"156" 174.3 181.2 243.9 19.2 0.85 -3.95869191049913 0.279038718291055 0.105960264900662
"157" 174.3 147.7 243.9 19.2 0.8 15.2610441767068 0.428126390743213 0.129993229519296
"158" 174.3 145.1 243.9 19.2 0.75 16.7527251864601 0.439697374276813 0.132322536181943
"159" 174.3 163.6 243.9 19.2 0.7 6.13884107860011 0.357365376056965 0.117359413202934
"160" 174.3 166.8 243.9 19.2 0.85 4.30292598967298 0.343124165554072 0.115107913669065
"161" 174.3 149.1 243.9 19.2 0.7 14.4578313253012 0.421895861148198 0.128772635814889
"162" 174.3 155.7 243.9 19.2 0.8 10.671256454389 0.392523364485981 0.123314065510597
"163" 174.3 156.1 243.9 19.2 0.7 10.4417670682731 0.39074321317312 0.122998078155029
"164" 174.3 136.2 243.9 19.2 0.7 21.8588640275387 0.479305740987984 0.140969162995595
"165" 174.3 149.4 243.9 19.2 0.65 14.2857142857143 0.420560747663551 0.1285140562249
"166" 174.3 189 243.9 19.2 0.8 -8.43373493975903 0.244325767690254 0.101587301587302
"167" 174.3 158 243.9 19.2 0.75 9.3516924842226 0.382287494437027 0.121518987341772
"168" 174.3 148.2 243.9 19.2 0.75 14.974182444062 0.425901201602136 0.129554655870445
"169" 174.3 155.8 243.9 19.2 0.75 10.61388410786 0.392078326657766 0.123234916559692
"170" 174.3 139.3 243.9 19.2 0.65 20.0803212851406 0.465509568313307 0.137832017229002
"171" 174.3 164.5 243.9 19.2 0.75 5.62248995983936 0.353360035603026 0.116717325227964
"172" 174.3 134.1 243.9 19.2 0.7 23.0636833046472 0.488651535380507 0.143176733780761
"173" 174.3 165.1 243.9 19.2 0.65 5.27825588066552 0.350689808633734 0.116293155663234
"174" 174.3 157.1 243.9 19.2 0.7 9.86804360298336 0.386292834890966 0.122215149586251
"175" 174.3 157.6 243.9 19.2 0.8 9.58118187033848 0.384067645749889 0.121827411167513
"176" 174.3 164.2 243.9 19.2 0.7 5.79460699942629 0.354695149087672 0.116930572472594
"177" 174.3 148 243.9 19.2 0.75 15.0889271371199 0.426791277258567 0.12972972972973
"178" 174.3 135.4 243.9 19.2 0.7 22.3178427997705 0.482866043613707 0.141802067946824
"179" 174.3 125.1 243.9 19.2 0.65 28.2271944922547 0.528704939919893 0.15347721822542
"180" 174.3 124.2 243.9 19.2 0.7 28.7435456110155 0.532710280373832 0.154589371980676
"181" 174.3 147.6 243.9 19.2 0.7 15.3184165232358 0.428571428571428 0.130081300813008
"182" 174.3 163.6 243.9 19.2 0.65 6.13884107860011 0.357365376056965 0.117359413202934
"183" 174.3 171.6 243.9 19.2 0.6 1.54905335628227 0.321762349799733 0.111888111888112
"184" 174.3 131.8 243.9 19.2 0.7 24.3832472748135 0.498887405429461 0.14567526555387
"185" 174.3 151.5 243.9 19.2 0.7 13.0808950086059 0.411214953271028 0.126732673267327
"186" 174.3 165.7 243.9 19.2 0.75 4.93402180149169 0.348019581664441 0.115872057936029
"187" 174.3 178.4 243.9 19.2 0.75 -2.35226620768789 0.291499777481086 0.10762331838565
"188" 174.3 181.2 243.9 19.2 0.8 -3.95869191049913 0.279038718291055 0.105960264900662
"189" 174.3 154.3 243.9 19.2 0.65 11.4744693057946 0.398753894080997 0.124432922877511
"190" 174.3 162.1 243.9 19.2 0.75 6.9994262765347 0.364040943480196 0.118445404071561
"191" 174.3 183.5 243.9 19.2 0.7 -5.27825588066551 0.268802848242101 0.104632152588556
"192" 174.3 162.5 243.9 19.2 0.75 6.76993689041883 0.362260792167334 0.118153846153846
"193" 174.3 104.1 243.9 19.2 0.65 40.2753872633391 0.622162883845127 0.184438040345821
"194" 174.3 144.5 243.9 19.2 0.75 17.096959265634 0.442367601246106 0.132871972318339
"195" 174.3 184.4 243.9 19.2 0.8 -5.79460699942629 0.264797507788162 0.10412147505423
"196" 174.3 174.1 243.9 19.2 0.7 0.114744693057955 0.310636404094348 0.110281447443998
"197" 174.3 158.7 243.9 19.2 0.8 8.9500860585198 0.379172229639519 0.120982986767486
"198" 174.3 136.6 243.9 19.2 0.75 21.6293746414228 0.477525589675122 0.140556368960469
"199" 174.3 134.8 243.9 19.2 0.75 22.6620768789443 0.485536270583 0.142433234421365
"200" 174.3 133.9 243.9 19.2 0.7 23.1784279977051 0.489541611036938 0.143390589992532
"201" 174.3 145.7 243.9 19.2 0.7 16.4084911072863 0.437027147307521 0.131777625257378
"202" 174.3 112.8 243.9 19.2 0.7 35.2839931153184 0.583444592790387 0.170212765957447
"203" 174.3 170.5 243.9 19.2 0.85 2.18014916810096 0.326657765910102 0.112609970674487
"204" 174.3 140.5 243.9 19.2 0.75 19.3918531267929 0.460169114374722 0.136654804270463
"205" 174.3 166.8 243.9 19.2 0.65 4.30292598967298 0.343124165554072 0.115107913669065
"206" 174.3 146.9 243.9 19.2 0.75 15.7200229489386 0.431686693368936 0.13070115724983
"207" 174.3 162.2 243.9 19.2 0.75 6.94205393000575 0.36359590565198 0.118372379778052
"208" 174.3 158.9 243.9 19.2 0.75 8.83534136546185 0.378282153983089 0.120830711139081
"209" 174.3 143.1 243.9 19.2 0.85 17.9001721170396 0.448598130841121 0.134171907756813
"210" 174.3 136 243.9 19.2 0.7 21.9736087205967 0.480195816644415 0.141176470588235
"211" 174.3 147.2 243.9 19.2 0.7 15.5479059093517 0.43035157988429 0.130434782608696
"212" 174.3 121.7 243.9 19.2 0.7 30.1778542742398 0.543836226079217 0.157764995891537
"213" 174.3 145.1 243.9 19.2 0.7 16.7527251864601 0.439697374276814 0.132322536181944
"214" 174.3 137.6 243.9 19.2 0.75 21.0556511761331 0.473075211392968 0.13953488372093
"215" 174.3 152.4 243.9 19.2 0.75 12.5645438898451 0.407209612817089 0.125984251968504
"216" 174.3 175.6 243.9 19.2 0.8 -0.745840504876649 0.303960836671117 0.109339407744875
"217" 174.3 130.6 243.9 19.2 0.75 25.0717154331612 0.504227859368046 0.147013782542113
"218" 174.3 152 243.9 19.2 0.7 12.794033275961 0.408989764129951 0.126315789473684
"219" 174.3 161.7 243.9 19.2 0.7 7.22891566265061 0.365821094793057 0.11873840445269
"220" 174.3 146.3 243.9 19.2 0.8 16.0642570281125 0.434356920338229 0.131237183868763
"221" 174.3 130.3 243.9 19.2 0.75 25.2438324727482 0.505562972852692 0.14735226400614
"222" 174.3 112.9 243.9 19.2 0.65 35.2266207687895 0.582999554962172 0.170062001771479
"223" 174.3 167.9 243.9 19.2 0.65 3.67183017785426 0.338228749443703 0.114353782013103
"224" 174.3 161.4 243.9 19.2 0.75 7.40103270223752 0.367156208277704 0.118959107806691
"225" 174.3 163.7 243.9 19.2 0.75 6.08146873207115 0.356920338228749 0.117287721441662
"226" 174.3 161.9 243.9 19.2 0.75 7.11417096959265 0.364931019136626 0.118591723285979
"227" 174.3 160.8 243.9 19.2 0.75 7.74526678141136 0.369826435246996 0.119402985074627
"228" 174.3 136.8 243.9 19.2 0.75 21.5146299483649 0.476635514018692 0.140350877192982
"229" 174.3 129.3 243.9 19.2 0.7 25.8175559380379 0.510013351134847 0.148491879350348
"230" 174.3 106.3 243.9 19.2 0.7 39.0131956397017 0.612372051624388 0.180620884289746
"231" 174.3 162.3 243.9 19.2 0.7 6.88468158347676 0.363150867823765 0.118299445471349
"232" 174.3 175.4 243.9 19.2 0.75 -0.631095811818727 0.304850912327548 0.109464082098062
"233" 174.3 131.7 243.9 19.2 0.65 24.4406196213425 0.499332443257677 0.145785876993166
"234" 174.3 123.5 243.9 19.2 0.7 29.1451520367183 0.53582554517134 0.155465587044534
"235" 174.3 151.4 243.9 19.2 0.7 13.1382673551348 0.411659991099243 0.126816380449141
"236" 174.3 142.9 243.9 19.2 0.75 18.0149168100975 0.449488206497552 0.134359692092372
"237" 174.3 177.8 243.9 19.2 0.8 -2.00803212851406 0.294170004450378 0.107986501687289
"238" 174.3 127.4 243.9 19.2 0.75 26.9076305220884 0.518469069870939 0.150706436420722
"239" 174.3 143.8 243.9 19.2 0.85 17.4985656913368 0.445482866043614 0.133518776077886
"240" 174.3 136.8 243.9 19.2 0.75 21.5146299483649 0.476635514018692 0.140350877192983
"241" 174.3 168.4 243.9 19.2 0.7 3.38496844520942 0.336003560302626 0.114014251781473
"242" 174.3 161.5 243.9 19.2 0.75 7.34366035570856 0.366711170449488 0.118885448916409
"243" 174.3 162.6 243.9 19.2 0.8 6.71256454388984 0.361815754339119 0.118081180811808
"244" 174.3 114.8 243.9 19.2 0.7 34.136546184739 0.574543836226079 0.167247386759582
"245" 174.3 133.7 243.9 19.2 0.7 23.293172690763 0.490431686693369 0.143605086013463
"246" 174.3 133.7 243.9 19.2 0.7 23.2931726907631 0.490431686693369 0.143605086013463
"247" 174.3 201.4 243.9 19.2 0.75 -15.5479059093517 0.189141076991544 0.0953326713008938
"248" 174.3 162.1 243.9 19.2 0.7 6.9994262765347 0.364040943480196 0.118445404071561
"249" 174.3 124.8 243.9 19.2 0.75 28.3993115318417 0.530040053404539 0.153846153846154
"250" 174.3 154.7 243.9 19.2 0.8 11.2449799196787 0.396973742768135 0.124111182934712
"251" 174.3 201.1 243.9 19.2 0.85 -15.3757888697648 0.19047619047619 0.0954748881153655
"252" 174.3 149.2 243.9 19.2 0.7 14.4004589787722 0.421450823319982 0.128686327077748
"253" 174.3 149.5 243.9 19.2 0.6 14.2283419391853 0.420115709835336 0.128428093645485
"254" 174.3 164.6 243.9 19.2 0.65 5.56511761331039 0.352914997774811 0.116646415552855
"255" 174.3 126.5 243.9 19.2 0.8 27.4239816408491 0.522474410324878 0.151778656126482
"256" 174.3 161.7 243.9 19.2 0.7 7.22891566265061 0.365821094793057 0.11873840445269
"257" 174.3 127.9 243.9 19.2 0.7 26.6207687894435 0.516243880729862 0.150117279124316
"258" 174.3 172 243.9 19.2 0.65 1.31956397016638 0.319982198486871 0.111627906976744
"259" 174.3 174.6 243.9 19.2 0.7 -0.172117039586928 0.308411214953271 0.109965635738832
"260" 174.3 157.7 243.9 19.2 0.75 9.52380952380952 0.383622607921673 0.121750158528852
"261" 174.3 175.7 243.9 19.2 0.8 -0.80321285140561 0.303515798842902 0.109277177006261
"262" 174.3 129.6 243.9 19.2 0.8 25.6454388984509 0.5086782376502 0.148148148148148
"263" 174.3 168.8 243.9 19.2 0.75 3.15547905909351 0.334223408989764 0.113744075829384
"264" 174.3 129.8 243.9 19.2 0.75 25.530694205393 0.507788161993769 0.147919876733436
"265" 174.3 125.9 243.9 19.2 0.75 27.7682157200229 0.52514463729417 0.152501985702939
"266" 174.3 113.5 243.9 19.2 0.6 34.8823866896156 0.580329327992879 0.169162995594714
"267" 174.3 154.5 243.9 19.2 0.7 11.3597246127367 0.397863818424566 0.124271844660194
"268" 174.3 146.2 243.9 19.2 0.8 16.1216293746414 0.434801958166444 0.131326949384405
"269" 174.3 168.5 243.9 19.2 0.85 3.32759609868043 0.33555852247441 0.113946587537092
"270" 174.3 153.2 243.9 19.2 0.7 12.1055651176133 0.403649310191366 0.12532637075718
"271" 174.3 161.4 243.9 19.2 0.75 7.40103270223754 0.367156208277704 0.118959107806691
"272" 174.3 157.8 243.9 19.2 0.8 9.46643717728056 0.383177570093458 0.121673003802281
"273" 174.3 141.4 243.9 19.2 0.7 18.8755020080322 0.456163773920783 0.135785007072136
"274" 174.3 124.5 243.9 19.2 0.8 28.5714285714286 0.531375166889186 0.15421686746988
"275" 174.3 135.5 243.9 19.2 0.65 22.2604704532415 0.482421005785492 0.14169741697417
"276" 174.3 164.4 243.9 19.2 0.7 5.67986230636833 0.353805073431242 0.116788321167883
"277" 174.3 129.2 243.9 19.2 0.7 25.8749282845668 0.510458388963062 0.148606811145511
"278" 174.3 189 243.9 19.2 0.8 -8.43373493975903 0.244325767690254 0.101587301587302
"279" 174.3 133.8 243.9 19.2 0.65 23.2358003442341 0.489986648865154 0.143497757847534
"280" 174.3 149.5 243.9 19.2 0.8 14.2283419391853 0.420115709835336 0.128428093645485
"281" 174.3 175.2 243.9 19.2 0.75 -0.516351118760738 0.305740987983979 0.10958904109589
"282" 174.3 162.1 243.9 19.2 0.75 6.99942627653471 0.364040943480196 0.118445404071561
"283" 174.3 169.9 243.9 19.2 0.65 2.52438324727482 0.329327992879395 0.113007651559741
"284" 174.3 160.7 243.9 19.2 0.8 7.80263912794031 0.370271473075211 0.119477286869944
"285" 174.3 192.9 243.9 19.2 0.75 -10.671256454389 0.226969292389853 0.0995334370139969
"286" 174.3 129.6 243.9 19.2 0.8 25.6454388984509 0.5086782376502 0.148148148148148
"287" 174.3 147.5 243.9 19.2 0.8 15.3757888697648 0.429016466399644 0.130169491525424
"288" 174.3 153.6 243.9 19.2 0.7 11.8760757314974 0.401869158878504 0.125
"289" 174.3 149.8 243.9 19.2 0.75 14.0562248995984 0.41878059635069 0.128170894526035
"290" 174.3 143.3 243.9 19.2 0.75 17.7854274239816 0.447708055184691 0.133984647592463
"291" 174.3 166.9 243.9 19.2 0.85 4.245553643144 0.342679127725857 0.115038945476333
"292" 174.3 144.7 243.9 19.2 0.75 16.982214572576 0.441477525589675 0.132688320663442
"293" 174.3 170.5 243.9 19.2 0.7 2.18014916810099 0.326657765910102 0.112609970674487
"294" 174.3 143.1 243.9 19.2 0.8 17.9001721170396 0.448598130841121 0.134171907756813
"295" 174.3 183.5 243.9 19.2 0.7 -5.27825588066551 0.268802848242101 0.104632152588556
"296" 174.3 149.4 243.9 19.2 0.7 14.2857142857143 0.420560747663551 0.1285140562249
"297" 174.3 130.9 243.9 19.2 0.75 24.8995983935743 0.5028927458834 0.146676852559206
"298" 174.3 121.4 243.9 19.2 0.75 30.3499713138267 0.545171339563863 0.158154859967051
"299" 174.3 171.6 243.9 19.2 0.7 1.54905335628227 0.321762349799733 0.111888111888112
"300" 174.3 103.9 243.9 19.2 0.7 40.390131956397 0.623052959501558 0.184793070259865
"301" 174.3 123.3 243.9 19.2 0.75 29.2598967297762 0.53671562082777 0.155717761557178
"302" 174.3 148.8 243.9 19.2 0.6 14.6299483648881 0.423230974632844 0.129032258064516
"303" 174.3 123.8 243.9 19.2 0.65 28.9730349971314 0.534490431686693 0.155088852988691
"304" 174.3 157 243.9 19.2 0.75 9.92541594951234 0.386737872719181 0.122292993630573
"305" 174.3 144.4 243.9 19.2 0.7 17.154331612163 0.442812639074321 0.132963988919668
"306" 174.3 167.6 243.9 19.2 0.75 3.84394721744119 0.339563862928349 0.114558472553699
"307" 174.3 107.3 243.9 19.2 0.7 38.4394721744119 0.607921673342234 0.178937558247903
"308" 174.3 152 243.9 19.2 0.75 12.794033275961 0.408989764129951 0.126315789473684
"309" 174.3 155.9 243.9 19.2 0.7 10.556511761331 0.391633288829551 0.123155869146889
"310" 174.3 152.4 243.9 19.2 0.8 12.5645438898451 0.407209612817089 0.125984251968504
"311" 174.3 173.3 243.9 19.2 0.8 0.573723465289733 0.314196706720071 0.110790536641662
"312" 174.3 171.6 243.9 19.2 0.8 1.54905335628227 0.321762349799733 0.111888111888112
"313" 174.3 159.3 243.9 19.2 0.7 8.60585197934596 0.376502002670227 0.120527306967985
"314" 174.3 202.7 243.9 19.2 0.7 -16.2937464142283 0.183355585224744 0.0947212629501727
"315" 174.3 141.5 243.9 19.2 0.6 18.8181296615032 0.455718736092568 0.135689045936396
"316" 174.3 148 243.9 19.2 0.7 15.0889271371199 0.426791277258567 0.12972972972973
"317" 174.3 152.8 243.9 19.2 0.75 12.3350545037292 0.405429461504228 0.12565445026178
"318" 174.3 146.8 243.9 19.2 0.7 15.7773952954676 0.432131731197152 0.130790190735695
"319" 174.3 187.8 243.9 19.2 0.75 -7.74526678141136 0.249666221628838 0.10223642172524
"320" 174.3 119.9 243.9 19.2 0.65 31.2105565117613 0.551846906987094 0.160133444537114
"321" 174.3 178.8 243.9 19.2 0.8 -2.58175559380378 0.289719626168224 0.10738255033557
"322" 174.3 151.9 243.9 19.2 0.7 12.8514056224899 0.409434801958166 0.126398946675444
"323" 174.3 156 243.9 19.2 0.65 10.4991394148021 0.391188251001335 0.123076923076923
"324" 174.3 168.4 243.9 19.2 0.85 3.38496844520939 0.336003560302625 0.114014251781473
"325" 174.3 140.6 243.9 19.2 0.7 19.3344807802639 0.459724076546506 0.136557610241821
"326" 174.3 174.9 243.9 19.2 0.8 -0.344234079173855 0.307076101468625 0.109777015437393
"327" 174.3 86.7 243.9 19.2 0.75 50.2581755593804 0.699599465954606 0.221453287197232
"328" 174.3 106.5 243.9 19.2 0.8 38.8984509466437 0.611481975967957 0.180281690140845
"329" 174.3 159.2 243.9 19.2 0.75 8.66322432587494 0.376947040498442 0.120603015075377
"330" 174.3 156.5 243.9 19.2 0.7 10.2122776821572 0.388963061860258 0.122683706070288
"331" 174.3 126.6 243.9 19.2 0.65 27.3666092943201 0.522029372496662 0.151658767772512
"332" 174.3 181.7 243.9 19.2 0.75 -4.24555364314401 0.276813529149978 0.105668684645019
"333" 174.3 139.2 243.9 19.2 0.65 20.1376936316695 0.465954606141522 0.137931034482759
"334" 174.3 147.1 243.9 19.2 0.6 15.6052782558807 0.430796617712505 0.130523453433039
"335" 174.3 118.9 243.9 19.2 0.6 31.7842799770511 0.556297285269248 0.16148023549201
"336" 174.3 121.3 243.9 19.2 0.75 30.4073436603557 0.545616377392078 0.158285243198681
"337" 174.3 157.5 243.9 19.2 0.8 9.63855421686746 0.384512683578104 0.121904761904762
"338" 174.3 151.4 243.9 19.2 0.75 13.1382673551348 0.411659991099243 0.126816380449141
"339" 174.3 203.9 243.9 19.2 0.75 -16.982214572576 0.178015131286159 0.0941638057871506
"340" 174.3 182.3 243.9 19.2 0.85 -4.58978772231784 0.274143302180685 0.105320899616018
"341" 174.3 164.8 243.9 19.2 0.65 5.45037292025243 0.35202492211838 0.116504854368932
"342" 174.3 167.8 243.9 19.2 0.85 3.72920252438325 0.338673787271918 0.114421930870083
"343" 174.3 142.5 243.9 19.2 0.65 18.2444061962134 0.451268357810414 0.134736842105263
"344" 174.3 156 243.9 19.2 0.75 10.4991394148021 0.391188251001335 0.123076923076923
"345" 174.3 158.2 243.9 19.2 0.7 9.23694779116467 0.381397418780596 0.121365360303413
"346" 174.3 149.4 243.9 19.2 0.7 14.2857142857143 0.420560747663551 0.1285140562249
"347" 174.3 186.8 243.9 19.2 0.75 -7.17154331612162 0.254116599910992 0.102783725910064
"348" 174.3 168.5 243.9 19.2 0.75 3.32759609868044 0.33555852247441 0.113946587537092
"349" 174.3 181.7 243.9 19.2 0.75 -4.24555364314401 0.276813529149978 0.105668684645019
"350" 174.3 143 243.9 19.2 0.7 17.9575444635686 0.449043168669337 0.134265734265734
"351" 174.3 141.4 243.9 19.2 0.7 18.8755020080321 0.456163773920783 0.135785007072136
"352" 174.3 145.4 243.9 19.2 0.7 16.5806081468732 0.438362260792167 0.132049518569464
"353" 174.3 142.4 243.9 19.2 0.6 18.3017785427424 0.451713395638629 0.134831460674157
"354" 174.3 141.6 243.9 19.2 0.7 18.7607573149742 0.455273698264352 0.135593220338983
"355" 174.3 177.7 243.9 19.2 0.8 -1.95065978198508 0.294615042278594 0.108047270680923
"356" 174.3 124.3 243.9 19.2 0.8 28.6861732644865 0.532265242545616 0.154465004022526
"357" 174.3 175.2 243.9 19.2 0.75 -0.516351118760738 0.305740987983979 0.10958904109589
"358" 174.3 164.9 243.9 19.2 0.75 5.39300057372345 0.351579884290164 0.116434202546998
"359" 174.3 162.8 243.9 19.2 0.7 6.5978198508319 0.360925678682688 0.117936117936118
"360" 174.3 145.1 243.9 19.2 0.75 16.7527251864601 0.439697374276814 0.132322536181944
"361" 174.3 225 243.9 19.2 0.9 -29.0877796901893 0.0841121495327102 0.0853333333333333
"362" 174.3 154.7 243.9 19.2 0.75 11.2449799196787 0.396973742768135 0.124111182934712
"363" 174.3 123.9 243.9 19.2 0.65 28.9156626506024 0.534045393858478 0.154963680387409
"364" 174.3 159.3 243.9 19.2 0.8 8.60585197934596 0.376502002670227 0.120527306967985
"365" 174.3 167.7 243.9 19.2 0.75 3.78657487091223 0.339118825100133 0.114490161001789
"366" 174.3 146.6 243.9 19.2 0.75 15.8921399885255 0.433021806853583 0.130968622100955
"367" 174.3 175.7 243.9 19.2 0.7 -0.80321285140561 0.303515798842902 0.109277177006261
"368" 174.3 169.4 243.9 19.2 0.8 2.81124497991967 0.331553182020471 0.113341204250295
"369" 174.3 152.7 243.9 19.2 0.75 12.3924268502582 0.405874499332443 0.12573673870334
"370" 174.3 212.5 243.9 19.2 0.8 -21.9162363740677 0.139741878059635 0.0903529411764706
"371" 174.3 129 243.9 19.2 0.65 25.9896729776248 0.511348464619493 0.148837209302326
"372" 174.3 165.1 243.9 19.2 0.8 5.27825588066555 0.350689808633734 0.116293155663234
"373" 174.3 183.2 243.9 19.2 0.7 -5.1061388410786 0.270137961726747 0.104803493449782
"374" 174.3 125 243.9 19.2 0.75 28.2845668387837 0.529149977748108 0.1536
"375" 174.3 156.1 243.9 19.2 0.7 10.4417670682731 0.39074321317312 0.122998078155029
"376" 174.3 174.1 243.9 19.2 0.8 0.114744693057955 0.310636404094348 0.110281447443998
"377" 174.3 184.3 243.9 19.2 0.85 -5.73723465289731 0.265242545616377 0.104177970699946
"378" 174.3 166.3 243.9 19.2 0.75 4.58978772231784 0.345349354695149 0.115453998797354
"379" 174.3 131.2 243.9 19.2 0.75 24.7274813539874 0.501557632398754 0.146341463414634
"380" 174.3 150 243.9 19.2 0.65 13.9414802065405 0.417890520694259 0.128
"381" 174.3 136.3 243.9 19.2 0.75 21.8014916810098 0.478860703159768 0.140865737344094
"382" 174.3 154.9 243.9 19.2 0.75 11.1302352266208 0.396083667111704 0.123950936087799
"383" 174.3 136 243.9 19.2 0.65 21.9736087205967 0.480195816644415 0.141176470588235
"384" 174.3 151.5 243.9 19.2 0.7 13.0808950086059 0.411214953271028 0.126732673267327
"385" 174.3 144 243.9 19.2 0.8 17.3838209982788 0.444592790387183 0.133333333333333
"386" 174.3 131.7 243.9 19.2 0.7 24.4406196213425 0.499332443257677 0.145785876993166
"387" 174.3 165.6 243.9 19.2 0.8 4.99139414802067 0.348464619492657 0.115942028985507
"388" 174.3 190.1 243.9 19.2 0.8 -9.06483075157773 0.239430351579884 0.100999473961073
"389" 174.3 171.9 243.9 19.2 0.8 1.37693631669538 0.320427236315087 0.111692844677138
"390" 174.3 161.6 243.9 19.2 0.7 7.28628800917956 0.366266132621273 0.118811881188119
"391" 174.3 144.9 243.9 19.2 0.75 16.8674698795181 0.440587449933244 0.132505175983437
"392" 174.3 202.6 243.9 19.2 0.8 -16.2363740676994 0.183800623052959 0.0947680157946693
"393" 174.3 132.5 243.9 19.2 0.75 23.9816408491107 0.495772140631954 0.144905660377359
"394" 174.3 179.7 243.9 19.2 0.7 -3.09810671256454 0.285714285714286 0.106844741235392
"395" 174.3 140.1 243.9 19.2 0.65 19.6213425129088 0.461949265687583 0.137044967880086
"396" 174.3 121.9 243.9 19.2 0.65 30.0631095811819 0.542946150422786 0.157506152584085
"397" 174.3 167.8 243.9 19.2 0.8 3.72920252438325 0.338673787271918 0.114421930870083
"398" 174.3 140.9 243.9 19.2 0.65 19.162363740677 0.45838896306186 0.136266855926189
"399" 174.3 152.4 243.9 19.2 0.8 12.5645438898451 0.407209612817089 0.125984251968504
"400" 174.3 127.3 243.9 19.2 0.7 26.9650028686173 0.518914107699154 0.15082482325216
"401" 174.3 111.6 243.9 19.2 0.8 35.9724612736661 0.588785046728972 0.172043010752688
"402" 174.3 182.3 243.9 19.2 0.8 -4.58978772231784 0.274143302180685 0.105320899616018
"403" 174.3 138.4 243.9 19.2 0.8 20.5966724039013 0.469514908767245 0.138728323699422
"404" 174.3 155 243.9 19.2 0.75 11.0728628800918 0.395638629283489 0.123870967741935
"405" 174.3 139.5 243.9 19.2 0.7 19.9655765920826 0.464619492656876 0.137634408602151
"406" 174.3 148.4 243.9 19.2 0.65 14.859437751004 0.425011125945705 0.129380053908356
"407" 174.3 164.3 243.9 19.2 0.7 5.73723465289731 0.354250111259457 0.116859403530128
"408" 174.3 168.7 243.9 19.2 0.8 3.21285140562249 0.334668446817979 0.113811499703616
"409" 174.3 195.2 243.9 19.2 0.75 -11.9908204245553 0.216733422340899 0.0983606557377049
"410" 174.3 144.9 243.9 19.2 0.7 16.8674698795181 0.440587449933244 0.132505175983437
"411" 174.3 130.9 243.9 19.2 0.65 24.8995983935743 0.5028927458834 0.146676852559206
"412" 174.3 128.6 243.9 19.2 0.7 26.2191623637407 0.513128615932354 0.149300155520995
"413" 174.3 156.8 243.9 19.2 0.8 10.0401606425703 0.387627948375612 0.122448979591837
"414" 174.3 148.3 243.9 19.2 0.7 14.916810097533 0.425456163773921 0.129467296021578
"415" 174.3 159.2 243.9 19.2 0.7 8.66322432587494 0.376947040498442 0.120603015075377
"416" 174.3 177.1 243.9 19.2 0.75 -1.60642570281124 0.297285269247886 0.10841332580463
"417" 174.3 129.6 243.9 19.2 0.6 25.645438898451 0.5086782376502 0.148148148148148
"418" 174.3 179.9 243.9 19.2 0.8 -3.21285140562249 0.284824210057855 0.106725958866037
"419" 174.3 187.1 243.9 19.2 0.75 -7.34366035570855 0.252781486426346 0.102618920363442
"420" 174.3 175.2 243.9 19.2 0.75 -0.516351118760738 0.305740987983979 0.10958904109589
"421" 174.3 174.6 243.9 19.2 0.8 -0.172117039586905 0.308411214953271 0.109965635738832
"422" 174.3 181.4 243.9 19.2 0.75 -4.07343660355708 0.278148642634624 0.105843439911797
"423" 174.3 122.3 243.9 19.2 0.75 29.833620195066 0.541165999109924 0.15699100572363
"424" 174.3 156.1 243.9 19.2 0.85 10.4417670682731 0.39074321317312 0.122998078155029
"425" 174.3 139.5 243.9 19.2 0.6 19.9655765920826 0.464619492656876 0.137634408602151
"426" 174.3 136.6 243.9 19.2 0.8 21.6293746414228 0.477525589675122 0.140556368960469
"427" 174.3 171.1 243.9 19.2 0.7 1.83591508892713 0.32398753894081 0.112215078901227
"428" 174.3 187.4 243.9 19.2 0.8 -7.51577739529545 0.2514463729417 0.102454642475987
"429" 174.3 142.7 243.9 19.2 0.8 18.1296615031555 0.450378282153983 0.134548002803083
"430" 174.3 198.4 243.9 19.2 0.8 -13.8267355134825 0.202492211838006 0.0967741935483871
"431" 174.3 138.7 243.9 19.2 0.65 20.4245553643144 0.468179795282599 0.138428262436914
"432" 174.3 211.8 243.9 19.2 0.75 -21.5146299483649 0.142857142857143 0.0906515580736544
"433" 174.3 156.7 243.9 19.2 0.7 10.0975329890993 0.388072986203827 0.12252712188896
"434" 174.3 162.7 243.9 19.2 0.75 6.65519219736088 0.361370716510903 0.1180086047941
"435" 174.3 156.4 243.9 19.2 0.75 10.2696500286862 0.389408099688474 0.122762148337596
"436" 174.3 149.2 243.9 19.2 0.8 14.4004589787722 0.421450823319982 0.128686327077748
"437" 174.3 149.6 243.9 19.2 0.8 14.1709695926563 0.41967067200712 0.128342245989305
"438" 174.3 183.4 243.9 19.2 0.8 -5.22088353413654 0.269247886070316 0.104689203925845
"439" 174.3 210.3 243.9 19.2 0.85 -20.6540447504303 0.149532710280374 0.0912981455064194
"440" 174.3 141.4 243.9 19.2 0.75 18.8755020080321 0.456163773920783 0.135785007072136
"441" 174.3 162.2 243.9 19.2 0.75 6.94205393000575 0.36359590565198 0.118372379778052
"442" 174.3 135.4 243.9 19.2 0.65 22.3178427997705 0.482866043613707 0.141802067946824
"443" 174.3 189.9 243.9 19.2 0.75 -8.95008605851979 0.240320427236315 0.101105845181675
"444" 174.3 158.7 243.9 19.2 0.7 8.9500860585198 0.379172229639519 0.120982986767486
"445" 174.3 172.5 243.9 19.2 0.8 1.03270223752152 0.317757009345794 0.111304347826087
"446" 174.3 181.1 243.9 19.2 0.8 -3.90131956397015 0.27948375611927 0.106018774157924
"447" 174.3 171.7 243.9 19.2 0.7 1.49168100975331 0.321317311971518 0.111822947000582
"448" 174.3 157.9 243.9 19.2 0.75 9.40906483075157 0.382732532265242 0.121595946801773
"449" 174.3 156.9 243.9 19.2 0.85 9.98278829604132 0.387182910547397 0.122370936902486
"450" 174.3 163.3 243.9 19.2 0.7 6.31095811818704 0.358700489541611 0.117575015309247
"451" 174.3 183.2 243.9 19.2 0.7 -5.10613884107858 0.270137961726747 0.104803493449782
"452" 174.3 143 243.9 19.2 0.75 17.9575444635686 0.449043168669337 0.134265734265734
"453" 174.3 133.5 243.9 19.2 0.7 23.407917383821 0.4913217623498 0.143820224719101
"454" 174.3 120.9 243.9 19.2 0.7 30.6368330464716 0.54739652870494 0.158808933002481
"455" 174.3 113.3 243.9 19.2 0.7 34.9971313826736 0.58121940364931 0.16946160635481
"456" 174.3 177.9 243.9 19.2 0.7 -2.06540447504302 0.293724966622163 0.107925801011804
"457" 174.3 151.1 243.9 19.2 0.7 13.3103843947217 0.412995104583889 0.127068166776969
"458" 174.3 162 243.9 19.2 0.85 7.05679862306365 0.364485981308411 0.118518518518518
"459" 174.3 192.9 243.9 19.2 0.8 -10.671256454389 0.226969292389853 0.0995334370139969
"460" 174.3 209 243.9 19.2 0.75 -19.9082042455536 0.155318202047174 0.091866028708134
"461" 174.3 132.5 243.9 19.2 0.8 23.9816408491107 0.495772140631954 0.144905660377358
"462" 174.3 156.9 243.9 19.2 0.7 9.98278829604131 0.387182910547397 0.122370936902486
"463" 174.3 160.3 243.9 19.2 0.65 8.03212851405623 0.372051624388073 0.119775421085465
"464" 174.3 177.1 243.9 19.2 0.8 -1.60642570281124 0.297285269247886 0.10841332580463
"465" 174.3 183.5 243.9 19.2 0.8 -5.27825588066551 0.268802848242101 0.104632152588556
"466" 174.3 124.8 243.9 19.2 0.8 28.3993115318416 0.530040053404539 0.153846153846154
"467" 174.3 139.6 243.9 19.2 0.7 19.9082042455536 0.46417445482866 0.137535816618911
"468" 174.3 167.1 243.9 19.2 0.7 4.13080895008607 0.341789052069426 0.114901256732496
"469" 174.3 123.8 243.9 19.2 0.75 28.9730349971314 0.534490431686693 0.155088852988691
"470" 174.3 162.5 243.9 19.2 0.75 6.7699368904188 0.362260792167334 0.118153846153846
"471" 174.3 136.9 243.9 19.2 0.75 21.4572576018359 0.476190476190476 0.140248356464573
"472" 174.3 158.7 243.9 19.2 0.8 8.95008605851977 0.379172229639519 0.120982986767486
"473" 174.3 170.5 243.9 19.2 0.75 2.18014916810099 0.326657765910102 0.112609970674487
"474" 174.3 155.4 243.9 19.2 0.8 10.8433734939759 0.393858477970628 0.123552123552124
"475" 174.3 126 243.9 19.2 0.7 27.710843373494 0.524699599465955 0.152380952380952
"476" 174.3 163.2 243.9 19.2 0.75 6.368330464716 0.359145527369826 0.117647058823529
"477" 174.3 174.7 243.9 19.2 0.85 -0.229489386115911 0.307966177125055 0.109902690326274
"478" 174.3 186.7 243.9 19.2 0.8 -7.11417096959264 0.254561637739208 0.102838778789502
"479" 174.3 174.5 243.9 19.2 0.75 -0.114744693057944 0.308856252781486 0.110028653295129
"480" 174.3 162.8 243.9 19.2 0.8 6.5978198508319 0.360925678682688 0.117936117936118
"481" 174.3 162.3 243.9 19.2 0.8 6.88468158347676 0.363150867823765 0.118299445471349
"482" 174.3 185.2 243.9 19.2 0.85 -6.25358577165807 0.261237205162439 0.103671706263499
"483" 174.3 147.2 243.9 19.2 0.7 15.5479059093517 0.43035157988429 0.130434782608696
"484" 174.3 115.5 243.9 19.2 0.7 33.7349397590362 0.571428571428572 0.166233766233766
"485" 174.3 131.2 243.9 19.2 0.7 24.7274813539874 0.501557632398754 0.146341463414634
"486" 174.3 150.6 243.9 19.2 0.65 13.5972461273666 0.415220293724966 0.127490039840637
"487" 174.3 154 243.9 19.2 0.8 11.6465863453815 0.400089007565643 0.124675324675325
"488" 174.3 181.2 243.9 19.2 0.8 -3.95869191049913 0.279038718291055 0.105960264900662
"489" 174.3 147.1 243.9 19.2 0.75 15.6052782558807 0.430796617712505 0.130523453433039
"490" 174.3 165.5 243.9 19.2 0.8 5.04876649454963 0.348909657320872 0.116012084592145
"491" 174.3 156.3 243.9 19.2 0.85 10.3270223752151 0.389853137516689 0.122840690978887
"492" 174.3 130.1 243.9 19.2 0.8 25.3585771658061 0.506453048509123 0.147578785549577
"493" 174.3 141.1 243.9 19.2 0.7 19.047619047619 0.457498887405429 0.13607370659107
"494" 174.3 137.4 243.9 19.2 0.75 21.1703958691911 0.473965287049399 0.139737991266376
"495" 174.3 146.4 243.9 19.2 0.8 16.0068846815835 0.433911882510013 0.131147540983607
"496" 174.3 125.8 243.9 19.2 0.85 27.8255880665519 0.525589675122385 0.152623211446741
"497" 174.3 129.8 243.9 19.2 0.75 25.530694205393 0.507788161993769 0.147919876733436
"498" 174.3 124.7 243.9 19.2 0.7 28.4566838783706 0.530485091232755 0.153969526864475
"499" 174.3 193 243.9 19.2 0.7 -10.728628800918 0.226524254561638 0.0994818652849741
"500" 174.3 126.9 243.9 19.2 0.65 27.1944922547332 0.520694259012016 0.151300236406619
"501" 174.3 173 243.9 19.2 0.75 0.74584050487666 0.315531820204717 0.110982658959538
"502" 174.3 161.8 243.9 19.2 0.8 7.17154331612163 0.365376056964842 0.118665018541409
"503" 174.3 174.2 243.9 19.2 0.75 0.0573723465289833 0.310191366266133 0.110218140068886
"504" 174.3 120.2 243.9 19.2 0.65 31.0384394721744 0.550511793502448 0.15973377703827
"505" 174.3 142.6 243.9 19.2 0.75 18.1870338496844 0.450823319982198 0.134642356241234
"506" 174.3 160.8 243.9 19.2 0.8 7.74526678141138 0.369826435246996 0.119402985074627
"507" 174.3 133.6 243.9 19.2 0.65 23.350545037292 0.490876724521584 0.143712574850299
"508" 174.3 153.1 243.9 19.2 0.65 12.1629374641423 0.404094348019581 0.125408229915088
"509" 174.3 184.7 243.9 19.2 0.8 -5.96672403901317 0.263462394303516 0.103952355170547
"510" 174.3 178.1 243.9 19.2 0.85 -2.18014916810096 0.292834890965732 0.107804604154969
"511" 174.3 177.7 243.9 19.2 0.75 -1.95065978198508 0.294615042278594 0.108047270680923
"512" 174.3 149.3 243.9 19.2 0.75 14.3430866322433 0.421005785491767 0.128600133958473
"513" 174.3 140.2 243.9 19.2 0.65 19.5639701663798 0.461504227859368 0.136947218259629
"514" 174.3 119.9 243.9 19.2 0.75 31.2105565117613 0.551846906987094 0.160133444537114
"515" 174.3 127.6 243.9 19.2 0.65 26.7928858290304 0.517578994214508 0.150470219435737
"516" 174.3 177.8 243.9 19.2 0.8 -2.00803212851406 0.294170004450378 0.107986501687289
"517" 174.3 192.2 243.9 19.2 0.7 -10.2696500286862 0.230084557187361 0.0998959417273673
"518" 174.3 160.4 243.9 19.2 0.75 7.97475616752725 0.371606586559858 0.119700748129676
"519" 174.3 171.9 243.9 19.2 0.7 1.37693631669535 0.320427236315087 0.111692844677138
"520" 174.3 188.7 243.9 19.2 0.8 -8.2616179001721 0.2456608811749 0.101748807631161
"521" 174.3 177.6 243.9 19.2 0.8 -1.89328743545611 0.295060080106809 0.108108108108108
"522" 174.3 140.1 243.9 19.2 0.7 19.6213425129088 0.461949265687583 0.137044967880086
"523" 174.3 181.7 243.9 19.2 0.8 -4.24555364314401 0.276813529149978 0.105668684645019
"524" 174.3 136.3 243.9 19.2 0.75 21.8014916810098 0.478860703159768 0.140865737344094
"525" 174.3 191.5 243.9 19.2 0.8 -9.86804360298335 0.233199821984869 0.100261096605744
"526" 174.3 141.1 243.9 19.2 0.7 19.0476190476191 0.45749888740543 0.13607370659107
"527" 174.3 147.4 243.9 19.2 0.7 15.4331612162937 0.429461504227859 0.130257801899593
"528" 174.3 160.5 243.9 19.2 0.7 7.91738382099828 0.371161548731642 0.119626168224299
"529" 174.3 152.2 243.9 19.2 0.75 12.679288582903 0.40809968847352 0.126149802890933
"530" 174.3 166.7 243.9 19.2 0.8 4.36029833620195 0.343569203382287 0.115176964607079
"531" 174.3 135 243.9 19.2 0.75 22.5473321858864 0.484646194926569 0.142222222222222
"532" 174.3 129.3 243.9 19.2 0.7 25.8175559380379 0.510013351134846 0.148491879350348
"533" 174.3 160.9 243.9 19.2 0.8 7.68789443488237 0.36938139741878 0.119328775637042
"534" 174.3 169.5 243.9 19.2 0.65 2.75387263339071 0.331108144192256 0.113274336283186
"535" 174.3 140.3 243.9 19.2 0.75 19.5065978198508 0.461059190031153 0.136849607982894
"536" 174.3 133.9 243.9 19.2 0.7 23.1784279977051 0.489541611036938 0.143390589992532
"537" 174.3 125.9 243.9 19.2 0.75 27.768215720023 0.52514463729417 0.152501985702939
"538" 174.3 190.6 243.9 19.2 0.8 -9.35169248422259 0.237205162438807 0.100734522560336
"539" 174.3 193.7 243.9 19.2 0.75 -11.1302352266208 0.22340898976413 0.0991223541559112
"540" 174.3 164.6 243.9 19.2 0.8 5.56511761331038 0.352914997774811 0.116646415552855
"541" 174.3 152.3 243.9 19.2 0.75 12.6219162363741 0.407654650645305 0.126066973079448
"542" 174.3 149.8 243.9 19.2 0.8 14.0562248995984 0.41878059635069 0.128170894526035
"543" 174.3 194 243.9 19.2 0.9 -11.3023522662077 0.222073876279484 0.0989690721649485
"544" 174.3 136.4 243.9 19.2 0.75 21.7441193344808 0.478415665331553 0.140762463343109
"545" 174.3 171.2 243.9 19.2 0.8 1.77854274239815 0.323542501112594 0.11214953271028
"546" 174.3 178.9 243.9 19.2 0.75 -2.63912794033276 0.289274588340009 0.107322526551146
"547" 174.3 160.4 243.9 19.2 0.7 7.97475616752727 0.371606586559858 0.119700748129676
"548" 174.3 138.6 243.9 19.2 0.75 20.4819277108434 0.468624833110814 0.138528138528139
"549" 174.3 142.8 243.9 19.2 0.75 18.0722891566265 0.449933244325768 0.134453781512605
"550" 174.3 119.3 243.9 19.2 0.7 31.5547905909352 0.554517133956386 0.160938809723386
"551" 174.3 157.7 243.9 19.2 0.75 9.52380952380952 0.383622607921673 0.121750158528852
"552" 174.3 157.2 243.9 19.2 0.65 9.81067125645441 0.38584779706275 0.122137404580153
"553" 174.3 175.4 243.9 19.2 0.85 -0.631095811818683 0.304850912327548 0.109464082098062
"554" 174.3 200.1 243.9 19.2 0.75 -14.802065404475 0.194926568758344 0.095952023988006
"555" 174.3 188.6 243.9 19.2 0.75 -8.20424555364314 0.246105919003115 0.101802757158006
"556" 174.3 164.9 243.9 19.2 0.65 5.39300057372347 0.351579884290165 0.116434202546998
"557" 174.3 227.9 243.9 19.2 0.85 -30.7515777395295 0.0712060525144638 0.0842474769635805
"558" 174.3 209.6 243.9 19.2 0.9 -20.2524383247275 0.152647975077881 0.0916030534351145
"559" 174.3 154.6 243.9 19.2 0.75 11.3023522662077 0.39741878059635 0.124191461836999
"560" 174.3 118.8 243.9 19.2 0.65 31.84165232358 0.556742323097463 0.161616161616162
"561" 174.3 164.8 243.9 19.2 0.8 5.45037292025243 0.35202492211838 0.116504854368932
"562" 174.3 130.3 243.9 19.2 0.75 25.2438324727481 0.505562972852692 0.14735226400614
"563" 174.3 188 243.9 19.2 0.7 -7.86001147446931 0.248776145972408 0.102127659574468
"564" 174.3 184.5 243.9 19.2 0.85 -5.85197934595525 0.264352469959947 0.104065040650407
"565" 174.3 127.1 243.9 19.2 0.65 27.0797475616753 0.519804183355585 0.151062155782848
"566" 174.3 116.3 243.9 19.2 0.65 33.2759609868044 0.567868268802848 0.165090283748925
"567" 174.3 148.9 243.9 19.2 0.75 14.5725760183592 0.422785936804628 0.128945601074547
"568" 174.3 151.8 243.9 19.2 0.7 12.9087779690189 0.409879839786382 0.126482213438735
"569" 174.3 149.1 243.9 19.2 0.75 14.4578313253012 0.421895861148197 0.128772635814889
"570" 174.3 193 243.9 19.2 0.7 -10.728628800918 0.226524254561638 0.0994818652849741
"571" 174.3 188 243.9 19.2 0.75 -7.86001147446931 0.248776145972408 0.102127659574468
"572" 174.3 128.5 243.9 19.2 0.75 26.2765347102697 0.51357365376057 0.149416342412451
"573" 174.3 124.6 243.9 19.2 0.75 28.5140562248996 0.53093012906097 0.154093097913323
"574" 174.3 116.1 243.9 19.2 0.7 33.3907056798623 0.568758344459279 0.165374677002584
"575" 174.3 130.5 243.9 19.2 0.8 25.1290877796902 0.504672897196262 0.147126436781609
"576" 174.3 162.7 243.9 19.2 0.7 6.65519219736088 0.361370716510903 0.1180086047941
"577" 174.3 166.9 243.9 19.2 0.85 4.245553643144 0.342679127725857 0.115038945476333
"578" 174.3 161.3 243.9 19.2 0.75 7.45840504876649 0.367601246105919 0.119032858028518
"579" 174.3 149.6 243.9 19.2 0.85 14.1709695926563 0.41967067200712 0.128342245989305
"580" 174.3 182.7 243.9 19.2 0.75 -4.81927710843373 0.272363150867824 0.105090311986864
"581" 174.3 114.9 243.9 19.2 0.65 34.07917383821 0.574098798397864 0.16710182767624
"582" 174.3 135.6 243.9 19.2 0.75 22.2030981067126 0.481975967957276 0.141592920353982
"583" 174.3 142 243.9 19.2 0.8 18.5312679288583 0.453493546951491 0.135211267605634
"584" 174.3 158.1 243.9 19.2 0.75 9.29432013769365 0.381842456608812 0.121442125237192
"585" 174.3 187.5 243.9 19.2 0.85 -7.57314974182444 0.251001335113485 0.1024
"586" 174.3 138.6 243.9 19.2 0.75 20.4819277108434 0.468624833110814 0.138528138528139
"587" 174.3 151.1 243.9 19.2 0.7 13.3103843947217 0.412995104583889 0.127068166776969
"588" 174.3 196.5 243.9 19.2 0.8 -12.736660929432 0.210947930574099 0.0977099236641222
"589" 174.3 151.4 243.9 19.2 0.7 13.1382673551348 0.411659991099243 0.126816380449141
"590" 174.3 157.5 243.9 19.2 0.65 9.63855421686748 0.384512683578104 0.121904761904762
"591" 174.3 183.5 243.9 19.2 0.7 -5.27825588066551 0.268802848242101 0.104632152588556
"592" 174.3 184 243.9 19.2 0.75 -5.56511761331038 0.266577659101023 0.104347826086957
"593" 174.3 177.9 243.9 19.2 0.7 -2.06540447504302 0.293724966622163 0.107925801011804
"594" 174.3 140.7 243.9 19.2 0.65 19.2771084337349 0.459279038718291 0.136460554371002
"595" 174.3 146 243.9 19.2 0.7 16.2363740676994 0.435692033822875 0.131506849315069
"596" 174.3 158.1 243.9 19.2 0.85 9.29432013769366 0.381842456608812 0.121442125237192
"597" 174.3 157.8 243.9 19.2 0.7 9.46643717728055 0.383177570093458 0.121673003802281
"598" 174.3 143.4 243.9 19.2 0.75 17.7280550774527 0.447263017356475 0.133891213389121
"599" 174.3 187.7 243.9 19.2 0.85 -7.68789443488238 0.250111259457054 0.102290889717635
"600" 174.3 169.4 243.9 19.2 0.8 2.81124497991967 0.331553182020471 0.113341204250295
"601" 174.3 186 243.9 19.2 0.85 -6.71256454388984 0.257676902536715 0.103225806451613
"602" 174.3 143 243.9 19.2 0.7 17.9575444635686 0.449043168669337 0.134265734265734
"603" 174.3 176.2 243.9 19.2 0.8 -1.09007458405048 0.301290609701825 0.108967082860386
"604" 174.3 183.5 243.9 19.2 0.65 -5.27825588066551 0.268802848242101 0.104632152588556
"605" 174.3 212.4 243.9 19.2 0.85 -21.8588640275387 0.14018691588785 0.0903954802259887
"606" 174.3 122.3 243.9 19.2 0.7 29.833620195066 0.541165999109924 0.15699100572363
"607" 174.3 182.2 243.9 19.2 0.65 -4.53241537578888 0.274588340008901 0.105378704720088
"608" 174.3 150 243.9 19.2 0.75 13.9414802065405 0.417890520694259 0.128
"609" 174.3 215.4 243.9 19.2 0.8 -23.5800344234079 0.126835781041388 0.0891364902506964
"610" 174.3 167.4 243.9 19.2 0.65 3.95869191049912 0.340453938584779 0.114695340501792
"611" 174.3 131.8 243.9 19.2 0.65 24.3832472748135 0.498887405429461 0.14567526555387
"612" 174.3 158.2 243.9 19.2 0.85 9.23694779116464 0.381397418780596 0.121365360303413
"613" 174.3 171.8 243.9 19.2 0.8 1.43430866322433 0.320872274143302 0.111757857974389
"614" 174.3 175.5 243.9 19.2 0.65 -0.688468158347666 0.304405874499332 0.109401709401709
"615" 174.3 181.2 243.9 19.2 0.8 -3.95869191049913 0.279038718291055 0.105960264900662
"616" 174.3 160.7 243.9 19.2 0.8 7.80263912794035 0.370271473075211 0.119477286869944
"617" 174.3 215.4 243.9 19.2 0.8 -23.5800344234079 0.126835781041388 0.0891364902506964
"618" 174.3 173.4 243.9 19.2 0.7 0.516351118760761 0.313751668891856 0.110726643598616
"619" 174.3 144.6 243.9 19.2 0.75 17.039586919105 0.44192256341789 0.132780082987552
"620" 174.3 182.9 243.9 19.2 0.7 -4.93402180149167 0.271473075211393 0.104975396391471
"621" 174.3 179.5 243.9 19.2 0.8 -2.9833620195066 0.286604361370716 0.106963788300836
"622" 174.3 177.4 243.9 19.2 0.75 -1.77854274239817 0.29595015576324 0.108229988726043
"623" 174.3 141.4 243.9 19.2 0.7 18.8755020080321 0.456163773920783 0.135785007072136
"624" 174.3 182.6 243.9 19.2 0.75 -4.76190476190474 0.272808188696039 0.105147864184009
"625" 174.3 163.6 243.9 19.2 0.8 6.13884107860011 0.357365376056965 0.117359413202934
"626" 174.3 129.6 243.9 19.2 0.75 25.6454388984509 0.5086782376502 0.148148148148148
"627" 174.3 147.1 243.9 19.2 0.65 15.6052782558807 0.430796617712505 0.130523453433039
"628" 174.3 189.4 243.9 19.2 0.8 -8.66322432587494 0.242545616377392 0.101372756071806
"629" 174.3 176.6 243.9 19.2 0.75 -1.31956397016637 0.299510458388963 0.10872027180068
"630" 174.3 137.5 243.9 19.2 0.75 21.1130235226621 0.473520249221184 0.139636363636364
"631" 174.3 124.1 243.9 19.2 0.6 28.8009179575445 0.533155318202047 0.154713940370669
"632" 174.3 174.8 243.9 19.2 0.8 -0.286861732644872 0.30752113929684 0.109839816933638
"633" 174.3 154.9 243.9 19.2 0.75 11.1302352266208 0.396083667111705 0.123950936087799
"634" 174.3 181.2 243.9 19.2 0.8 -3.95869191049913 0.279038718291055 0.105960264900662
"635" 174.3 177.4 243.9 19.2 0.75 -1.77854274239817 0.29595015576324 0.108229988726043
"636" 174.3 170.5 243.9 19.2 0.85 2.18014916810096 0.326657765910102 0.112609970674487
"637" 174.3 173.4 243.9 19.2 0.75 0.516351118760749 0.313751668891856 0.110726643598616
"638" 174.3 147.6 243.9 19.2 0.65 15.3184165232358 0.428571428571428 0.130081300813008
"639" 174.3 143.6 243.9 19.2 0.75 17.6133103843947 0.446372941700044 0.133704735376045
"640" 174.3 155.1 243.9 19.2 0.75 11.0154905335628 0.395193591455274 0.123791102514507
"641" 174.3 162.3 243.9 19.2 0.75 6.88468158347676 0.363150867823765 0.118299445471349
"642" 174.3 128.1 243.9 19.2 0.7 26.5060240963855 0.515353805073431 0.149882903981265
"643" 174.3 129.8 243.9 19.2 0.7 25.530694205393 0.507788161993769 0.147919876733436
"644" 174.3 175.2 243.9 19.2 0.85 -0.516351118760738 0.305740987983979 0.10958904109589
"645" 174.3 165.9 243.9 19.2 0.75 4.81927710843374 0.347129506008011 0.115732368896926
"646" 174.3 167.5 243.9 19.2 0.75 3.90131956397017 0.340008900756564 0.114626865671642
"647" 174.3 145.8 243.9 19.2 0.75 16.3511187607573 0.436582109479306 0.131687242798354
"648" 174.3 174.2 243.9 19.2 0.75 0.0573723465289833 0.310191366266133 0.110218140068886
"649" 174.3 150.4 243.9 19.2 0.65 13.7119908204246 0.416110369381397 0.127659574468085
"650" 174.3 126.1 243.9 19.2 0.65 27.653471026965 0.524254561637739 0.152260111022998
"651" 174.3 147.3 243.9 19.2 0.75 15.4905335628227 0.429906542056075 0.130346232179226
"652" 174.3 146.4 243.9 19.2 0.7 16.0068846815835 0.433911882510013 0.131147540983607
"653" 174.3 114.4 243.9 19.2 0.7 34.3660355708549 0.576323987538941 0.167832167832168
"654" 174.3 155.6 243.9 19.2 0.7 10.7286288009179 0.392968402314196 0.123393316195373
"655" 174.3 93.7 243.9 19.2 0.65 46.2421113023523 0.668446817979528 0.204909284951974
"656" 174.3 152 243.9 19.2 0.65 12.794033275961 0.408989764129951 0.126315789473684
"657" 174.3 165.4 243.9 19.2 0.8 5.1061388410786 0.349354695149088 0.116082224909311
"658" 174.3 161.5 243.9 19.2 0.8 7.34366035570856 0.366711170449488 0.118885448916409
"659" 174.3 119.8 243.9 19.2 0.65 31.2679288582903 0.552291944815309 0.160267111853088
"660" 174.3 152.1 243.9 19.2 0.7 12.736660929432 0.408544726301735 0.126232741617357
"661" 174.3 174.6 243.9 19.2 0.75 -0.172117039586905 0.308411214953271 0.109965635738832
"662" 174.3 171.9 243.9 19.2 0.75 1.37693631669534 0.320427236315087 0.111692844677138
"663" 174.3 170.7 243.9 19.2 0.8 2.06540447504304 0.325767690253672 0.112478031634446
"664" 174.3 140.3 243.9 19.2 0.7 19.5065978198508 0.461059190031153 0.136849607982894
"665" 174.3 162.8 243.9 19.2 0.75 6.5978198508319 0.360925678682688 0.117936117936118
"666" 174.3 170.1 243.9 19.2 0.8 2.40963855421688 0.328437917222964 0.112874779541446
"667" 174.3 161.1 243.9 19.2 0.75 7.57314974182444 0.36849132176235 0.119180633147114
"668" 174.3 168.7 243.9 19.2 0.8 3.21285140562249 0.334668446817979 0.113811499703616
"669" 174.3 174 243.9 19.2 0.7 0.172117039586928 0.311081441922563 0.110344827586207
"670" 174.3 186.5 243.9 19.2 0.75 -6.99942627653469 0.255451713395639 0.102949061662198
"671" 174.3 175.5 243.9 19.2 0.8 -0.688468158347666 0.304405874499332 0.109401709401709
"672" 174.3 104.3 243.9 19.2 0.75 40.1606425702811 0.621272808188696 0.184084372003835
"673" 174.3 187.6 243.9 19.2 0.85 -7.63052208835342 0.250556297285269 0.102345415778252
"674" 174.3 162.4 243.9 19.2 0.8 6.82730923694781 0.36270582999555 0.118226600985222
"675" 174.3 162.4 243.9 19.2 0.8 6.82730923694781 0.36270582999555 0.118226600985222
"676" 174.3 92.8 243.9 19.2 0.55 46.758462421113 0.672452158433467 0.206896551724138
"677" 174.3 130.4 243.9 19.2 0.75 25.1864601262191 0.505117935024477 0.147239263803681
"678" 174.3 184.3 243.9 19.2 0.8 -5.73723465289731 0.265242545616377 0.104177970699946
"679" 174.3 128.6 243.9 19.2 0.75 26.2191623637407 0.513128615932354 0.149300155520995
"680" 174.3 168.3 243.9 19.2 0.75 3.44234079173839 0.336448598130841 0.114081996434938
"681" 174.3 123 243.9 19.2 0.7 29.4320137693632 0.538050734312416 0.15609756097561
"682" 174.3 154.9 243.9 19.2 0.6 11.1302352266208 0.396083667111704 0.123950936087799
"683" 174.3 127.2 243.9 19.2 0.7 27.0223752151463 0.51935914552737 0.150943396226415
"684" 174.3 174.3 243.9 19.2 0.7 0 0.309746328437917 0.110154905335628
"685" 174.3 178.3 243.9 19.2 0.7 -2.29489386115893 0.291944815309301 0.107683679192372
"686" 174.3 118.1 243.9 19.2 0.75 32.2432587492828 0.559857587894971 0.162574089754445
"687" 174.3 187.2 243.9 19.2 0.8 -7.40103270223753 0.252336448598131 0.102564102564103
"688" 174.3 159.4 243.9 19.2 0.7 8.54847963281696 0.376056964842011 0.120451693851945
"689" 174.3 163.5 243.9 19.2 0.75 6.19621342512909 0.35781041388518 0.11743119266055
"690" 174.3 167.7 243.9 19.2 0.7 3.78657487091223 0.339118825100133 0.114490161001789
"691" 174.3 187.4 243.9 19.2 0.8 -7.51577739529545 0.2514463729417 0.102454642475987
"692" 174.3 144.7 243.9 19.2 0.75 16.982214572576 0.441477525589675 0.132688320663442
"693" 174.3 139.2 243.9 19.2 0.6 20.1376936316695 0.465954606141522 0.137931034482759
"694" 174.3 134.6 243.9 19.2 0.6 22.7768215720023 0.48642634623943 0.142644873699851
"695" 174.3 176.6 243.9 19.2 0.75 -1.31956397016639 0.299510458388963 0.10872027180068
"696" 174.3 147.8 243.9 19.2 0.65 15.2036718301779 0.427681352914998 0.129905277401894
"697" 174.3 126.7 243.9 19.2 0.7 27.3092369477912 0.521584334668447 0.151539068666141
"698" 174.3 161.1 243.9 19.2 0.65 7.57314974182444 0.36849132176235 0.119180633147114
"699" 174.3 150.4 243.9 19.2 0.75 13.7119908204246 0.416110369381397 0.127659574468085
"700" 174.3 158.5 243.9 19.2 0.7 9.06483075157775 0.38006230529595 0.121135646687697
"701" 174.3 159 243.9 19.2 0.8 8.77796901893289 0.377837116154873 0.120754716981132
"702" 174.3 155.9 243.9 19.2 0.8 10.556511761331 0.391633288829551 0.123155869146889
"703" 174.3 155.5 243.9 19.2 0.8 10.7860011474469 0.393413440142412 0.123472668810289
"704" 174.3 168.3 243.9 19.2 0.8 3.44234079173839 0.336448598130841 0.114081996434938
"705" 174.3 174.6 243.9 19.2 0.7 -0.172117039586928 0.308411214953271 0.109965635738832
"706" 174.3 131.1 243.9 19.2 0.7 24.7848537005164 0.502002670226969 0.146453089244851
"707" 174.3 147.7 243.9 19.2 0.8 15.2610441767068 0.428126390743213 0.129993229519296
"708" 174.3 135.7 243.9 19.2 0.65 22.1457257601836 0.481530930129061 0.141488577745026
"709" 174.3 139.3 243.9 19.2 0.7 20.0803212851406 0.465509568313307 0.137832017229002
"710" 174.3 154.2 243.9 19.2 0.7 11.5318416523236 0.399198931909212 0.124513618677043
"711" 174.3 128 243.9 19.2 0.6 26.5633964429145 0.515798842901647 0.15
"712" 174.3 192.1 243.9 19.2 0.75 -10.2122776821572 0.230529595015576 0.0999479437792816
"713" 174.3 174.4 243.9 19.2 0.75 -0.0573723465289611 0.309301290609702 0.110091743119266
"714" 174.3 131.7 243.9 19.2 0.75 24.4406196213425 0.499332443257677 0.145785876993166
"715" 174.3 166.5 243.9 19.2 0.7 4.47504302925991 0.344459279038718 0.115315315315315
"716" 174.3 156.5 243.9 19.2 0.9 10.2122776821572 0.388963061860258 0.122683706070288
"717" 174.3 171.9 243.9 19.2 0.75 1.37693631669538 0.320427236315087 0.111692844677138
"718" 174.3 159.5 243.9 19.2 0.75 8.49110728628801 0.375611927013796 0.120376175548589
"719" 174.3 155.2 243.9 19.2 0.8 10.9581181870338 0.394748553627058 0.123711340206186
"720" 174.3 176.1 243.9 19.2 0.75 -1.0327022375215 0.30173564753004 0.109028960817717
"721" 174.3 183.2 243.9 19.2 0.8 -5.1061388410786 0.270137961726747 0.104803493449782
"722" 174.3 146.9 243.9 19.2 0.7 15.7200229489386 0.431686693368936 0.13070115724983
"723" 174.3 140.2 243.9 19.2 0.7 19.5639701663798 0.461504227859368 0.136947218259629
"724" 174.3 164.8 243.9 19.2 0.8 5.45037292025243 0.35202492211838 0.116504854368932
"725" 174.3 151.9 243.9 19.2 0.75 12.85140562249 0.409434801958167 0.126398946675444
"726" 174.3 174.3 243.9 19.2 0.75 0 0.309746328437917 0.110154905335628
"727" 174.3 128.7 243.9 19.2 0.6 26.1617900172117 0.512683578104139 0.149184149184149
"728" 174.3 158.7 243.9 19.2 0.8 8.9500860585198 0.379172229639519 0.120982986767486
"729" 174.3 155.4 243.9 19.2 0.8 10.8433734939759 0.393858477970627 0.123552123552124
"730" 174.3 167.7 243.9 19.2 0.8 3.78657487091222 0.339118825100133 0.114490161001789
"731" 174.3 172 243.9 19.2 0.7 1.31956397016638 0.319982198486871 0.111627906976744
"732" 174.3 152.2 243.9 19.2 0.7 12.679288582903 0.40809968847352 0.126149802890933
"733" 174.3 152.7 243.9 19.2 0.75 12.3924268502582 0.405874499332443 0.12573673870334
"734" 174.3 133.2 243.9 19.2 0.7 23.5800344234079 0.492656875834446 0.144144144144144
"735" 174.3 164.3 243.9 19.2 0.7 5.73723465289731 0.354250111259457 0.116859403530128
"736" 174.3 146 243.9 19.2 0.65 16.2363740676994 0.435692033822875 0.131506849315069
"737" 174.3 156.7 243.9 19.2 0.7 10.0975329890992 0.388072986203827 0.12252712188896
"738" 174.3 165.6 243.9 19.2 0.75 4.99139414802067 0.348464619492657 0.115942028985507
"739" 174.3 142.5 243.9 19.2 0.8 18.2444061962134 0.451268357810414 0.134736842105263
"740" 174.3 133 243.9 19.2 0.65 23.6947791164659 0.493546951490877 0.144360902255639
"741" 174.3 155.4 243.9 19.2 0.75 10.8433734939759 0.393858477970628 0.123552123552124
"742" 174.3 118.1 243.9 19.2 0.65 32.2432587492829 0.559857587894971 0.162574089754445
"743" 174.3 182.8 243.9 19.2 0.75 -4.87664945496271 0.271918113039608 0.105032822757112
"744" 174.3 131.3 243.9 19.2 0.7 24.6701090074584 0.501112594570539 0.146230007616146
"745" 174.3 166.2 243.9 19.2 0.75 4.64716006884683 0.345794392523364 0.115523465703971
"746" 174.3 174.6 243.9 19.2 0.8 -0.172117039586928 0.308411214953271 0.109965635738832
"747" 174.3 132.4 243.9 19.2 0.7 24.0390131956397 0.496217178460169 0.145015105740181
"748" 174.3 155.4 243.9 19.2 0.8 10.8433734939759 0.393858477970628 0.123552123552124
"749" 174.3 141.6 243.9 19.2 0.7 18.7607573149742 0.455273698264352 0.135593220338983
"750" 174.3 134.7 243.9 19.2 0.7 22.7194492254733 0.485981308411215 0.142538975501114
"751" 174.3 146 243.9 19.2 0.8 16.2363740676994 0.435692033822875 0.131506849315069
"752" 174.3 167 243.9 19.2 0.7 4.18818129661502 0.342234089897641 0.11497005988024
"753" 174.3 176.2 243.9 19.2 0.8 -1.09007458405048 0.301290609701825 0.108967082860386
"754" 174.3 145 243.9 19.2 0.7 16.8100975329891 0.440142412105029 0.132413793103448
"755" 174.3 142 243.9 19.2 0.65 18.5312679288583 0.453493546951491 0.135211267605634
"756" 174.3 153.8 243.9 19.2 0.65 11.7613310384395 0.400979083222074 0.124837451235371
"757" 174.3 149 243.9 19.2 0.8 14.5152036718302 0.422340898976413 0.128859060402685
"758" 174.3 123.2 243.9 19.2 0.7 29.3172690763052 0.537160658655986 0.155844155844156
"759" 174.3 140.5 243.9 19.2 0.7 19.3918531267929 0.460169114374722 0.136654804270463
"760" 174.3 194.4 243.9 19.2 0.85 -11.5318416523235 0.220293724966622 0.0987654320987655
"761" 174.3 174.6 243.9 19.2 0.7 -0.172117039586928 0.308411214953271 0.109965635738832
"762" 174.3 128 243.9 19.2 0.7 26.5633964429145 0.515798842901647 0.15
"763" 174.3 142.1 243.9 19.2 0.7 18.4738955823293 0.453048509123275 0.135116115411682
"764" 174.3 152 243.9 19.2 0.7 12.794033275961 0.408989764129951 0.126315789473684
"765" 174.3 131.8 243.9 19.2 0.8 24.3832472748135 0.498887405429461 0.14567526555387
"766" 174.3 180.5 243.9 19.2 0.8 -3.55708548479632 0.282153983088562 0.106371191135734
"767" 174.3 150.8 243.9 19.2 0.75 13.4825014343087 0.414330218068536 0.127320954907162
"768" 174.3 136.9 243.9 19.2 0.75 21.4572576018359 0.476190476190476 0.140248356464573
"769" 174.3 144.2 243.9 19.2 0.7 17.2690763052209 0.443702714730752 0.133148404993065
"770" 174.3 177.2 243.9 19.2 0.8 -1.6637980493402 0.296840231419671 0.108352144469526
"771" 174.3 145 243.9 19.2 0.75 16.8100975329891 0.440142412105029 0.132413793103448
"772" 174.3 152.4 243.9 19.2 0.8 12.5645438898451 0.407209612817089 0.125984251968504
"773" 174.3 124.4 243.9 19.2 0.7 28.6288009179576 0.531820204717401 0.154340836012862
"774" 174.3 140.2 243.9 19.2 0.75 19.5639701663798 0.461504227859368 0.136947218259629
"775" 174.3 148.6 243.9 19.2 0.75 14.7446930579461 0.424121050289274 0.129205921938089
"776" 174.3 178.1 243.9 19.2 0.8 -2.18014916810096 0.292834890965732 0.107804604154969
"777" 174.3 174.7 243.9 19.2 0.75 -0.229489386115889 0.307966177125056 0.109902690326274
"778" 174.3 136.8 243.9 19.2 0.65 21.5146299483649 0.476635514018692 0.140350877192982
"779" 174.3 158 243.9 19.2 0.75 9.3516924842226 0.382287494437027 0.121518987341772
"780" 174.3 170.9 243.9 19.2 0.8 1.95065978198506 0.324877614597241 0.11234640140433
"781" 174.3 162.6 243.9 19.2 0.8 6.71256454388988 0.361815754339119 0.118081180811808
"782" 174.3 143.3 243.9 19.2 0.7 17.7854274239816 0.447708055184691 0.133984647592463
"783" 174.3 195.7 243.9 19.2 0.75 -12.2776821572002 0.214508233199822 0.0981093510475217
"784" 174.3 123.4 243.9 19.2 0.7 29.2025243832473 0.536270582999555 0.155591572123177
"785" 174.3 165.8 243.9 19.2 0.8 4.87664945496271 0.347574543836226 0.115802171290712
"786" 174.3 177.1 243.9 19.2 0.8 -1.60642570281124 0.297285269247886 0.10841332580463
"787" 174.3 147.6 243.9 19.2 0.75 15.3184165232358 0.428571428571429 0.130081300813008
"788" 174.3 145 243.9 19.2 0.75 16.8100975329891 0.440142412105029 0.132413793103448
"789" 174.3 158.3 243.9 19.2 0.8 9.17957544463569 0.380952380952381 0.121288692356286
"790" 174.3 184.2 243.9 19.2 0.8 -5.67986230636832 0.265687583444593 0.104234527687296
"791" 174.3 148.5 243.9 19.2 0.75 14.8020654044751 0.42456608811749 0.129292929292929
"792" 174.3 140.8 243.9 19.2 0.7 19.219736087206 0.458834000890076 0.136363636363636
"793" 174.3 175.7 243.9 19.2 0.7 -0.803212851405632 0.303515798842902 0.109277177006261
"794" 174.3 190.6 243.9 19.2 0.8 -9.35169248422259 0.237205162438807 0.100734522560336
"795" 174.3 145.3 243.9 19.2 0.7 16.6379804934022 0.438807298620383 0.132140399174123
"796" 174.3 185.3 243.9 19.2 0.8 -6.31095811818703 0.260792167334223 0.103615758229897
"797" 174.3 147 243.9 19.2 0.75 15.6626506024096 0.431241655540721 0.130612244897959
"798" 174.3 128.2 243.9 19.2 0.7 26.4486517498565 0.514908767245216 0.149765990639626
"799" 174.3 153.9 243.9 19.2 0.7 11.7039586919105 0.400534045393859 0.124756335282651
"800" 174.3 149.3 243.9 19.2 0.75 14.3430866322433 0.421005785491767 0.128600133958473
"801" 174.3 145.6 243.9 19.2 0.7 16.4658634538153 0.437472185135737 0.131868131868132
"802" 174.3 130.5 243.9 19.2 0.75 25.1290877796902 0.504672897196262 0.147126436781609
"803" 174.3 159.2 243.9 19.2 0.65 8.66322432587494 0.376947040498442 0.120603015075377
"804" 174.3 163.1 243.9 19.2 0.75 6.42570281124497 0.359590565198042 0.117719190680564
"805" 174.3 179.4 243.9 19.2 0.75 -2.92598967297761 0.287049399198932 0.107023411371237
"806" 174.3 153.7 243.9 19.2 0.85 11.8187033849684 0.401424121050289 0.124918672739102
"807" 174.3 110.6 243.9 19.2 0.65 36.5461847389558 0.593235425011126 0.173598553345389
"808" 174.3 167.7 243.9 19.2 0.75 3.7865748709122 0.339118825100133 0.114490161001789
"809" 174.3 129.5 243.9 19.2 0.65 25.7028112449799 0.509123275478416 0.148262548262548
"810" 174.3 148.2 243.9 19.2 0.65 14.974182444062 0.425901201602136 0.129554655870445
"811" 174.3 169.4 243.9 19.2 0.75 2.81124497991967 0.331553182020471 0.113341204250295
"812" 174.3 158.2 243.9 19.2 0.7 9.23694779116467 0.381397418780596 0.121365360303413
"813" 174.3 138.8 243.9 19.2 0.65 20.3671830177854 0.467734757454384 0.138328530259366
"814" 174.3 156.6 243.9 19.2 0.7 10.1549053356282 0.388518024032042 0.122605363984674
"815" 174.3 144.8 243.9 19.2 0.75 16.924842226047 0.44103248776146 0.132596685082873
"816" 174.3 138.6 243.9 19.2 0.7 20.4819277108434 0.468624833110814 0.138528138528139
"817" 174.3 212 243.9 19.2 0.8 -21.6293746414228 0.141967067200712 0.0905660377358491
"818" 174.3 152.7 243.9 19.2 0.7 12.3924268502582 0.405874499332443 0.12573673870334
"819" 174.3 188.6 243.9 19.2 0.75 -8.20424555364314 0.246105919003115 0.101802757158006
"820" 174.3 168.9 243.9 19.2 0.85 3.09810671256455 0.333778371161549 0.113676731793961
"821" 174.3 135.1 243.9 19.2 0.75 22.4899598393574 0.484201157098353 0.142116950407106
"822" 174.3 138.5 243.9 19.2 0.7 20.5393000573724 0.46906987093903 0.138628158844765
"823" 174.3 125.6 243.9 19.2 0.75 27.9403327596099 0.526479750778816 0.152866242038217
"824" 174.3 160.3 243.9 19.2 0.75 8.03212851405623 0.372051624388073 0.119775421085465
"825" 174.3 132.5 243.9 19.2 0.65 23.9816408491107 0.495772140631954 0.144905660377359
"826" 174.3 169.2 243.9 19.2 0.75 2.92598967297764 0.332443257676903 0.113475177304965
"827" 174.3 171.6 243.9 19.2 0.7 1.54905335628227 0.321762349799733 0.111888111888112
"828" 174.3 193.6 243.9 19.2 0.8 -11.0728628800918 0.223854027592345 0.0991735537190083
"829" 174.3 146.5 243.9 19.2 0.8 15.9495123350545 0.433466844681798 0.131058020477816
"830" 174.3 180.9 243.9 19.2 0.9 -3.78657487091223 0.280373831775701 0.106135986733002
"831" 174.3 168.8 243.9 19.2 0.65 3.15547905909351 0.334223408989764 0.113744075829384
"832" 174.3 166.4 243.9 19.2 0.75 4.53241537578886 0.344904316866933 0.115384615384615
"833" 174.3 141 243.9 19.2 0.85 19.104991394148 0.457943925233645 0.136170212765958
"834" 174.3 139.1 243.9 19.2 0.75 20.1950659781985 0.466399643969737 0.13803019410496
"835" 174.3 139.6 243.9 19.2 0.7 19.9082042455537 0.464174454828661 0.137535816618911
"836" 174.3 159.1 243.9 19.2 0.7 8.72059667240389 0.377392078326658 0.120678818353237
"837" 174.3 146.5 243.9 19.2 0.8 15.9495123350545 0.433466844681798 0.131058020477816
"838" 174.3 155.6 243.9 19.2 0.7 10.7286288009179 0.392968402314196 0.123393316195373
"839" 174.3 192.1 243.9 19.2 0.75 -10.2122776821572 0.230529595015576 0.0999479437792816
"840" 174.3 149.2 243.9 19.2 0.8 14.4004589787722 0.421450823319982 0.128686327077748
"841" 174.3 160.6 243.9 19.2 0.75 7.8600114744693 0.370716510903427 0.119551681195517
"842" 174.3 187.6 243.9 19.2 0.8 -7.63052208835342 0.250556297285269 0.102345415778252
"843" 174.3 166.9 243.9 19.2 0.7 4.24555364314401 0.342679127725857 0.115038945476333
"844" 174.3 112.7 243.9 19.2 0.8 35.3413654618474 0.583889630618603 0.17036379769299
"845" 174.3 176.7 243.9 19.2 0.75 -1.37693631669533 0.299065420560748 0.108658743633277
"846" 174.3 142.5 243.9 19.2 0.7 18.2444061962134 0.451268357810414 0.134736842105263
"847" 174.3 150.1 243.9 19.2 0.75 13.8841078600115 0.417445482866043 0.127914723517655
"848" 174.3 158.9 243.9 19.2 0.7 8.83534136546187 0.378282153983089 0.120830711139081
"849" 174.3 126.9 243.9 19.2 0.7 27.1944922547332 0.520694259012016 0.151300236406619
"850" 174.3 176.1 243.9 19.2 0.7 -1.03270223752152 0.30173564753004 0.109028960817717
"851" 174.3 155.6 243.9 19.2 0.75 10.7286288009179 0.392968402314196 0.123393316195373
"852" 174.3 116.2 243.9 19.2 0.65 33.3333333333333 0.568313306631064 0.165232358003442
"853" 174.3 150.5 243.9 19.2 0.7 13.6546184738956 0.415665331553182 0.127574750830565
"854" 174.3 193.9 243.9 19.2 0.8 -11.2449799196787 0.222518914107699 0.0990201134605467
"855" 174.3 174.7 243.9 19.2 0.85 -0.229489386115911 0.307966177125055 0.109902690326274
"856" 174.3 174.6 243.9 19.2 0.8 -0.172117039586905 0.308411214953271 0.109965635738832
"857" 174.3 132.4 243.9 19.2 0.7 24.0390131956397 0.496217178460169 0.145015105740181
"858" 174.3 163.9 243.9 19.2 0.75 5.96672403901318 0.356030262572318 0.117144600366077
"859" 174.3 163.5 243.9 19.2 0.8 6.19621342512908 0.35781041388518 0.11743119266055
"860" 174.3 168.5 243.9 19.2 0.85 3.32759609868043 0.33555852247441 0.113946587537092
"861" 174.3 132.6 243.9 19.2 0.75 23.9242685025817 0.495327102803738 0.144796380090498
"862" 174.3 152 243.9 19.2 0.7 12.794033275961 0.408989764129951 0.126315789473684
"863" 174.3 144.3 243.9 19.2 0.8 17.2117039586919 0.443257676902537 0.133056133056133
"864" 174.3 161.9 243.9 19.2 0.75 7.11417096959266 0.364931019136627 0.118591723285979
"865" 174.3 144.8 243.9 19.2 0.8 16.924842226047 0.44103248776146 0.132596685082873
"866" 174.3 136.7 243.9 19.2 0.75 21.5720022948939 0.477080551846907 0.140453547915143
"867" 174.3 119.8 243.9 19.2 0.75 31.2679288582903 0.552291944815309 0.160267111853089
"868" 174.3 153.7 243.9 19.2 0.7 11.8187033849685 0.401424121050289 0.124918672739102
"869" 174.3 152.4 243.9 19.2 0.7 12.5645438898451 0.407209612817089 0.125984251968504
"870" 174.3 187 243.9 19.2 0.8 -7.28628800917956 0.253226524254562 0.102673796791444
"871" 174.3 99.8 243.9 19.2 0.65 42.7423981640849 0.641299510458389 0.192384769539078
"872" 174.3 135.4 243.9 19.2 0.8 22.3178427997705 0.482866043613707 0.141802067946824
"873" 174.3 187.6 243.9 19.2 0.8 -7.63052208835342 0.250556297285269 0.102345415778252
"874" 174.3 184.9 243.9 19.2 0.8 -6.08146873207116 0.262572318647085 0.103839913466739
"875" 174.3 110.6 243.9 19.2 0.85 36.5461847389558 0.593235425011126 0.173598553345389
"876" 174.3 170.8 243.9 19.2 0.85 2.00803212851406 0.325322652425456 0.112412177985948
"877" 174.3 168.7 243.9 19.2 0.75 3.21285140562249 0.334668446817979 0.113811499703616
"878" 174.3 118.8 243.9 19.2 0.75 31.84165232358 0.556742323097463 0.161616161616162
"879" 174.3 165.6 243.9 19.2 0.85 4.99139414802064 0.348464619492657 0.115942028985507
"880" 174.3 164.2 243.9 19.2 0.85 5.79460699942626 0.354695149087672 0.116930572472594
"881" 174.3 172.8 243.9 19.2 0.7 0.860585197934594 0.316421895861148 0.111111111111111
"882" 174.3 145.9 243.9 19.2 0.75 16.2937464142284 0.43613707165109 0.131596984235778
"883" 174.3 178.6 243.9 19.2 0.7 -2.46701090074584 0.290609701824655 0.107502799552072
"884" 174.3 150.8 243.9 19.2 0.75 13.4825014343087 0.414330218068536 0.127320954907162
"885" 174.3 176.9 243.9 19.2 0.7 -1.49168100975332 0.298175344904317 0.108535895986433
"886" 174.3 148.5 243.9 19.2 0.7 14.8020654044751 0.42456608811749 0.129292929292929
"887" 174.3 193.6 243.9 19.2 0.75 -11.0728628800918 0.223854027592345 0.0991735537190083
"888" 174.3 147.4 243.9 19.2 0.75 15.4331612162937 0.429461504227859 0.130257801899593
"889" 174.3 155.9 243.9 19.2 0.7 10.5565117613311 0.391633288829551 0.123155869146889
"890" 174.3 141.2 243.9 19.2 0.8 18.9902467010901 0.457053849577214 0.135977337110482
"891" 174.3 94.6 243.9 19.2 0.7 45.7257601835915 0.66444147752559 0.202959830866808
"892" 174.3 173.8 243.9 19.2 0.75 0.286861732644861 0.311971517578994 0.110471806674338
"893" 174.3 152.7 243.9 19.2 0.75 12.3924268502582 0.405874499332443 0.12573673870334
"894" 174.3 134.8 243.9 19.2 0.7 22.6620768789443 0.485536270583 0.142433234421365
"895" 174.3 174.7 243.9 19.2 0.85 -0.229489386115911 0.307966177125055 0.109902690326274
"896" 174.3 135.1 243.9 19.2 0.65 22.4899598393574 0.484201157098353 0.142116950407106
"897" 174.3 147.4 243.9 19.2 0.65 15.4331612162937 0.429461504227859 0.130257801899593
"898" 174.3 158.3 243.9 19.2 0.7 9.17957544463569 0.380952380952381 0.121288692356286
"899" 174.3 133.3 243.9 19.2 0.65 23.522662076879 0.492211838006231 0.144036009002251
"900" 174.3 174.2 243.9 19.2 0.8 0.0573723465289722 0.310191366266133 0.110218140068886
"901" 174.3 140.6 243.9 19.2 0.75 19.3344807802639 0.459724076546506 0.136557610241821
"902" 174.3 200.2 243.9 19.2 0.85 -14.859437751004 0.194481530930129 0.0959040959040959
"903" 174.3 142.1 243.9 19.2 0.8 18.4738955823293 0.453048509123275 0.135116115411682
"904" 174.3 193 243.9 19.2 0.85 -10.728628800918 0.226524254561638 0.0994818652849741
"905" 174.3 167.9 243.9 19.2 0.8 3.67183017785426 0.338228749443703 0.114353782013103
"906" 174.3 205.6 243.9 19.2 0.75 -17.9575444635686 0.170449488206497 0.0933852140077821
"907" 174.3 171.8 243.9 19.2 0.8 1.43430866322433 0.320872274143302 0.111757857974389
"908" 174.3 151.4 243.9 19.2 0.7 13.1382673551348 0.411659991099243 0.126816380449141
"909" 174.3 158.5 243.9 19.2 0.65 9.06483075157775 0.38006230529595 0.121135646687697
"910" 174.3 154.4 243.9 19.2 0.8 11.4170969592656 0.398308856252781 0.124352331606218
"911" 174.3 146.4 243.9 19.2 0.65 16.0068846815835 0.433911882510013 0.131147540983607
"912" 174.3 201.5 243.9 19.2 0.85 -15.6052782558807 0.188696039163329 0.0952853598014888
"913" 174.3 157 243.9 19.2 0.7 9.92541594951234 0.386737872719181 0.122292993630573
"914" 174.3 139.4 243.9 19.2 0.7 20.0229489386116 0.465064530485091 0.137733142037303
"915" 174.3 142.5 243.9 19.2 0.6 18.2444061962134 0.451268357810414 0.134736842105263
"916" 174.3 145.2 243.9 19.2 0.75 16.6953528399312 0.439252336448598 0.132231404958678
"917" 174.3 178.3 243.9 19.2 0.75 -2.29489386115893 0.291944815309301 0.107683679192372
"918" 174.3 181.7 243.9 19.2 0.75 -4.24555364314401 0.276813529149978 0.105668684645019
"919" 174.3 202.5 243.9 19.2 0.8 -16.1790017211704 0.184245660881175 0.0948148148148148
"920" 174.3 151.9 243.9 19.2 0.7 12.8514056224899 0.409434801958166 0.126398946675444
"921" 174.3 180 243.9 19.2 0.7 -3.27022375215145 0.284379172229639 0.106666666666667
"922" 174.3 157.1 243.9 19.2 0.85 9.86804360298336 0.386292834890966 0.122215149586251
"923" 174.3 212.6 243.9 19.2 0.85 -21.9736087205967 0.13929684023142 0.090310442144873
"924" 174.3 140.5 243.9 19.2 0.85 19.3918531267929 0.460169114374722 0.136654804270463
"925" 174.3 152.9 243.9 19.2 0.8 12.2776821572003 0.404984423676013 0.125572269457162
"926" 174.3 99.2 243.9 19.2 0.7 43.0866322432588 0.643969737427681 0.193548387096774
"927" 174.3 185.8 243.9 19.2 0.8 -6.5978198508319 0.258566978193146 0.103336921420883
"928" 174.3 147.4 243.9 19.2 0.8 15.4331612162937 0.429461504227859 0.130257801899593
"929" 174.3 171.1 243.9 19.2 0.7 1.83591508892713 0.32398753894081 0.112215078901227
"930" 174.3 198.6 243.9 19.2 0.85 -13.9414802065404 0.201602136181575 0.0966767371601208
"931" 174.3 163.2 243.9 19.2 0.7 6.36833046471602 0.359145527369826 0.117647058823529
"932" 174.3 155.2 243.9 19.2 0.7 10.9581181870338 0.394748553627058 0.123711340206186
"933" 174.3 156.4 243.9 19.2 0.7 10.2696500286862 0.389408099688474 0.122762148337596
"934" 174.3 144.4 243.9 19.2 0.7 17.1543316121629 0.442812639074321 0.132963988919668
"935" 174.3 159.8 243.9 19.2 0.75 8.31899024670109 0.37427681352915 0.120150187734668
"936" 174.3 154.1 243.9 19.2 0.75 11.5892139988525 0.399643969737428 0.124594419208306
"937" 174.3 133.2 243.9 19.2 0.65 23.5800344234079 0.492656875834446 0.144144144144144
"938" 174.3 149.6 243.9 19.2 0.6 14.1709695926563 0.41967067200712 0.128342245989305
"939" 174.3 171.9 243.9 19.2 0.75 1.37693631669538 0.320427236315087 0.111692844677138
"940" 174.3 185.7 243.9 19.2 0.7 -6.54044750430292 0.259012016021362 0.103392568659128
"941" 174.3 149.6 243.9 19.2 0.75 14.1709695926563 0.41967067200712 0.128342245989305
"942" 174.3 129.4 243.9 19.2 0.75 25.7601835915089 0.509568313306631 0.148377125193199
"943" 174.3 139.8 243.9 19.2 0.85 19.7934595524957 0.46328437917223 0.137339055793991
"944" 174.3 177.9 243.9 19.2 0.7 -2.06540447504302 0.293724966622163 0.107925801011804
"945" 174.3 151.9 243.9 19.2 0.8 12.8514056224899 0.409434801958166 0.126398946675444
"946" 174.3 185.5 243.9 19.2 0.75 -6.42570281124497 0.259902091677793 0.103504043126685
"947" 174.3 143.3 243.9 19.2 0.75 17.7854274239816 0.447708055184691 0.133984647592463
"948" 174.3 148.7 243.9 19.2 0.75 14.6873207114171 0.423676012461059 0.129119031607263
"949" 174.3 161.7 243.9 19.2 0.7 7.2289156626506 0.365821094793057 0.11873840445269
"950" 174.3 138.6 243.9 19.2 0.6 20.4819277108434 0.468624833110814 0.138528138528139
"951" 174.3 117.3 243.9 19.2 0.55 32.7022375215146 0.563417890520694 0.163682864450128
"952" 174.3 128.7 243.9 19.2 0.75 26.1617900172117 0.512683578104139 0.149184149184149
"953" 174.3 160.7 243.9 19.2 0.85 7.80263912794035 0.370271473075211 0.119477286869944
"954" 174.3 168.5 243.9 19.2 0.7 3.32759609868044 0.33555852247441 0.113946587537092
"955" 174.3 127.1 243.9 19.2 0.65 27.0797475616753 0.519804183355585 0.151062155782848
"956" 174.3 187.6 243.9 19.2 0.8 -7.63052208835342 0.250556297285269 0.102345415778252
"957" 174.3 156 243.9 19.2 0.75 10.4991394148021 0.391188251001335 0.123076923076923
"958" 174.3 149 243.9 19.2 0.7 14.5152036718302 0.422340898976413 0.128859060402685
"959" 174.3 148.7 243.9 19.2 0.8 14.6873207114171 0.423676012461059 0.129119031607263
"960" 174.3 125.7 243.9 19.2 0.65 27.8829604130809 0.526034712950601 0.152744630071599
"961" 174.3 156.8 243.9 19.2 0.8 10.0401606425703 0.387627948375612 0.122448979591837
"962" 174.3 144.8 243.9 19.2 0.7 16.924842226047 0.44103248776146 0.132596685082873
"963" 174.3 147.4 243.9 19.2 0.7 15.4331612162937 0.429461504227859 0.130257801899593
"964" 174.3 166 243.9 19.2 0.6 4.76190476190477 0.346684468179795 0.11566265060241
"965" 174.3 195 243.9 19.2 0.7 -11.8760757314974 0.21762349799733 0.0984615384615385
"966" 174.3 142.1 243.9 19.2 0.75 18.4738955823293 0.453048509123275 0.135116115411682
"967" 174.3 150.4 243.9 19.2 0.8 13.7119908204246 0.416110369381397 0.127659574468085
"968" 174.3 156 243.9 19.2 0.75 10.4991394148021 0.391188251001335 0.123076923076923
"969" 174.3 206.4 243.9 19.2 0.8 -18.4165232358003 0.166889185580774 0.0930232558139535
"970" 174.3 139.4 243.9 19.2 0.7 20.0229489386116 0.465064530485091 0.137733142037303
"971" 174.3 162 243.9 19.2 0.9 7.05679862306365 0.364485981308411 0.118518518518518
"972" 174.3 169.2 243.9 19.2 0.7 2.92598967297762 0.332443257676903 0.113475177304965
"973" 174.3 175.2 243.9 19.2 0.7 -0.516351118760761 0.305740987983979 0.10958904109589
"974" 174.3 121.5 243.9 19.2 0.75 30.2925989672978 0.544726301735648 0.158024691358025
"975" 174.3 130 243.9 19.2 0.7 25.4159495123351 0.506898086337339 0.147692307692308
"976" 174.3 161.3 243.9 19.2 0.7 7.45840504876649 0.367601246105919 0.119032858028518
"977" 174.3 178 243.9 19.2 0.75 -2.122776821572 0.293279928793947 0.107865168539326
"978" 174.3 162.1 243.9 19.2 0.75 6.99942627653471 0.364040943480196 0.118445404071561
"979" 174.3 187.1 243.9 19.2 0.85 -7.34366035570855 0.252781486426346 0.102618920363442
"980" 174.3 149.7 243.9 19.2 0.7 14.1135972461274 0.419225634178905 0.128256513026052
"981" 174.3 122.3 243.9 19.2 0.8 29.833620195066 0.541165999109924 0.15699100572363
"982" 174.3 126.6 243.9 19.2 0.65 27.3666092943201 0.522029372496662 0.151658767772512
"983" 174.3 143.6 243.9 19.2 0.7 17.6133103843947 0.446372941700044 0.133704735376045
"984" 174.3 176.6 243.9 19.2 0.75 -1.31956397016637 0.299510458388963 0.10872027180068
"985" 174.3 165.9 243.9 19.2 0.8 4.81927710843374 0.347129506008011 0.115732368896926
"986" 174.3 152.6 243.9 19.2 0.7 12.4497991967872 0.406319537160659 0.125819134993447
"987" 174.3 136.1 243.9 19.2 0.75 21.9162363740677 0.479750778816199 0.141072740631888
"988" 174.3 151.4 243.9 19.2 0.7 13.1382673551348 0.411659991099243 0.126816380449141
"989" 174.3 162.6 243.9 19.2 0.7 6.71256454388984 0.361815754339119 0.118081180811808
"990" 174.3 134.7 243.9 19.2 0.65 22.7194492254733 0.485981308411215 0.142538975501114
"991" 174.3 136.9 243.9 19.2 0.65 21.4572576018359 0.476190476190476 0.140248356464573
"992" 174.3 149.9 243.9 19.2 0.75 13.9988525530694 0.418335558522474 0.128085390260173
"993" 174.3 166.8 243.9 19.2 0.85 4.30292598967298 0.343124165554072 0.115107913669065
"994" 174.3 151.5 243.9 19.2 0.7 13.0808950086059 0.411214953271028 0.126732673267327
"995" 174.3 179.6 243.9 19.2 0.8 -3.04073436603558 0.286159323542501 0.106904231625835
"996" 174.3 141.2 243.9 19.2 0.8 18.9902467010901 0.457053849577214 0.135977337110482
"997" 174.3 133.4 243.9 19.2 0.75 23.46528973035 0.491766800178015 0.143928035982009
"998" 174.3 143.6 243.9 19.2 0.75 17.6133103843947 0.446372941700044 0.133704735376045
"999" 174.3 106.3 243.9 19.2 0.75 39.0131956397017 0.612372051624388 0.180620884289746
"1000" 174.3 169 243.9 19.2 0.75 3.04073436603558 0.333333333333333 0.113609467455621
