"SCI" "RCI" "GER" "MSM*" "MIG"
"1" 0.333333333333333 -29502.9886598616 0.405839886165772 0.0980829428260506 719.798957553798
"2" 0.277777777777778 -12563.3135267628 0.443563649944812 0.1044210645177 676.108794007104
"3" 0.222222222222222 -29158.4711215877 0.225365144381559 0.0771543706696556 915.04861470883
"4" 0.388888888888889 -13878.8649970052 0.439364871826942 0.10366471272156 681.041775417152
"5" 0.277777777777778 -36111.577620785 0.356603434578541 0.0914171602269908 772.283888765508
"6" 0.333333333333333 -28342.5059109874 0.393263513468322 0.0963124898847977 733.030576661935
"7" 0.388888888888889 -25666.3863804894 0.484521533025494 0.111716381509775 631.957453740323
"8" 0.5 -25379.7418703672 0.593361003991067 0.137362787543276 513.967438071666
"9" 0.277777777777778 -37431.9608228169 0.27091342895251 0.0814809185348458 866.460531735507
"10" 0.5 -16991.0394405238 0.57411499279969 0.132118586327901 534.368418269175
"11" 0.277777777777778 -24923.9280406198 0.333635342076518 0.0886460422285201 796.425855290874
"12" 0.444444444444444 -22834.1120499142 0.522218636050016 0.119465902019188 590.963603896453
"13" 0.333333333333333 -17971.9666248634 0.672746632770249 0.165590732766648 426.352361756198
"14" 0.388888888888889 -45171.2305177232 0.586859427006929 0.135307618707411 521.774018894424
"15" 0.444444444444444 -13966.3656603391 0.581612633404587 0.134175705919142 526.175729923461
"16" 0.388888888888889 -9265.97016943605 0.606705626982354 0.14157610031791 498.671737966133
"17" 0.333333333333333 -31539.7045047435 0.410492932795899 0.0989419445377634 713.549752128168
"18" 0.388888888888889 -39960.1372020103 0.424070892429762 0.101137244079584 698.061338753165
"19" 0.388888888888889 -47170.9932124159 0.405983743158373 0.0981575650257241 719.251745716165
"20" 0.277777777777778 -24662.7717615307 0.317734096560113 0.0868063395126828 813.304654894301
"21" 0.444444444444444 -24756.2781209159 0.583442384588872 0.13472313354736 524.037692273404
"22" 0.166666666666667 -35015.6692095014 0.285218782067775 0.0831061919047406 849.515522031431
"23" 0.222222222222222 -8744.90490553053 0.54789748826095 0.125697794610347 561.664587822357
"24" 0.277777777777778 -21653.336378858 0.37826582991569 0.0944769731034373 747.272035511809
"25" 0.277777777777778 -8907.09931336981 0.654816493982249 0.158253521820077 446.119613567066
"26" 0.277777777777778 -23342.8180812933 0.487299211585244 0.112252218052834 628.940801568577
"27" 0.388888888888889 -9563.2499250225 0.422705775664389 0.101059278583593 698.599881074766
"28" 0.277777777777778 -20035.8048275495 0.333800870173282 0.0887472348914107 795.517743019089
"29" 0.222222222222222 -24537.1285399325 0.393666799837134 0.0964610685232717 731.901492289269
"30" 0.5 -38982.4870990289 0.489395060614081 0.112733693953465 626.254649556174
"31" 0.277777777777778 -14205.2404813382 0.370987127718686 0.0935488942975605 754.685563417087
"32" 0.333333333333333 -21137.295734862 0.381537444943107 0.0947741520640816 744.928848872884
"33" 0.166666666666667 -17532.4646546425 0.36664741878849 0.0929404497388659 759.626192883338
"34" 0.444444444444444 -7946.54947197104 0.763729780648691 0.215209970820565 328.051714940586
"35" 0.277777777777778 -15517.6119030037 0.319453328186338 0.0871239380996593 810.339862268876
"36" 0.388888888888889 -36875.3319522109 0.375383690847282 0.0939026452663231 751.842504540388
"37" 0.277777777777778 -21277.7304234092 0.523384453286146 0.119688421838015 589.864908533504
"38" 0.388888888888889 -13060.789246002 0.508321556254846 0.116575559615245 605.615793164656
"39" 0.388888888888889 -20994.7902490362 0.530538227220539 0.121082328874923 583.074348305019
"40" 0.277777777777778 -13452.0942052495 0.336273093886068 0.0890696660334912 792.637978158059
"41" 0.277777777777778 -16071.5637132635 0.277834795123832 0.0824702003866448 856.066793447891
"42" 0.333333333333333 -14156.5240239931 0.61270902217577 0.143443671946458 492.17925783685
"43" 0.222222222222222 -21911.129160938 0.485858745385546 0.111788718575702 631.548522064778
"44" 0.555555555555556 -17476.064725518 0.616413572818522 0.144614125778069 488.195738971903
"45" 0.277777777777778 -15249.6575535481 0.463469272829343 0.10771267589263 655.447461637436
"46" 0.5 -20472.3380200303 0.618033487907484 0.145124270085809 486.479621625355
"47" 0.388888888888889 -26614.8285514403 0.379434668874351 0.094487275867248 747.190553987301
"48" 0.388888888888889 -11318.5335430933 0.599702048719958 0.139248206910198 507.008323960182
"49" 0.5 -13580.388282032 0.532276998953124 0.121788011803375 579.695808763037
"50" 0.444444444444444 -13621.7876224062 0.545544225879961 0.124806668994053 565.674899979615
"51" 0.388888888888889 -11567.8516109575 0.539782346510439 0.123539433523233 571.477446403562
"52" 0.388888888888889 -30123.7136522176 0.445753000909739 0.104703723331233 674.283566561003
"53" 0.388888888888889 -10512.2561026753 0.599812354789182 0.139608928616923 505.698315282695
"54" 0.277777777777778 -17309.3102106948 0.362843220660381 0.0924324987135937 763.800621886868
"55" 0.444444444444444 -14029.0377365408 0.588608562574588 0.136246082134863 518.180037867928
"56" 0.277777777777778 -17905.4536830565 0.385423683491099 0.0952641464845831 741.09728166646
"57" 0.333333333333333 -21453.179355714 0.368937545320525 0.0931391266084907 758.005819581778
"58" 0.333333333333333 -38692.2904226979 0.490124390452214 0.112872048035124 625.487011434666
"59" 0.388888888888889 -26939.5421212403 0.748722993461957 0.205049233748123 344.307553407993
"60" 0.277777777777778 -20023.9235518633 0.401655662704647 0.0976498650098035 722.991270831886
"61" 0.444444444444444 -14651.8680382057 0.565865362875048 0.130047719687187 542.877646527128
"62" 0.277777777777778 -89174.6597370823 0.386138056972343 0.0953795709686171 740.200435827392
"63" 0.388888888888889 -31313.9127099589 0.54974525281269 0.125735231936051 561.497353708365
"64" 0.5 -14199.742085538 0.472522025625373 0.109401879320237 645.327122702729
"65" 0.388888888888889 -19312.9480850127 0.456144986518192 0.106703699142182 661.645290346737
"66" 0.222222222222222 -27720.3529993652 0.239440510712244 0.0785311926926529 899.005829139853
"67" 0.388888888888889 -57513.6652142782 0.397236603028017 0.0972619081815473 725.875127477648
"68" 0.333333333333333 -68747.8320771855 0.428483564365609 0.101716995593654 694.082631795749
"69" 0.166666666666667 -85884.0305753708 0.214674267183425 0.076300687489008 925.286551450415
"70" 0.333333333333333 -37092.0052998358 0.405397113617413 0.0980450550745015 720.077110939997
"71" 0.388888888888889 -13340.760878823 0.613813765073609 0.143737891059547 491.171809183927
"72" 0.333333333333333 -14007.4571477533 0.469062379252952 0.108900002245541 648.301180387631
"73" 0.277777777777778 -14059.4282641361 0.548390227351584 0.125531120649513 562.410338047708
"74" 0.277777777777778 -16227.1792171741 0.472585871118986 0.109645497673304 643.893287897306
"75" 0.388888888888889 -13725.2925660261 0.547667607374518 0.125418582626413 562.914988525247
"76" 0.222222222222222 -44804.1174808169 0.266658759166235 0.0811729104893618 869.748288861129
"77" 0.277777777777778 -44966.1010370054 0.315964750970216 0.0865020103406126 816.166002639749
"78" 0.277777777777778 -29814.5525032187 0.333014316671517 0.0886642326448175 796.262460002541
"79" 0.388888888888889 -11465.8103648787 0.497358139143978 0.114311819700958 617.608924297514
"80" 0.166666666666667 -30724.0841896152 0.26036789002257 0.0803793291826729 878.335272487183
"81" 0.277777777777778 -41688.3507440796 0.308793118678221 0.0858846655015241 822.032659587492
"82" 0.222222222222222 -25412.0814072986 0.21905258056518 0.0767039617923105 920.421818512608
"83" 0.222222222222222 -20554.9996639648 0.296269560830064 0.0842634595487903 837.848343493672
"84" 0.333333333333333 -7209.18628492748 0.667718834885699 0.163216729088211 432.55369957723
"85" 0.333333333333333 -15865.5740574751 0.38865849753944 0.095922254646296 736.01272468345
"86" 0.333333333333333 -19347.0112078024 0.375122105815089 0.0938618141768412 752.169565644506
"87" 0.333333333333333 -37693.7734849414 0.460998197912731 0.107349840953375 657.662828123455
"88" 0.388888888888889 -11849.4930655779 0.463635596768418 0.107890117372057 654.369479982467
"89" 0.222222222222222 -20825.0106887576 0.321356682631914 0.0872756911557013 808.930861103676
"90" 0.388888888888889 -13679.079727344 0.415965838738082 0.100091892286198 705.351836072092
"91" 0.388888888888889 -17736.9762919632 0.360178468948775 0.0922295608037013 765.481255519182
"92" 0.5 -12965.2424254541 0.722469631123085 0.189563958620388 372.433665733792
"93" 0.277777777777778 -20914.6644225495 0.292461091992188 0.0838522085987142 841.957548642106
"94" 0.388888888888889 -21754.9503128832 0.443650043412282 0.104243743927863 677.258867916864
"95" 0.5 -9774.87362679383 0.652353679910691 0.157103496474849 449.385287941713
"96" 0.388888888888889 -23722.922490127 0.570660787335721 0.131089196562768 538.56459457508
"97" 0.388888888888889 -14108.5269148376 0.453638247036974 0.106279763986497 664.284501130149
"98" 0.5 -29508.2012148868 0.520059584816678 0.119095099048344 592.803570962576
"99" 0.166666666666667 -27046.3380445903 0.287677850668691 0.0832779810734015 847.763107246475
"100" 0.333333333333333 -19322.4846463646 0.400911989822891 0.0977679935072414 722.117714267818
"101" 0.333333333333333 -17631.5422385122 0.471390408037923 0.10928591819914 646.011866518367
"102" 0.388888888888889 -29487.4821743028 0.462494675165874 0.107380285764495 657.476365399501
"103" 0.5 -11598.3940169525 0.600906834072087 0.13980579701177 504.986213082826
"104" 0.277777777777778 -31625.3806889478 0.271253783801086 0.0816972362152547 864.166320314485
"105" 0.666666666666667 -54995.7330901773 0.686167301335373 0.171354434327432 412.011514479364
"106" 0.333333333333333 -17425.0639616107 0.578740039195146 0.133357424318404 529.404345958541
"107" 0.333333333333333 -14136.3247105228 0.608454552668978 0.141950979070041 497.35479432773
"108" 0.333333333333333 -18194.4283385114 0.436170831271412 0.103018741199988 685.312198320748
"109" 0.388888888888889 -35907.2779037676 0.512959409415136 0.117548671038825 600.60228138761
"110" 0.444444444444444 -8352.58454539027 0.693026960933362 0.174372152724138 404.881163058709
"111" 0.388888888888889 -20303.9986366393 0.345559532351355 0.0900406534815513 784.090266675657
"112" 0.277777777777778 -12167.6533536705 0.424770462046617 0.101388797794604 696.329392750305
"113" 0.388888888888889 -22243.4360454901 0.625264998904976 0.147490046988836 478.67636794057
"114" 0.388888888888889 -23467.6486898117 0.52606023557437 0.12004987368413 588.088915326638
"115" 0.444444444444444 -4882.68490953709 0.732430315922397 0.19536022009307 361.383704248316
"116" 0.333333333333333 -19868.3102101884 0.279921894406583 0.0826417171420858 854.290090301699
"117" 0.222222222222222 -17828.9931936398 0.348175269420641 0.0905050319171553 780.067124495624
"118" 0.277777777777778 -14906.1072658483 0.404685766162037 0.0983377508753479 717.933849122622
"119" 0.277777777777778 -14911.3855576831 0.40869364376591 0.0988478357064107 714.229092579123
"120" 0.388888888888889 -9684.36869834596 0.516826074873896 0.118346286778465 596.554416043129
"121" 0.277777777777778 -12038.1655374741 0.397828156992985 0.097289633283624 725.668271296522
"122" 0.333333333333333 -19514.809732675 0.388860008373943 0.0959343411753398 735.919996270824
"123" 0.222222222222222 -68048.3037351013 0.331404360432665 0.0881587673820223 800.827893771085
"124" 0.277777777777778 -14166.4063710261 0.50138371597561 0.115045561490092 613.669915514993
"125" 0.222222222222222 -21334.6513679485 0.338478606205913 0.0892967607769212 790.622183668801
"126" 0.333333333333333 -15595.7116990659 0.619182525266014 0.145532538483735 485.114880394189
"127" 0.277777777777778 -25919.0468926984 0.36192070852985 0.0923071220664516 764.838058207202
"128" 0.277777777777778 -29561.3479663473 0.421561127932512 0.100742835647611 700.794250490944
"129" 0.388888888888889 -20776.8588165369 0.423750249221402 0.100991253187541 699.070441960907
"130" 0.388888888888889 -20771.9511139879 0.370439670394993 0.0932371409720751 757.208975564201
"131" 0.222222222222222 -21628.9747790947 0.347919768500278 0.0904645662353742 780.416056119809
"132" 0.277777777777778 -29977.9984038859 0.529893472903015 0.121141038608705 582.791767437652
"133" 0.444444444444444 -22707.14675085 0.569013346369576 0.130980475785176 539.011631899952
"134" 0.277777777777778 -39184.3296333285 0.421043463757565 0.100465706212138 702.727355053124
"135" 0.333333333333333 -24004.5970166524 0.477084381884556 0.110436967893297 639.27868852949
"136" 0.388888888888889 -15705.5746362501 0.539738875182547 0.123392064626459 572.159970041227
"137" 0.277777777777778 -21558.364519368 0.406825226352088 0.0983730344073223 717.676347236321
"138" 0.277777777777778 -14618.7399094222 0.463479834714338 0.107858395694448 654.561933222176
"139" 0.444444444444444 -8806.20655562187 0.472082853228535 0.109599248752895 644.164999334771
"140" 0.222222222222222 -25889.296639848 0.727933564144485 0.192073981982571 367.56670149321
"141" 0.333333333333333 -9344.19141555899 0.657931725632768 0.159331092096218 443.102467140347
"142" 0.277777777777778 -17798.3066884522 0.268775882849897 0.0814855671319841 866.411101804661
"143" 0.333333333333333 -31848.7624685902 0.442751483078651 0.104027377338714 678.667498942376
"144" 0.388888888888889 -38544.1544750181 0.377774998435428 0.0943515678662898 748.265255115323
"145" 0.388888888888889 -14379.0241748281 0.474168733698832 0.109771682653779 643.153118301677
"146" 0.388888888888889 -27083.6299227668 0.631336892086834 0.149274334356866 472.95471324105
"147" 0.333333333333333 -28273.8538551369 0.419919580315285 0.100554389583882 702.107588660819
"148" 0.277777777777778 -56122.3382568414 0.396271015223182 0.0967615256140825 729.628843199275
"149" 0.166666666666667 -57179.8380761921 0.31500297346707 0.0862614835562402 818.441755108126
"150" 0.333333333333333 -14927.6915765292 0.42629963173555 0.10164858298826 694.549770636291
"151" 0.222222222222222 -28560.7217070344 0.281425977587857 0.0826791602554122 853.903205861099
"152" 0.388888888888889 -9360.33795655495 0.466345392631233 0.108449240492725 650.995799318079
"153" 0.333333333333333 -17533.6593483795 0.552703083279479 0.126590358869507 557.704398901157
"154" 0.388888888888889 -30961.098052294 0.516341284741142 0.118113572027582 597.729784884615
"155" 0.388888888888889 -19522.92395773 0.458860631807085 0.106950563077307 660.118076694632
"156" 0.333333333333333 -13826.7316320542 0.584810624266383 0.134861377358387 523.500511287113
"157" 0.277777777777778 -23735.9659841332 0.429523710360486 0.10210375365095 691.453521301004
"158" 0.333333333333333 -26601.6365408138 0.476306520305743 0.109945138447053 642.138442838012
"159" 0.388888888888889 -11880.652342643 0.606939605664326 0.141592945345524 498.612411993531
"160" 0.444444444444444 -46231.5415845555 0.509066445626527 0.116316808466595 606.963008448393
"161" 0.277777777777778 -23160.992983991 0.54972894787415 0.125883728519718 560.834992974819
"162" 0.333333333333333 -11209.1642322179 0.623282168852225 0.146982336767668 480.329824335259
"163" 0.333333333333333 -30562.361578235 0.421538882764818 0.100705837151874 701.051716530877
"164" 0.5 -18503.0168258811 0.685915385714589 0.171123213235099 412.56822300903
"165" 0.166666666666667 -25571.3488172719 0.212313018833821 0.0759126249546541 930.016582118883
"166" 0.444444444444444 -27115.4570970468 0.554175925788852 0.127101334825879 555.46230176668
"167" 0.277777777777778 -25610.5559310334 0.478482582848598 0.110406936962674 639.452573744239
"168" 0.333333333333333 -18680.1555588091 0.489239421321087 0.11272182186565 626.320607948884
"169" 0.277777777777778 -20504.5024750776 0.42321251346047 0.10099730052893 699.028584232084
"170" 0.333333333333333 -14538.3537574011 0.405791436504679 0.0983286972518496 717.999952945293
"171" 0.333333333333333 -36815.0041994581 0.343624782113804 0.0899266609309222 785.084192709344
"172" 0.277777777777778 -19566.8902662834 0.382125954039991 0.0949637999909385 743.441185027734
"173" 0.222222222222222 -29745.7795978763 0.270501058933094 0.0816381274453861 864.792006005155
"174" 0.277777777777778 -23076.3938511778 0.320034015985209 0.0871465193241691 810.12988869218
"175" 0.222222222222222 -43260.7109328048 0.408180781697872 0.0984044946642904 717.446903628272
"176" 0.444444444444444 -13768.4895668543 0.546131209413172 0.125074173129194 564.46505488447
"177" 0.277777777777778 -17647.4959527778 0.498476884989091 0.114523969894964 616.464833211345
"178" 0.277777777777778 -43922.9932855565 0.319185509657708 0.0870794317848699 810.75402713258
"179" 0.388888888888889 -23702.4938642285 0.516862122261057 0.118237441151969 597.103585058635
"180" 0.277777777777778 -15966.4484875316 0.367344062578739 0.0929780454809487 759.319037465312
"181" 0.333333333333333 -21931.5966540327 0.517183473009603 0.118237639941968 597.102581163248
"182" 0.444444444444444 -11841.0953501683 0.707989210613145 0.181996441356172 387.919672900823
"183" 0.5 -25768.5212296963 0.612081790997833 0.143233790211199 492.900452441425
"184" 0.444444444444444 -21385.0158318334 0.521557290040494 0.119369949800884 591.438633573733
"185" 0.333333333333333 -17607.9724268079 0.530317322904959 0.121013261570259 583.407133101776
"186" 0.555555555555556 -10723.3490787196 0.758791937822706 0.211969742229823 333.066404937427
"187" 0.277777777777778 -22746.6344990163 0.328129154593473 0.0879599410707139 802.638100260235
"188" 0.277777777777778 -29203.5548745299 0.465257036170576 0.107864623463432 654.524140845259
"189" 0.111111111111111 -33327.5251553382 0.173129173398098 0.0726815994693332 971.360021180994
"190" 0.277777777777778 -44811.7547202925 0.51377009711709 0.117234823012129 602.210147002957
"191" 0.444444444444444 -11172.1667151925 0.58876603811451 0.1361734730774 518.456336645475
"192" 0.388888888888889 -34838.1532974778 0.443110321229416 0.10419997367771 677.543357336784
"193" 0.444444444444444 -12823.2659405285 0.644686907654349 0.154242940522537 457.719489532712
"194" 0.388888888888889 -9414.14315336518 0.518723463245038 0.118802149490417 594.265342023082
"195" 0.166666666666667 -19831.4933702993 0.168705830591118 0.0724554746374527 974.391519112434
"196" 0.333333333333333 -93677.1691034104 0.469734245517679 0.108883309748929 648.400569038494
"197" 0.388888888888889 -12059.8309844963 0.515320748960364 0.117922417252229 598.698717725493
"198" 0.333333333333333 -22141.769132426 0.402707128169614 0.0978844259570153 721.258763176515
"199" 0.222222222222222 -65827.2728209657 0.240334549448822 0.0785354950667747 898.956579314518
"200" 0.277777777777778 -21353.0061148808 0.468581198662221 0.10874212200375 649.24243429391
"201" 0.277777777777778 -22098.1224088923 0.392459393880551 0.0963113742213529 733.039068030944
"202" 0.333333333333333 -11117.4678792115 0.52154713783163 0.119522118683919 590.685646952966
"203" 0.277777777777778 -21468.7298765251 0.414435585432402 0.099795984524856 707.443293797215
"204" 0.333333333333333 -15766.7438281417 0.43348215808151 0.102654955280864 687.740789588172
"205" 0.388888888888889 -45486.1855711774 0.465087999704263 0.107892714501269 654.353728389784
"206" 0.333333333333333 -26349.6865957958 0.509874555673831 0.116987486132522 603.483349663783
"207" 0.388888888888889 -13561.3709768447 0.516666903960821 0.118151973533256 597.535512008427
"208" 0.333333333333333 -16402.5362178047 0.366872974932616 0.0929631041641804 759.441077562499
"209" 0.333333333333333 -7768.09861379624 0.647540208496062 0.15552232185198 453.95412799453
"210" 0.388888888888889 -16904.4700184757 0.571504164591091 0.131472859473697 536.992960240014
"211" 0.222222222222222 -25501.7806472301 0.264623664259473 0.0808886249269038 872.80504599749
"212" 0.333333333333333 -17617.1032551811 0.499763352868142 0.114676502743555 615.644864562003
"213" 0.333333333333333 -16920.7395758214 0.564731609916177 0.129459172567865 545.345676166672
"214" 0.333333333333333 -12929.083620068 0.463498423242453 0.107808480059465 654.86499727163
"215" 0.388888888888889 -15789.4604314638 0.456472929464018 0.106505191114882 662.878487526933
"216" 0.277777777777778 -15306.4653334888 0.320911370962576 0.0871931624272077 809.696517877072
"217" 0.277777777777778 -34687.0460735114 0.302560272329058 0.0849844141701865 830.740562129653
"218" 0.222222222222222 -31624.6252929353 0.385069693747452 0.0952309840512733 741.355355122533
"219" 0.333333333333333 -10988.5174250355 0.485335117466436 0.111876105830234 631.055214838561
"220" 0.444444444444444 -9485.46156251338 0.581661459156965 0.134231571562201 525.956741609668
"221" 0.222222222222222 -38151.3364335526 0.407893812832766 0.0987985896480217 714.585099357374
"222" 0.277777777777778 -34413.9553459065 0.476869998912114 0.110118246818975 641.128986697912
"223" 0.277777777777778 -17103.2667469217 0.473941787032849 0.10974506897026 643.30908588824
"224" 0.277777777777778 -18029.9826772 0.35166771752346 0.0908799686203273 776.848859785023
"225" 0.388888888888889 -14052.3543400316 0.412445980619767 0.0995868762256991 708.928753222416
"226" 0.444444444444444 -24307.3875546975 0.534810396127321 0.122055020814319 578.427659337367
"227" 0.444444444444444 -18735.0639150187 0.605219216870508 0.140903146268482 501.053396390994
"228" 0.277777777777778 -18424.7568297412 0.478497243826286 0.11065582085398 638.014335397347
"229" 0.388888888888889 -23110.0581986337 0.424247317781288 0.101160833888656 697.898557041419
"230" 0.333333333333333 -23251.1720276343 0.573514635492382 0.131810956580399 535.615565136554
"231" 0.388888888888889 -20855.9016065072 0.386761532818277 0.0957545358267105 737.301887482038
"232" 0.222222222222222 -14855.849436311 0.429363142461668 0.10200973311982 692.090821540272
"233" 0.388888888888889 -27742.7025895603 0.486302644699797 0.112187946774476 629.301115046897
"234" 0.277777777777778 -27022.9155362181 0.320978434394701 0.0871882630374911 809.742017336001
"235" 0.444444444444444 -16510.3236124655 0.534628414689285 0.122284797373049 577.340777567172
"236" 0.5 -22421.6532220394 0.531064948813757 0.1214657775372 581.233672820955
"237" 0.388888888888889 -18385.224117095 0.440232005698001 0.103712557787968 680.727594669261
"238" 0.166666666666667 -26063.5609572868 0.18600277085692 0.0736916385735111 958.046277252649
"239" 0.388888888888889 -25919.3718831308 0.395435466713007 0.0967445923592591 729.756550503911
"240" 0.444444444444444 -36991.6822476445 0.615849545026786 0.144153165834089 489.756847111189
"241" 0.333333333333333 -9643.06304923432 0.495134478357789 0.113936012976785 619.646046543554
"242" 0.388888888888889 -7743.04649748301 0.490465830739232 0.1131281308375 624.071126052737
"243" 0.444444444444444 -8975.90674617782 0.647366896279738 0.15529979281209 454.604598767397
"244" 0.388888888888889 -25576.7252543843 0.624685400679229 0.147478713723272 478.713152682316
"245" 0.277777777777778 -13935.7375787705 0.482571287161442 0.111259364024348 634.553330581234
"246" 0.222222222222222 -46508.295012015 0.32924892806617 0.0878623144458028 803.529937098903
"247" 0.277777777777778 -11675.3216212379 0.512956734256761 0.117569743133597 600.494635084606
"248" 0.333333333333333 -16187.6044227669 0.531690593968033 0.121753236553937 579.861381908515
"249" 0.277777777777778 -37192.5964234568 0.45683535784771 0.106810655649331 660.982741570148
"250" 0.277777777777778 -19882.7896624766 0.42889996808852 0.101772975715141 693.700852352069
"251" 0.444444444444444 -7333.89398264346 0.701932791951372 0.178783770954356 394.89042894181
"252" 0.277777777777778 -18568.1075352172 0.463574764111982 0.107830059158634 654.733944791191
"253" 0.333333333333333 -23176.5266544668 0.491699717357162 0.113250061934428 623.399217572856
"254" 0.388888888888889 -11939.8492978799 0.471285872485057 0.109221803947092 646.391081712945
"255" 0.388888888888889 -14358.9008931631 0.545647164271066 0.124709700068156 566.114744574128
"256" 0.388888888888889 -30048.70673917 0.440248283732934 0.103586248361075 681.557649948925
"257" 0.388888888888889 -15270.3062163875 0.587451905260798 0.135631227843726 520.529092911739
"258" 0.222222222222222 -24733.6630210662 0.587574276196357 0.135592086459412 520.679354109161
"259" 0.277777777777778 -30108.9490250297 0.315332445191227 0.0864639670974722 816.525107162981
"260" 0.277777777777778 -9803.63432663736 0.45778122648687 0.106957142636657 660.077468971236
"261" 0.444444444444444 -36742.5701799899 0.498631914411631 0.114242150243323 617.985567057606
"262" 0.166666666666667 -19440.7195760715 0.282978994358941 0.0829626162381349 850.985699358258
"263" 0.388888888888889 -20918.5639551675 0.462758420379676 0.107845765356479 654.638592128627
"264" 0.444444444444444 -13927.9073694351 0.465991562450528 0.108502064938834 650.678860718453
"265" 0.444444444444444 -25112.1051348909 0.559308740024217 0.128339916819861 550.101649972977
"266" 0.277777777777778 -42838.4113162623 0.368431888941207 0.0931510884625209 757.908481428059
"267" 0.166666666666667 -39079.2518394824 0.331250601283617 0.0882747597286224 799.775612157327
"268" 0.222222222222222 -15767.458765403 0.585078766463006 0.135323945090873 521.711068596106
"269" 0.444444444444444 -9182.13696719531 0.48261004932675 0.111513709508028 633.106012807485
"270" 0.444444444444444 -16344.1229245306 0.462506118396639 0.107692758346196 655.568685250354
"271" 0.388888888888889 -15891.7404668472 0.603866225205664 0.140891220140927 501.0958094435
"272" 0.277777777777778 -53603.7147292277 0.322035217556096 0.0873088569771239 808.623574335628
"273" 0.277777777777778 -14636.5464309804 0.315452246279759 0.0865494750188703 815.718408281588
"274" 0.444444444444444 -12955.9803910589 0.556171062388089 0.127548843021919 553.513448866547
"275" 0.333333333333333 -19583.0576998587 0.459807554107075 0.106998472360321 659.822504402234
"276" 0.222222222222222 -33921.0226726419 0.26467439787199 0.0809247350403673 872.415584243593
"277" 0.333333333333333 -12533.1863981139 0.361736749665021 0.0922276132408959 765.497420122917
"278" 0.277777777777778 -14707.082756365 0.328732457365199 0.0881041795985031 801.324072498366
"279" 0.333333333333333 -11271.4414997058 0.569959756687251 0.131226813642372 537.99980385414
"280" 0.277777777777778 -28808.6875409173 0.317889907119047 0.0867852451617907 813.502339808833
"281" 0.333333333333333 -10981.7315276548 0.480419767684833 0.11107613441401 635.600080723507
"282" 0.166666666666667 -27879.7923181488 0.275907231028093 0.0822127970472888 858.747087261742
"283" 0.277777777777778 -13427.4534240735 0.737613451809512 0.198187679698842 356.227996146283
"284" 0.277777777777778 -23089.272574333 0.39926258297042 0.0974951852023275 724.138323892476
"285" 0.333333333333333 -14069.1177997894 0.571099045142737 0.131416941942714 537.221449200785
"286" 0.388888888888889 -27686.9335080871 0.442316525498676 0.104065499096572 678.418886306245
"287" 0.277777777777778 -17962.3298447883 0.352877128234708 0.0911437235408525 774.600787166168
"288" 0.333333333333333 -15258.2337302444 0.555980057812744 0.127441383109639 553.980177218118
"289" 0.222222222222222 -12680.9371260067 0.419928544424783 0.100592161294468 701.843951770055
"290" 0.444444444444444 -12019.4508386015 0.541734704897056 0.123866088246379 569.970368803212
"291" 0.277777777777778 -15314.0225581698 0.273558754455122 0.081968205176585 861.309575437276
"292" 0.388888888888889 -31772.9810977543 0.47933919867583 0.110685336050385 637.84420338989
"293" 0.333333333333333 -16237.9452792481 0.372893572759002 0.093638849501033 753.960566326919
"294" 0.333333333333333 -21033.0732080066 0.558335239573484 0.127906765995964 551.964545817911
"295" 0.277777777777778 -30046.3079584951 0.440856840429273 0.103922303181293 679.35368865755
"296" 0.444444444444444 -31292.9674223752 0.495468078113608 0.113666194494433 621.116949626196
"297" 0.444444444444444 -11861.2239573479 0.469514756875822 0.108996272876067 647.728570317947
"298" 0.166666666666667 -21924.2203038961 0.193196954814111 0.0743207517003608 949.93657067192
"299" 0.222222222222222 -52777.3535033015 0.279520785868372 0.0826144062639984 854.572503667147
"300" 0.5 -16593.1743877995 0.51111296718027 0.117101469197204 602.895937036509
"301" 0.333333333333333 -13207.9978487146 0.44876234179545 0.105225668986049 670.938951306269
"302" 0.444444444444444 -34485.0794955255 0.563068706083717 0.129001054001043 547.282350107226
"303" 0.5 -17021.3998006049 0.538483902793601 0.123187703380228 573.109150205421
"304" 0.444444444444444 -25140.3197536621 0.614384271890144 0.143664129220703 491.423992773736
"305" 0.333333333333333 -17530.6421127286 0.511132768013998 0.11696162654159 603.616776609171
"306" 0.388888888888889 -46772.5933227809 0.393240479041829 0.0961965319909093 733.9141914874
"307" 0.388888888888889 -11899.3758886379 0.535011371616569 0.122391240563624 576.838666516326
"308" 0.277777777777778 -8739.66547531673 0.612819969277725 0.143482391120673 492.046441717183
"309" 0.222222222222222 -35269.2273184509 0.177028026877203 0.0729097454089236 968.320484511788
"310" 0.5 -18786.6170968082 0.574188034658187 0.132287182134613 533.687382713761
"311" 0.5 -9812.58820853594 0.505388136541459 0.116033647364699 608.444202207148
"312" 0.222222222222222 -15060.5456575315 0.372696956129168 0.0937012419479565 753.458529815567
"313" 0.444444444444444 -14088.4797160452 0.687356941670171 0.171570543293501 411.492547874179
"314" 0.277777777777778 -17640.8333100816 0.242458483112496 0.0789393971656857 894.356969205349
"315" 0.277777777777778 -25959.4417583595 0.445419351345028 0.104611897897631 674.875434045624
"316" 0.444444444444444 -10379.76998558 0.549411701196977 0.125821624121917 561.111815975219
"317" 0.388888888888889 -18223.2797343935 0.502077084363847 0.115077140093615 613.501516830946
"318" 0.333333333333333 -14246.2460327921 0.50887429665324 0.116759479571603 604.661824967321
"319" 0.333333333333333 -14329.8544927832 0.429178216002967 0.102132878956064 691.256339012738
"320" 0.444444444444444 -8767.5162684506 0.612098053259361 0.143178568828263 493.090555226053
"321" 0.277777777777778 -39333.5570129423 0.526939798739921 0.120531002094361 585.74141733866
"322" 0.277777777777778 -12717.956128778 0.383180219192326 0.0952104889555369 741.51493994501
"323" 0.333333333333333 -11601.5589537674 0.318391814106483 0.0869960604369019 811.531000891771
"324" 0.444444444444444 -25521.3292220267 0.55133692072504 0.126268219618893 559.127231009414
"325" 0.555555555555556 -10939.9869525912 0.60783333136243 0.141941479735939 497.388079448943
"326" 0.388888888888889 -8737.13684782317 0.64162441742403 0.153358094952485 460.360439544285
"327" 0.388888888888889 -11764.369544556 0.70744454748941 0.181523142404399 388.93112506127
"328" 0.666666666666667 -15696.1493169327 0.727758111194387 0.191970491678765 367.764854809763
"329" 0.388888888888889 -25835.4236759167 0.441108753928732 0.104012343270372 678.765594353363
"330" 0.333333333333333 -5868.16436892773 0.685339540665757 0.171216389057915 412.343703710041
"331" 0.277777777777778 -17962.0157476135 0.36917023662273 0.0930661718195716 758.600022109784
"332" 0.555555555555556 -9491.09812854382 0.744749107336615 0.202536655792849 348.578876863695
"333" 0.444444444444444 -42116.6570529948 0.411453060182241 0.0992112790908292 711.61263766557
"334" 0.444444444444444 -10524.8121982288 0.50923215942442 0.116743300300505 604.745624102378
"335" 0.388888888888889 -20035.2421306631 0.524962578188089 0.119953023184044 588.563740420935
"336" 0.222222222222222 -23611.9687234437 0.372501910123349 0.0936125926263485 754.172040526615
"337" 0.277777777777778 -20652.2130665247 0.325553587821487 0.0876620005452089 805.366060104803
"338" 0.444444444444444 -23610.9042860807 0.483282684159061 0.111310354803756 634.262644517399
"339" 0.388888888888889 -16041.3909245638 0.464398018472798 0.108018368770279 653.592539896098
"340" 0.277777777777778 -19637.4590290354 0.317575069061661 0.0867652207002958 813.690087228227
"341" 0.555555555555556 -15925.9586879202 0.569739994877558 0.130826983043468 539.644027230552
"342" 0.388888888888889 -33844.85405253 0.511269907521806 0.117119316002931 602.804066907574
"343" 0.333333333333333 -24182.9694125525 0.625501438582448 0.147549818693068 478.482458503465
"344" 0.333333333333333 -10420.5332242799 0.558437447333104 0.128111841263149 551.080987548869
"345" 0.333333333333333 -9264.95137715055 0.520266394661866 0.119269760304657 591.9354563945
"346" 0.333333333333333 -24019.0372580129 0.388321956107075 0.0959533010501553 735.774582294954
"347" 0.333333333333333 -9578.05244263688 0.515327932657095 0.118204179522521 597.271604821292
"348" 0.333333333333333 -17912.0511894429 0.423718032205155 0.101231563127358 697.410943967933
"349" 0.444444444444444 -17854.438613302 0.588695040681425 0.136159577301794 518.509247744778
"350" 0.277777777777778 -10517.9951625211 0.588850413033369 0.136248472279968 518.170947670729
"351" 0.333333333333333 -9514.78353937299 0.735680034326896 0.197156823113996 358.090574218571
"352" 0.277777777777778 -19845.1884481523 0.422265130066036 0.101014325882941 698.910767189731
"353" 0.277777777777778 -15606.357773566 0.40672943923583 0.0985642867681098 716.283781022017
"354" 0.388888888888889 -16199.1888237391 0.389707533486673 0.0961595458973502 734.196478791249
"355" 0.166666666666667 -13737.4298460852 0.354888505670302 0.0914574690411621 771.943513637198
"356" 0.444444444444444 -9972.30897633481 0.504818406976247 0.115927039084377 609.003736812547
"357" 0.333333333333333 -18719.3158393597 0.437637865614031 0.103580457565132 681.595753287792
"358" 0.333333333333333 -23680.3580212961 0.389653826598562 0.0960120943545765 735.324028442411
"359" 0.222222222222222 -30460.2572588155 0.218927340007104 0.0765144072579679 922.702044361038
"360" 0.222222222222222 -10618.690547215 0.259637127971643 0.080678328904455 875.080098443902
"361" 0.277777777777778 -17509.0824773392 0.234375500710739 0.0781109719061664 903.842293561663
"362" 0.222222222222222 -54524.8770895563 0.262106810802158 0.0805252903502553 876.743190777904
"363" 0.388888888888889 -8676.11688614229 0.667387057006504 0.163167497405757 432.684211760848
"364" 0.388888888888889 -26687.6295857406 0.591704132133456 0.137083003209513 515.016437829986
"365" 0.222222222222222 -12893.6994380632 0.354979211191927 0.0914149048813308 772.302942191414
"366" 0.333333333333333 -22263.8869261971 0.493066794911429 0.113126986910269 624.077436589018
"367" 0.444444444444444 -31986.5411494501 0.562047274458395 0.128836208107361 547.982597727247
"368" 0.277777777777778 -43037.9736974015 0.310132919981237 0.0860725762838208 820.238025259049
"369" 0.333333333333333 -50617.143606334 0.452228645115755 0.105861765418864 666.907449735574
"370" 0.277777777777778 -17500.4997789319 0.353825406431776 0.0911919958323236 774.19075386631
"371" 0.5 -11643.0640629276 0.570545134407323 0.131231116730059 537.982162761165
"372" 0.277777777777778 -13352.7348032957 0.333771263815027 0.0887587421977475 795.414606515139
"373" 0.388888888888889 -24304.3343528499 0.603534403556415 0.1403627395744 502.982488187888
"374" 0.333333333333333 -15232.2863537639 0.323573260423464 0.0874592574240476 807.233014313108
"375" 0.111111111111111 -19903.5910161968 0.191738018601151 0.0743202630397345 949.942816567461
"376" 0.388888888888889 -27815.9749623457 0.365058779611168 0.0925749093699241 762.625645334271
"377" 0.444444444444444 -15950.2943509626 0.692906175780142 0.174143253404583 405.413351477801
"378" 0.277777777777778 -72702.7846219921 0.340712662236614 0.0893478483200714 790.170119677523
"379" 0.388888888888889 -23173.7528607951 0.566242778364656 0.130054581950687 542.849001865768
"380" 0.166666666666667 -37718.8679650731 0.295390871508752 0.0841846776952246 838.632420208277
"381" 0.277777777777778 -27473.4156649575 0.427165170285044 0.101599633203103 694.884398439379
"382" 0.388888888888889 -26607.3424506498 0.379016649142631 0.0943392260896477 748.363145706866
"383" 0.388888888888889 -16842.3743671566 0.424439917967052 0.10135692277079 696.54837647011
"384" 0.222222222222222 -22228.3684814891 0.476753742324174 0.1102059246762 640.618915974183
"385" 0.333333333333333 -30950.0459138395 0.489734619273845 0.112592022755036 627.042647182945
"386" 0.333333333333333 -20421.0823167735 0.528517810291479 0.120963274515773 583.648221186292
"387" 0.277777777777778 -32933.9524753471 0.387544088103757 0.0959013666026838 736.173033826446
"388" 0.388888888888889 -16051.7045380554 0.557876314580919 0.1277592824633 552.601725986373
"389" 0.277777777777778 -65775.9517561974 0.488888879979102 0.112535372100548 627.35830239154
"390" 0.388888888888889 -12300.3394951037 0.595529514474373 0.138129513755954 511.114519122504
"391" 0.333333333333333 -16693.381831201 0.779108053039024 0.226714670557081 311.404638378815
"392" 0.333333333333333 -22806.9617920879 0.33706634247504 0.0891097052885609 792.28182577171
"393" 0.333333333333333 -16996.3850492074 0.527752199370329 0.120594761476925 585.431731323659
"394" 0.444444444444444 -67028.6896840339 0.531134745233153 0.121273686726651 582.154314803105
"395" 0.333333333333333 -27169.1820733022 0.544720150632607 0.124516183132798 566.994572301533
"396" 0.388888888888889 -13146.7050726964 0.551370151994423 0.126433860869372 558.394717321353
"397" 0.333333333333333 -14497.5675004743 0.434560453731998 0.102933135890041 685.882144651831
"398" 0.444444444444444 -8791.29234100235 0.57025117563614 0.131350994922796 537.491170443716
"399" 0.388888888888889 -24826.2942938672 0.548482053450773 0.12551156697465 562.497956975228
"400" 0.333333333333333 -18742.3473556065 0.378990182790882 0.0944033802820443 747.854576701299
"401" 0.444444444444444 -9919.37427284055 0.493022730702643 0.113429406974383 622.413551152076
"402" 0.444444444444444 -12317.0024135374 0.469492528420322 0.109022315970214 647.573841848019
"403" 0.166666666666667 -47261.2949984381 0.311840962553216 0.0858686620606618 822.185862755434
"404" 0.388888888888889 -37375.3485222767 0.398395572268561 0.0974046931339313 724.81107150479
"405" 0.333333333333333 -32127.4831785825 0.269484759961605 0.0815021162028008 866.23517632753
"406" 0.222222222222222 -43208.0585607468 0.333465815647682 0.0885495591221244 797.293636466682
"407" 0.333333333333333 -36811.3925228544 0.543313299324465 0.124336718574782 567.812958305938
"408" 0.5 -11263.9086423428 0.516232535112787 0.118312190743617 596.726335268278
"409" 0.277777777777778 -60525.1860746652 0.324578433845647 0.0873681738546003 808.074575502674
"410" 0.388888888888889 -19960.5475843352 0.694411522334929 0.174826047980285 403.82998309246
"411" 0.388888888888889 -72953.8926784194 0.491910517977765 0.112993976354092 624.812067669511
"412" 0.277777777777778 -13944.9134591021 0.481991843282956 0.111298924153775 634.32778471835
"413" 0.333333333333333 -33906.6279679327 0.361054191144054 0.0921962326644277 765.757970360537
"414" 0.388888888888889 -15249.2971549669 0.468087320345946 0.10859352263368 650.130857603322
"415" 0.222222222222222 -12943.6194732976 0.339723850881645 0.0895469637338616 788.41310811863
"416" 0.222222222222222 -33537.7981009732 0.203112786512803 0.0751615377387307 939.310212696991
"417" 0.333333333333333 -14002.6465155065 0.382595023482066 0.0950621179323254 742.672281405092
"418" 0.333333333333333 -15571.3933570856 0.607416152623124 0.141958892349147 497.327070053209
"419" 0.277777777777778 -17265.6428148365 0.441909057240885 0.104003952128976 678.820357830717
"420" 0.388888888888889 -28618.7145781147 0.538799227303658 0.12289582861157 574.470271266417
"421" 0.277777777777778 -41374.9645519085 0.340588120681912 0.089563984404318 788.263278700186
"422" 0.555555555555556 -16789.2921537392 0.536062546328411 0.122606885611477 575.824103580292
"423" 0.111111111111111 -58817.497447313 0.14072900975319 0.0700926536010806 1007.23822501866
"424" 0.333333333333333 -28539.8012478285 0.395188436484992 0.096664024783719 730.364788327033
"425" 0.166666666666667 -28034.5040064325 0.290192244695959 0.083749561811415 842.989485234265
"426" 0.333333333333333 -34205.1893001138 0.566613940320744 0.130010344025283 543.033714196392
"427" 0.333333333333333 -38669.5056266926 0.512413541065604 0.117080527123488 603.003776413957
"428" 0.444444444444444 -31421.7327682212 0.449823649232557 0.105552354483125 668.862389150086
"429" 0.333333333333333 -23611.2218771218 0.311639803565883 0.0860471284488735 820.480604904186
"430" 0.333333333333333 -30217.556413135 0.542032706414268 0.123902679550858 569.802043474135
"431" 0.277777777777778 -17008.4837315131 0.355049221466527 0.0913256035839672 773.05812641127
"432" 0.222222222222222 -10065.9096543808 0.507594739332603 0.116563810838711 605.676834791281
"433" 0.222222222222222 -16172.2680409305 0.303491053997107 0.0852174065243375 828.469239788905
"434" 0.277777777777778 -38033.763741139 0.33105286688854 0.0881643669413602 800.777031007974
"435" 0.5 -19171.9375978624 0.575804071405844 0.132682063323736 532.099051156148
"436" 0.388888888888889 -50247.358886315 0.425569979223559 0.10128548262356 697.039676084614
"437" 0.333333333333333 -18302.0565331971 0.520571286345432 0.119153309380638 592.513966812844
"438" 0.222222222222222 -28214.8616085893 0.352562254619012 0.0909524781194464 776.229537223627
"439" 0.333333333333333 -12455.8600332659 0.485537125647883 0.111947468492112 630.652938837778
"440" 0.277777777777778 -34554.3180952223 0.303821071262682 0.0850816984134304 829.790675509783
"441" 0.388888888888889 -24781.0887310119 0.502393308321687 0.115295169777549 612.341350780056
"442" 0.166666666666667 -16391.0270489525 0.388798337570789 0.0958957926037027 736.215824314215
"443" 0.333333333333333 -16239.2425748884 0.568084168091234 0.13063013808019 540.457210239344
"444" 0.277777777777778 -25898.0684851679 0.511201145915894 0.11691267539221 603.869509983895
"445" 0.388888888888889 -10365.0983229253 0.667357621610479 0.162967325729666 433.215674883889
"446" 0.222222222222222 -16398.2353083024 0.380419723250502 0.0947558500981509 745.072730885433
"447" 0.222222222222222 -38413.1286901022 0.252483796278866 0.0799009005340364 883.594546846511
"448" 0.5 -23305.6351926878 0.537536553031171 0.122729801303222 575.247407315295
"449" 0.333333333333333 -19064.4497554349 0.542230571257851 0.124051769702647 569.117233629385
"450" 0.277777777777778 -17133.6260189003 0.434312399263869 0.103041644587456 685.159871842674
"451" 0.222222222222222 -29122.4966449438 0.611382355903564 0.142765023558691 494.518883128094
"452" 0.388888888888889 -73560.3226495139 0.569211010622487 0.13074927534956 539.964751707037
"453" 0.333333333333333 -9148.62637925597 0.567001453583049 0.130356869907543 541.590175109865
"454" 0.333333333333333 -22927.9869717999 0.455905076240549 0.106575311670175 662.442350799687
"455" 0.333333333333333 -15930.3508436585 0.558743233300991 0.128095140824043 551.152834883715
"456" 0.333333333333333 -14931.8704942206 0.435109612749699 0.102955321714061 685.734344030104
"457" 0.388888888888889 -33850.2082853319 0.492108416597641 0.113071247253816 624.385082102446
"458" 0.277777777777778 -28815.3522805428 0.372411111609589 0.093496477985959 755.108657789254
"459" 0.333333333333333 -23724.4234517564 0.607534157442704 0.141890750075545 497.56590871788
"460" 0.444444444444444 -12853.638431314 0.471766287167237 0.109423792108664 645.197891971157
"461" 0.222222222222222 -14948.3096350819 0.350323995668299 0.0908230092868579 777.336057837668
"462" 0.5 -8998.77407819322 0.650590352321494 0.156538106676437 451.008393412663
"463" 0.388888888888889 -20507.6853396695 0.415604186421931 0.0999451798705179 706.387242400929
"464" 0.5 -33205.2314703787 0.538431520910551 0.123280668964336 572.67697030768
"465" 0.333333333333333 -21893.3941798505 0.367157721077327 0.0929253216729884 759.7498585848
"466" 0.222222222222222 -15085.2079543517 0.273476122516785 0.0820753622739697 860.185054856478
"467" 0.5 -32335.3524770702 0.508803344739651 0.116263880340198 607.239323110654
"468" 0.277777777777778 -28011.0148639064 0.423960294345622 0.100936835341521 699.447330215222
"469" 0.222222222222222 -75130.7875307432 0.227142078779348 0.0772510922361124 913.90293595094
"470" 0.388888888888889 -8946.92992176849 0.578301602921221 0.133454682677678 529.018529612139
"471" 0.388888888888889 -30620.947779716 0.525383903878988 0.120226654704862 587.224190619895
"472" 0.444444444444444 -10095.0549155578 0.533836458095945 0.122212502261219 577.682304950263
"473" 0.277777777777778 -17424.0226564375 0.273333678605399 0.081873737757321 862.303370212105
"474" 0.444444444444444 -15741.8256974442 0.500522527844829 0.114988812890129 613.972770268166
"475" 0.333333333333333 -12167.5694182494 0.454496478972704 0.106373849684417 663.69695380445
"476" 0.333333333333333 -22896.4492848617 0.410170910650918 0.0989371224341371 713.584529881579
"477" 0.555555555555556 -7654.56439307304 0.743190149976845 0.201613484410027 350.174990559753
"478" 0.5 -15676.1613393211 0.560434447357638 0.12836639979544 549.988159771603
"479" 0.388888888888889 -13669.6337619863 0.782473196842601 0.229242785982087 307.970432733778
"480" 0.5 -42784.6098977407 0.527570547566446 0.120601520504487 585.398921213215
"481" 0.277777777777778 -21419.5206828028 0.50895648329822 0.116406500665011 606.495338290163
"482" 0.222222222222222 -69037.480483883 0.176728367137598 0.0729063056031479 968.366171018157
"483" 0.277777777777778 -14370.8562833295 0.594890073613821 0.137672005895533 512.813040971975
"484" 0.333333333333333 -14901.5569480262 0.510094497983207 0.116790670895333 604.500337730495
"485" 0.444444444444444 -10025.1840892546 0.68972228859166 0.172971373636851 408.160023913685
"486" 0.222222222222222 -21498.4573102125 0.391725039022537 0.0962976170533607 733.143790680499
"487" 0.444444444444444 -15228.5265966265 0.694872881176354 0.175143025207115 403.099123796179
"488" 0.222222222222222 -20631.4567805258 0.252110402339161 0.0797555049678479 885.205353893267
"489" 0.444444444444444 -11441.6547358434 0.645844867727986 0.154939849163 455.660699177056
"490" 0.388888888888889 -15806.0663352609 0.553851321205 0.126784198793324 556.851726571132
"491" 0.222222222222222 -18200.8532800999 0.258112593891226 0.0804952738473793 877.070126301564
"492" 0.388888888888889 -38636.7614231864 0.379558846228399 0.0946672686540983 745.769905519964
"493" 0.388888888888889 -15960.2899483294 0.465159089909094 0.108306514306947 651.853680748285
"494" 0.333333333333333 -14509.0018523497 0.466232691788061 0.108296435928278 651.914344131847
"495" 0.388888888888889 -15913.2691460473 0.434053999330925 0.102690804566399 687.50069977639
"496" 0.388888888888889 -36185.0489836723 0.525951107371949 0.120025484497215 588.20841503571
"497" 0.333333333333333 -13068.4242685862 0.485914368458727 0.111985059988684 630.441239279009
"498" 0.388888888888889 -15580.9816133759 0.523772754266639 0.120045568982028 588.110003548483
"499" 0.277777777777778 -25723.4195626312 0.471302507814315 0.109089588767396 647.174499397327
"500" 0.5 -22728.7230527652 0.597185256927499 0.138527939433041 509.644482470087
"501" 0.277777777777778 -34317.6627473216 0.435105256420202 0.102963725479003 685.678375287589
"502" 0.555555555555556 -24753.7637112347 0.615479371787411 0.14395032409205 490.446968044714
"503" 0.333333333333333 -37507.7596024325 0.45383473240671 0.105957327971651 666.305968180787
"504" 0.5 -16392.181254241 0.630934343604695 0.149115505543324 473.458475983155
"505" 0.166666666666667 -25577.960862287 0.279204746141378 0.0824870084592241 855.892355884136
"506" 0.277777777777778 -15764.0520657486 0.472006540266678 0.109371743268398 645.504934732072
"507" 0.388888888888889 -7512.50136085434 0.620389477309473 0.146049497930164 483.397758982769
"508" 0.555555555555556 -17029.8616184428 0.74000385031219 0.19941860996832 354.029145079368
"509" 0.166666666666667 -13095.6390486307 0.464217975930311 0.107864284743333 654.526196210314
"510" 0.277777777777778 -16449.5316087094 0.273758849650072 0.0818543217135074 862.50791066478
"511" 0.333333333333333 -22806.0881626983 0.437081847261954 0.103054325148109 685.07556474252
"512" 0.333333333333333 -21183.7555149478 0.48600616640723 0.112045296931117 630.102306243193
"513" 0.388888888888889 -37731.298629886 0.379644167518489 0.0943200050708152 748.515651022216
"514" 0.388888888888889 -13211.0238210068 0.501383960295841 0.114970897762451 614.068441440473
"515" 0.277777777777778 -10295.8966332578 0.462403261353315 0.10771960277077 655.405313276532
"516" 0.333333333333333 -65424.5339344305 0.421834314555225 0.100714383532772 700.992226964553
"517" 0.277777777777778 -14983.7891482117 0.277476214040201 0.0823335551805362 857.487568041881
"518" 0.222222222222222 -16632.5476988875 0.423615196331971 0.101108030652072 698.263031578027
"519" 0.5 -19328.5683317151 0.543940086515664 0.124452931783912 567.282738847673
"520" 0.222222222222222 -28520.2407420211 0.272460729603115 0.0818708876935354 862.333388447853
"521" 0.333333333333333 -15542.6395935203 0.761860684565411 0.213592166573864 330.536466446607
"522" 0.166666666666667 -35694.3617883119 0.162133595620474 0.0717495866370767 983.977794284843
"523" 0.111111111111111 -42323.2956765365 0.215392104513 0.0763097706888502 925.176414012151
"524" 0.222222222222222 -12735.983280669 0.544009710442236 0.124479251786481 567.162792086026
"525" 0.388888888888889 -13623.7714186681 0.661280957840433 0.160630714463607 439.517437469876
"526" 0.333333333333333 -11184.3522465916 0.553764936262898 0.126967145328983 556.049360778092
"527" 0.277777777777778 -74935.1859190085 0.333666212117312 0.0888166598492334 794.895913895476
"528" 0.277777777777778 -30959.086162048 0.338026764191336 0.0891045074327797 792.32804303711
"529" 0.333333333333333 -45824.5696183182 0.406285312613471 0.0984525836954978 717.096467659573
"530" 0.333333333333333 -13657.1586340122 0.506110182575703 0.116034134976275 608.441645335101
"531" 0.277777777777778 -23430.1033737628 0.395313766869583 0.0967220056355066 729.926964770081
"532" 0.555555555555556 -15667.2253495924 0.571591623995894 0.131209974260606 538.068850312981
"533" 0.277777777777778 -18604.5409518224 0.622403441533605 0.146487900827388 481.951066274004
"534" 0.333333333333333 -24933.263572626 0.387706214268463 0.0958079050338621 736.891177977927
"535" 0.277777777777778 -49566.0636365404 0.351908393381727 0.091115813015406 774.838062280834
"536" 0.222222222222222 -16265.7427191364 0.300896019981929 0.0849893836527352 830.691987230665
"537" 0.277777777777778 -19372.2570026458 0.480895404900317 0.111190161567067 634.948263452389
"538" 0.277777777777778 -22285.5758067541 0.30529057991423 0.0852663619650285 827.9935765168
"539" 0.222222222222222 -31752.8840723404 0.270705937121164 0.0816878372267337 864.265751142876
"540" 0.333333333333333 -26924.1772686687 0.362789156874603 0.0923977230431696 764.088093026001
"541" 0.333333333333333 -19984.0501978931 0.612864385678788 0.143293975206858 492.693429002038
"542" 0.333333333333333 -39719.8363349639 0.535545363775283 0.122262060671265 577.448143867192
"543" 0.333333333333333 -49960.4139583177 0.443719630181241 0.104293798998091 676.933822319505
"544" 0.333333333333333 -22677.7098165639 0.581705956546114 0.133965066648156 527.003059576889
"545" 0.277777777777778 -35817.2639334059 0.262652617339746 0.0807830065552804 873.946180149756
"546" 0.222222222222222 -87781.9295993992 0.22821846235789 0.0775193216480223 910.740683729927
"547" 0.388888888888889 -35121.6579526149 0.468010634754779 0.108766978215461 649.09406474588
"548" 0.222222222222222 -33893.3700634573 0.408786864156941 0.0989047941483248 713.81777403149
"549" 0.277777777777778 -12099.0645254254 0.288882540634965 0.0836592038123521 843.899974931104
"550" 0.333333333333333 -46665.0010340744 0.311228647712378 0.0859639623651106 821.274381235988
"551" 0.388888888888889 -26727.6492449878 0.529953549713578 0.121166678842162 582.668442138017
"552" 0.277777777777778 -16209.6113582417 0.55328677230572 0.126781343892826 556.864265926077
"553" 0.222222222222222 -31198.46356152 0.302685788937442 0.0849930273614043 830.656374902346
"554" 0.444444444444444 -28731.7917179434 0.568353738161531 0.130825632901953 539.649596443467
"555" 0.222222222222222 -20251.7132832523 0.231395268568935 0.0777420165260985 908.131833399242
"556" 0.222222222222222 -13040.7158497537 0.531216035543911 0.121628647832015 580.45535536585
"557" 0.166666666666667 -43121.3851413377 0.227560320380077 0.0772429264506631 913.999549785233
"558" 0.333333333333333 -18663.2583442871 0.447441966645246 0.104875098172538 673.181729793001
"559" 0.388888888888889 -18358.2090620742 0.713214063713537 0.184156430020775 383.369725358139
"560" 0.333333333333333 -16449.4886381071 0.515354613955023 0.117954665443843 598.535036612113
"561" 0.333333333333333 -28651.594006489 0.434970386596756 0.102662734745263 687.688674719021
"562" 0.277777777777778 -56392.1668728492 0.578065668750824 0.133116262504209 530.363448250867
"563" 0.166666666666667 -26116.6633910413 0.274278726817405 0.0819331260530988 861.678339408726
"564" 0.333333333333333 -15282.3061149549 0.420507413706862 0.100673260429767 701.278568893204
"565" 0.5 -6651.41887140493 0.843925957514952 0.293288694344183 240.718450323724
"566" 0.222222222222222 -30622.3820401954 0.242790501154942 0.0787612796866003 896.379544376692
"567" 0.333333333333333 -25308.3905499977 0.428736100382086 0.101824209537319 693.35181015203
"568" 0.222222222222222 -12104.396055604 0.470693008289918 0.109060249970104 647.348598773187
"569" 0.166666666666667 -26418.8352706674 0.258748376809225 0.0803153584967257 879.034861095443
"570" 0.333333333333333 -29790.4947810112 0.275945321574598 0.0822467753289191 858.392316509168
"571" 0.388888888888889 -16384.7002433831 0.553519427364316 0.126675178024273 557.330971237885
"572" 0.277777777777778 -30175.5176476254 0.310531838031548 0.085885483168916 822.024833476769
"573" 0.222222222222222 -26632.5003457888 0.373535550057109 0.0938529984853042 752.240217568059
"574" 0.333333333333333 -16433.8405199956 0.38337971544066 0.0951007321202379 742.370730760925
"575" 0.333333333333333 -22991.44360281 0.36868183810735 0.0930931490706861 758.380189141449
"576" 0.333333333333333 -19500.5008085597 0.499147035290287 0.114699781092119 615.519919286497
"577" 0.444444444444444 -7539.10021106876 0.64271548241222 0.153784286809439 459.084614330486
"578" 0.388888888888889 -14538.3455925807 0.55551175305705 0.127425455620859 554.049421726714
"579" 0.333333333333333 -15455.445146522 0.485909647742475 0.112078595715993 629.915101531965
"580" 0.444444444444444 -9073.82031777721 0.657394590146627 0.15902830354753 443.946130500595
"581" 0.388888888888889 -42979.918261657 0.503659347147216 0.115596524745598 610.745004275647
"582" 0.333333333333333 -18398.6026067617 0.475473809240595 0.110080698627586 641.347673844682
"583" 0.277777777777778 -10248.1606486796 0.466094954192937 0.108336063317518 651.675885555126
"584" 0.388888888888889 -14265.5289300598 0.538152281904695 0.123329530087879 572.45008514744
"585" 0.388888888888889 -15980.5607199985 0.70910838458472 0.182504006142771 386.840823344833
"586" 0.333333333333333 -19070.568556239 0.359180289040993 0.0919119997187817 768.126035947549
"587" 0.333333333333333 -12730.0424290328 0.699698021980612 0.177187773030954 398.447357807621
"588" 0.333333333333333 -29163.429823698 0.356590069504019 0.091522961072427 771.391126038093
"589" 0.277777777777778 -31409.0148059073 0.474203743831527 0.109540978454875 644.507662756393
"590" 0.111111111111111 -25292.4534971591 0.223536018657067 0.0770387209934101 916.422275572814
"591" 0.222222222222222 -79647.7222296683 0.293317585500975 0.0841111985237362 839.365045786105
"592" 0.333333333333333 -17756.7062655247 0.340440087456564 0.0895790657035751 788.130568738253
"593" 0.388888888888889 -11329.2432362467 0.732650169318322 0.194994772967523 362.060987202763
"594" 0.333333333333333 -21323.2083899619 0.382688152063812 0.0951097412231208 742.300410999724
"595" 0.222222222222222 -20488.1013103069 0.29069277378489 0.0837986963124778 842.495207046407
"596" 0.333333333333333 -19504.0915181903 0.532546567025469 0.121588545569469 580.646800809562
"597" 0.444444444444444 -32138.310564221 0.477910635690557 0.110485236727055 638.999400204133
"598" 0.444444444444444 -5888.24490722366 0.783121037477265 0.230090983745194 306.83514343258
"599" 0.277777777777778 -12566.3586776772 0.502082244798403 0.115286565014597 612.387054736699
"600" 0.222222222222222 -26635.640104732 0.358258850616311 0.0917198381106456 769.735331573876
"601" 0.333333333333333 -26232.3211422623 0.453711435928979 0.106147745032938 665.110690557698
"602" 0.277777777777778 -28808.5309504903 0.292217860613564 0.0840838473081565 839.638078658081
"603" 0.5 -16737.7164334726 0.62637608112498 0.148029303614799 476.932595614411
"604" 0.277777777777778 -81228.2106914421 0.49935700711057 0.114533581047999 616.413102201114
"605" 0.222222222222222 -40533.9034986945 0.294673030118811 0.0838938209293414 841.539927707692
"606" 0.333333333333333 -19230.2640053081 0.652524074372991 0.156952167971822 449.818571557897
"607" 0.277777777777778 -13896.0204275486 0.347109641055578 0.0903598254761115 781.320676838453
"608" 0.277777777777778 -23175.6435975285 0.412541713914393 0.0995041028049959 709.518482251521
"609" 0.166666666666667 -40199.4326327905 0.282697740163718 0.0829245687823315 851.376148669736
"610" 0.333333333333333 -13120.390828574 0.659520328355441 0.160147860064171 440.842606149784
"611" 0.388888888888889 -24496.0432672073 0.620456498403582 0.145683785166845 484.611241526605
"612" 0.333333333333333 -20957.7998194245 0.443600285087708 0.104482732542732 675.709739608173
"613" 0.277777777777778 -9625.88695198981 0.510213811219367 0.116905399029873 603.907095701879
"614" 0.277777777777778 -24911.2740980899 0.417586626524057 0.100216871730849 704.472198948793
"615" 0.277777777777778 -21799.8167062256 0.51308323583145 0.117580489476012 600.439752501652
"616" 0.277777777777778 -15889.7373634177 0.350615426791306 0.0908867936215004 776.79052353871
"617" 0.444444444444444 -21358.4127428019 0.615341251610045 0.144085526752403 489.986757110723
"618" 0.222222222222222 -14139.810363951 0.392303631746238 0.0964429114104259 732.039285910315
"619" 0.388888888888889 -55150.8802826115 0.571504033322696 0.131098482592462 538.526446713118
"620" 0.5 -18651.5226066319 0.608915321451703 0.142310173484692 496.099458466295
"621" 0.444444444444444 -9471.82784074885 0.517010345728974 0.118339227898792 596.590000235423
"622" 0.388888888888889 -21431.4915476732 0.644719754590038 0.154014207389995 458.399268459867
"623" 0.333333333333333 -75933.8330664354 0.388596521795477 0.0958223929716008 736.779763170014
"624" 0.277777777777778 -31589.2711389873 0.255383296139871 0.0799978516412385 882.523699719032
"625" 0.388888888888889 -30917.2128655848 0.535880933376177 0.12262958726825 575.717504826662
"626" 0.333333333333333 -18948.8519216527 0.384499564115292 0.0952570445790052 741.152534303593
"627" 0.333333333333333 -16630.459268218 0.702427261498589 0.178587008881341 395.325507953992
"628" 0.333333333333333 -25519.4103731303 0.418792457216829 0.100450702000181 702.832320672809
"629" 0.333333333333333 -13103.5172112108 0.608419785225207 0.14188499491882 497.586091047851
"630" 0.277777777777778 -13453.7995719353 0.324652885916257 0.0877380851324327 804.667663916253
"631" 0.277777777777778 -16657.6344257085 0.433597602335433 0.102947060143112 685.789374673304
"632" 0.333333333333333 -23122.5093607777 0.375789269168634 0.0941710217788384 749.699840422299
"633" 0.333333333333333 -20071.8095590552 0.448123392199542 0.104928177152854 672.841194002196
"634" 0.277777777777778 -27414.5294881034 0.361769772269242 0.0922447268896931 765.35540166349
"635" 0.222222222222222 -19342.4357537104 0.295042516166932 0.0842878800065378 837.605596374282
"636" 0.222222222222222 -19209.0395075479 0.345255155605824 0.0901696009599698 782.968974558758
"637" 0.444444444444444 -11028.7495260426 0.674036049151952 0.165723086044765 426.011859210307
"638" 0.388888888888889 -14080.6951402993 0.59061415722563 0.13676436440025 516.216342682545
"639" 0.388888888888889 -14645.5186845902 0.467949584458906 0.108691903420966 649.542401760736
"640" 0.333333333333333 -23887.5193049204 0.345206123201379 0.0900453311331373 784.049534957162
"641" 0.222222222222222 -26806.8286719839 0.392085233936969 0.0962023142170228 733.870079681591
"642" 0.388888888888889 -11647.6671293496 0.563156127571867 0.129557122911724 544.933373119937
"643" 0.388888888888889 -15519.9223169739 0.580158111296499 0.133546320681157 528.655522966883
"644" 0.277777777777778 -14400.1724709207 0.407152153657535 0.0987561869965024 714.891918645061
"645" 0.277777777777778 -27591.6029229432 0.335000743589022 0.0889158837629518 794.00886559502
"646" 0.277777777777778 -19511.2357970427 0.499691649405189 0.11451318169135 616.522909915207
"647" 0.277777777777778 -8926.55918549234 0.562780119483433 0.129253124551119 546.215035382593
"648" 0.333333333333333 -23569.4395789851 0.448762103275552 0.1050859762053 671.830843176193
"649" 0.388888888888889 -33080.8202738727 0.565651097208719 0.129769145594377 544.043036398468
"650" 0.222222222222222 -21898.983056402 0.363298547237361 0.0924850534268358 763.366591509309
"651" 0.388888888888889 -8920.08217560469 0.4623475798979 0.107777803239927 655.051391637995
"652" 0.277777777777778 -31627.9560782533 0.392576499897004 0.0963446075157216 732.786212123802
"653" 0.333333333333333 -9575.52237140409 0.600391510653698 0.139619159327783 505.661259815014
"654" 0.444444444444444 -17740.4679274683 0.450566221835738 0.1054702351464 669.383166748441
"655" 0.333333333333333 -17556.8295148432 0.518352015725642 0.118584679884091 595.355151011134
"656" 0.277777777777778 -17411.8386019482 0.32969067498818 0.0881857960917129 800.582442172164
"657" 0.388888888888889 -20165.5362698712 0.508882254650211 0.116379714792391 606.634928827095
"658" 0.444444444444444 -8913.90425717936 0.498967682101429 0.114696704700602 615.536428743009
"659" 0.333333333333333 -23195.8844809972 0.42428849831762 0.101289096196057 697.014808616174
"660" 0.388888888888889 -14736.5978790141 0.460655211921847 0.107432871536064 657.154546746901
"661" 0.277777777777778 -41823.2543687216 0.366475002654448 0.0928835006381078 760.091937911248
"662" 0.333333333333333 -61509.7634128403 0.362351003547047 0.0921208370614406 766.384699184972
"663" 0.277777777777778 -28811.1021438692 0.381693705324939 0.0946409626577661 745.977196526399
"664" 0.388888888888889 -15598.3309037062 0.445373292980497 0.104710983938701 674.236812074369
"665" 0.222222222222222 -11531.7250682911 0.381691417366921 0.0951282081562642 742.156310607969
"666" 0.5 -15499.9111143496 0.592463674041212 0.137399655007733 513.829528873466
"667" 0.166666666666667 -18727.8221682011 0.18790905221608 0.0740774305935391 953.056814124404
"668" 0.388888888888889 -22563.2870532168 0.439309382848886 0.103666526517133 681.029859607886
"669" 0.222222222222222 -34670.7902116755 0.538738191181126 0.123155649733319 573.258312979363
"670" 0.222222222222222 -88516.4017662868 0.262751901788085 0.0806055099806112 875.870644785723
"671" 0.388888888888889 -20533.9192480894 0.592858772115279 0.137127551143078 514.849127046225
"672" 0.333333333333333 -13897.4283927015 0.435978418072556 0.103190091961624 684.174213414363
"673" 0.333333333333333 -11550.5766321514 0.369231523980315 0.093325971944185 756.488237188929
"674" 0.388888888888889 -19752.7960189873 0.449767418901969 0.105584453411627 668.659047035665
"675" 0.222222222222222 -20729.4628930917 0.49320713568581 0.113487332345789 622.09586339457
"676" 0.222222222222222 -93936.4473656874 0.215090546346552 0.0762905524982644 925.409473232038
"677" 0.388888888888889 -12335.9827699418 0.646876311084625 0.155282408165343 454.655494039132
"678" 0.388888888888889 -13963.1216839748 0.462142241308537 0.10778689932512 654.99611216246
"679" 0.388888888888889 -13074.9108049952 0.549992852214373 0.126113550496384 559.812960004041
"680" 0.388888888888889 -25664.8957326861 0.431403848433967 0.102204300081595 690.773283938505
"681" 0.333333333333333 -62183.360681973 0.470283064339736 0.108820530917712 648.77463291726
"682" 0.388888888888889 -9215.81466846108 0.626451784909975 0.148007427911987 477.00308691252
"683" 0.277777777777778 -18745.4588165871 0.325769875872086 0.0878801232689845 803.367102523363
"684" 0.277777777777778 -14921.9908906282 0.404037481631426 0.0981255223219449 719.486616013772
"685" 0.166666666666667 -18595.2635985016 0.146079287920812 0.0706231794564442 999.671786846435
"686" 0.444444444444444 -19631.5670351643 0.563562291354688 0.129322323258879 545.922762759777
"687" 0.444444444444444 -16932.5999788158 0.5354543745368 0.122284601436634 577.341702639344
"688" 0.388888888888889 -17228.8959691651 0.478715168024416 0.110533572340775 638.719969914123
"689" 0.222222222222222 -16313.8496526484 0.328746133960988 0.0881971102977849 800.479740907942
"690" 0.277777777777778 -19336.9301963826 0.438747523201203 0.103627160092512 681.288572773517
"691" 0.444444444444444 -16434.9220543665 0.504466995712457 0.115688587945825 610.258982788009
"692" 0.333333333333333 -23785.1727039728 0.412117476997338 0.0994347578266722 710.013294577185
"693" 0.166666666666667 -41627.1968008654 0.319076354270436 0.0868717647772043 812.692135138089
"694" 0.5 -9854.93356773055 0.541492699623545 0.123948665321227 569.590643166927
"695" 0.388888888888889 -25064.07313156 0.572352829470746 0.13158911992101 536.518521002188
"696" 0.333333333333333 -12958.8236159767 0.623263399017243 0.146704104193102 481.240796829183
"697" 0.333333333333333 -24233.5599623875 0.369586656074833 0.0930248382290847 758.937089749504
"698" 0.333333333333333 -18735.568629365 0.422562029163447 0.100913763159333 699.607246719456
"699" 0.277777777777778 -28189.3919022951 0.438637301071223 0.103385937628254 682.878171051246
"700" 0.333333333333333 -27741.5908214574 0.53387906671571 0.122025141244568 578.569295474121
"701" 0.444444444444444 -16073.941891801 0.509411722747448 0.116824805638431 604.323710312902
"702" 0.388888888888889 -31882.1094559211 0.547596249311994 0.125129218040449 564.216744143466
"703" 0.222222222222222 -25087.4280452617 0.299655143737498 0.0847883255827066 832.661802374354
"704" 0.388888888888889 -14694.6757444773 0.436320679615759 0.103254824364683 683.745291654845
"705" 0.333333333333333 -52541.3917697521 0.372271275302254 0.0934196996645072 755.729254681204
"706" 0.388888888888889 -24494.035055648 0.478840984937763 0.110802431878125 637.170130684995
"707" 0.333333333333333 -21529.4848580866 0.376485974942124 0.0942361785599948 749.181482938137
"708" 0.222222222222222 -10396.2176985948 0.409451004188043 0.0991052777741203 712.373766419492
"709" 0.333333333333333 -43776.1719567298 0.325532548385363 0.0877135017695924 804.893187202279
"710" 0.444444444444444 -27169.2877820687 0.573253977018808 0.131959319997727 535.013366249659
"711" 0.333333333333333 -24555.013807971 0.450679295770332 0.105624896876071 668.40301943996
"712" 0.388888888888889 -11517.6895942795 0.755950767356035 0.209951295603777 336.268465488479
"713" 0.388888888888889 -74664.6075649771 0.463750781327267 0.107819366246804 654.798877581909
"714" 0.5 -9969.7465884156 0.576166320637632 0.132590282413544 532.467377811304
"715" 0.388888888888889 -9987.25970359243 0.460199967675303 0.107429192907427 657.177049266647
"716" 0.5 -12599.3953303092 0.746932016615664 0.203762634338247 346.481582500566
"717" 0.277777777777778 -23000.7647194803 0.292367422160731 0.0839453901177364 841.022954339494
"718" 0.333333333333333 -19725.5209787932 0.478362258032131 0.110635262677255 638.132890830241
"719" 0.333333333333333 -10418.5727385662 0.53963180249996 0.123547656208358 571.439411856878
"720" 0.444444444444444 -17397.6289795159 0.610799280716714 0.142562827685044 495.220255843779
"721" 0.333333333333333 -10686.893761116 0.462690660378834 0.107794213411941 654.951669160555
"722" 0.333333333333333 -26782.3271347805 0.536298035910971 0.122475452407647 576.442042973766
"723" 0.333333333333333 -22547.0195277052 0.568676496962992 0.130603320196035 540.568186888586
"724" 0.5 -38230.3001586735 0.512002784256413 0.117351464983697 601.611577749014
"725" 0.333333333333333 -18774.9208341928 0.527911335423702 0.120666540104817 585.08348659598
"726" 0.277777777777778 -30860.20177609 0.427857049725291 0.101666297080104 694.428753949535
"727" 0.277777777777778 -15808.7935677538 0.367070686399505 0.0930027092860897 759.117670247909
"728" 0.5 -6949.07552368225 0.567988053792465 0.130670814999768 540.28896965344
"729" 0.166666666666667 -56623.0469342695 0.229408836693939 0.0775879759129245 909.934808445486
"730" 0.222222222222222 -19243.2980962467 0.202597939165469 0.0751479840233309 939.479626999456
"731" 0.333333333333333 -20005.6970243212 0.503579806051327 0.115396337603255 611.804511879139
"732" 0.277777777777778 -37049.8045266988 0.471545234025737 0.109179616021891 646.640852683017
"733" 0.388888888888889 -32411.5073194876 0.395272381053444 0.0967323676350847 729.848774779637
"734" 0.388888888888889 -21075.2732442281 0.474077190932549 0.109763282870157 643.202336463601
"735" 0.222222222222222 -39554.4978577881 0.312648756587164 0.0862703645826245 818.357501345478
"736" 0.277777777777778 -279241.949002534 0.411030746193622 0.0990025216345765 713.113149386117
"737" 0.388888888888889 -31203.0458199528 0.463843121685924 0.107884681040632 654.402453796109
"738" 0.388888888888889 -12353.8601645344 0.510210676979866 0.116962306988009 603.613264974657
"739" 0.277777777777778 -13662.1036597455 0.266694466326484 0.0813400679969127 867.960916908499
"740" 0.277777777777778 -22909.0177766146 0.291847657067874 0.0838124438858768 842.357014384791
"741" 0.333333333333333 -20868.7905321333 0.331806967997802 0.0882886158860555 799.650094085921
"742" 0.277777777777778 -16054.5234117882 0.285382927546174 0.0832796585433304 847.74603108233
"743" 0.222222222222222 -16359.6915882547 0.342795168001025 0.0899554169355828 784.833225224855
"744" 0.388888888888889 -40841.5491049918 0.556014396719982 0.127245505500693 554.83295635629
"745" 0.388888888888889 -31071.933625687 0.524556788263477 0.120152105121386 587.58853978193
"746" 0.333333333333333 -9401.0643980818 0.468393943103627 0.10882197787087 648.766006475047
"747" 0.444444444444444 -22139.8888814611 0.548044539918299 0.125581595418937 562.184289540836
"748" 0.444444444444444 -22963.7345734546 0.474894002440325 0.109958307715141 642.061536477053
"749" 0.222222222222222 -33257.5776923819 0.339823615200852 0.089196901370004 791.50731601246
"750" 0.333333333333333 -16706.454190444 0.296206122455308 0.0843743890203685 836.746799825202
"751" 0.222222222222222 -16753.7612718023 0.422154926058 0.100870728156419 699.905723794532
"752" 0.277777777777778 -37977.2342590703 0.306748673645246 0.0853812139098436 826.879787332943
"753" 0.388888888888889 -25368.4156271517 0.376025645754654 0.0941178766620911 750.123170048484
"754" 0.277777777777778 -19613.2158227816 0.335850458190081 0.0890049713217351 793.21411997084
"755" 0.222222222222222 -14918.5146970009 0.389452679225681 0.0961865284529315 733.990519624043
"756" 0.277777777777778 -18353.7330946578 0.289344254801448 0.0836504771234357 843.988013311888
"757" 0.277777777777778 -26694.7872197624 0.346801163161851 0.0901079493866695 783.504679448897
"758" 0.333333333333333 -10890.8496226603 0.488454831619899 0.112700205475866 626.440738966694
"759" 0.277777777777778 -38293.4352221136 0.260020038013118 0.0803960101723387 878.153030836484
"760" 0.333333333333333 -9711.94582162912 0.550336161661454 0.126205626140593 559.404538125358
"761" 0.333333333333333 -17003.8179750105 0.628222830125576 0.148517834806776 475.363784368736
"762" 0.277777777777778 -21285.1246653791 0.379820256907533 0.0947238414316875 745.324502605978
"763" 0.277777777777778 -29625.1548644932 0.44350104228432 0.104267066364625 677.107378787372
"764" 0.388888888888889 -21938.1929840656 0.435516624758014 0.102861192975386 686.361862601514
"765" 0.388888888888889 -51994.4474975894 0.440503417482434 0.103705161228149 680.776146181206
"766" 0.388888888888889 -29083.5368999444 0.464498010492502 0.107859454457326 654.555507954406
"767" 0.277777777777778 -28514.9182642823 0.362806174600734 0.0924549322248559 763.615291267496
"768" 0.388888888888889 -24269.9877175653 0.688673111067643 0.172431377914881 409.438240613323
"769" 0.444444444444444 -30889.8844135411 0.506728364913146 0.115927676992202 609.000385686577
"770" 0.388888888888889 -13263.7630857402 0.495737723624443 0.113916090146789 619.754416685357
"771" 0.333333333333333 -70213.1412883806 0.383394866259903 0.0949926275065121 743.215572125953
"772" 0.444444444444444 -23663.6828412582 0.607150741043215 0.141655709664886 498.391488539487
"773" 0.611111111111111 -7899.41713990355 0.70281810682421 0.179149103391521 394.085142841644
"774" 0.388888888888889 -21095.4946732948 0.406464649298399 0.0984715042137019 716.958683263176
"775" 0.5 -18019.9294525407 0.613132719714875 0.143692576750723 491.326703135655
"776" 0.388888888888889 -15422.579245251 0.454172224607883 0.106250406604486 664.46804540529
"777" 0.333333333333333 -13433.1457203734 0.355635628292149 0.0914287353022601 772.186115957953
"778" 0.388888888888889 -10724.8598800182 0.505685180237438 0.116102479414452 608.083482420548
"779" 0.444444444444444 -17611.7533623949 0.542208783609951 0.123829081738084 570.14070530967
"780" 0.555555555555556 -14372.7298855072 0.585223658531428 0.134978804236377 523.045083999736
"781" 0.444444444444444 -13710.8376030911 0.493877355960647 0.113618267059869 621.378954519686
"782" 0.277777777777778 -18412.7160839561 0.440766335027097 0.103817007396966 680.042719109079
"783" 0.333333333333333 -22163.3628767383 0.490375002600924 0.112967674478599 624.957540516376
"784" 0.388888888888889 -13723.5401733012 0.382677330795705 0.0951016287017356 742.363731975829
"785" 0.277777777777778 -33176.5401157007 0.349601205349664 0.0903905892398838 781.054760165769
"786" 0.333333333333333 -19886.4792831337 0.42784071360127 0.101863448777187 693.084721237235
"787" 0.333333333333333 -19040.8116598583 0.440444709917239 0.103880640381193 679.626153063086
"788" 0.444444444444444 -19386.315301961 0.57429697906764 0.132234226532774 533.901107535893
"789" 0.444444444444444 -10834.9649802076 0.639627862389561 0.152696826006411 462.354076678949
"790" 0.333333333333333 -28079.3533328885 0.501879834648195 0.115017693169691 613.818605245722
"791" 0.222222222222222 -21435.2501198532 0.288280504038442 0.0835508922718369 844.99396811107
"792" 0.444444444444444 -11491.1294574597 0.63211708864554 0.150083825392341 470.403788119348
"793" 0.388888888888889 -10282.0956101304 0.606369363616646 0.141410594196089 499.255380414436
"794" 0.5 -11743.607618779 0.477154884694058 0.110466407893067 639.108316696072
"795" 0.5 -16983.7544031008 0.547695632345585 0.125342903523015 563.254863383923
"796" 0.444444444444444 -45415.7919050419 0.489368552728876 0.112761387427752 626.100845426671
"797" 0.277777777777778 -25769.4517530034 0.436581975607336 0.102987649799277 685.51909027538
"798" 0.444444444444444 -7154.72726067924 0.677632342411888 0.167550863605909 421.364584345301
"799" 0.333333333333333 -20745.0129617277 0.434308697756913 0.102630933370129 687.901762964462
"800" 0.388888888888889 -15598.743917634 0.399852816152654 0.0974173349517154 724.717012993557
"801" 0.333333333333333 -14429.1423028568 0.543262909600216 0.124177313967345 568.541851521814
"802" 0.333333333333333 -38805.6394443108 0.434182825507556 0.102708486939994 687.382339117183
"803" 0.388888888888889 -17203.9127282577 0.332912825336502 0.0885995931331605 796.843388365135
"804" 0.388888888888889 -13593.2720027027 0.690916861343998 0.173029240173106 408.023522090073
"805" 0.277777777777778 -18793.2545566231 0.360986058603805 0.0920776408269976 766.744231997088
"806" 0.222222222222222 -16523.6368936635 0.330802651118396 0.0882389219279789 800.100437056837
"807" 0.333333333333333 -27341.2754743028 0.423119063159527 0.101227223263521 697.440843716613
"808" 0.277777777777778 -30953.3683325381 0.470346036101388 0.108910819541238 648.236789488741
"809" 0.333333333333333 -16957.9251362282 0.398309875823982 0.0972318798038204 726.099301406554
"810" 0.333333333333333 -41995.8808292714 0.56026044774637 0.128352609696497 550.047250047667
"811" 0.444444444444444 -18749.66634963 0.547245030408786 0.125144673644782 564.147062306424
"812" 0.444444444444444 -18141.0646386121 0.602305918907286 0.140084050281796 503.98314339127
"813" 0.444444444444444 -13778.1988850116 0.550048417349539 0.126080890035058 559.957976029269
"814" 0.222222222222222 -15728.5845346459 0.305476929979228 0.0854306203065503 826.401584662108
"815" 0.444444444444444 -22826.4078115822 0.508123426131967 0.116578795483135 605.598983137663
"816" 0.222222222222222 -16786.7294016622 0.45503746854473 0.106502388755491 662.895929612283
"817" 0.388888888888889 -18919.5038567426 0.519279249870933 0.118808888184973 594.231636021061
"818" 0.388888888888889 -8112.12775758864 0.693268428801824 0.174563223269584 404.437994886071
"819" 0.444444444444444 -8771.22621332121 0.6580291758751 0.159421723420703 442.850563180097
"820" 0.444444444444444 -28048.727759474 0.448503837863262 0.104976402621305 672.532095186043
"821" 0.444444444444444 -21795.9888476045 0.456158933271593 0.106706825989974 661.625902045233
"822" 0.277777777777778 -34983.5639772297 0.448246691942891 0.104965775193747 672.600186772169
"823" 0.277777777777778 -14463.3239892268 0.403213639641461 0.0980924668356588 719.729070717338
"824" 0.277777777777778 -21450.7529000007 0.374467993302663 0.093961816637563 751.36904038716
"825" 0.222222222222222 -18124.1081919849 0.395741514729498 0.0968836778689804 728.708917259264
"826" 0.5 -7260.29850682429 0.643902682757526 0.154249789181431 457.699166881579
"827" 0.333333333333333 -15094.2438193809 0.643944185047102 0.154133254134489 458.045218057862
"828" 0.277777777777778 -20184.3334212411 0.385042176637109 0.0952987641963201 740.82807469109
"829" 0.333333333333333 -20387.0297067968 0.551841805969252 0.126538990040501 557.93080043869
"830" 0.388888888888889 -66250.1501175477 0.385309605197308 0.0952761985421865 741.003535827887
"831" 0.222222222222222 -15980.9530216953 0.378095157455242 0.0944033958028345 747.854453747099
"832" 0.444444444444444 -27142.0147638075 0.630852577178701 0.14922839401756 473.100313548188
"833" 0.277777777777778 -27048.1812413754 0.493192126895275 0.113366193946322 622.760609158568
"834" 0.388888888888889 -10944.3565645474 0.568264771231695 0.130693727485412 540.194249244904
"835" 0.222222222222222 -36085.3983787686 0.319349048404597 0.0870916281368333 810.640488762908
"836" 0.5 -17695.2818813506 0.492716887859703 0.113400255605128 622.573552619113
"837" 0.388888888888889 -14957.9919389409 0.531300443698737 0.12167697360826 580.22481909599
"838" 0.388888888888889 -13275.7762202015 0.505650968966742 0.115861528813027 609.348078894522
"839" 0.388888888888889 -12867.0492041269 0.571521899823453 0.131319509006652 537.620042399211
"840" 0.277777777777778 -13038.8679355427 0.389779138778885 0.0962431430556922 733.55875295081
"841" 0.444444444444444 -12148.0722953283 0.617770640110035 0.145108575375726 486.532238478652
"842" 0.333333333333333 -53580.0164934811 0.478081579956555 0.110182226123879 640.756703541494
"843" 0.5 -9390.21695261073 0.570559580650956 0.131244553409165 537.927084714131
"844" 0.5 -15696.9569956615 0.627940817867262 0.148521892693215 475.35079657132
"845" 0.277777777777778 -16104.0332207778 0.57655387711672 0.132603520528925 532.414220364534
"846" 0.444444444444444 -15681.8454524691 0.544836225244313 0.124830892127008 565.565132132267
"847" 0.277777777777778 -18774.9923991003 0.268765100709112 0.0813986337260109 867.336425297269
"848" 0.444444444444444 -41145.0195094633 0.592389207035578 0.136778771945651 516.161967209744
"849" 0.222222222222222 -9858.18217038182 0.515601293459587 0.118219488717129 597.194259306341
"850" 0.333333333333333 -12970.6118361559 0.319807302834268 0.0871138204706076 810.433977279421
"851" 0.222222222222222 -25830.5922594837 0.448734085459102 0.105163810241295 671.333606475559
"852" 0.444444444444444 -11831.6809136692 0.641253105203063 0.153174715163639 460.911580116711
"853" 0.222222222222222 -20981.0570341405 0.245500066567319 0.0792349577267751 891.020857781601
"854" 0.277777777777778 -22907.6750965814 0.521101492676812 0.119013862177495 593.20820876066
"855" 0.444444444444444 -20668.0262979582 0.558441739107861 0.127906215610412 551.966920943385
"856" 0.333333333333333 -15743.0646009053 0.536394095525945 0.122706413864295 575.357047579266
"857" 0.222222222222222 -28169.5043042834 0.278963688330952 0.0825533857217041 855.204173430267
"858" 0.388888888888889 -12991.5982376759 0.624079766624396 0.147181364322951 479.680293254292
"859" 0.333333333333333 -24226.1667740625 0.681641614649214 0.169174278121677 417.321124605135
"860" 0.333333333333333 -12888.7854331231 0.459422639479301 0.107177034221281 658.72320980852
"861" 0.388888888888889 -34139.9753433435 0.44829763825555 0.105268332907335 670.667028251957
"862" 0.277777777777778 -47563.9146098905 0.29609546559572 0.084316288680677 837.323382049898
"863" 0.277777777777778 -15291.546868042 0.392828582313095 0.0963827767732988 732.496016026367
"864" 0.277777777777778 -18623.935151629 0.457006234399658 0.106570338791741 662.473262264521
"865" 0.277777777777778 -16348.4378261618 0.365413951554894 0.0927584030479509 761.117027462232
"866" 0.5 -11513.8441768712 0.672118785159775 0.164895522877922 428.149890111132
"867" 0.388888888888889 -16487.551059794 0.5957475790551 0.138053518339623 511.395876389897
"868" 0.388888888888889 -14439.4867364519 0.513074691762119 0.1175312457306 600.691327324362
"869" 0.277777777777778 -10462.1961296444 0.507212539680182 0.116335163091059 606.867245673086
"870" 0.277777777777778 -11980.4561578846 0.552365887386182 0.126574893053794 557.772543169327
"871" 0.388888888888889 -30776.3417353171 0.390832203357774 0.0962221389489042 733.718879783892
"872" 0.277777777777778 -12260.2629886933 0.342212220624012 0.0897832800796651 786.337945521218
"873" 0.333333333333333 -14855.3921159421 0.375882123536297 0.0942385586552041 749.162561561538
"874" 0.333333333333333 -55239.2553243356 0.440208186572305 0.103656193743401 681.09774679523
"875" 0.277777777777778 -117376.802489024 0.320588762619506 0.0869828334638203 811.654405686444
"876" 0.388888888888889 -34974.6228966495 0.540362632979776 0.123418893388752 572.03559407732
"877" 0.388888888888889 -11904.9117699456 0.452317838799374 0.105837999760302 667.057202138102
"878" 0.222222222222222 -20840.6607747013 0.260901548431305 0.0805690037103537 876.267506717691
"879" 0.222222222222222 -20295.8597098128 0.23964107184896 0.0786781971753613 897.326102206482
"880" 0.166666666666667 -33413.2734424979 0.224845198836171 0.0770871861674234 915.846115418792
"881" 0.333333333333333 -8550.34701428846 0.673486677381515 0.165772077029056 425.88595899432
"882" 0.388888888888889 -100643.417311173 0.470484212984258 0.109023209229273 647.568536086016
"883" 0.333333333333333 -6616.36320361775 0.694423761104231 0.174957372457446 403.526864906316
"884" 0.444444444444444 -11115.8730275838 0.741278819901531 0.200705714058715 351.75879436769
"885" 0.333333333333333 -12535.1044315685 0.498117786091899 0.114383212563169 617.223440555234
"886" 0.555555555555556 -9288.9288508719 0.582960466412752 0.13464026766276 524.360217233341
"887" 0.333333333333333 -16389.7283462249 0.517933058329205 0.118394000941386 596.313997657302
"888" 0.444444444444444 -17409.4514987847 0.521049416415404 0.119175693454206 592.402678379449
"889" 0.277777777777778 -41743.5794018501 0.39656953995272 0.0970835302765273 727.208825213782
"890" 0.333333333333333 -53486.05299981 0.353215442684261 0.0912316749336861 773.854037551292
"891" 0.388888888888889 -9870.31661053092 0.546163645518163 0.12497660126008 564.90574466079
"892" 0.222222222222222 -11743.2024672362 0.258725346578137 0.0805615109695229 876.349005255234
"893" 0.444444444444444 -8255.06620917644 0.586096418395079 0.135587257411179 520.697898519326
"894" 0.333333333333333 -25907.6183506953 0.389892791879837 0.0960077793935955 735.357076748612
"895" 0.277777777777778 -12620.6613217202 0.371329619254138 0.0935005473112443 755.075793994948
"896" 0.222222222222222 -12565.536097486 0.365362437912875 0.0927013752140904 761.585249808343
"897" 0.277777777777778 -21303.0218589005 0.607148164616253 0.141699956819193 498.235861074287
"898" 0.333333333333333 -42507.7160927486 0.410814037857661 0.099001883007594 713.117749432953
"899" 0.5 -14171.1527234893 0.576685311680096 0.133008400162808 530.79354321669
"900" 0.333333333333333 -14446.9745860293 0.410276401444767 0.0992070490602991 711.642979694805
"901" 0.333333333333333 -32765.4402128516 0.391994799135279 0.096388437640741 732.452996729134
"902" 0.333333333333333 -18516.782067813 0.372884797578368 0.0936844128314969 753.593878279228
"903" 0.277777777777778 -18783.0922006233 0.264824402168886 0.0811436734702445 870.061669390518
"904" 0.444444444444444 -14186.5563385713 0.516365332187983 0.118308125280964 596.746840779835
"905" 0.444444444444444 -30627.2536292437 0.496714623843778 0.113873791130782 619.984627708732
"906" 0.222222222222222 -22033.1241536528 0.256830644771289 0.0803058521834476 879.138918029586
"907" 0.166666666666667 -33369.1823611 0.268872452547203 0.0814679793335703 866.598147855473
"908" 0.333333333333333 -10609.5540598951 0.489413153881344 0.112685597035776 626.521950073049
"909" 0.444444444444444 -14143.3535768114 0.605029374976423 0.141091734445373 500.383670790683
"910" 0.388888888888889 -43502.0435738287 0.638949154562927 0.151821853914793 465.018692497476
"911" 0.333333333333333 -43336.9045844963 0.31051846381209 0.0856899343358086 823.900736384358
"912" 0.277777777777778 -9705.41113970718 0.492583813806856 0.113462700775132 622.230913927563
"913" 0.388888888888889 -13302.9624350562 0.536920059363663 0.122899121867861 574.454877520672
"914" 0.444444444444444 -16519.3968430231 0.526337696154884 0.120644921277518 585.188329955473
"915" 0.444444444444444 -29071.7720758774 0.63060527840495 0.149384341495784 472.606427776049
"916" 0.333333333333333 -23049.8111402616 0.360112667748003 0.0919932915161821 767.447265299569
"917" 0.333333333333333 -38994.5620989163 0.436643110705163 0.103183327966097 684.219063211426
"918" 0.166666666666667 -21774.9667469899 0.22540637085599 0.0772786559173279 913.576965876934
"919" 0.222222222222222 -21279.70689398 0.280265451266644 0.082693715622602 853.752905749266
"920" 0.333333333333333 -14526.4885270811 0.373141571840677 0.0937952099444123 752.703683288742
"921" 0.222222222222222 -40594.6259589634 0.337857703557076 0.0890542162883757 792.775490509992
"922" 0.555555555555556 -13502.8892087165 0.674286949007207 0.165989622108704 425.327795214602
"923" 0.333333333333333 -47358.354290604 0.367011675653089 0.0929245620771426 759.756069029311
"924" 0.388888888888889 -24466.6282798473 0.474459006431028 0.109690568772974 643.628716577451
"925" 0.333333333333333 -17285.4540843847 0.646305250571575 0.154571160015226 456.747558813983
"926" 0.444444444444444 -11080.6796574509 0.564046948162867 0.129519763463922 545.090556930071
"927" 0.444444444444444 -13585.1827636785 0.611594513181128 0.142912556619921 494.008375959309
"928" 0.277777777777778 -20867.0273361764 0.423998339716548 0.100975632259307 699.178588143903
"929" 0.277777777777778 -15837.9512020373 0.392942850747863 0.0965294995339544 731.382637855346
"930" 0.277777777777778 -10595.1212327068 0.527526429044681 0.12074090823557 584.723115236609
"931" 0.277777777777778 -10889.120567979 0.353255780042032 0.0912332369073259 773.840788655948
"932" 0.222222222222222 -36335.7932876431 0.448675943189308 0.105041326028472 672.116419978012
"933" 0.388888888888889 -43151.5749253484 0.51613822933023 0.1181426501143 597.582667493039
"934" 0.388888888888889 -18503.7246527779 0.438120694327045 0.103346848772412 683.136455911428
"935" 0.333333333333333 -22129.0227068657 0.479674223710714 0.110833287475039 636.992744764518
"936" 0.222222222222222 -12164.0620432572 0.426279485295952 0.101727486598122 694.011052085735
"937" 0.222222222222222 -39381.9802928809 0.276339621055138 0.0823281566182737 857.543796678784
"938" 0.277777777777778 -20483.5387652526 0.43682199466053 0.103116378291882 684.663301499583
"939" 0.333333333333333 -38041.5934031304 0.380183024385327 0.0946601619752964 745.825894724589
"940" 0.444444444444444 -11142.5268982476 0.552241033408166 0.126446250901944 558.340002146433
"941" 0.222222222222222 -11684.7012019044 0.33850128985348 0.0893934733988127 789.766828782129
"942" 0.444444444444444 -12010.8795819576 0.512448062086928 0.117388009583004 601.424287291281
"943" 0.388888888888889 -8318.82916175819 0.556998055305932 0.127751743678548 552.63433568191
"944" 0.333333333333333 -10125.0590175006 0.539188765860992 0.123397055999519 572.136826345963
"945" 0.388888888888889 -10995.1886444264 0.458359014558045 0.107090287536694 659.256797455222
"946" 0.333333333333333 -30162.3406454347 0.588630121334171 0.13603464266876 518.985448228129
"947" 0.388888888888889 -6914.71153226821 0.74215301445434 0.201024780637387 351.2004827273
"948" 0.388888888888889 -21114.775494549 0.410609617336012 0.0990878092609201 712.49935311512
"949" 0.333333333333333 -16588.0575149225 0.285020113240088 0.0832059007494619 848.497514768586
"950" 0.5 -14300.3189094204 0.496313693765532 0.114114816730592 618.675138099516
"951" 0.333333333333333 -33837.962255747 0.477126475656431 0.109973156051163 641.97484672673
"952" 0.388888888888889 -182758.137925157 0.421793973872788 0.10054459533629 702.17598234759
"953" 0.222222222222222 -27371.4461579424 0.293263362822074 0.08413255121683 839.152016418077
"954" 0.388888888888889 -14701.4095579896 0.53906179665438 0.123473237797523 571.783823436891
"955" 0.277777777777778 -19812.4772611175 0.462624685012326 0.107515139558647 656.651707748461
"956" 0.222222222222222 -36373.7659224717 0.218458487199832 0.0767389076534642 920.00267085914
"957" 0.333333333333333 -80453.809057589 0.347695207922925 0.0902961813830362 781.871380590448
"958" 0.166666666666667 -43229.2098307621 0.334014849642569 0.0885951427737075 796.883415836111
"959" 0.388888888888889 -39494.3179494713 0.452018093024172 0.105615422061013 668.462982226353
"960" 0.5 -11448.0650295425 0.701098794069114 0.178088557283516 396.431983485638
"961" 0.444444444444444 -27574.1657143545 0.652428222292672 0.156912747886352 449.931576312294
"962" 0.444444444444444 -14902.2450633421 0.468061425971828 0.1086781447686 649.624633824246
"963" 0.222222222222222 -47745.0134696522 0.438505341868508 0.103533991891328 681.901650948643
"964" 0.277777777777778 -35730.5315901165 0.318413012254175 0.0869498365277805 811.962423614716
"965" 0.333333333333333 -58727.2129879835 0.375220846216731 0.0940642968593444 750.550446420379
"966" 0.277777777777778 -27165.6490837962 0.284665077905774 0.0831293822520441 849.2785353071
"967" 0.277777777777778 -18786.5238226514 0.360670436081116 0.0920796068290425 766.727861154728
"968" 0.5 -16479.872387894 0.628892696257474 0.148385063136517 475.789129361671
"969" 0.222222222222222 -24498.4883239518 0.322082871079556 0.087291056354182 808.788470992282
"970" 0.277777777777778 -19700.3401741895 0.376494221854284 0.0940259561577229 750.856496280375
"971" 0.388888888888889 -43611.2902276652 0.521443653683284 0.119077238723159 592.892485222443
"972" 0.444444444444444 -11328.1308251967 0.596925635860501 0.138765637961768 508.771487213941
"973" 0.222222222222222 -27862.962756142 0.402537833710039 0.0978772491564623 721.311649116149
"974" 0.277777777777778 -11468.2734882473 0.513427399619969 0.117839758309573 599.118676181674
"975" 0.277777777777778 -20498.4459808361 0.335636158728318 0.0890151362019585 793.123540695618
"976" 0.444444444444444 -13803.5031774076 0.561906260942593 0.1291327095602 546.72437557029
"977" 0.333333333333333 -25313.6267758182 0.529881443559758 0.120888487722808 584.00929095815
"978" 0.611111111111111 -12927.6829063753 0.664362917093277 0.161704746892831 436.598191188475
"979" 0.388888888888889 -12949.9923644561 0.423377533152222 0.10109961416667 698.321161578432
"980" 0.444444444444444 -20637.2156975731 0.481391908210188 0.111168932731423 635.069513265589
"981" 0.333333333333333 -25973.1043942528 0.591901667354858 0.136897616554284 515.713872724768
"982" 0.333333333333333 -26409.5655357065 0.459710235411217 0.106940690405368 660.17901822388
"983" 0.444444444444444 -23856.1260939403 0.601283441591609 0.139880962497449 504.714857114939
"984" 0.5 -10515.5843796644 0.707075191910488 0.181050700695673 389.946019146709
"985" 0.333333333333333 -24263.4411236015 0.358294772615825 0.0916031235892878 770.716076413971
"986" 0.444444444444444 -8368.20487095658 0.639055990190481 0.152126165518115 464.088473929181
"987" 0.333333333333333 -18474.7306970529 0.457623774730599 0.106705677914526 661.633020658491
"988" 0.333333333333333 -14996.6061849493 0.470255981341941 0.109017990675623 647.599534374709
"989" 0.222222222222222 -25044.2130548129 0.44560844987743 0.104516347433156 675.492415625726
"990" 0.277777777777778 -38676.8908788295 0.397546667693707 0.0970366770450285 727.559951040358
"991" 0.333333333333333 -16974.2367960203 0.404985475563037 0.0983431626089691 717.894341884436
"992" 0.333333333333333 -13045.7368012234 0.564523517536439 0.129525097163115 545.068110708237
"993" 0.5 -53295.2157386996 0.596070308284682 0.137898779781224 511.969722371777
"994" 0.277777777777778 -15630.7881856299 0.401073153750757 0.0977065260726301 722.572000436486
"995" 0.333333333333333 -18199.6600527818 0.378824088004375 0.0947073568114853 745.454232668842
"996" 0.5 -10655.0532969071 0.536761988244923 0.122707419425705 575.352332649662
"997" 0.444444444444444 -19946.8361907249 0.488241034547461 0.112377674062123 628.238665635417
"998" 0.5 -31148.4550002374 0.627253975323666 0.147911210735712 477.313380431644
"999" 0.277777777777778 -13503.409548584 0.366236299078672 0.092862048041874 760.267531124928
"1000" 0.388888888888889 -8960.61175600134 0.670716640320735 0.164659719109582 428.76302948759
