"SCI" "RCI" "GER" "MSM*" "MIG"
"1" 0.230769230769231 -7396.73915465402 0.542185191570716 0.154097806757373 103.635478895198
"2" 0.307692307692308 -58836.8092631464 0.307786151342767 0.106786394223756 149.55088722761
"3" 0.307692307692308 -4069.84494695156 0.698521402748946 0.217203145209832 73.5256387957549
"4" 0.230769230769231 -13271.5264231857 0.280035645762691 0.103677547911551 154.035278820678
"5" 0.384615384615385 -11266.0879812817 0.607307450957966 0.174227051558988 91.662
"6" 0.307692307692308 -21848.7058556022 0.532662350027745 0.150171195674811 106.345294303858
"7" 0.153846153846154 -12682.0996686156 0.63217511130354 0.184968303674559 86.3391169337765
"8" 0.153846153846154 -10776.1570473835 0.244282050328927 0.0995329020155317 160.449456175888
"9" 0.153846153846154 -16922.518612424 0.147973486903434 0.0891427800252783 179.150796009182
"10" 0.307692307692308 -26497.1786284314 0.295026693662156 0.10547644743423 151.408209021812
"11" 0.153846153846154 -14561.1842487288 0.394766914413825 0.120183711176239 132.879903971191
"12" 0.307692307692308 -145401.276405914 0.422093058546602 0.125386880199326 127.365797558825
"13" 0.230769230769231 -6404.66864292622 0.50876848418318 0.144807850663303 110.284075945111
"14" 0.0769230769230769 -21378.6728755362 0.136097818879382 0.0872842274753257 182.965473395689
"15" 0.615384615384615 -11031.3656297241 0.636674309455298 0.185628603310396 86.032
"16" 0.230769230769231 -8934.92610848141 0.667188699061307 0.199641820135582 79.9932598748817
"17" 0.153846153846154 -55035.5724633027 0.499660705140827 0.142647430963747 111.954347106739
"18" 0.384615384615385 -13058.3397702703 0.377244288066571 0.117512200925219 135.900781997632
"19" 0.384615384615385 -4580.57549223582 0.742867433364159 0.243888595353968 65.4807166231857
"20" 0.384615384615385 -4785.73251243892 0.712133110715619 0.2251535793236 70.9293631839061
"21" 0.384615384615385 -10117.0212540976 0.490767691269391 0.140015399035769 114.058882879877
"22" 0.538461538461538 -2429.83032646324 0.793965799335133 0.288057735354272 55.4402747781067
"23" 0.0769230769230769 -14573.9368031227 0.0647615774333856 0.082062268121143 194.608318361669
"24" 0.384615384615385 -5807.62428052368 0.607165134134902 0.174996703538711 91.2588618931742
"25" 0.384615384615385 -6168.06469193027 0.678197068175172 0.204835947934868 77.9648306901581
"26" 0.461538461538462 -29843.2509508236 0.719796718997232 0.228455769207745 69.9041221650119
"27" 0.230769230769231 -3989.52566171985 0.65580984998588 0.195462005640796 81.7038582390705
"28" 0.153846153846154 -42357.3158217115 0.182503918851289 0.0926710608034444 172.329957826558
"29" 0.307692307692308 -4650.49524421672 0.379540309072191 0.118528288058633 134.735768663933
"30" 0.307692307692308 -16416.8820804725 0.305203231361217 0.106838068743091 149.47855373914
"31" 0.307692307692308 -9005.52624822932 0.423470579348597 0.125928123941821 126.818374641856
"32" 0.230769230769231 -10129.4853394466 0.382064171997562 0.118761884993657 134.470752134432
"33" 0.384615384615385 -6322.8402082791 0.429304800216189 0.127584443805324 125.172
"34" 0.0769230769230769 -8622.59273083448 0.0696929244275029 0.0820650365506426 194.601753331882
"35" 0.230769230769231 -6742.52849917334 0.372442270195833 0.117648064689952 135.743839408554
"36" 0.230769230769231 -9490.86083459218 0.59635815347157 0.170484740237375 93.6740729860284
"37" 0.461538461538462 -5599.09177019331 0.639446780831368 0.187824900618634 85.026
"38" 0.230769230769231 -11507.5677685901 0.288192530793065 0.105016382999671 152.071510595162
"39" 0.230769230769231 -17709.5499535111 0.250260464413402 0.100125048975079 159.500546201729
"40" 0.230769230769231 -22576.0944610629 0.229453345860725 0.0969223057846578 164.771152220441
"41" 0.230769230769231 -5278.41680301025 0.269605706015874 0.102759230433562 155.411829502997
"42" 0.384615384615385 -4764.10514499951 0.678009917009403 0.205124873459313 77.8550145122586
"43" 0.461538461538462 -49172.2507078227 0.703879280038951 0.218648212071893 73.0397008448848
"44" 0.230769230769231 -13937.6296634736 0.60366796819487 0.173836579660094 91.86789127597
"45" 0.384615384615385 -6309.85475181067 0.664912771803213 0.19883297190232 80.3186707275368
"46" 0.230769230769231 -9604.70082067435 0.236172853549778 0.0982468032213695 162.54981817593
"47" 0.307692307692308 -26087.1009809895 0.280883613939318 0.103395152633807 154.455983604576
"48" 0.384615384615385 -5881.7362919176 0.436891927416228 0.129304699956508 123.506724855103
"49" 0.461538461538462 -29516.7463415552 0.585374437406776 0.167152087944114 95.5417320622366
"50" 0.384615384615385 -4899.33365027371 0.534857727562812 0.15217520651653 104.944822258318
"51" 0.461538461538462 -9307.31511185961 0.715275642673831 0.225631514189709 70.7791199174977
"52" 0.307692307692308 -6214.4448498628 0.65259176527378 0.193404902394252 82.572881050582
"53" 0.307692307692308 -5395.7521843083 0.52138915896601 0.148175992335145 107.777243454385
"54" 0.230769230769231 -9773.04106922241 0.579077871240104 0.16450692325178 97.0779811835501
"55" 0.153846153846154 -18030.0181940279 0.198701548064155 0.0941052649304999 169.703576221739
"56" 0.384615384615385 -16794.9235679712 0.569684080889371 0.161754189055647 98.7300551116236
"57" 0.384615384615385 -18209.5238241228 0.498807853813293 0.142414709368257 112.137293056609
"58" 0.384615384615385 -8597.1201652791 0.505258638053618 0.143794912274018 111.060953043786
"59" 0.307692307692308 -43677.2529708253 0.548121569019278 0.155782953667498 102.514425513373
"60" 0.461538461538462 -6294.13048696074 0.533409454636683 0.151036395376571 105.736103938278
"61" 0.307692307692308 -8711.94372851978 0.417219373115836 0.125067673030246 127.690870175044
"62" 0.230769230769231 -7497.49470504184 0.443158018031806 0.129918967686699 122.922774744577
"63" 0.384615384615385 -9233.44625555012 0.677343828303724 0.204678117776511 78.0249504611809
"64" 0.307692307692308 -12013.8088415825 0.583216543240148 0.16650273416418 95.9143408675366
"65" 0.153846153846154 -5206.43235468055 0.335412834251054 0.111650601979845 143.035502870668
"66" 0.307692307692308 -9627.91226744931 0.540823537049174 0.153696703207551 103.905937256405
"67" 0.461538461538462 -21291.0935293017 0.50703324169822 0.14357193159941 111.233441119668
"68" 0.307692307692308 -5977.68894589303 0.426910334322325 0.127012152446396 125.736
"69" 0.230769230769231 -7913.93785606714 0.195314557286325 0.0937645494304382 170.320234001101
"70" 0.307692307692308 -9320.90132365947 0.355773701713703 0.114791372285408 139.121953872052
"71" 0.307692307692308 -16014.7810378849 0.573644544178561 0.163987388636228 97.3855375880529
"72" 0.384615384615385 -191281.84932764 0.468163503057079 0.134084503620432 119.103994636159
"73" 0.307692307692308 -6494.30835968632 0.686620003007939 0.210651479923267 75.8124272652501
"74" 0.0769230769230769 -6272.01804151821 0.75475587271524 0.25210475503587 63.3466829998021
"75" 0.384615384615385 -5359.38960640442 0.375369418684881 0.117575309503517 135.827837217152
"76" 0.0769230769230769 -14001.1621657217 0.114266717738924 0.0861926930574598 185.282527248031
"77" 0.230769230769231 -19046.1737584894 0.231253992340802 0.0978149338953129 163.267502865074
"78" 0.153846153846154 -5117.05890877557 0.632811539992516 0.185713472484237 85.992684248341
"79" 0.153846153846154 -6110.40034406932 0.363019291102699 0.116133603288091 137.514031665611
"80" 0.384615384615385 -15818.0881730007 0.673507342860999 0.202967983742707 78.6823601708752
"81" 0.538461538461538 -7238.77732119662 0.715702507457427 0.225297854107035 70.8839418968142
"82" 0.384615384615385 -6125.92259585792 0.395724198086475 0.121431230145942 131.514767500967
"83" 0.307692307692308 -8535.21816161642 0.62001473566187 0.180222116388478 88.6128757115239
"84" 0.230769230769231 -8985.87281169635 0.256288698555293 0.100911742165052 158.257103260385
"85" 0.230769230769231 -9769.34946998812 0.390391175669978 0.11949075699513 133.650504872531
"86" 0.384615384615385 -5847.21968157047 0.527623494167757 0.150157193224191 106.355211209603
"87" 0.461538461538462 -16326.9887018123 0.758491311172626 0.25504138042411 62.6172896862596
"88" 0.307692307692308 -26819.5756636742 0.292216275469898 0.105057688617448 152.011720514359
"89" 0.307692307692308 -3980.31589305932 0.729689979918621 0.235858614173553 67.7100561111951
"90" 0.230769230769231 -12317.4343574519 0.372278720000247 0.117574306189033 135.828996297234
"91" 0.230769230769231 -25624.8409069129 0.279386346948466 0.102973795522542 155.088
"92" 0.538461538461538 -33055.3568502167 0.779084358929116 0.27309857793551 58.4770529408292
"93" 0.230769230769231 -9130.00078080927 0.230910354631686 0.0976443973359423 163.552650594542
"94" 0.384615384615385 -6565.71171023511 0.371988884428239 0.117443198418111 135.980629062443
"95" 0.230769230769231 -11710.4329911379 0.24040236248733 0.0984023975137851 162.292793707214
"96" 0.538461538461538 -19255.7042976452 0.754096413273808 0.253305310750203 63.0464475959954
"97" 0.461538461538462 -5890.03158374352 0.593322627156255 0.169596299478672 94.1647904411282
"98" 0 -8606.07372874708 0 0.0770391405207719 207.297224398474
"99" 0.153846153846154 -11851.6163640702 0.289841399087858 0.104589460471994 152.692249562529
"100" 0.230769230769231 -19702.9840618167 0.466761656962642 0.13419609331957 119.004954652217
"101" 0.153846153846154 -23487.2863783858 0.278630663413011 0.103031332169782 155.001392913017
"102" 0.153846153846154 -5262.09780624391 0.413719388701186 0.124456942019023 128.317470612118
"103" 0.307692307692308 -6612.68107171845 0.643924015867143 0.189414193235526 84.312583588402
"104" 0.384615384615385 -6025.10563326197 0.738776189306502 0.242165454982733 65.9466479277101
"105" 0.230769230769231 -9877.39227064078 0.404219225765483 0.122216930242221 130.669294085109
"106" 0.153846153846154 -17053.6145623315 0.497210979359028 0.141937438829007 112.514359366729
"107" 0.384615384615385 -7162.83913017471 0.378553951334482 0.118464918312967 134.807842080383
"108" 0.153846153846154 -16728.3330483523 0.13439713055448 0.0878296612119744 181.829233764854
"109" 0.307692307692308 -10999.0192263358 0.305209482936167 0.106987530431236 149.269732048487
"110" 0.307692307692308 -12475.3890779935 0.293683231380468 0.104867741759 152.287059224572
"111" 0.230769230769231 -12292.7903555655 0.323810848148608 0.109842442713867 145.390066038507
"112" 0.307692307692308 -9064.09551710064 0.71282603928619 0.225189600587764 70.9180173432385
"113" 0.153846153846154 -25206.6220044767 0.148461673199212 0.0886961359357675 180.052939527887
"114" 0.384615384615385 -6488.82812335499 0.481967534974922 0.138433996760191 115.361835775535
"115" 0.384615384615385 -9515.63433231762 0.400407372868106 0.121819417530816 131.095685102584
"116" 0.384615384615385 -7363.79352207223 0.426261873581279 0.1265719930557 126.173252189938
"117" 0.461538461538462 -16712.9266338611 0.723394681702993 0.23220489147683 68.7754676416605
"118" 0.230769230769231 -47910.9156494896 0.65817582955454 0.195255073916232 81.7904481542511
"119" 0.384615384615385 -2908.78549480898 0.663172775850161 0.19860369134585 80.4113956381087
"120" 0.384615384615385 -10446.0492812865 0.621203884535197 0.18073964979495 88.3591398905446
"121" 0.307692307692308 -7107.12958722094 0.492625361587978 0.1410783328779 113.199523089217
"122" 0.307692307692308 -7650.47500187306 0.443720723119262 0.130306706267084 122.557007674394
"123" 0.307692307692308 -35534.7034014121 0.463285571315966 0.133081115314745 120.002
"124" 0.230769230769231 -26867.1184122148 0.306266430324507 0.107222767905038 148.942247174069
"125" 0.230769230769231 -15486.6952803104 0.285317222322285 0.104656242081046 152.594815965519
"126" 0.230769230769231 -4140.34294239226 0.662751023543773 0.19777539384986 80.7481643147354
"127" 0.230769230769231 -17171.9141885656 0.683981826253146 0.209005508478447 76.4094693783959
"128" 0.153846153846154 -10624.5980760375 0.214640338106298 0.0956279692900405 167.001350322131
"129" 0.307692307692308 -55321.5751099976 0.331726672941606 0.110398185255633 144.658174978335
"130" 0.307692307692308 -8823.36058874051 0.618759074632716 0.178401417376096 89.5172260113433
"131" 0.307692307692308 -10647.1544873901 0.572758492326137 0.163159180235633 97.8798739791184
"132" 0.0769230769230769 -18648.5520204639 0.186682005968179 0.0927077902109337 172.261683334962
"133" 0.230769230769231 -20260.5268197839 0.318406212206589 0.108574160525249 147.088404116983
"134" 0.307692307692308 -5748.0737494356 0.334989775452542 0.111780456119505 142.869340083265
"135" 0.307692307692308 -4048.61514070495 0.662270057917303 0.197713129468525 80.7735937564145
"136" 0.0769230769230769 -73386.8652668351 0.129087568134252 0.087323662251134 182.88284742424
"137" 0.307692307692308 -15322.8412986783 0.72379463566035 0.23144154907861 69.0023034480112
"138" 0.230769230769231 -7094.84802505484 0.282343626805746 0.104066102205437 153.460153321334
"139" 0.307692307692308 -3169.4777185286 0.678492730795226 0.206188495855961 77.4533997820921
"140" 0.307692307692308 -8276.06823253736 0.301245101936806 0.106616051741291 149.789827508825
"141" 0.153846153846154 -8670.67317431118 0.507683368669681 0.144679371680255 110.382011025691
"142" 0.461538461538462 -5691.13057798176 0.605710897553743 0.174082177839608 91.7382824490748
"143" 0.384615384615385 -23685.2373081262 0.510296681330312 0.144387971882566 110.604780936938
"144" 0.461538461538462 -4996.92231871138 0.498177009819767 0.142607570947937 111.985639288606
"145" 0.461538461538462 -11677.2905827583 0.582789366419341 0.166148662960843 96.1187391785618
"146" 0.230769230769231 -19254.2007234857 0.443484846423971 0.130427327260032 122.443665261657
"147" 0.307692307692308 -18281.8964979494 0.58383022769218 0.166037514577291 96.1830827247531
"148" 0.230769230769231 -5952.83467368155 0.315569660140809 0.108802992605312 146.779050994782
"149" 0.230769230769231 -7319.03052209072 0.237208401262065 0.0987557767054864 161.712059109478
"150" 0.307692307692308 -30227.384687447 0.414280727605771 0.123476835529164 129.336
"151" 0.307692307692308 -18322.7320254304 0.299551925023939 0.1058510915342 150.872322321212
"152" 0.384615384615385 -4321.54499761045 0.644893261584909 0.189707190649069 84.1823651774074
"153" 0.230769230769231 -9419.48382519255 0.522279398908223 0.148470410352768 107.563520313947
"154" 0.230769230769231 -32171.0239521061 0.366646962089702 0.11621773523367 137.414482977924
"155" 0.230769230769231 -11499.5075825349 0.397569268758826 0.121541843051437 131.395078427776
"156" 0.153846153846154 -13337.9973678038 0.158333264741625 0.0903646712759137 176.728358267782
"157" 0.307692307692308 -6882.52489636888 0.400170268953757 0.122146884143526 130.744227427322
"158" 0.384615384615385 -4418.85032964971 0.594173381004998 0.170491099577499 93.6705789309582
"159" 0.384615384615385 -5980.46130268345 0.433256359053597 0.127997041676503 124.768508637584
"160" 0.307692307692308 -7606.34444114084 0.400014679560588 0.122136150583888 130.755717481297
"161" 0.461538461538462 -13099.4153851807 0.57862842469314 0.164924818241903 96.832
"162" 0.230769230769231 -8606.26049357881 0.361046533345875 0.11558260013406 138.169585919308
"163" 0.230769230769231 -6456.64688920139 0.465521723783632 0.134346106011986 118.872072098429
"164" 0.307692307692308 -3871.42051275221 0.391928582686289 0.121002277946174 131.980986400141
"165" 0.0769230769230769 -21377.4253692967 0.0643326279580728 0.0815287166328438 195.881900998384
"166" 0.538461538461538 -2610.93625211288 0.699198635488547 0.217618745743686 73.3852221481402
"167" 0.307692307692308 -9383.8445465787 0.493823932649174 0.141537098403299 112.832608412635
"168" 0.307692307692308 -6198.69917459286 0.524059194439341 0.149183452851618 107.049405914235
"169" 0.153846153846154 -5227.48053221249 0.452004738120643 0.132039355010112 120.948788327366
"170" 0.230769230769231 -4976.86830186024 0.538344813999525 0.152908078590082 104.441832944697
"171" 0.461538461538462 -9217.48078619905 0.765411109779593 0.260547629873363 61.2939753386439
"172" 0.230769230769231 -26632.5430329748 0.21538968737941 0.0962732544821017 165.882
"173" 0.538461538461538 -118189.392787751 0.522074192730869 0.147610684906184 108.19
"174" 0.538461538461538 -4908.57967331863 0.758410569432218 0.25627478764377 62.3159232588997
"175" 0.461538461538462 -23728.3948826137 0.593808574558698 0.169026631633339 94.4821525796177
"176" 0.153846153846154 -8456.21308122678 0.633378913549335 0.185767660268353 85.9676004797088
"177" 0.307692307692308 -9059.07621035434 0.297006465752806 0.105793489936608 150.954468082764
"178" 0.384615384615385 -8477.19566454384 0.623781643301171 0.181026241911679 88.2192539123229
"179" 0.384615384615385 -5542.35743005984 0.604609874610425 0.17407331115745 91.7429552744883
"180" 0.307692307692308 -63234.635427624 0.429736510044555 0.1273952759568 125.357866530431
"181" 0.307692307692308 -20816.6800179602 0.48969212479709 0.139621412196298 114.380736799506
"182" 0.153846153846154 -30339.165374996 0.410036900523432 0.123190934848506 129.636162105914
"183" 0.230769230769231 -5593.64427216857 0.335350457548333 0.111623734010717 143.069931690932
"184" 0.384615384615385 -6596.71783370389 0.366657488253601 0.116577031181543 136.990965013771
"185" 0.307692307692308 -9118.48654877732 0.47272729930995 0.135833308199458 117.570573901871
"186" 0.153846153846154 -8843.23124407245 0.138814757080728 0.0883662852491841 180.725035062481
"187" 0.307692307692308 -15224.9193138004 0.659364505082104 0.19669815853095 81.1903889658793
"188" 0.384615384615385 -12675.9864719592 0.672013305705071 0.201618835272902 79.2088694411102
"189" 0.461538461538462 -6982.57984768953 0.811963922092954 0.305659070138869 52.2477543124908
"190" 0.307692307692308 -4963.10428673805 0.693005992782288 0.213424205935238 74.8275010794511
"191" 0.307692307692308 -4479.63714895017 0.716959002019839 0.226515157779832 70.5030080835584
"192" 0.307692307692308 -10511.3505938492 0.296271761021227 0.106041903949762 150.600841791429
"193" 0.384615384615385 -6763.62300626326 0.573662852355622 0.16332569478349 97.7800830492126
"194" 0.153846153846154 -21483.5826400754 0.452158627838774 0.131527356999053 121.41960702605
"195" 0.307692307692308 -11741.9571002494 0.291932102411345 0.104717501744956 152.505548106903
"196" 0.230769230769231 -25673.1395531993 0.647882905352027 0.190823710203911 83.6898097355657
"197" 0.461538461538462 -10820.7188588518 0.441295573446379 0.129561089947874 123.262315919272
"198" 0.307692307692308 -5883.87358043464 0.36179697074238 0.11591539660692 137.772897022091
"199" 0.307692307692308 -5365.3415347499 0.530852608914231 0.150472204432252 106.132558237294
"200" 0.384615384615385 -7299.07145859807 0.616674638434737 0.177461079854934 89.9915632940738
"201" 0.307692307692308 -6807.03169837171 0.532307936477726 0.151199692145127 105.621908176052
"202" 0.384615384615385 -6841.37828664897 0.752646832357058 0.252578991794455 63.2277446613461
"203" 0.230769230769231 -8658.5663978082 0.288735721449343 0.105058404954562 152.010684027681
"204" 0.307692307692308 -61136.3595423546 0.470906691051391 0.136182396586233 117.269194846983
"205" 0.230769230769231 -4309.16037138658 0.619060653923769 0.179732680636227 88.8541802384995
"206" 0.0769230769230769 -34554.8686788054 0.153728742122505 0.0893665054190965 178.702299313445
"207" 0.307692307692308 -28998.7697333219 0.437992408487136 0.128675178091627 124.110960923855
"208" 0.230769230769231 -15199.1940497735 0.406110910838843 0.122441371076264 130.429771078379
"209" 0.384615384615385 -8911.10719495166 0.552101347319813 0.156732294607735 101.893486852657
"210" 0.384615384615385 -9031.52886285118 0.737022394140383 0.239324960872424 66.7293538533703
"211" 0.307692307692308 -14311.1900640165 0.346852976635803 0.113192407075844 141.087201982545
"212" 0.461538461538462 -8437.62686250488 0.791990316436758 0.284528221208666 56.128
"213" 0.461538461538462 -5744.43294361315 0.557222296138389 0.158053134803185 101.041969334468
"214" 0.230769230769231 -4731.21713436462 0.641198217392663 0.188874839378598 84.5533478812827
"215" 0.230769230769231 -10326.4124022453 0.599686972226388 0.1722947714288 92.6899862808636
"216" 0.307692307692308 -12087.5277627201 0.411361690444951 0.124017643587115 128.772
"217" 0.461538461538462 -21437.7692136562 0.629921489895943 0.183233156737943 87.1567148888889
"218" 0.307692307692308 -9379.75382094246 0.393966572482593 0.120433367207005 132.60444651149
"219" 0.461538461538462 -6166.82838236411 0.568761093201489 0.162283554182587 98.408
"220" 0.153846153846154 -12313.5902101356 0.348535329275677 0.113400820581352 140.827905108
"221" 0.0769230769230769 -56116.9924214939 0.227809965670285 0.0973868483158281 163.985181533023
"222" 0.153846153846154 -10078.7310184657 0.424790692470709 0.126275512294859 126.469492855506
"223" 0.384615384615385 -10227.9228899489 0.726786821160878 0.233669245151136 68.3444669394584
"224" 0.307692307692308 -4143.97069307353 0.718663672306291 0.228185886543812 69.9867999808732
"225" 0.153846153846154 -61660.6411621316 0.136356765540972 0.087273951196418 182.987017100418
"226" 0.384615384615385 -15244.4332031491 0.730626581337165 0.236190393844963 67.6149429281312
"227" 0.307692307692308 -12371.0953393943 0.431520081244533 0.126848488001727 125.89822907296
"228" 0.615384615384615 -1885.11483276851 0.814014981637002 0.309655276184868 51.5734793760327
"229" 0.307692307692308 -5383.82780662637 0.58741412877698 0.168082829220519 95.0126796060046
"230" 0.307692307692308 -5955.52898978133 0.470864418786685 0.136535403450575 116.966
"231" 0.307692307692308 -4726.5257867909 0.526946639868741 0.149928664806947 106.517322891947
"232" 0.384615384615385 -5056.13580180675 0.734330707832334 0.238844834744638 66.863493267813
"233" 0.461538461538462 -10894.8758179381 0.662333024513102 0.197063051929156 81.0400521237296
"234" 0.461538461538462 -5356.1580045048 0.55783878507285 0.159013063565397 100.432
"235" 0.307692307692308 -42720.697200132 0.366629218093087 0.115095796771932 138.753981013271
"236" 0.538461538461538 -8006.2388672559 0.559494426557705 0.159013063565397 100.432
"237" 0.230769230769231 -8186.70026963782 0.342694062625877 0.11285686598274 141.506676274729
"238" 0.230769230769231 -10143.5362910907 0.556553581784945 0.158311030914792 100.877367216411
"239" 0.307692307692308 -3923.52793952971 0.716650674898562 0.227278955663078 70.2660743640258
"240" 0.461538461538462 -11263.0564084014 0.807293277733356 0.300403086820959 53.161903790683
"241" 0.230769230769231 -47041.0918406098 0.391772480314034 0.120644849363914 132.372
"242" 0.384615384615385 -6138.49006941642 0.749240154582348 0.248877437484399 64.1681309540207
"243" 0.307692307692308 -4140.16308208066 0.707798489763872 0.221750521304428 72.0178690271296
"244" 0.153846153846154 -4624.35821664054 0.614987487223826 0.177602287053837 89.9200132212206
"245" 0.384615384615385 -7367.06396221317 0.41443142463791 0.124691945678701 128.075634020104
"246" 0.538461538461538 -3666.85948895795 0.678216782941636 0.205326737708561 77.7784723910028
"247" 0.307692307692308 -7507.24543047087 0.517489410945215 0.147083194203265 108.578006389567
"248" 0.307692307692308 -31236.6202688891 0.489930537625151 0.139838527068335 114.203147979354
"249" 0.461538461538462 -6018.95535027763 0.774344526025211 0.268975879198999 59.373353653711
"250" 0.384615384615385 -10901.8311699354 0.634942632616741 0.184856530512547 86.3913217224209
"251" 0.230769230769231 -17557.6390164467 0.386506424236453 0.119627040884959 133.49824489396
"252" 0.230769230769231 -4154.34481264703 0.507806185886331 0.144743163299073 110.333363151683
"253" 0.230769230769231 -12162.8985897591 0.185367649785116 0.0928418090967781 172.013020376982
"254" 0.153846153846154 -12018.3444052467 0.134361801123877 0.0878053313880411 181.879616505554
"255" 0.461538461538462 -9781.16884773511 0.467903371611377 0.135455016021799 117.898919279814
"256" 0.461538461538462 -70416.4033239097 0.610486927735023 0.176237786777336 90.6162083173285
"257" 0.384615384615385 -3594.15541883102 0.690429025336267 0.212242836638137 75.244
"258" 0.307692307692308 -12591.7622846346 0.473257544374519 0.136535403450575 116.966
"259" 0.307692307692308 -9566.01041060588 0.533643835854621 0.151048551782321 105.727594283822
"260" 0.230769230769231 -9448.46084056556 0.277680226131643 0.103144588215745 154.831196442376
"261" 0.153846153846154 -10188.453449957 0.370882187935749 0.11653813531079 137.036687238991
"262" 0.384615384615385 -7871.83035104373 0.721624028177401 0.228806798854406 69.7968770157131
"263" 0.230769230769231 -14716.1557011242 0.421801110172313 0.12517698402397 127.579363926374
"264" 0.307692307692308 -6162.9765776459 0.663910664519484 0.198822308654182 80.3229783825572
"265" 0.307692307692308 -6477.23429258781 0.305818435460241 0.107121828612527 149.082593219777
"266" 0.307692307692308 -6511.80852336048 0.469162444635141 0.135249509217344 118.078062481812
"267" 0.307692307692308 -13617.9637592023 0.268328750004965 0.102356499917793 156.023310809047
"268" 0.461538461538462 -3820.77479521794 0.666183281573821 0.200336570878445 79.7158498319804
"269" 0.307692307692308 -5350.52188253114 0.692642278605353 0.21274265982007 75.067219773913
"270" 0.307692307692308 -11560.4631362064 0.359744150810977 0.115006292367391 138.861967212919
"271" 0.461538461538462 -10557.9099062022 0.513774434496167 0.146385331302491 109.095630401653
"272" 0.384615384615385 -2728.4578709802 0.825427986471192 0.322586849127695 49.5060478850405
"273" 0.307692307692308 -2496.22630653737 0.781894644494066 0.276218498273993 57.8165477684941
"274" 0.307692307692308 -17142.268593445 0.674512396575428 0.202500622891304 78.8639549448311
"275" 0.615384615384615 -8067.02325608898 0.615316386221782 0.178172973937879 89.632
"276" 0.153846153846154 -6479.47462736033 0.148404861591022 0.0894206499527329 178.594094411544
"277" 0.307692307692308 -28337.5476306512 0.698551293660805 0.215076275520869 74.252727137496
"278" 0.461538461538462 -6440.66122317847 0.761921794342486 0.258481559337915 61.7839045884209
"279" 0.307692307692308 -3300.22512614261 0.69026524520079 0.212581228820651 75.1242246956502
"280" 0.384615384615385 -25778.4956711121 0.519583228739494 0.146981425106285 108.653185179364
"281" 0.307692307692308 -4635.4202562685 0.427422584757977 0.127495912628711 125.258917487867
"282" 0.153846153846154 -24185.6515444597 0.152197170468114 0.0889826960701545 179.473096515407
"283" 0.307692307692308 -3947.5267069895 0.674441097718705 0.203819722750394 78.353555703525
"284" 0.307692307692308 -4244.85169978516 0.691082931708114 0.2125409747171 75.1384528148358
"285" 0.384615384615385 -8419.27782075379 0.551985837559971 0.156285867317471 102.184543453052
"286" 0.384615384615385 -8485.24645865362 0.475751209991557 0.137196955378774 116.402
"287" 0.307692307692308 -8347.17869259295 0.802950064677187 0.296324782078929 53.893568698369
"288" 0.153846153846154 -16399.536048559 0.223123996086629 0.0969278121720417 164.761791710042
"289" 0.461538461538462 -6621.33128538879 0.713424921848088 0.225648452008839 70.773807034025
"290" 0.384615384615385 -4731.55660411944 0.507467166934067 0.144532873678719 110.493893835527
"291" 0.461538461538462 -17336.0144420273 0.422988652830527 0.126423225835256 126.321725256487
"292" 0.230769230769231 -8786.21277769154 0.328105286219689 0.110367084024431 144.698939372765
"293" 0.384615384615385 -19506.6605732206 0.397071271517499 0.121213485796288 131.751016770851
"294" 0.307692307692308 -13033.7657800791 0.371969895357197 0.11745185851909 135.970602775982
"295" 0.307692307692308 -11629.4199313366 0.519339649561192 0.1472130564931 108.482225560941
"296" 0.384615384615385 -5945.49838219982 0.753811678375294 0.252800748753194 63.1722812482305
"297" 0.461538461538462 -32838.2172610961 0.6248470313428 0.180759123968455 88.3496204749644
"298" 0.384615384615385 -13406.8533664022 0.583646471916432 0.16685316029733 95.7129009216346
"299" 0.384615384615385 -14280.1201342773 0.470699748599009 0.135968948457915 117.45328754192
"300" 0.230769230769231 -25174.8180423044 0.308255446915422 0.107239639959641 148.918814031922
"301" 0.307692307692308 -25695.3696649696 0.523592834662447 0.148832095872897 107.302123956101
"302" 0.538461538461538 -163704.516332331 0.586787456652328 0.166858355582219 95.7099208144287
"303" 0.384615384615385 -5624.94677949352 0.738413911289387 0.241377769140515 66.1618510141389
"304" 0.461538461538462 -2467.72030291605 0.684583347837123 0.209311336381291 76.2978263676474
"305" 0.461538461538462 -17370.4767241512 0.477708157791118 0.137448425021693 116.189035978255
"306" 0.384615384615385 -4514.31081285204 0.58570824807019 0.16798220733588 95.0695925079021
"307" 0.307692307692308 -18166.7655837948 0.35782032257187 0.11415790554796 139.893947101987
"308" 0.615384615384615 -89486.9632075672 0.672353931455908 0.201020792585233 79.4445181248041
"309" 0.461538461538462 -2982.04785279038 0.787462236945141 0.282043972391261 56.6223765202323
"310" 0.153846153846154 -17693.8692536307 0.128717379865539 0.0873424299694779 182.843550443705
"311" 0.230769230769231 -10520.2952894042 0.352008333137306 0.113925797096563 140.178962157833
"312" 0.384615384615385 -15380.3062291206 0.401327816986614 0.121700358843641 131.223935177693
"313" 0.230769230769231 -9332.1983273039 0.542236190078562 0.153462263759437 104.064671071412
"314" 0.384615384615385 -3360.75814815495 0.634071184632633 0.18615500423584 85.7887224979864
"315" 0.307692307692308 -4147.33807349425 0.737178876576303 0.241144176507469 66.2259409756279
"316" 0.307692307692308 -23444.0498030564 0.716208911991076 0.22661056245522 70.4733258104676
"317" 0.384615384615385 -6630.16201053258 0.491937467012104 0.140629805502467 113.560563800394
"318" 0.384615384615385 -2828.49293811386 0.655226030512089 0.195104831653544 81.8534316380159
"319" 0.230769230769231 -8247.91855790236 0.287368896285129 0.104639295508843 152.619529043468
"320" 0.461538461538462 -5712.14166906889 0.719188722967614 0.228936666293932 69.757283787369
"321" 0.307692307692308 -40438.8176937572 0.310922872862134 0.106776712866083 149.564446884867
"322" 0.307692307692308 -5584.72347723559 0.823745462462839 0.320995487576659 49.7514781923099
"323" 0.230769230769231 -50810.3941879003 0.223294239335781 0.096819191182923 164.946637178857
"324" 0.153846153846154 -8984.53885598676 0.19808211714306 0.094304218584091 169.345552508444
"325" 0.307692307692308 -43334.8753339998 0.502418210559713 0.142787152869101 111.844796111597
"326" 0.384615384615385 -6301.20517831321 0.43583609460972 0.128771785834879 124.017849845446
"327" 0.384615384615385 -8876.93043661474 0.658378932426551 0.196295127018627 81.3570883931548
"328" 0.384615384615385 -77991.9837212681 0.740805091050175 0.243168966414874 65.6744988287417
"329" 0.461538461538462 -39816.503531218 0.50371431669644 0.142686464901521 111.923720382463
"330" 0.307692307692308 -5460.97248929779 0.481661742612536 0.138631423211753 115.197547785444
"331" 0.307692307692308 -4081.80523412951 0.455763999356098 0.132968782862917 120.103378072311
"332" 0.384615384615385 -12404.2718628705 0.440067880285289 0.129115040375083 123.688146273329
"333" 0 -30286.0567134709 0 0.0768960968579872 207.682842856037
"334" 0.307692307692308 -10016.9614253431 0.559630205522094 0.159236970860099 100.29077992215
"335" 0.230769230769231 -14005.8780795847 0.24678761560338 0.100007058452175 159.688728447474
"336" 0.384615384615385 -22040.6843341168 0.502157451820978 0.142462506127401 112.099670531686
"337" 0.384615384615385 -5533.76352116984 0.781527847795794 0.275239648060557 58.022164003372
"338" 0.307692307692308 -16724.6102132842 0.686659307284089 0.208530630492555 76.5834734315935
"339" 0.153846153846154 -27231.8737100347 0.275157478914354 0.102504713850638 155.797713100983
"340" 0.230769230769231 -10116.042789091 0.359132361338956 0.115571804241005 138.182492735835
"341" 0.461538461538462 -28465.0515362701 0.481228212057245 0.137841687781144 115.857548301034
"342" 0.384615384615385 -8937.97733123214 0.696512216412017 0.214686503574555 74.3875359377402
"343" 0.307692307692308 -49519.4838790685 0.365103357429095 0.116164970280428 137.476899976367
"344" 0.384615384615385 -7453.36875309273 0.483591357266732 0.138615145435092 115.211075599802
"345" 0.307692307692308 -4782.58886282392 0.58993399954077 0.168947221287416 94.526562072492
"346" 0.230769230769231 -8786.2785865859 0.19486417256467 0.0937375495751563 170.369292480765
"347" 0.461538461538462 -2730.71989469613 0.745686768136284 0.2469118848796 64.6789441009993
"348" 0.461538461538462 -11400.3607582417 0.663085680918098 0.19719421996789 80.9861465645416
"349" 0.153846153846154 -6250.75374425919 0.204651378369323 0.0950262911288691 168.058753112256
"350" 0.461538461538462 -5828.20245094053 0.696282853067757 0.213976971941465 74.6341994425864
"351" 0.153846153846154 -7049.44566747396 0.513171053236339 0.145379821060345 109.850183357779
"352" 0.230769230769231 -8503.08945230591 0.458135984355859 0.133136940235992 119.951682618606
"353" 0.384615384615385 -15740.1582049897 0.398036142385891 0.121643271716645 131.285518505293
"354" 0.153846153846154 -26504.3772065266 0.38214773492577 0.118416123277874 134.863391554585
"355" 0.230769230769231 -14566.4262768584 0.223772302506648 0.0969063925405257 164.798209708626
"356" 0.307692307692308 -9427.92600787958 0.299903627998421 0.106009790538828 150.64646311277
"357" 0.153846153846154 -21051.8272608968 0.186171818703017 0.0931896795138038 171.370908058917
"358" 0.307692307692308 -5281.69741037119 0.28355731373697 0.104625166047622 152.640140066598
"359" 0.384615384615385 -4643.22794007873 0.700360132054844 0.217237369278508 73.5140553995834
"360" 0.230769230769231 -10547.1574230735 0.295636232452409 0.105753113541375 151.012102293819
"361" 0.230769230769231 -4254.98017846438 0.493712695238025 0.141621474890806 112.765384009122
"362" 0.307692307692308 -100490.616889445 0.305065315166215 0.106529163776082 149.912
"363" 0.153846153846154 -11078.5196892512 0.37740492582789 0.118020872606796 135.315047645906
"364" 0.307692307692308 -24770.7364241784 0.36310606567633 0.11500801649996 138.859885475944
"365" 0.230769230769231 -28347.491233953 0.232065217781231 0.0982178686935411 162.597704597211
"366" 0.230769230769231 -6175.73362048263 0.352217759330337 0.114299792640948 139.720288471273
"367" 0.230769230769231 -5321.26214966987 0.460085998321489 0.133687347660869 119.457826633765
"368" 0.307692307692308 -19659.2696904403 0.493902285158943 0.141257850004668 113.05566380539
"369" 0.307692307692308 -7085.43888463868 0.457120350018329 0.13274230268234 120.308294170677
"370" 0.0769230769230769 -10525.3074348406 0.060855811056028 0.0813052441693095 196.420294449202
"371" 0.461538461538462 -14074.2812361197 0.488233342423563 0.139089353297696 114.81827775717
"372" 0.538461538461538 -5496.83944313317 0.576807272616521 0.164924818241903 96.832
"373" 0.153846153846154 -13016.3346101469 0.315023694939016 0.108469221421144 147.230705547288
"374" 0.230769230769231 -7467.05246196568 0.698694061440838 0.216482292048088 73.7704680087762
"375" 0.307692307692308 -12291.8971557177 0.488360273674244 0.139804629150934 114.230838399197
"376" 0.384615384615385 -13294.7064954335 0.428979704858018 0.127055278065794 125.69332217533
"377" 0.153846153846154 -31002.3411612147 0.259179300599923 0.101461046956839 157.400307595817
"378" 0.307692307692308 -4426.4034871955 0.392576826279617 0.121073568815995 131.903272994875
"379" 0.230769230769231 -28457.0233531752 0.505828657099792 0.14357000335147 111.234935064424
"380" 0.538461538461538 -7730.07523241351 0.636480869558803 0.186688575865482 85.5435311237639
"381" 0.307692307692308 -9266.52899803488 0.595147356606049 0.17005822187903 93.9090143572134
"382" 0.384615384615385 -42925.4500768721 0.381953490567901 0.118152813782146 135.16394141443
"383" 0.384615384615385 -12415.0285019617 0.387037780758667 0.11923071180063 133.942
"384" 0.461538461538462 -17587.7140416382 0.632751260865135 0.183788076260331 86.8935587387013
"385" 0.307692307692308 -14171.5385533932 0.424115708237505 0.125823604559383 126.92372036173
"386" 0.153846153846154 -5158.79415380967 0.401731593699088 0.122377429823263 130.497919616908
"387" 0.461538461538462 -8056.6160858874 0.491601466337749 0.140456979065301 113.700295323704
"388" 0.0769230769230769 -21006.4907002496 0.242502689922259 0.0988208575636151 161.605559734385
"389" 0.384615384615385 -5968.44956806067 0.555167402555038 0.157400295962683 101.461054455617
"390" 0.307692307692308 -10576.4115105294 0.542730593227526 0.153236200437006 104.218193576035
"391" 0.230769230769231 -4103.34602057009 0.514129169191751 0.146621108928866 108.920196530146
"392" 0.384615384615385 -3393.07281140433 0.734028213728549 0.238636024027973 66.922
"393" 0.153846153846154 -8943.7091939255 0.153172922350263 0.0895960028970139 178.244558726093
"394" 0.307692307692308 -9621.13144843381 0.534584090491995 0.151825938163655 105.1862428328
"395" 0.307692307692308 -4174.59594254505 0.649690854152449 0.192790083075755 82.8362109980767
"396" 0.307692307692308 -8068.66010670854 0.482231260616198 0.138757435289976 115.092931536431
"397" 0.461538461538462 -10602.5325306374 0.575760979303552 0.164687716470841 96.9714095393845
"398" 0.0769230769230769 -12860.6420912014 0.0646550511792887 0.0819297769772342 194.92302541526
"399" 0.384615384615385 -4082.53779820966 0.581061081598534 0.165942545514571 96.2381283864165
"400" 0.384615384615385 -4516.5092252853 0.703605796002807 0.219662287935496 72.7025114328666
"401" 0.230769230769231 -7596.79587306491 0.799029793295985 0.292468488080811 54.6041732728053
"402" 0.384615384615385 -6366.52632717057 0.6223895801835 0.180580530703739 88.4369978189976
"403" 0.538461538461538 -6403.18029028764 0.722449927611691 0.229531064291235 69.5766390022785
"404" 0.230769230769231 -9464.16129877307 0.430793194935039 0.127793604850419 124.967129761248
"405" 0.230769230769231 -11676.7265034599 0.318924810763035 0.10912228439378 146.349575512647
"406" 0.384615384615385 -19567.7543753812 0.603607775934134 0.172390098582044 92.6387311763128
"407" 0.153846153846154 -7106.31550523154 0.322148501137734 0.109299564422637 146.112201675823
"408" 0.384615384615385 -25280.1859842931 0.492102257183304 0.140172512736118 113.931038891086
"409" 0.230769230769231 -7506.66095633224 0.42796731219074 0.127355535449572 125.396983677427
"410" 0.307692307692308 -14922.9239368425 0.335602077744236 0.111842204605561 142.790461403386
"411" 0.384615384615385 -51735.4377214044 0.378515341219533 0.118074057807533 135.254096425075
"412" 0.230769230769231 -13494.1202506631 0.394325489465403 0.120658112479982 132.357449256879
"413" 0.461538461538462 -10330.6376276454 0.475585783749758 0.13656247080124 116.942816765842
"414" 0.307692307692308 -5077.97371316262 0.670647075984254 0.202666568413943 78.7993803071729
"415" 0.307692307692308 -11195.006632246 0.587726909936374 0.167642921626672 95.262
"416" 0.230769230769231 -14407.835437517 0.70022668483933 0.217235638274581 73.5146411833877
"417" 0.230769230769231 -8044.7045839082 0.788996856590742 0.282004074234368 56.6303874983296
"418" 0.615384615384615 -11627.6481682745 0.666240643023412 0.198496203953319 80.4549390967481
"419" 0.230769230769231 -6430.90343581742 0.204079425787705 0.0946934631235589 168.649444990325
"420" 0.307692307692308 -52442.1077576217 0.734129665117201 0.237226419303765 67.3196520306226
"421" 0.307692307692308 -6620.39924266067 0.344515849389198 0.113234136633493 141.035207886914
"422" 0.153846153846154 -15422.6646353932 0.141506151237209 0.0882561283967975 180.950606944815
"423" 0.307692307692308 -44082.987795938 0.279875482021459 0.103354828677861 154.516244710498
"424" 0.230769230769231 -3848.06348015521 0.621982837576404 0.180561564044058 88.4462874729156
"425" 0.230769230769231 -6171.86203070293 0.250789691391134 0.100379291486322 159.096560291783
"426" 0.230769230769231 -31807.7934512045 0.465169793629432 0.134874983570844 118.405945841036
"427" 0.538461538461538 -2403.87978047667 0.750081207220067 0.250898512768618 63.6512342132842
"428" 0.307692307692308 -3732.97750822853 0.662217647289862 0.198496751866842 80.4547170157889
"429" 0.538461538461538 -9329.26457349131 0.537476487133121 0.152434745945813 104.766140428882
"430" 0.461538461538462 -10714.6608006471 0.583164219810509 0.166386632947469 95.9812679486219
"431" 0.153846153846154 -12141.0962499131 0.594776966151676 0.170096571746052 93.8878416893822
"432" 0.307692307692308 -8078.89975122266 0.671506606164388 0.202633136027917 78.8123813955076
"433" 0.538461538461538 -10919.6383158209 0.75350263956346 0.251829526087994 63.415915711249
"434" 0.230769230769231 -12082.2845421355 0.56334885269368 0.159672602884015 100.017158307368
"435" 0.230769230769231 -32490.1717446731 0.340207526953991 0.111315293282721 143.466360542563
"436" 0.230769230769231 -8482.83198018976 0.278547612417309 0.103642428998829 154.08747319286
"437" 0.307692307692308 -8504.63462106672 0.36417977070768 0.116059419357702 137.601929153027
"438" 0.538461538461538 -10033.8738663598 0.72709671133369 0.232341080585242 68.7351541956046
"439" 0.538461538461538 -4699.01366510577 0.762323686054212 0.260209480418905 61.3736285637645
"440" 0.384615384615385 -30501.654471375 0.399452668436144 0.122275976173026 130.606195099205
"441" 0.230769230769231 -12978.283182202 0.193122090651719 0.093475612111368 170.846701500849
"442" 0.230769230769231 -12464.6836351729 0.572725981636508 0.163260709105623 97.8190042631023
"443" 0.615384615384615 -35210.3288651372 0.59270917477474 0.168882500301924 94.5627875679792
"444" 0.384615384615385 -7133.03272206993 0.44800902866868 0.131105228819787 121.810549768018
"445" 0.0769230769230769 -3306.8248440411 0.708926801637844 0.222453757322446 71.7902012185459
"446" 0.307692307692308 -5909.31502046233 0.359415371889168 0.115025398429559 138.838901825496
"447" 0.230769230769231 -22226.4098179273 0.693550645344064 0.21315521936909 74.9219280075291
"448" 0.153846153846154 -11857.9844605757 0.247608021610763 0.0994903940926445 160.518009257546
"449" 0.307692307692308 -11987.6262248318 0.502312261242909 0.142875627645804 111.775536969751
"450" 0.307692307692308 -11653.8320867936 0.350976567018592 0.113148460415752 141.142
"451" 0.461538461538462 -3410.95816017614 0.704375090889932 0.220110180066754 72.5545724198522
"452" 0.307692307692308 -5770.13769566148 0.603507996003972 0.17332048630974 92.1414446729634
"453" 0.461538461538462 -10838.0585961602 0.648151637882375 0.190213726514104 83.9581889943988
"454" 0.461538461538462 -99866.0141977987 0.462020755240041 0.134212959072191 118.99
"455" 0.307692307692308 -11794.4954921696 0.522332799044562 0.14833386851931 107.662532902397
"456" 0.230769230769231 -27458.5497162224 0.51672751224037 0.14609575134632 109.311871514614
"457" 0.384615384615385 -4613.04200733231 0.535557786186637 0.152292555897566 104.863956782901
"458" 0.153846153846154 -24052.213222486 0.213221385381722 0.0960958050792529 166.188315783703
"459" 0.461538461538462 -4759.24712234787 0.499473910460386 0.143014344471947 111.667120238645
"460" 0.230769230769231 -5876.02789141316 0.385711763527186 0.119304929418562 133.858676903214
"461" 0.307692307692308 -7427.03686767338 0.336215379966717 0.111241154115756 143.561976922514
"462" 0.230769230769231 -32593.2813031354 0.276467537372547 0.103109684777917 154.883608017977
"463" 0.384615384615385 -2569.83855699608 0.729884859871945 0.236312944639133 67.5798781331566
"464" 0.153846153846154 -15969.4771789549 0.211213215336012 0.0950574747856661 168.003621346021
"465" 0.461538461538462 -6873.51878921229 0.757397952445893 0.254641142068833 62.7157099212313
"466" 0.384615384615385 -9677.27477922495 0.727507108588462 0.232583778358389 68.6634300668715
"467" 0.307692307692308 -4382.72286334768 0.470335819155817 0.13616449752021 117.284610091773
"468" 0.384615384615385 -7751.12164479341 0.784334549624081 0.277743122022937 57.4991736381545
"469" 0.538461538461538 -3410.79413843614 0.576824416486916 0.164562213208774 97.0453647201464
"470" 0.307692307692308 -6400.49961654175 0.337227659973183 0.111633634310663 143.057243442934
"471" 0.307692307692308 -9355.36130491622 0.327892872343227 0.110334249906731 144.742
"472" 0.153846153846154 -7637.81554513806 0.143365136501625 0.0885992570525401 180.249818466645
"473" 0.307692307692308 -8493.4407943047 0.589162636031288 0.168441678931869 94.8102637142409
"474" 0 -99758.2808705108 0 0.0765271883533184 208.684002948966
"475" 0.0769230769230769 -9348.21651708597 0.0604122828940313 0.0813804050771549 196.23888557521
"476" 0.384615384615385 -7793.55700118898 0.54493214359903 0.154428407026041 103.413616105663
"477" 0.153846153846154 -9908.827348239 0.413266003740241 0.124253370234442 128.527700857271
"478" 0.538461538461538 -7332.44496648034 0.673981577908188 0.203035650497936 78.6561372883741
"479" 0.384615384615385 -8690.98848969899 0.48697919283157 0.13900896780945 114.884674360659
"480" 0.230769230769231 -6177.64817651282 0.394359625769232 0.121089681401844 131.885721517447
"481" 0.307692307692308 -17559.4259061659 0.313648741965258 0.107993320520523 147.879516279575
"482" 0.538461538461538 -6732.92740495093 0.764657778551553 0.260530523018696 61.298
"483" 0.307692307692308 -4564.12706227645 0.434258009562952 0.128779499079567 124.010421799613
"484" 0.307692307692308 -7966.64743863129 0.355914784277807 0.11455922268078 139.403878852255
"485" 0.384615384615385 -33869.5195729169 0.393463864502725 0.11961505607441 133.511620728292
"486" 0.153846153846154 -9630.51465185072 0.143540120394168 0.0886575267860968 180.131350139404
"487" 0.0769230769230769 -8242.27861864198 0.0588489686468912 0.0813156897871077 196.395062770924
"488" 0.307692307692308 -12264.8733781168 0.542086154211483 0.153334281155576 104.151530105629
"489" 0.307692307692308 -3734.52276706952 0.640536991274286 0.188541002986667 84.7030605917024
"490" 0.307692307692308 -10957.4774656749 0.597350244718353 0.1706464288005 93.5853162135042
"491" 0.230769230769231 -15775.9604395456 0.643002812652712 0.189594695877288 84.2323142327583
"492" 0.230769230769231 -9633.62615167526 0.210809000323773 0.0957651876861728 166.762060262801
"493" 0.307692307692308 -21065.5497717668 0.400551130398402 0.122016261178568 130.884194006143
"494" 0.307692307692308 -18846.1754331903 0.450742069250485 0.131480614191564 121.462773034602
"495" 0.307692307692308 -11956.2298012293 0.513052804635129 0.146329836781961 109.137004121696
"496" 0.384615384615385 -7595.8793183393 0.396788674404034 0.121496743843124 131.443851866684
"497" 0.307692307692308 -4293.43023237834 0.675767657223851 0.204818291595938 77.9715516400524
"498" 0.538461538461538 -3562.62654585279 0.845906501163639 0.349528230695023 45.6901577541942
"499" 0.153846153846154 -3234.91752168977 0.672704794732623 0.203116240144144 78.6249291965363
"500" 0.307692307692308 -54884.0878751925 0.76667421565456 0.263390634354558 60.6323760870795
"501" 0.230769230769231 -10051.1434767646 0.521915880504821 0.14743346910613 108.320044945181
"502" 0.153846153846154 -13914.8697499353 0.166592018409993 0.090864673920268 175.75587201263
"503" 0.615384615384615 -6280.05095916438 0.737114666315415 0.24108410602699 66.2424423707638
"504" 0.307692307692308 -5809.35301070337 0.587393580948094 0.168271700956755 94.9060353535276
"505" 0.538461538461538 -10728.6260185036 0.72211294118681 0.229840742952248 69.4828940894867
"506" 0.153846153846154 -14778.1002331044 0.148114598244568 0.0892336645580717 178.968330832216
"507" 0.307692307692308 -11908.9804385818 0.388192129597397 0.119716536885371 133.398446158624
"508" 0.0769230769230769 -41812.904268802 0.0639995239037314 0.0811142928611915 196.882687830725
"509" 0.384615384615385 -23907.8954980693 0.760604485119322 0.258762700012652 61.7167775696388
"510" 0.230769230769231 -10505.4966722522 0.313770062489254 0.107781200240525 148.170552604363
"511" 0.384615384615385 -3811.24453320565 0.739095097386857 0.241621050660225 66.0952344854153
"512" 0.230769230769231 -35299.3476612237 0.474445063710706 0.136404408599405 117.078327335453
"513" 0.153846153846154 -8506.74554688631 0.16690390679424 0.0910502768582933 175.397599557605
"514" 0.230769230769231 -23661.9378891508 0.28542780001326 0.103752785128019 153.923578825329
"515" 0.153846153846154 -6907.85548035108 0.304704250073535 0.107108378426776 149.101314337588
"516" 0.307692307692308 -3193.63128842426 0.70946957901613 0.222617543050179 71.7373832321935
"517" 0.153846153846154 -22976.504033749 0.146600296278451 0.0882589838844867 180.944752558012
"518" 0.384615384615385 -4203.6395879995 0.611975251289394 0.176382297145324 90.5419662770468
"519" 0.153846153846154 -29056.4521216169 0.147586494850975 0.0888935943398437 179.652989831259
"520" 0.153846153846154 -35352.3779913578 0.515512470322301 0.145896586843633 109.461093953597
"521" 0.384615384615385 -14870.1995773301 0.347719134973274 0.113548277478792 140.645022140321
"522" 0.153846153846154 -16991.0643183093 0.152254858045052 0.0890189391685246 179.400025985107
"523" 0.230769230769231 -8491.01509317971 0.523247988592801 0.148179668730768 107.774569458759
"524" 0.307692307692308 -16915.6909122431 0.339931480758249 0.11132904912985 143.448633800629
"525" 0.384615384615385 -4233.98982971411 0.637863242785769 0.186804612947622 85.4903942039043
"526" 0.153846153846154 -16837.8512583184 0.203353116663078 0.0944945865599 169.004390424806
"527" 0.153846153846154 -15452.1249316821 0.212153308824387 0.0955431907153259 167.149536041591
"528" 0.538461538461538 -4268.34483665169 0.721706588647524 0.230008143500251 69.4323242515218
"529" 0.153846153846154 -6765.21109065298 0.270929677906162 0.102574198628841 155.692174186869
"530" 0.307692307692308 -10590.1313996593 0.300627263092228 0.106336641021485 150.183416051042
"531" 0.307692307692308 -49475.959674219 0.543837597189578 0.153832642733752 103.814117187341
"532" 0.153846153846154 -12010.9639691823 0.383231542961696 0.118751631530573 134.482362845588
"533" 0.307692307692308 -22809.5749007218 0.750400536139965 0.249679240663437 63.9620657190611
"534" 0.307692307692308 -10504.8828517217 0.560701725848794 0.159435629245959 100.165816609055
"535" 0.307692307692308 -5779.00402386535 0.557559899331483 0.158096711099606 101.014119072587
"536" 0.153846153846154 -163573.184874449 0.14367949297187 0.088367912934305 180.721706213346
"537" 0.307692307692308 -15448.9779511522 0.667107106678352 0.19889858994842 80.2921730322044
"538" 0.307692307692308 -8010.96732001213 0.499765371992236 0.143274275448763 111.464531577486
"539" 0.384615384615385 -6082.85812302966 0.658493170159499 0.196366184194083 81.327648472385
"540" 0.461538461538462 -7338.02648804723 0.440803778826161 0.129324537538008 123.487779689964
"541" 0.230769230769231 -10175.4946517112 0.66665570944152 0.200569838189123 79.623138474796
"542" 0.384615384615385 -4424.19159370251 0.676315709357198 0.205385733656337 77.7561309429696
"543" 0.230769230769231 -12668.1915973079 0.560782858292876 0.159389944259908 100.194526537751
"544" 0.230769230769231 -7651.85430637466 0.265583808509916 0.101647232547482 157.112
"545" 0.307692307692308 -4108.96564813749 0.600994762296626 0.173073478008328 92.2729477894441
"546" 0.615384615384615 -1167.64230201902 0.875218728437697 0.401114037574057 39.8141139526973
"547" 0.230769230769231 -43059.1109938989 0.323853974710046 0.109226788425898 146.209553811374
"548" 0.384615384615385 -9498.04536126131 0.534181763133639 0.151224201114853 105.604789989077
"549" 0.538461538461538 -5236.33830762436 0.841833087410157 0.345722162185448 46.1931624488498
"550" 0.153846153846154 -10916.5220480033 0.134472667245823 0.0878816823153595 181.721600898494
"551" 0.461538461538462 -7666.02565477105 0.456653465310933 0.132465162574652 120.56
"552" 0.384615384615385 -16947.6845399614 0.560367017577925 0.158147597569667 100.98161619537
"553" 0.230769230769231 -4586.38357891297 0.683998626359779 0.208635280333437 76.5450597544052
"554" 0.538461538461538 -3804.35069948965 0.62339618450351 0.181349503758715 88.062
"555" 0.384615384615385 -74768.778450941 0.509609238656483 0.144314558944743 110.661045682264
"556" 0.538461538461538 -6754.33641214502 0.636663977501396 0.186743182151072 85.5185170138127
"557" 0.153846153846154 -20691.9988681139 0.273992247946406 0.102625026715382 155.615063022501
"558" 0.307692307692308 -5113.71773331457 0.754844364230495 0.253679190292291 62.9535279641948
"559" 0.461538461538462 -54909.5600052691 0.426199236884145 0.126134729360614 126.610649429805
"560" 0.384615384615385 -5695.87373272474 0.548705205483316 0.156050442221419 102.338703900244
"561" 0.307692307692308 -8146.74316406974 0.332587320282688 0.110779796919979 144.159859866288
"562" 0 -18007.788335267 0 0.0768856810882724 207.710977830382
"563" 0.230769230769231 -17061.7397909416 0.464756319645174 0.134055343449233 119.129902539453
"564" 0.307692307692308 -3486.81531561257 0.610877436336279 0.176525570530125 90.4684797337882
"565" 0.307692307692308 -5113.01615866649 0.644841131971437 0.189500932261795 84.2739917391937
"566" 0.230769230769231 -8183.06372907866 0.511499455926713 0.145325425971208 109.891300116773
"567" 0.230769230769231 -20808.4505589966 0.231178941497119 0.0972504993827218 164.215095052122
"568" 0.230769230769231 -12116.1324066102 0.522286134159307 0.148246143443808 107.726242511349
"569" 0.230769230769231 -14526.0786708668 0.333006336969389 0.111020823285116 143.846888605636
"570" 0.307692307692308 -3703.27607565035 0.700958371120984 0.217970016593467 73.2669577659639
"571" 0.538461538461538 -5693.7085115251 0.776779743210662 0.270551811274519 59.0275109405785
"572" 0.307692307692308 -11160.7806407414 0.309542654734785 0.107778703462613 148.173985091032
"573" 0.230769230769231 -17417.0625178764 0.400442517601437 0.122106593223295 130.787368465811
"574" 0.0769230769230769 -10699.11339472 0.0643698716059283 0.0815750475610959 195.770648960262
"575" 0.307692307692308 -3994.57985203893 0.508385544934334 0.144987786141793 110.147209119959
"576" 0.153846153846154 -5642.95498728683 0.662991614108819 0.198326801441684 80.5236603621412
"577" 0.307692307692308 -5696.76789120883 0.774135509551683 0.269332404841905 59.2947588663688
"578" 0.384615384615385 -3718.46517026982 0.560485250839556 0.159682623711602 100.010881765338
"579" 0.307692307692308 -5890.39728634895 0.673640175438612 0.203017823384785 78.6630441295377
"580" 0.230769230769231 -8512.60026113296 0.51803617857649 0.147398964013023 108.345401929616
"581" 0.307692307692308 -24797.0076384725 0.546351154784706 0.153934135017914 103.745670173425
"582" 0.0769230769230769 -32275.3023340399 0.0824812769694228 0.0824812769694227 193.619698758063
"583" 0.307692307692308 -33700.627518245 0.409476855743699 0.123845353353804 128.951144047985
"584" 0.384615384615385 -14513.2478513936 0.549916115479473 0.156350385499946 102.142376873164
"585" 0.384615384615385 -5910.2268311007 0.46103499466741 0.13356228562249 119.569681857188
"586" 0.538461538461538 -8607.6796103586 0.547744638157804 0.154804734495863 103.162219501928
"587" 0.230769230769231 -10679.406995883 0.561137786185376 0.159222717189724 100.299757985983
"588" 0.153846153846154 -4827.50501273545 0.36276149819814 0.115680696208557 138.052419491046
"589" 0.307692307692308 -5316.42940709769 0.581585685470223 0.166378788274097 95.9857934155078
"590" 0.307692307692308 -9721.21838096968 0.455101404164846 0.132461324432111 120.563493294867
"591" 0.0769230769230769 -9167.07675809207 0.258869666102549 0.101314065779406 157.628655775911
"592" 0.307692307692308 -32564.0270346414 0.720542186957728 0.227687020486129 70.1401422263898
"593" 0.230769230769231 -5387.69889676003 0.493879749177469 0.141677897116748 112.72047598815
"594" 0.384615384615385 -9865.51653838109 0.343336945391892 0.112467560047005 141.996500976152
"595" 0.230769230769231 -10853.2684653106 0.644907658557318 0.188686773083956 84.6376231835505
"596" 0.307692307692308 -5408.47561549131 0.654270368853782 0.194103707291621 82.2756052567645
"597" 0.230769230769231 -9162.04721254262 0.446059669831914 0.130926266962391 121.977051439093
"598" 0.461538461538462 -4164.09856694408 0.656617737693896 0.195420353837559 81.7212725613774
"599" 0.384615384615385 -3146.80130169288 0.793534745387697 0.288147123692993 55.423076223434
"600" 0.307692307692308 -18653.594921749 0.325238613571991 0.11000146060536 145.179890449762
"601" 0.461538461538462 -12543.945376267 0.524072155545306 0.148020679988423 107.890329927204
"602" 0.307692307692308 -6663.96816753654 0.5453794183129 0.154600686408418 103.298377070663
"603" 0.461538461538462 -19688.2867532099 0.570343663565054 0.161173275979723 99.0859055443483
"604" 0.384615384615385 -11049.9688639032 0.644642571612012 0.190244874175643 83.9444430195568
"605" 0.307692307692308 -18184.7079656259 0.422889997591422 0.125666557897766 127.082338110925
"606" 0.153846153846154 -15094.7150525251 0.250735815216499 0.100458240177492 158.97152858525
"607" 0.230769230769231 -3515.77616557806 0.603108564006518 0.173658825218502 91.9619258042667
"608" 0.384615384615385 -7460.45237429837 0.364697533559669 0.11610998822178 137.542
"609" 0.384615384615385 -19127.5493198927 0.675060239666931 0.203446909581759 78.4971373260508
"610" 0.153846153846154 -16861.001609391 0.140329788930039 0.0878695422479452 181.746707578569
"611" 0.230769230769231 -9140.83794384068 0.220245301012824 0.0962732544821017 165.882
"612" 0.307692307692308 -7492.59589346234 0.572614822886101 0.163305118829707 97.7924030455735
"613" 0.384615384615385 -9505.39065051631 0.48519188667245 0.139449020707905 114.522138046788
"614" 0.230769230769231 -5315.52593650517 0.393029908477733 0.121042498375848 131.937131290959
"615" 0.230769230769231 -12102.020128971 0.706543141003536 0.220319771536211 72.4855508366176
"616" 0.153846153846154 -21327.0149161657 0.321920669504382 0.108944182232692 146.588828083449
"617" 0.307692307692308 -7409.75324053682 0.709549943562571 0.221547997471975 72.0837027742495
"618" 0.538461538461538 -5454.07078546166 0.699458308150776 0.216098813207375 73.9013776289215
"619" 0.230769230769231 -17509.2336861414 0.320313046408598 0.108597406632096 147.056918717247
"620" 0.384615384615385 -11110.0818619836 0.611077223926955 0.176288742488003 90.5900159852058
"621" 0.461538461538462 -8894.29150454956 0.556680283477098 0.157622781406638 101.317841605651
"622" 0.307692307692308 -9048.25944789179 0.274105577743332 0.103077331083039 154.932222557592
"623" 0.307692307692308 -3489.45008538793 0.758465152367618 0.256155513037638 62.3449396447442
"624" 0.384615384615385 -5349.33123138236 0.550417013221692 0.156534246658371 102.022403026309
"625" 0.307692307692308 -16161.757274332 0.473648735334807 0.136788399945694 116.749665953693
"626" 0.153846153846154 -8679.78891432238 0.205538742103726 0.0949785631747353 168.143204805272
"627" 0.230769230769231 -3628.25085094503 0.716542280436128 0.227125720919853 70.3134807247806
"628" 0.230769230769231 -49152.4965842064 0.682848815392197 0.206794756040093 77.2263296507567
"629" 0.307692307692308 -7037.09123923878 0.371448024762128 0.117220425133519 136.239055453088
"630" 0.230769230769231 -27132.5798402356 0.212611952091837 0.0951320254441719 167.871964519162
"631" 0.461538461538462 -5699.53920892865 0.492170548458832 0.141457265584384 112.896286620735
"632" 0.384615384615385 -4068.64321730555 0.657241565152057 0.195274078363895 81.7824881510374
"633" 0.153846153846154 -11017.3607386461 0.187185428519159 0.0932317629302537 171.29355380684
"634" 0.384615384615385 -6255.20012843626 0.748677645523424 0.248000041803293 64.3951504357688
"635" 0.384615384615385 -5440.71171744313 0.361222390553422 0.115660539841764 138.0764781303
"636" 0.230769230769231 -6795.11006867204 0.475436843666594 0.137251060594078 116.356113613078
"637" 0.307692307692308 -7645.15591008997 0.534918887794998 0.152072336803026 105.015812446451
"638" 0.307692307692308 -13714.3753242788 0.422236586274448 0.125347646661858 127.405662773081
"639" 0.538461538461538 -16619.5688677452 0.761568401249868 0.258820933675232 61.702891544465
"640" 0.230769230769231 -8427.57011191927 0.468262289051736 0.13489801519249 118.385729969503
"641" 0.307692307692308 -28477.9900066589 0.372886043990792 0.117127494884057 136.347149026012
"642" 0.307692307692308 -13690.5105147692 0.314991238434593 0.108594834212317 147.060402235861
"643" 0.153846153846154 -28832.4765999455 0.44748110948023 0.129958507833974 122.88537523378
"644" 0.384615384615385 -15988.7843435809 0.671378498575848 0.201909859178134 79.0947012939598
"645" 0.307692307692308 -7284.54112648495 0.272639026628332 0.102795636667465 155.356788651075
"646" 0.384615384615385 -7448.7527217576 0.458023787621268 0.133508159255137 119.618157340339
"647" 0.230769230769231 -3462.91396458594 0.527653000541292 0.150209016800536 106.318517624057
"648" 0.153846153846154 -13823.6399111244 0.56706835554688 0.160789152702759 99.3226205347492
"649" 0.230769230769231 -9652.17285737627 0.42219182068674 0.125990401246755 126.755688068033
"650" 0.230769230769231 -5088.11817389513 0.271044194503995 0.102890270314317 155.213898760433
"651" 0.307692307692308 -8014.77037652563 0.606200033256271 0.174486777177481 91.5255600357379
"652" 0.461538461538462 -4514.10344039475 0.66499561028794 0.198826745042942 80.3211861490305
"653" 0.461538461538462 -17715.209508256 0.50431664539429 0.143069012724798 111.624450996382
"654" 0.230769230769231 -5775.84390015297 0.406811424443236 0.123263185168415 129.560176286051
"655" 0.461538461538462 -9863.29055115609 0.636056158714807 0.1859840441758 85.8675811184344
"656" 0.307692307692308 -7660.7929192949 0.617855614914491 0.178225311294233 89.6056788120011
"657" 0.230769230769231 -21542.2082506981 0.472752493845273 0.135701218924301 117.685015113303
"658" 0.461538461538462 -6609.36940064505 0.540347539569202 0.153685992440602 103.91317872494
"659" 0.461538461538462 -4123.8208009323 0.741545788350418 0.24284276006297 65.7627182126364
"660" 0.307692307692308 -16192.0871166439 0.577939297376053 0.165091734866951 96.73409763893
"661" 0.230769230769231 -8314.81098699596 0.398153537321684 0.121212568295574 131.752014040801
"662" 0.307692307692308 -11767.2004950369 0.594812485053226 0.169423992547882 94.260557550529
"663" 0.230769230769231 -9023.36160620516 0.628792871155168 0.183047382432385 87.2451700089134
"664" 0.307692307692308 -34665.7234811725 0.270937324645724 0.102619131584223 155.624002595392
"665" 0.0769230769230769 -23789.6195217027 0.128185729668915 0.0866845559417896 184.2312027384
"666" 0.384615384615385 -3359.41326888148 0.790158381828228 0.285106152969935 56.0142242937987
"667" 0.461538461538462 -6010.18981190591 0.715603883155235 0.226782413010085 70.4199227269436
"668" 0.384615384615385 -4036.62594856952 0.680407147759271 0.206726911819113 77.2516740054328
"669" 0.230769230769231 -23715.6475745342 0.442629918890533 0.130185709870914 122.670913849417
"670" 0.384615384615385 -6667.62646169134 0.58400997293452 0.167002013603401 95.6275894847938
"671" 0.307692307692308 -4951.32076902377 0.477223128956469 0.137196955378774 116.402
"672" 0.461538461538462 -2851.07464594148 0.639998985766596 0.188618124699876 84.6684274133837
"673" 0.307692307692308 -3738.48281334146 0.577888820453571 0.164764370959532 96.926294847582
"674" 0.384615384615385 -5367.23639208514 0.462063591603376 0.134271866716018 118.937796804272
"675" 0.153846153846154 -94956.7170613928 0.4707305417845 0.134749948800365 118.515814975632
"676" 0.307692307692308 -29061.6958004865 0.331407900349703 0.110257007637386 144.843401269534
"677" 0.461538461538462 -3006.32351869433 0.65509916369264 0.194950923680167 81.9180524950994
"678" 0.307692307692308 -2918.88062019266 0.796919369107928 0.290344993568879 55.0035315012636
"679" 0.461538461538462 -5277.94275455887 0.552583297902863 0.15740065937773 101.460820196917
"680" 0.384615384615385 -15823.9275180214 0.726878425959199 0.234297301907254 68.1612629338843
"681" 0.230769230769231 -24499.5918721512 0.260649869754248 0.100438638149192 159.002554139355
"682" 0.461538461538462 -3964.81802947171 0.723408354873395 0.231028388679192 69.1257039505048
"683" 0.230769230769231 -8220.14928766265 0.559370603730346 0.158751248702978 100.597633911402
"684" 0.307692307692308 -12331.9278095857 0.504948328063216 0.143972971872465 110.923597619049
"685" 0.461538461538462 -8006.91754690972 0.747508803350525 0.246628634092783 64.7532272914911
"686" 0.153846153846154 -22716.373519726 0.292215352701008 0.105141565047371 151.890453530959
"687" 0.307692307692308 -14897.625708099 0.410111343004693 0.123298100004019 129.523488192271
"688" 0.307692307692308 -6902.54148981134 0.758751832888558 0.256997034194298 62.1407949319996
"689" 0.384615384615385 -17888.0427174628 0.491478023605651 0.140225925314094 113.887642133425
"690" 0.153846153846154 -42861.3566290396 0.272273212387949 0.102153219790233 156.333789897115
"691" 0.307692307692308 -4315.1545628508 0.520892101499851 0.147976441784755 107.922584212626
"692" 0.153846153846154 -8027.24758207295 0.455344569405697 0.132807692767172 120.249058373428
"693" 0.230769230769231 -19863.0306904504 0.396014790033493 0.121036875802891 131.943260217715
"694" 0.307692307692308 -18948.6523764245 0.346297473029228 0.113148460415752 141.142
"695" 0.230769230769231 -12573.1543830948 0.502174655843281 0.143271884687192 111.466391573389
"696" 0.153846153846154 -11058.287885852 0.15358107976942 0.0898527234521575 177.735291557448
"697" 0.461538461538462 -10758.9504841422 0.717807577561355 0.226442151441629 70.5257386856999
"698" 0.230769230769231 -170876.275330366 0.197791243350631 0.0936181591760435 170.586562912109
"699" 0.230769230769231 -7617.48889314125 0.399441803636571 0.121616756042011 131.314142226285
"700" 0.153846153846154 -5285.0969075711 0.468005659233743 0.135766532198238 117.628400323886
"701" 0.153846153846154 -7267.26969417699 0.212530991721931 0.0957385067133687 166.808534499212
"702" 0.230769230769231 -4832.40256833338 0.545648467838905 0.154965508859283 103.055190264962
"703" 0.384615384615385 -5398.58120623489 0.618362056416725 0.178462354308598 89.4866598721689
"704" 0.230769230769231 -8565.95134480672 0.285581746645608 0.104571164736013 152.718964547405
"705" 0.461538461538462 -9840.75765412336 0.722049716690547 0.230818599958817 69.1885316124843
"706" 0.230769230769231 -8213.03741838503 0.577350924898335 0.164140705743486 97.2945737479487
"707" 0.307692307692308 -11173.0793772205 0.787944920944084 0.280728771497994 56.8876496512368
"708" 0.230769230769231 -8757.70539384234 0.223883912659945 0.0972663315521583 164.188365543901
"709" 0.230769230769231 -18027.6018758313 0.213312647566312 0.0954529024637873 167.307641651428
"710" 0.307692307692308 -6220.69720381081 0.570996396962522 0.162650256066422 98.1861350004778
"711" 0.461538461538462 -22319.7123441062 0.57126650309591 0.162439574063986 98.3134811330475
"712" 0.307692307692308 -4272.80934831304 0.45692726432182 0.133081115314745 120.002
"713" 0.461538461538462 -22887.8050850945 0.744146001435576 0.245415638517208 65.0732777116003
"714" 0.384615384615385 -12769.1859426005 0.660319145386725 0.195636507243046 81.6309809710511
"715" 0.0769230769230769 -10460.1612500396 0.069743150823117 0.082123392201527 194.463472244429
"716" 0.538461538461538 -3168.27486639501 0.763320198741863 0.260641985829062 61.2717860831281
"717" 0.153846153846154 -40852.4975977892 0.204987207051459 0.0942574555149499 169.429568332311
"718" 0.307692307692308 -3688.27518943285 0.535020406351624 0.152081292248133 105.009628494895
"719" 0.230769230769231 -7891.14132244161 0.791821968774665 0.285031676768043 56.0288603045207
"720" 0.230769230769231 -9350.30651918669 0.345831656438473 0.112712272369042 141.688208961941
"721" 0.384615384615385 -5898.26266553709 0.607505313862301 0.175061256229195 91.2252107861696
"722" 0.307692307692308 -5372.07992319925 0.71097552059271 0.223379557543723 71.4926655581459
"723" 0.307692307692308 -10168.2828527466 0.313868554027754 0.108091702996069 147.744919890668
"724" 0.384615384615385 -10593.2322170007 0.383731500836861 0.118939141869871 134.270348254845
"725" 0.230769230769231 -10079.1191502368 0.400921441319577 0.122588860967475 130.272847581454
"726" 0.384615384615385 -5500.83256347162 0.366955055682384 0.11670904125259 136.8360139763
"727" 0.307692307692308 -30614.2353084064 0.348985230045534 0.112862186047025 141.500005974951
"728" 0.230769230769231 -6615.39226399813 0.35251495254642 0.113988386078418 140.10199239959
"729" 0.153846153846154 -11205.6036913877 0.499850967963507 0.142389585213555 112.157079297958
"730" 0.307692307692308 -20308.1328737225 0.285310215111248 0.103831467568974 153.806937086691
"731" 0.307692307692308 -11611.6198171964 0.536776131008075 0.151695332542139 105.276805372794
"732" 0.384615384615385 -9711.05006220266 0.414354723709923 0.125 127.76
"733" 0.153846153846154 -8132.40917374842 0.341105898783006 0.11215210856082 142.395896117633
"734" 0.230769230769231 -28529.2414796321 0.403561793911088 0.121924291611674 130.982922179807
"735" 0.230769230769231 -14469.6360243847 0.642329496608611 0.188434151870168 84.7510912512471
"736" 0.230769230769231 -8903.72812716956 0.457274304786246 0.133147366787619 119.942289399335
"737" 0.538461538461538 -7821.7634482037 0.759243985487034 0.256184388391314 62.3379125491688
"738" 0.384615384615385 -10068.454743324 0.728198773644386 0.233234347035026 68.4719047731066
"739" 0.230769230769231 -5944.73480851274 0.33532021535514 0.11129007343473 143.49887197591
"740" 0.307692307692308 -9485.88796629731 0.655738135596822 0.195002927967094 81.8962062082209
"741" 0.384615384615385 -8310.33697881059 0.750178821666586 0.248335054668002 64.3082790762272
"742" 0.153846153846154 -7310.67682028425 0.474963785384575 0.137322000264105 116.296004786456
"743" 0.461538461538462 -25159.2208895976 0.657652204469228 0.194444197049585 82.1315330687268
"744" 0.153846153846154 -12363.8210602853 0.144905088065743 0.0885373141059371 180.375925803345
"745" 0.230769230769231 -7564.56865144461 0.537191217906523 0.153073478006935 104.328981139871
"746" 0.538461538461538 -4313.06631891237 0.725604698591326 0.23200944438791 68.8334047871726
"747" 0.230769230769231 -5221.15650302156 0.5606700483113 0.159224076498547 100.298901718835
"748" 0.307692307692308 -11326.6927943215 0.430054979590518 0.127073572350538 125.675226599801
"749" 0.384615384615385 -5431.20086011894 0.430705349316748 0.127835287646324 124.926382175347
"750" 0.384615384615385 -7707.15472302452 0.495769339827451 0.141537740591368 112.832096466107
"751" 0.384615384615385 -8089.54039881743 0.509211176641391 0.145664457636599 109.635529895987
"752" 0.384615384615385 -8751.03100447374 0.420448112854279 0.125539324540001 127.211135303755
"753" 0.461538461538462 -15567.9440787542 0.5143237191447 0.145815336197654 109.522087432233
"754" 0.307692307692308 -6604.83128339839 0.479749211316159 0.138199720494908 115.557397242264
"755" 0.307692307692308 -6509.85858660194 0.752238862087045 0.251410987735079 63.521487838981
"756" 0.384615384615385 -6399.9438153594 0.603916837583412 0.173913153750984 91.8274417751429
"757" 0.230769230769231 -7508.44611587163 0.353035234300991 0.113885468143889 140.228602123518
"758" 0.230769230769231 -4755.73912641192 0.744076978344636 0.246017082695193 64.9141914254234
"759" 0.153846153846154 -7986.4470669535 0.486841353618024 0.139692907196109 114.322196599291
"760" 0.307692307692308 -14298.2753794535 0.432627376600046 0.127197756274154 125.552529130933
"761" 0.384615384615385 -8656.51399567388 0.5922748590528 0.169427619410355 94.2585397562636
"762" 0.307692307692308 -8996.39145256611 0.782198947244041 0.276034415645009 57.8551046349888
"763" 0.307692307692308 -4412.74056621202 0.417105428216454 0.125417209596632 127.334996938322
"764" 0.230769230769231 -5972.82002620685 0.426239065775603 0.127180501721334 125.569562817042
"765" 0.230769230769231 -43421.5811219103 0.221940806194221 0.0959613678076747 166.421137639545
"766" 0.461538461538462 -3532.58979616685 0.620148071991739 0.180488141004587 88.482267649896
"767" 0.615384615384615 -13617.9901930561 0.823197780355957 0.318395917397094 50.1576783099347
"768" 0.307692307692308 -20289.7018989517 0.401390199439346 0.122223347236996 130.662433659532
"769" 0.384615384615385 -10280.857083092 0.354123538022496 0.113965603368301 140.13
"770" 0.307692307692308 -3061.31197733696 0.694928358683081 0.214737148370104 74.3699919702546
"771" 0.461538461538462 -9359.36006487084 0.720221994077616 0.228538232013096 69.8788988578718
"772" 0.307692307692308 -6347.73518041346 0.398871056807203 0.121507627657239 131.432078034227
"773" 0.307692307692308 -5357.02535872895 0.672076207598068 0.202130968898429 79.008180127138
"774" 0.0769230769230769 -11045.295409522 0.348067251670654 0.113027566076404 141.292965551471
"775" 0.307692307692308 -64441.5873736592 0.549323034067375 0.154626162861727 103.281357465237
"776" 0.153846153846154 -7192.34358006214 0.179531270153116 0.0924196301864539 172.798787095133
"777" 0.153846153846154 -9089.3209076517 0.362049879475512 0.115366019958542 138.428975930165
"778" 0.384615384615385 -6416.5629371345 0.562299032189393 0.160178377656483 99.7013469211748
"779" 0.307692307692308 -10180.6990073093 0.436171024829742 0.129253212371564 123.55592334596
"780" 0.153846153846154 -13955.6728241758 0.481830274605216 0.138730608638726 115.115187316651
"781" 0.153846153846154 -13982.2427196746 0.133557687110802 0.0872517594693455 183.033558258625
"782" 0.153846153846154 -14034.0336508433 0.491594558684052 0.140964771063446 113.29071710273
"783" 0.307692307692308 -8159.06615005274 0.41998936889247 0.125462974381171 127.288549301256
"784" 0.230769230769231 -25548.4397980403 0.230366738471808 0.0973747973244364 164.005476147906
"785" 0.384615384615385 -14880.2520939769 0.486720210026525 0.138801240811642 115.056608331563
"786" 0.307692307692308 -18257.0225070345 0.258477355528293 0.100950564239273 158.196243085357
"787" 0.230769230769231 -5599.10419212448 0.316557248271186 0.109006420991843 146.505131116955
"788" 0.384615384615385 -10486.9149638014 0.365273698253495 0.11610998822178 137.542
"789" 0.307692307692308 -11739.3291870363 0.63351618111375 0.18536801799819 86.1529414429837
"790" 0.461538461538462 -5083.48435810323 0.45341006052492 0.132337452044301 120.676344854017
"791" 0.384615384615385 -5164.95836077214 0.394484479491364 0.121174492349007 131.793413699669
"792" 0.307692307692308 -5310.10881294713 0.75713536165909 0.254636782923466 62.7167835559719
"793" 0.153846153846154 -9631.76015126741 0.307969514078376 0.107823204890077 148.112829852173
"794" 0.230769230769231 -159466.664649836 0.497239270397978 0.141911830199167 112.534663090363
"795" 0.538461538461538 -4218.76183677037 0.808836317348632 0.304104825115605 52.5147866165196
"796" 0.538461538461538 -2391.87905936373 0.794340595364606 0.288444437769995 55.3659488928486
"797" 0.461538461538462 -25108.2693282278 0.558969533886777 0.158859032367268 100.529379803087
"798" 0.230769230769231 -38102.7929817196 0.207744411912254 0.0947931896201398 168.472018548968
"799" 0.461538461538462 -4363.25719516927 0.739639415260003 0.242312597229705 65.9066023912118
"800" 0.230769230769231 -17040.1631523398 0.272749928553837 0.102743513848358 155.435602714255
"801" 0.384615384615385 -13571.1230412669 0.35039830576955 0.113148460415752 141.142
"802" 0.307692307692308 -19629.6583958397 0.342150944498819 0.111968738082999 142.629096955277
"803" 0.384615384615385 -6817.35645012394 0.697005565552732 0.215539253774721 74.0932323013963
"804" 0.461538461538462 -4936.22220946247 0.665776833143435 0.199368011169748 80.1031213899339
"805" 0.230769230769231 -8414.22476296039 0.249797886620512 0.09990300126164 159.855057388872
"806" 0.384615384615385 -20415.4423951964 0.638142317127302 0.187389318857978 85.2236407994183
"807" 0.384615384615385 -8513.26681883 0.383622921706736 0.118891032812476 134.324680526487
"808" 0.461538461538462 -4409.89018682938 0.526011827401401 0.14991805650273 106.524860130569
"809" 0.230769230769231 -5925.03120333486 0.463638389685526 0.134357690426072 118.861822865191
"810" 0.230769230769231 -8621.1774996615 0.347288645146807 0.113357317517259 140.881950541645
"811" 0.307692307692308 -16111.6329692071 0.709451274928859 0.222655804491967 71.7250557938011
"812" 0.230769230769231 -21981.285948017 0.55688686900968 0.158152567077802 100.978443126653
"813" 0.384615384615385 -4012.05178160856 0.71831742782105 0.227818590535069 70.0996348124701
"814" 0.153846153846154 -14074.53520712 0.133920929857023 0.0873915752946415 182.740726965465
"815" 0.307692307692308 -6337.77005722695 0.582933279356551 0.16692669052648 95.6707399495626
"816" 0.307692307692308 -8009.12013632505 0.497528047989857 0.141981259002987 112.479633665342
"817" 0.384615384615385 -4096.37884757752 0.47480185163282 0.137442892158252 116.19371325228
"818" 0.307692307692308 -12840.875011486 0.679088687268253 0.204638553070243 78.0400357625587
"819" 0.461538461538462 -8592.15451707501 0.693388836864772 0.21357016547265 74.7763619729232
"820" 0.384615384615385 -22128.4909640417 0.409941290849873 0.123926025070877 128.867201145734
"821" 0.307692307692308 -7594.54372726768 0.457016635518717 0.133027572207845 120.050300362155
"822" 0.307692307692308 -9450.86435798478 0.703774015232478 0.219435777505834 72.7775578874117
"823" 0.384615384615385 -32825.648740333 0.381130618525917 0.117789953950472 135.580322976568
"824" 0.230769230769231 -12460.380351311 0.274069384503105 0.102973795522542 155.088
"825" 0.307692307692308 -15939.9755069303 0.356698702445966 0.113835249747772 140.290463941399
"826" 0.384615384615385 -8741.018991916 0.475379900540615 0.136841590371186 116.704285273805
"827" 0.307692307692308 -5116.65150011169 0.335701415877691 0.11157967819079 143.126421037824
"828" 0.307692307692308 -7357.9020818382 0.725837598059067 0.232109736494805 68.8036626173907
"829" 0.230769230769231 -3925.19196068741 0.683337103037667 0.208488209663264 76.5990557729555
"830" 0.384615384615385 -6403.45772154139 0.478657969134539 0.137422296981034 116.211126948374
"831" 0.384615384615385 -35271.724338 0.379475921824588 0.117601522867303 135.797561210325
"832" 0.307692307692308 -3848.24458179877 0.531722816876377 0.151004827174884 105.758208520742
"833" 0.307692307692308 -7872.94680100628 0.507559282198471 0.14455490600384 110.477052917012
"834" 0.230769230769231 -5136.70366856277 0.401066799374303 0.122303595911594 130.576700390263
"835" 0.230769230769231 -29155.4868051635 0.24367205493511 0.0988385188501903 161.57668271219
"836" 0.230769230769231 -25057.9450028645 0.328782736908133 0.109963836068231 145.229564291398
"837" 0.307692307692308 -6926.28625272883 0.634811652089281 0.185227289546701 86.2183970789765
"838" 0.0769230769230769 -18894.6451480624 0.31158086549253 0.107769105054823 148.187182141635
"839" 0.230769230769231 -31184.2512023586 0.518875617562095 0.147097129820213 108.567719978759
"840" 0.384615384615385 -4676.64722903761 0.684561393841075 0.208480174220763 76.6020081271089
"841" 0.307692307692308 -15827.2895651299 0.339143153929454 0.111898989615886 142.718
"842" 0.384615384615385 -4724.97049639905 0.733968406310771 0.238143411520079 67.0604317711871
"843" 0.230769230769231 -12845.3346339577 0.527696907560248 0.149291194816675 106.972149426566
"844" 0.307692307692308 -10607.1553087754 0.584486252201018 0.166641618662662 95.8344027630254
"845" 0.230769230769231 -96668.648438662 0.66016422604538 0.195948981668269 81.5008063018993
"846" 0.384615384615385 -8951.22855613335 0.596803980671155 0.171029564269432 93.3756691026916
"847" 0.615384615384615 -5547.20524133747 0.680448021373053 0.206699282959281 77.262
"848" 0.230769230769231 -10441.106909666 0.3395533862758 0.112324908870641 142.176834689373
"849" 0.307692307692308 -24163.5828700347 0.587295059780257 0.167642921626672 95.262
"850" 0.384615384615385 -4335.7669895845 0.708705252423623 0.221823664558155 71.9941221411622
"851" 0.307692307692308 -10677.0155145806 0.732169576591831 0.23602269837094 67.6629837309169
"852" 0.230769230769231 -26311.3503571406 0.453407737554033 0.132128657724719 120.867041828824
"853" 0.307692307692308 -5216.68543225304 0.431458688404104 0.12788502458354 124.877795910871
"854" 0.538461538461538 -6535.06976447341 0.6527387870315 0.192540699095504 82.9435027244736
"855" 0.307692307692308 -35926.4034155554 0.558511416304778 0.158054996471774 101.040779200245
"856" 0.307692307692308 -22575.3793761484 0.537167731715946 0.152682702971433 104.596
"857" 0.153846153846154 -5268.06210278658 0.71241142055515 0.223497668146084 71.4548842163382
"858" 0.153846153846154 -15480.9091815848 0.12128926390549 0.0867368994342033 184.120023936462
"859" 0.153846153846154 -12380.3826965055 0.408926931031742 0.123926327094686 128.866887080403
"860" 0.153846153846154 -4655.99482752992 0.482124248588272 0.13864207993263 115.188693128091
"861" 0.307692307692308 -20910.3615477754 0.658638761641759 0.194881061128233 81.9474191465515
"862" 0.307692307692308 -14793.2340295972 0.477889155813547 0.137777807938206 115.91126494887
"863" 0.230769230769231 -8642.78512333701 0.33655196932545 0.111829193891091 142.807074291826
"864" 0.307692307692308 -19828.5483138409 0.421563861090229 0.125070486636527 127.687997620183
"865" 0.461538461538462 -9144.89112536858 0.566240906392218 0.161001014846427 99.1919213380935
"866" 0.461538461538462 -5998.38322870926 0.531193902429871 0.150671689723032 105.992041566378
"867" 0.230769230769231 -5778.89967263049 0.569481280738111 0.16179143117114 98.7073288393577
"868" 0.230769230769231 -7080.60965237584 0.256276638913335 0.10088546110648 158.29832985691
"869" 0.307692307692308 -2778.64543161402 0.750421482580382 0.250165601316766 63.837713562299
"870" 0.307692307692308 -44774.1828857099 0.289265704221492 0.104398871135963 152.971002715169
"871" 0.230769230769231 -8558.64562382368 0.395477179640008 0.120667573575481 132.34707160172
"872" 0.384615384615385 -5415.02497458385 0.425333269296297 0.127003301285932 125.74476283924
"873" 0.307692307692308 -4094.75559997604 0.561775050480515 0.160228278137675 99.6702965644919
"874" 0.384615384615385 -6904.09580311741 0.405702989695042 0.12308292431323 129.749923387897
"875" 0.384615384615385 -7009.47315524867 0.532275525297579 0.15091870959889 105.818556509295
"876" 0.230769230769231 -11916.5492424482 0.441102422794645 0.129843394055477 122.994320320806
"877" 0.230769230769231 -6479.01277091978 0.732839291202328 0.237951118300704 67.1146246928682
"878" 0.461538461538462 -5793.58592254276 0.512571105965945 0.146242742806908 109.202
"879" 0.307692307692308 -8050.82637444878 0.724993930220187 0.232474108905609 68.6958219785425
"880" 0.384615384615385 -4843.12657617623 0.58735186408096 0.168188533759476 94.9529652410101
"881" 0.230769230769231 -12666.4859237259 0.273296937744129 0.102338086897009 156.051383060072
"882" 0.230769230769231 -6862.64069471895 0.515474094744036 0.146162729552825 109.261779995893
"883" 0.153846153846154 -17997.0174989986 0.319230306892008 0.108633323983966 147.008297401975
"884" 0.230769230769231 -28894.3186556329 0.392151214078165 0.119567032232172 133.565245384613
"885" 0.384615384615385 -5501.52239440702 0.569167436274255 0.161653510803994 98.7915444618072
"886" 0.538461538461538 -10660.5755291346 0.70453889288845 0.21858467852194 73.060930473208
"887" 0.230769230769231 -8099.66233795769 0.491986707460007 0.141213260448332 113.091362307601
"888" 0.384615384615385 -8032.89542305779 0.438504680990973 0.12880369185226 123.987129331028
"889" 0.307692307692308 -5311.75849493424 0.644172013918843 0.18960786127467 84.2264655728883
"890" 0.230769230769231 -4320.77862582779 0.625160369336716 0.181648351888973 87.9171202707149
"891" 0.307692307692308 -2741.6632701566 0.738311806779752 0.242062373603038 65.9747310674125
"892" 0.230769230769231 -6894.36867215047 0.259251688781457 0.10111118371003 157.944941538805
"893" 0.307692307692308 -2328.72351674203 0.73409281172924 0.238944053211442 66.8357290560736
"894" 0.307692307692308 -14727.1812306745 0.351169831588124 0.113265432685307 140.996238846943
"895" 0.307692307692308 -24602.0264798586 0.408968799990785 0.122749826392595 130.102016999377
"896" 0.461538461538462 -12289.0995384417 0.799547266518218 0.293605162647225 54.392776530256
"897" 0.230769230769231 -13294.9545567365 0.295585062037256 0.10572987576281 151.045292399912
"898" 0.230769230769231 -7405.17986826351 0.584305769510036 0.16688286690759 95.6958631879403
"899" 0.307692307692308 -58552.4157853259 0.311899738411578 0.107665887544545 148.329246748582
"900" 0.461538461538462 -40311.6903523716 0.676626455523083 0.205229507546 77.8153209592463
"901" 0.307692307692308 -13813.5398459263 0.685791125750792 0.208513756946621 76.5896707913054
"902" 0.461538461538462 -7643.15636634641 0.678725212052487 0.20633863861299 77.3970406480844
"903" 0.461538461538462 -7545.64259633229 0.452714757222775 0.132465162574652 120.56
"904" 0.230769230769231 -13783.2308741954 0.284321895132979 0.103717616005903 153.975772052947
"905" 0.307692307692308 -117555.416252125 0.301333899943663 0.106656235888657 149.733392210389
"906" 0.461538461538462 -2206.43524997686 0.722973918048665 0.23175222352947 68.9098027056004
"907" 0.153846153846154 -11724.2234339922 0.609877647076795 0.176070098412401 90.7025107840528
"908" 0.307692307692308 -23788.1393001033 0.289250507589075 0.10472131147541 152.5
"909" 0.307692307692308 -149356.417104381 0.381168731418073 0.118179832766439 135.133039421048
"910" 0.230769230769231 -28934.8586031141 0.342711800845917 0.111834201554324 142.800679738769
"911" 0.230769230769231 -11399.3577506203 0.403120151630239 0.121890925028832 131.01877761796
"912" 0.384615384615385 -6332.19673290785 0.53445457735071 0.151644857929657 105.311846494709
"913" 0.230769230769231 -16454.5924325766 0.198608053621101 0.0942282956302144 169.482
"914" 0.307692307692308 -4841.84328163824 0.320645964399843 0.109511349458842 145.829633904768
"915" 0.307692307692308 -3903.64728730587 0.679804829781424 0.206847816635868 77.2065195549701
"916" 0.307692307692308 -8657.11472627918 0.413167544459364 0.124243013855319 128.538414390021
"917" 0.307692307692308 -17295.8149502202 0.542773824426399 0.153305149267159 104.17132155274
"918" 0.384615384615385 -6950.23675813747 0.551991416670042 0.156984186418222 101.729991818757
"919" 0.384615384615385 -44398.266405654 0.662536756570839 0.196881406139589 81.1148209124294
"920" 0.307692307692308 -7970.49443881281 0.358375880432605 0.114402544701191 139.59479696638
"921" 0.461538461538462 -9435.23084238845 0.747883167419459 0.248774139994042 64.1947752301847
"922" 0.307692307692308 -9038.13033775733 0.587764069393579 0.168310880865265 94.8839428437441
"923" 0.230769230769231 -3520.77831995267 0.747236168507376 0.248193538911304 64.344946568924
"924" 0.230769230769231 -7237.07710526152 0.612702125523576 0.177651779825275 89.8949620189951
"925" 0.384615384615385 -4170.48851568822 0.645287934009355 0.190035434529391 84.036958894264
"926" 0.307692307692308 -7835.63028583307 0.300138694704937 0.106529163776082 149.912
"927" 0.153846153846154 -17252.7427511425 0.194469778659093 0.0941146986574549 169.68656573109
"928" 0.230769230769231 -5588.43044430604 0.433641966183603 0.12846522815008 124.313794712939
"929" 0.307692307692308 -10758.8086672942 0.297564113235534 0.105945125680048 150.73841196082
"930" 0.384615384615385 -4067.0778556778 0.756713143058822 0.254864738703524 62.6606884939757
"931" 0.230769230769231 -8584.79665906084 0.215140869067965 0.0962732544821017 165.882
"932" 0.384615384615385 -6446.6596717393 0.46730305085336 0.135278114868671 118.053093920652
"933" 0.307692307692308 -7715.18061085839 0.438537552997936 0.128686999906088 124.099559486618
"934" 0.461538461538462 -5035.73471694166 0.748618849166847 0.248078017010803 64.374909927245
"935" 0.230769230769231 -16298.1673192106 0.462819888533717 0.1335738236054 119.559353539045
"936" 0.384615384615385 -16617.2974067925 0.639568470703329 0.187437134891462 85.2018998756444
"937" 0.307692307692308 -63618.051185606 0.300258472331058 0.10617001152582 150.419122787004
"938" 0.307692307692308 -18296.3422522203 0.369841716273846 0.11679480088027 136.73553856538
"939" 0.230769230769231 -8174.75920496673 0.496855422103565 0.142262794473094 112.257038526123
"940" 0.307692307692308 -18955.5342895496 0.36082411972296 0.114298080344608 139.722381617002
"941" 0.538461538461538 -2870.85186685957 0.823221952223064 0.320099876435999 49.8906784276534
"942" 0.461538461538462 -10418.0392301613 0.516576850569806 0.146242742806908 109.202
"943" 0.307692307692308 -5592.53472650782 0.731160803239797 0.235603856953669 67.7832706411954
"944" 0.384615384615385 -10268.7175900997 0.634870555297832 0.185423795820254 86.1270255489806
"945" 0.384615384615385 -6554.73905697855 0.749620290380369 0.249360994979255 64.043696975658
"946" 0.307692307692308 -16515.4272611872 0.488103679157173 0.139681174910046 114.331798900493
"947" 0.461538461538462 -5293.23108402355 0.4747599615774 0.13688785140287 116.664845246195
"948" 0.384615384615385 -4033.66761977383 0.728638198534783 0.234769136772744 68.0242736312437
"949" 0.307692307692308 -45961.3725609576 0.305346930751893 0.106529163776082 149.912
"950" 0.153846153846154 -32885.4801289512 0.190699288530227 0.0928956352103838 171.913351621228
"951" 0.230769230769231 -7829.94714283356 0.729771035806385 0.23446258357748 68.1132134446627
"952" 0.153846153846154 -16631.1454011066 0.220258228551271 0.0967302062065262 165.098376466839
"953" 0.153846153846154 -8072.91310302056 0.147756936243817 0.0890033311259386 179.431486417094
"954" 0.307692307692308 -7018.90223797869 0.667844121910944 0.200158759253555 79.7866656425947
"955" 0.307692307692308 -7654.44530725284 0.578344451270209 0.164553121213801 97.0507267331043
"956" 0.384615384615385 -7421.3677561083 0.55083760981103 0.156561841643889 102.004420951594
"957" 0.230769230769231 -3466.5013169454 0.723990647769001 0.23120473223267 69.0729806686172
"958" 0.153846153846154 -11732.0440706767 0.332403856137644 0.110707641005516 144.253818932012
"959" 0.307692307692308 -6746.77331136828 0.513065791522757 0.146454497691366 109.04410756749
"960" 0.307692307692308 -10180.6804434 0.28266706272259 0.10403095523477 153.512
"961" 0.230769230769231 -11510.8427558087 0.26560152047911 0.101788510913912 156.893934851908
"962" 0.153846153846154 -27483.4678661279 0.147071590085354 0.0885621846343379 180.325271626238
"963" 0.538461538461538 -3407.24076612969 0.580927958951312 0.166307815674804 96.0267557793406
"964" 0.153846153846154 -3637.27796743887 0.6482448550116 0.191183945496442 83.5321185496573
"965" 0.153846153846154 -13985.0444124321 0.275502236609917 0.102663786176435 155.556312452323
"966" 0.384615384615385 -7106.73038173571 0.641529787072754 0.188189190452743 84.8614097418643
"967" 0.384615384615385 -11330.2375718861 0.390148880996878 0.120258648549635 132.797101851753
"968" 0.307692307692308 -9275.06093574445 0.631112670775397 0.184909579330485 86.3665368653354
"969" 0.230769230769231 -12490.1933846042 0.259735384457579 0.100474594218539 158.945653119675
"970" 0.384615384615385 -3565.09574964857 0.564956544921104 0.160865138410611 99.2757048406366
"971" 0.307692307692308 -8159.74417891455 0.668608398696569 0.199771521740563 79.9413242731351
"972" 0.461538461538462 -35861.2017526354 0.633316831519023 0.184001946422443 86.7925601359406
"973" 0.384615384615385 -9722.34665727586 0.509768751108201 0.144483321006595 110.531789335539
"974" 0.307692307692308 -4201.96263090299 0.775575292034261 0.270692573141216 58.9968162579353
"975" 0.230769230769231 -12667.1004070532 0.229835192266704 0.0971113957801893 164.450318849787
"976" 0.153846153846154 -95242.6597573339 0.159950107004896 0.0901588934536835 177.131721433606
"977" 0.230769230769231 -23269.7137319643 0.204280762135779 0.0942282956302144 169.482
"978" 0.307692307692308 -28881.94555255 0.331362073081402 0.110236719097806 144.870059003033
"979" 0.307692307692308 -9943.72161787609 0.545435032570886 0.15436308881442 103.457375222645
"980" 0.461538461538462 -2974.38035699509 0.685748472571494 0.209679704817433 76.1637852070853
"981" 0.230769230769231 -9091.42480396441 0.390556900202058 0.119746109626833 133.365501808515
"982" 0.384615384615385 -34246.1767257082 0.560580673230581 0.157960412592664 101.101280617582
"983" 0.461538461538462 -4631.59905996593 0.776658610584015 0.271345206676983 58.8549184103007
"984" 0.384615384615385 -11933.1432807515 0.347918258304362 0.113148460415752 141.142
"985" 0.384615384615385 -4689.39809297864 0.702933211899922 0.21847052670967 73.0991051311139
"986" 0.307692307692308 -6496.03070133828 0.5281547099697 0.14978401294132 106.620190542341
"987" 0.230769230769231 -9418.36319359801 0.412690349904463 0.124007357795745 128.78268099466
"988" 0.384615384615385 -7102.0125090588 0.570016203921707 0.162142288200105 98.4937376749669
"989" 0.307692307692308 -7664.38533962653 0.490973161985759 0.141066807640586 113.20877155375
"990" 0.307692307692308 -13876.7533186508 0.289695856802538 0.104322352229078 153.083204689748
"991" 0.307692307692308 -5626.0180057653 0.570338411093035 0.161873726301587 98.6571469309747
"992" 0.384615384615385 -5119.51958254639 0.496467481026034 0.142335428583 112.199753490659
"993" 0.230769230769231 -5031.21727313273 0.559759054731352 0.159498641037538 100.126244939237
"994" 0.307692307692308 -6067.58058517079 0.606155359740895 0.174212505898486 91.6696532067894
"995" 0.307692307692308 -14034.3231219787 0.488743275425276 0.139847386992678 114.195912726179
"996" 0.153846153846154 -71893.8365233754 0.283681499922447 0.103742229488573 153.939240353024
"997" 0.230769230769231 -7603.0758511841 0.270285770929193 0.102875462384141 155.236240303517
"998" 0.307692307692308 -6057.16805942513 0.412425395438445 0.124196264596937 128.58679809597
"999" 0.307692307692308 -8189.52733304894 0.282503642336172 0.104139742243588 153.351637481926
"1000" 0.461538461538462 -3946.55529297382 0.716005082744388 0.226173659950623 70.6094600206164
