"SCI" "RCI" "GER" "MSM*" "MIG"
"1" 0.270833333333333 -2141.24561387453 0.441423849570771 0.0487091214014508 1002.94654470195
"2" 0.270833333333333 -2169.0094532029 0.477199507134506 0.0531304321535207 944.170666108676
"3" 0.333333333333333 -1855.41645527414 0.618757698559144 0.0737648191905848 701.032580626058
"4" 0.291666666666667 -1664.55031637568 0.56589644379313 0.0655389053439218 794.693847016851
"5" 0.333333333333333 -1539.14767168571 0.508061948923137 0.0581306146190901 889.767751114141
"6" 0.3125 -2130.17208611968 0.516422279708208 0.0573209377076078 880.113397729847
"7" 0.3125 -1893.23633921632 0.579881134080391 0.0623706267779034 767.903061235194
"8" 0.1875 -2138.65824055131 0.445509591147378 0.0514298521880632 992.873486668465
"9" 0.270833333333333 -1563.50237050257 0.520497056974196 0.0561991292945867 862.180864108505
"10" 0.291666666666667 -1641.06351100079 0.480376761744577 0.0512853862552074 932.536928780529
"11" 0.3125 -1511.58670232775 0.530111586330262 0.0581028682342405 851.6861685162
"12" 0.291666666666667 -1668.36760101671 0.554951320715732 0.0595798250938655 805.809972283513
"13" 0.208333333333333 -2105.74631620869 0.449916168283868 0.0501588134900994 985.737364872808
"14" 0.291666666666667 -3130.10188377781 0.453090008194816 0.049228191951699 984.366388798251
"15" 0.270833333333333 -2499.16228274005 0.460827859614593 0.0496694673548618 973.032980676995
"16" 0.333333333333333 -1904.62379119136 0.49703738167588 0.0533821009587196 906.104771384176
"17" 0.354166666666667 -1580.26294786355 0.542619290051655 0.0631504917417289 832.029610884723
"18" 0.354166666666667 -1795.60431182362 0.491078067689161 0.0538648797874412 915.451256779225
"19" 0.333333333333333 -1957.79616682917 0.567281323163185 0.0637240910047586 790.593546810057
"20" 0.354166666666667 -1647.56999156832 0.571286895771167 0.0624975942638323 781.088720442483
"21" 0.270833333333333 -2106.6163919516 0.506234676541016 0.057311260953925 888.618032119718
"22" 0.1875 -1834.54798503166 0.454939346486989 0.0510778462458621 976.934315107636
"23" 0.3125 -1661.90696417969 0.539896522269902 0.0587843197459507 831.523096275349
"24" 0.3125 -2189.86136100867 0.511596584724809 0.0546851716045668 880.765134702021
"25" 0.270833333333333 -1746.23992016353 0.475534778848209 0.0524871996151369 942.786620279142
"26" 0.291666666666667 -1679.65967639343 0.57174584256005 0.0649241722391696 782.277309938412
"27" 0.270833333333333 -1633.40811473014 0.488071732453335 0.0519668840731745 920.12938514039
"28" 0.229166666666667 -2116.13187560458 0.4816532288937 0.0518445395522443 933.106985844514
"29" 0.3125 -2100.42924642669 0.4575578881673 0.0500240285471415 977.935518486881
"30" 0.270833333333333 -1537.3621676708 0.611494828800103 0.0677684426688711 708.893443265455
"31" 0.3125 -1432.33619354249 0.614417432237004 0.0674408288063962 708.835008637693
"32" 0.291666666666667 -2482.97764737117 0.43250940949539 0.0502076257678368 1021.67569167135
"33" 0.3125 -1994.22454005513 0.497432460396727 0.0531826489345791 901.862913145158
"34" 0.3125 -2528.00443035719 0.529315858224514 0.0585462401638133 857.455413760907
"35" 0.3125 -1621.74269878191 0.548801183599839 0.0623079616774369 821.328341648142
"36" 0.291666666666667 -2225.29569958261 0.37952349162479 0.0451058359723798 1109.32668406692
"37" 0.3125 -2082.29457705907 0.499757035517808 0.0534379780654173 908.18259720119
"38" 0.354166666666667 -1307.34501018265 0.629954700547073 0.07059725623731 678.573417103371
"39" 0.208333333333333 -2475.43662424932 0.393625323482456 0.0487472129346919 1090.41559743666
"40" 0.354166666666667 -1367.04931008335 0.609728433635738 0.0676599679818843 713.371606339432
"41" 0.270833333333333 -2119.59694004342 0.44133284429223 0.0495013254000511 1005.93409189311
"42" 0.25 -1897.32583053013 0.459220313730731 0.0513433370434393 966.437210474951
"43" 0.291666666666667 -2581.4333607255 0.4547997415912 0.0489356617666389 979.864466811076
"44" 0.291666666666667 -2365.17815531842 0.51064693146157 0.0544633661075997 884.966357998947
"45" 0.270833333333333 -1666.32148970922 0.467645991521883 0.0510666165306279 956.147982516761
"46" 0.229166666666667 -2230.23669228998 0.417684601096191 0.0464840266808128 1044.55481978624
"47" 0.333333333333333 -1751.03913579811 0.544853514750102 0.0599380833821609 828.323891533649
"48" 0.375 -2439.74786156426 0.431464426219374 0.046980063865197 1019.74569509687
"49" 0.3125 -2215.56618954131 0.483778653907131 0.0524853475895341 928.238704768349
"50" 0.229166666666667 -2019.90817244437 0.422230807656151 0.0501871892948685 1031.55401763358
"51" 0.3125 -2158.03385350914 0.450209435610725 0.0484613160217865 987.341476828928
"52" 0.354166666666667 -2129.83116190905 0.468958966113152 0.0529365572255263 958.444877616417
"53" 0.25 -2580.27226593811 0.376834478002289 0.0434429416748942 1113.49095337118
"54" 0.416666666666667 -1586.98302085333 0.606211746159637 0.0684806070175928 717.007681251771
"55" 0.229166666666667 -1723.01459709165 0.479151325971401 0.0521629827689132 937.115671027418
"56" 0.333333333333333 -2255.96004618775 0.440056738305443 0.0489759247412359 1007.71070744932
"57" 0.291666666666667 -1756.71483823579 0.483705333312733 0.0528788942589244 923.441501856894
"58" 0.354166666666667 -1918.31713006197 0.526612946145278 0.0574844703825631 854.75956511781
"59" 0.3125 -2106.69852754781 0.464114390311874 0.0542087281500594 964.755588862688
"60" 0.270833333333333 -2141.39820179394 0.476093081146054 0.0547566545070291 942.433756394348
"61" 0.25 -1660.86158944267 0.483627900636768 0.0568089600967788 931.475036990408
"62" 0.291666666666667 -2209.15067455373 0.526299773697395 0.0588341824500354 858.524718756776
"63" 0.291666666666667 -1747.79478317747 0.478477894636361 0.0510930449981525 937.920433760158
"64" 0.270833333333333 -1770.80587688487 0.560661239131459 0.0604752223179219 800.122666079164
"65" 0.229166666666667 -2375.43464538373 0.370196839893382 0.0427628261508356 1126.36620682151
"66" 0.229166666666667 -2051.03142183735 0.419088171710304 0.0461696370704335 1038.45130739274
"67" 0.25 -3047.07884057091 0.486485682708366 0.0550847959577339 932.274472945997
"68" 0.25 -2492.07347110605 0.425061008508278 0.0494196113866294 1035.19032389191
"69" 0.208333333333333 -2339.32908004962 0.362690648161883 0.0427609292744219 1135.15206461105
"70" 0.291666666666667 -2435.38701360553 0.409194793470675 0.0476706089436123 1055.03128319579
"71" 0.25 -2096.43952761506 0.529942809007152 0.0588487723517152 854.259078571431
"72" 0.25 -2703.12418901362 0.439301529608388 0.0526195216011219 1010.52423114933
"73" 0.270833333333333 -2040.52268434725 0.432102748217883 0.0505122623126129 1019.98571165171
"74" 0.291666666666667 -1528.99924344362 0.509044484329702 0.0575381475921279 885.34460514434
"75" 0.291666666666667 -2237.8761325058 0.44889494254764 0.0487393878662557 986.417029309021
"76" 0.25 -1931.24912123064 0.484108424363377 0.0574930545809015 932.134689886184
"77" 0.270833333333333 -1793.80026688028 0.519672781581555 0.0575733518366208 871.108016549309
"78" 0.270833333333333 -2576.8096025566 0.411915675691655 0.0487159662678775 1056.09296716228
"79" 0.208333333333333 -2995.555363553 0.371438514670852 0.0455428267641246 1130.68310488279
"80" 0.375 -1876.1034986207 0.629340560766038 0.0784616690252398 685.58068105991
"81" 0.229166666666667 -1928.98700478866 0.528937564269004 0.0624509371076902 853.359636973784
"82" 0.333333333333333 -1489.90714843838 0.603457931115602 0.0665718529194828 726.803407549277
"83" 0.354166666666667 -1564.87649181474 0.667620960518506 0.0793814892278542 614.577090755003
"84" 0.229166666666667 -1970.03573181176 0.49166736928251 0.0526881717034794 918.892507901743
"85" 0.25 -2318.78702419344 0.433101995607456 0.0495323187212819 1010.05261019873
"86" 0.3125 -1856.45715743268 0.460072733963987 0.0533539479823593 967.64283855449
"87" 0.270833333333333 -3103.18278614577 0.455434141743642 0.0511211529071978 980.506447280081
"88" 0.291666666666667 -2061.56935157905 0.480153654951807 0.0535166184161169 939.860889278594
"89" 0.291666666666667 -1651.1402913468 0.473016546838315 0.05233818919377 949.128017655409
"90" 0.375 -1481.36798967404 0.59701583370275 0.0660269207964947 734.879715323352
"91" 0.1875 -2967.91840659009 0.25664463966307 0.0371686611977818 1314.40684576133
"92" 0.25 -1808.5813641422 0.528894186080017 0.0620320220437265 859.824061384343
"93" 0.395833333333333 -1499.40927543147 0.648943037778962 0.0804003750467937 653.206816215344
"94" 0.3125 -3296.05481889679 0.392234126612806 0.0440730932174273 1093.6448877559
"95" 0.333333333333333 -2146.22989844464 0.476974234548791 0.0544361058967667 945.739190093363
"96" 0.270833333333333 -2474.61526979191 0.399652525851381 0.0465481483634981 1075.03580898139
"97" 0.354166666666667 -2739.1680336566 0.441834757296012 0.048071451467048 1010.81005855801
"98" 0.270833333333333 -1808.37621584296 0.521468260335691 0.0555307105567926 865.44233247065
"99" 0.3125 -1520.88240140918 0.5798760244442 0.0673138550489769 764.550227857881
"100" 0.291666666666667 -1971.29235260493 0.451930023716447 0.0513697328671188 984.651682670102
"101" 0.333333333333333 -1923.23649151695 0.555638888603275 0.0610521874668287 808.343892623814
"102" 0.208333333333333 -2274.94634644152 0.413372691089484 0.0463150509859068 1049.77064988229
"103" 0.291666666666667 -1833.74470689781 0.555973338031098 0.064148271976054 808.436630154729
"104" 0.333333333333333 -2173.47956251775 0.50653251175905 0.0574687662828502 888.603637145543
"105" 0.25 -3364.89826488669 0.432782855195217 0.0498474544208296 1022.27777803615
"106" 0.229166666666667 -2512.03309475026 0.326969592158107 0.040471104371115 1195.927097789
"107" 0.354166666666667 -1528.42177343839 0.540931506253651 0.0580464857357791 832.597858163306
"108" 0.208333333333333 -2090.26704878122 0.423273249532792 0.0498297699273294 1032.30051214096
"109" 0.291666666666667 -2094.75281696286 0.441209828671329 0.0480506927070232 998.859852394469
"110" 0.229166666666667 -2466.15901074303 0.487911832324542 0.0544066960227703 929.31884705304
"111" 0.291666666666667 -1743.16977420847 0.59626388646405 0.0691071216098173 743.418790019814
"112" 0.291666666666667 -1547.49807175144 0.532670929922679 0.0597362175524582 845.709868882229
"113" 0.270833333333333 -2335.20940543406 0.548091071962307 0.0582602271345563 822.615167492165
"114" 0.25 -1846.84892529917 0.509340142854606 0.054802153143693 883.792322960355
"115" 0.229166666666667 -1823.35050465293 0.521922706750865 0.0567316287907477 864.59475975787
"116" 0.270833333333333 -1737.95841376156 0.549688199769207 0.0618592466689739 819.678849009289
"117" 0.270833333333333 -1594.76367563528 0.59918883610983 0.0708858228400978 737.873571282331
"118" 0.3125 -2185.2400847551 0.491528947490156 0.052882914347362 915.622395911013
"119" 0.291666666666667 -1994.99618267813 0.468556423118018 0.0511806351428236 950.263845384363
"120" 0.333333333333333 -1887.84964930211 0.565422663416628 0.0619427925014715 793.883415657151
"121" 0.333333333333333 -1987.50112290717 0.503280098634381 0.0578365605599272 902.491618813297
"122" 0.229166666666667 -2413.11590844181 0.355467113186451 0.0437687416916989 1146.87493963449
"123" 0.229166666666667 -1838.11603374075 0.548519356888123 0.059675725105219 821.939530812395
"124" 0.270833333333333 -2220.12776148153 0.430619261677689 0.0488642406703911 1021.41821802788
"125" 0.3125 -1882.84492331716 0.606876346484088 0.0669663414438178 721.229539986522
"126" 0.333333333333333 -1907.48094497096 0.486907673430305 0.0538685315075435 923.277124406954
"127" 0.291666666666667 -1749.91114940869 0.55548395314835 0.0600620666332674 805.071055271954
"128" 0.25 -2164.45949898221 0.555268496756746 0.0629640596256578 810.544810505417
"129" 0.333333333333333 -2258.75198251001 0.560471723125279 0.0620788017256153 806.142162230659
"130" 0.3125 -2298.3676649446 0.448962789731909 0.0510006372222415 987.927208278021
"131" 0.354166666666667 -1664.49873303406 0.522819299895441 0.0593267589472983 859.774788506136
"132" 0.270833333333333 -2859.50562754015 0.47884754679599 0.0557199916664981 946.806023196604
"133" 0.25 -2243.2896724043 0.490202377090413 0.0550995213005783 919.461712913782
"134" 0.291666666666667 -2647.59850299276 0.45944410101437 0.0498656917928913 973.240747011886
"135" 0.333333333333333 -2067.50555692 0.508398563893851 0.0570307296946709 891.985791421216
"136" 0.3125 -1716.71454928193 0.509916411295383 0.0586115242514653 885.551045736134
"137" 0.270833333333333 -2237.01841735281 0.535765655478997 0.0567812118640647 845.544946110048
"138" 0.166666666666667 -1811.2630595224 0.464620110899079 0.0511617581537158 957.765595419206
"139" 0.208333333333333 -2581.12047193668 0.397355881561946 0.0459739504202626 1077.63240244452
"140" 0.333333333333333 -1616.60800183389 0.61615548120508 0.0694487259718796 700.835512156223
"141" 0.270833333333333 -2494.89562795118 0.390711821722385 0.0451645921734887 1090.30533653316
"142" 0.25 -1926.80584942934 0.486642044508403 0.0525589242871675 927.346676083046
"143" 0.3125 -1725.57793940372 0.512132511555259 0.0553480619321277 882.318507896251
"144" 0.3125 -1787.54927280883 0.522777535892972 0.0581773182757623 863.926901682475
"145" 0.3125 -1805.31110875731 0.486736399470313 0.055390037864936 925.668354455029
"146" 0.229166666666667 -1953.83097341427 0.466511469063424 0.0509033718816758 960.83070032501
"147" 0.229166666666667 -2567.16498363475 0.329155690866265 0.0409488643489531 1190.16180162667
"148" 0.291666666666667 -2453.17280745903 0.551620194325865 0.0658702123901897 819.608773692479
"149" 0.354166666666667 -1309.38859557212 0.672340999283296 0.0790323983980068 606.154794325451
"150" 0.291666666666667 -1929.41880176876 0.44264625964836 0.051035408721593 1002.84125678587
"151" 0.208333333333333 -1811.98855913336 0.479204992312026 0.0535197183005573 935.963181437608
"152" 0.333333333333333 -1643.64569774534 0.543469766941367 0.0620255884805605 827.210192405308
"153" 0.270833333333333 -2037.74919869395 0.532137655748988 0.056704843909208 849.105985354251
"154" 0.270833333333333 -2408.83979041517 0.496283183951367 0.0543792086113654 913.244009984498
"155" 0.333333333333333 -1754.85631143345 0.494304883794574 0.0538915727058199 912.028842136888
"156" 0.3125 -2348.41006101917 0.48316794777643 0.0516297191695165 928.990193270698
"157" 0.270833333333333 -1908.22460037988 0.539847211321282 0.0578561036832145 837.965819689885
"158" 0.229166666666667 -2583.72032103614 0.372006246309927 0.0438299378529458 1120.63963593909
"159" 0.354166666666667 -1862.28893460614 0.527609206978429 0.0567911854457162 851.537332042776
"160" 0.3125 -1948.99574825797 0.466416556902204 0.0516548292682386 961.534051438326
"161" 0.208333333333333 -2697.47568761009 0.290631812813184 0.0393436851110828 1255.50422080118
"162" 0.208333333333333 -2134.52988777588 0.407370066653309 0.0467862418193741 1063.37097844858
"163" 0.3125 -1731.76099191052 0.547825287215159 0.0621620349716965 822.370619411797
"164" 0.1875 -1896.20332431253 0.471932274758279 0.0504650596214445 947.414358189417
"165" 0.291666666666667 -2872.13529413408 0.453960172308578 0.0510358095605868 980.261357156761
"166" 0.270833333333333 -2580.53082605746 0.48355786119691 0.0528614259011881 934.368560079415
"167" 0.333333333333333 -1815.15666521094 0.549105721314627 0.0610007044756486 815.151777720257
"168" 0.208333333333333 -2442.74823437982 0.386066734688811 0.0456443899911383 1097.99129180956
"169" 0.229166666666667 -2084.16472288644 0.462625497420936 0.0497815063015184 965.688123353823
"170" 0.291666666666667 -1813.001049466 0.643539642755861 0.0748259197397173 658.279468947678
"171" 0.270833333333333 -2105.93558433403 0.476544989359483 0.0517502545481322 939.489533405012
"172" 0.270833333333333 -2310.75031166877 0.435408978847275 0.049042853245326 1014.62890214928
"173" 0.208333333333333 -3718.14403456668 0.32573033766502 0.0400096743129837 1204.07688440059
"174" 0.25 -2015.16955482689 0.380143574268092 0.0451047520143271 1102.7372529971
"175" 0.229166666666667 -2348.02316615047 0.42509735259539 0.0477591386792957 1033.13386098058
"176" 0.25 -2419.7574847411 0.471064314901877 0.0513772400518288 951.789468144063
"177" 0.270833333333333 -2055.95218761496 0.487249327179421 0.054494235595873 927.130631681642
"178" 0.333333333333333 -1249.10468354176 0.694423085894141 0.0911668575929552 572.666350095421
"179" 0.291666666666667 -1713.8647151073 0.538879052837285 0.0609841627985763 836.872156933948
"180" 0.270833333333333 -2577.46130939885 0.492954750306118 0.0529120901896308 915.875601907271
"181" 0.291666666666667 -1928.6986845823 0.444848334534287 0.0488447245302647 987.701721847216
"182" 0.270833333333333 -1903.60062048199 0.40240388869239 0.0480521229341042 1070.86652396356
"183" 0.3125 -1409.43448634061 0.531213757156533 0.0579551919473111 843.669386488485
"184" 0.3125 -2077.18866215688 0.556441297176199 0.0607179519638986 804.012469856697
"185" 0.291666666666667 -1762.44115009334 0.541848651838179 0.0586341593228882 832.586590742189
"186" 0.333333333333333 -2166.4309633473 0.495189449405551 0.0542033651270975 912.163877964425
"187" 0.291666666666667 -2009.99767617201 0.544111401291922 0.0578616075100447 827.945217441376
"188" 0.333333333333333 -2373.6179128928 0.468657745266009 0.0508046499089791 954.761517936739
"189" 0.25 -2407.65617077662 0.341953909101093 0.0419149122871434 1168.37163820382
"190" 0.291666666666667 -1832.26350615761 0.525767400259495 0.0568482715832615 860.105844094263
"191" 0.25 -2103.56017848528 0.419874709866388 0.0483455973966074 1039.91493514296
"192" 0.229166666666667 -1345.78350673128 0.560903040884044 0.0603198917103624 793.84825182696
"193" 0.229166666666667 -1477.67415515094 0.545823917414128 0.0608621680601398 822.507317776078
"194" 0.291666666666667 -1817.29019881953 0.514239005458327 0.055250307499208 875.516304288008
"195" 0.354166666666667 -1753.71664912788 0.546303989037345 0.0606350334555081 822.918967412201
"196" 0.291666666666667 -2483.88616675602 0.413327528408283 0.0466578879351661 1051.3709857297
"197" 0.354166666666667 -1811.70777535524 0.526396943005958 0.0576477342234716 859.527499730931
"198" 0.3125 -2040.1672802079 0.417071275662095 0.0466871710286969 1043.11797138805
"199" 0.25 -1620.92743425161 0.547511636048921 0.0649833865987338 826.301685838099
"200" 0.333333333333333 -2509.41997247127 0.496311000075778 0.0527767441480772 909.166966413887
"201" 0.291666666666667 -1735.77490630548 0.506108631741975 0.0540057806401233 889.728038139865
"202" 0.145833333333333 -2394.96843674855 0.434666695726963 0.0501624601884887 1016.34552549994
"203" 0.291666666666667 -2146.67355720764 0.52125549442844 0.0566890979083116 860.931327211827
"204" 0.354166666666667 -2580.5345167784 0.530762283968881 0.0577436783733191 854.040927332761
"205" 0.333333333333333 -1887.35621345753 0.47180551579011 0.0556455052924505 955.733801792637
"206" 0.291666666666667 -2008.68783572392 0.610647668989648 0.0710557750379125 718.655391755084
"207" 0.1875 -2393.94148292497 0.363567742361741 0.0462171495387959 1142.00393109609
"208" 0.166666666666667 -2511.58733834704 0.430695014218908 0.0481102280488062 1022.29697217139
"209" 0.208333333333333 -2691.80377962815 0.375520852170544 0.0448202534324002 1120.36150860453
"210" 0.3125 -1977.52940439511 0.403146639830406 0.04497448833811 1063.75445118325
"211" 0.3125 -1797.3256437904 0.511206026629687 0.054961242379735 883.033785806628
"212" 0.291666666666667 -2063.54216769892 0.564488732536168 0.0617580960637058 793.77887127981
"213" 0.395833333333333 -1550.65848359442 0.656757876323569 0.0779812827313655 635.927509650295
"214" 0.291666666666667 -1722.30474749618 0.496398123061807 0.0558373200149693 908.664832156071
"215" 0.395833333333333 -1553.00207650142 0.582542310401543 0.0681145301894021 760.98447932971
"216" 0.270833333333333 -2644.34116178067 0.35415452880034 0.0424795769657369 1154.93046223849
"217" 0.25 -1718.86124709629 0.452066238075922 0.0511040052942187 977.833433034706
"218" 0.3125 -1788.03667114362 0.487436840373144 0.055411597523948 925.007225423105
"219" 0.354166666666667 -1727.35018249123 0.581999194625499 0.0680411076574661 766.062116802232
"220" 0.25 -1966.62475285152 0.450786766093321 0.0504078765671472 986.11032751052
"221" 0.291666666666667 -2135.7436909252 0.512639197948303 0.0590900215765673 883.367328134856
"222" 0.270833333333333 -2243.27463335144 0.472650185822063 0.0546869292052011 947.969488146701
"223" 0.3125 -1850.46536698044 0.566670706641169 0.0642610157536324 789.103695705162
"224" 0.291666666666667 -1907.38330897249 0.51824263040793 0.0568158889118862 866.588992513363
"225" 0.270833333333333 -2279.49770017693 0.463902777463413 0.0539693779633012 968.317784336579
"226" 0.375 -2165.45730019429 0.488768428453202 0.0535640095957151 922.289295981344
"227" 0.333333333333333 -2143.74149653786 0.539762339228411 0.0583240599463985 837.765884383758
"228" 0.3125 -1207.83885059404 0.615958263620504 0.0704340729235596 701.739685482373
"229" 0.208333333333333 -2091.38326561243 0.460337976011269 0.0491859826362156 976.168985466724
"230" 0.3125 -1661.28370052768 0.526644891921717 0.056920546667526 853.566113328061
"231" 0.25 -2172.87607957705 0.44688191276958 0.0505223189131975 992.664794444598
"232" 0.291666666666667 -1742.5826611747 0.422564076139383 0.0487705704247642 1034.69831387524
"233" 0.229166666666667 -2711.72339234699 0.370409075888134 0.0428902599285438 1131.03083963649
"234" 0.291666666666667 -2132.74190005518 0.507809540271439 0.0536640300429601 891.795552529717
"235" 0.333333333333333 -2263.04699553583 0.542754436951811 0.0584557774493979 833.809575684573
"236" 0.291666666666667 -2445.27009368981 0.472278821497915 0.0511368668588612 951.919995090067
"237" 0.229166666666667 -2018.28900892294 0.513201256898732 0.0564367908812431 880.856357091184
"238" 0.208333333333333 -2654.66718709034 0.340512047312133 0.0422247768358193 1174.96884470586
"239" 0.354166666666667 -2307.39339570219 0.552236196950563 0.0612853314820994 812.316163666943
"240" 0.354166666666667 -2287.66748116894 0.497257804188898 0.0528036208195509 912.203960489458
"241" 0.3125 -1602.97000861095 0.58820071766919 0.0685504166251714 752.063409763398
"242" 0.208333333333333 -2494.66325083596 0.461009442614227 0.0518313859852294 970.333106982914
"243" 0.333333333333333 -1953.26827163938 0.52840084940421 0.0573739795560756 852.404347238632
"244" 0.3125 -2113.2881169739 0.394962807409707 0.046325933367323 1083.18351469052
"245" 0.208333333333333 -2092.46689222575 0.429195801130084 0.0491419972120813 1016.517056038
"246" 0.229166666666667 -2876.08475006503 0.438287472939357 0.0496768502929775 1008.75884666372
"247" 0.229166666666667 -2301.02042700773 0.428772813441941 0.048189317614606 1026.23775801399
"248" 0.208333333333333 -2419.47962899842 0.330748766057784 0.0412016069766842 1193.73680432069
"249" 0.333333333333333 -1444.3587473257 0.56848226495123 0.0619432143017134 782.37194124704
"250" 0.270833333333333 -1721.17270332738 0.519619844847677 0.0576226694212669 872.249912571977
"251" 0.229166666666667 -2631.32989955396 0.456597127429475 0.049555568393859 973.853707088664
"252" 0.25 -2179.3067470747 0.490145083588386 0.0566647780926364 925.746241447823
"253" 0.291666666666667 -2135.46965944486 0.452057341587205 0.0485698298355475 985.377304137701
"254" 0.291666666666667 -2195.42348131063 0.485453385069927 0.054015038974648 930.190685793974
"255" 0.270833333333333 -2503.22654317469 0.458817380481397 0.0493328833475003 969.235071496989
"256" 0.208333333333333 -2154.90320989348 0.492202844990602 0.0563982871182931 914.579839025224
"257" 0.145833333333333 -2418.72126742779 0.330325657573306 0.0419782492836247 1189.93837493812
"258" 0.354166666666667 -1499.32083981303 0.624078850527019 0.0703986836755733 690.138881618715
"259" 0.270833333333333 -1976.50256558274 0.504900561403961 0.0547793491458351 892.326996040256
"260" 0.291666666666667 -1951.33376680542 0.512073168684518 0.0548943911987788 882.899179373985
"261" 0.25 -1947.2780990952 0.479511601322059 0.0512923169371869 939.870143384716
"262" 0.333333333333333 -1579.51089821265 0.533882058749298 0.0603311348930899 843.172018629281
"263" 0.229166666666667 -2130.48058083012 0.488376109397132 0.0569443181290823 926.394286816699
"264" 0.3125 -2194.99918343906 0.530675160741367 0.0599489074024575 857.94078896264
"265" 0.291666666666667 -1933.84812686725 0.475961108341405 0.0535765203545652 943.484684392463
"266" 0.354166666666667 -1288.6824463733 0.574316468780274 0.0622606675788896 772.630865583889
"267" 0.229166666666667 -1753.28152054961 0.547944915846588 0.0606258426933392 816.693449528326
"268" 0.270833333333333 -2065.33509993861 0.436564405588798 0.0487789597158108 1009.84427722662
"269" 0.229166666666667 -1400.5079660468 0.539904865909078 0.0615081400862919 830.95536187869
"270" 0.375 -1453.92750020528 0.604615324039423 0.0690526157696235 722.830745214158
"271" 0.354166666666667 -1671.79897192062 0.488275570091632 0.0539611175568018 918.182091800148
"272" 0.270833333333333 -2391.21781457395 0.408769931837707 0.0469718299282727 1062.3281733996
"273" 0.270833333333333 -1929.04571426589 0.502417673381331 0.0537500826393649 895.927839183067
"274" 0.25 -1977.62596246271 0.553008527740774 0.0590751519256851 813.319816430765
"275" 0.395833333333333 -1437.34608756371 0.637819287041158 0.0735401371885651 669.871476724244
"276" 0.270833333333333 -1798.72083259776 0.481260662192794 0.0518892940116595 930.86282521011
"277" 0.291666666666667 -1607.56223670934 0.528276567773312 0.0567054165199895 855.166948745699
"278" 0.354166666666667 -1649.47471110884 0.552526141644154 0.059531011247372 812.476891652029
"279" 0.3125 -1720.81923582357 0.4793387436088 0.0538033791003931 938.699830745764
"280" 0.291666666666667 -2153.73773007905 0.494285952397148 0.0529321054953308 912.504402615317
"281" 0.25 -2358.7846153087 0.460635610303715 0.0513786292708938 967.992373379954
"282" 0.270833333333333 -1567.93145475013 0.518657626089587 0.0593868636757393 868.071356545898
"283" 0.3125 -1470.41048229849 0.55640553751275 0.0617795830143531 806.484553179044
"284" 0.3125 -2196.02842637183 0.526283295557868 0.0577924549869357 860.445788306919
"285" 0.270833333333333 -1955.41913122071 0.476737275373427 0.0539375806135105 946.545239793407
"286" 0.395833333333333 -1883.80096915757 0.570004348222491 0.0617937053413793 781.778025066042
"287" 0.3125 -1821.18587561162 0.45916477917617 0.0531106476126667 973.542696130313
"288" 0.229166666666667 -2224.28658833997 0.412097745060616 0.0460323828716044 1053.6466045205
"289" 0.208333333333333 -1717.01089869467 0.541770373053972 0.0641772528174339 834.60612566266
"290" 0.291666666666667 -1804.75525453275 0.485955789676502 0.0519940049650773 921.413423105805
"291" 0.25 -1723.57341353852 0.5542689983383 0.0612928663122454 813.014283449019
"292" 0.375 -1533.36602031989 0.563806085415039 0.0606338517834441 793.763172050239
"293" 0.166666666666667 -2662.44699638757 0.337349549876247 0.0420569737080326 1182.56522829493
"294" 0.291666666666667 -2266.46605176639 0.50831648292828 0.0583712320022217 893.893612692422
"295" 0.291666666666667 -1704.04104657039 0.56497607511472 0.067680369533349 795.337283820125
"296" 0.291666666666667 -2111.70354247271 0.492122557464861 0.0525632256592983 913.223794231867
"297" 0.25 -2186.76860033472 0.357972002530948 0.0420283180524902 1142.07590179495
"298" 0.333333333333333 -1940.66754481955 0.501605329969269 0.0548754938502884 900.672094452991
"299" 0.395833333333333 -1400.41675422496 0.663810294665827 0.0791874767054396 622.865696454927
"300" 0.333333333333333 -1659.67486852315 0.545823746302967 0.0626358743934089 827.715944397748
"301" 0.270833333333333 -1902.95020164587 0.554215159306136 0.0632830521016437 811.47984437213
"302" 0.291666666666667 -2424.27398360948 0.440458350920312 0.0481670814055231 1003.45621004709
"303" 0.333333333333333 -1662.00790404507 0.580035992256624 0.0628479962582848 765.250640927394
"304" 0.291666666666667 -2652.21037731145 0.445687610112323 0.0518429573679743 996.19265916096
"305" 0.208333333333333 -1590.13012612899 0.574601890494275 0.0627796090146046 775.768026163472
"306" 0.291666666666667 -2682.17336332238 0.455016103849085 0.0539532361659045 983.351553843368
"307" 0.333333333333333 -2412.27876141988 0.486829368896424 0.0531649410774453 925.18506772357
"308" 0.270833333333333 -1966.02861740702 0.506681807623542 0.0584631216510112 889.276361780771
"309" 0.291666666666667 -2058.87331352145 0.398917733662594 0.0443559727664713 1078.08823749945
"310" 0.270833333333333 -1483.25094071028 0.575721603022051 0.0645558920532154 770.715275692042
"311" 0.333333333333333 -2144.61650467679 0.497368070853036 0.0548079219431119 910.286934839809
"312" 0.291666666666667 -2139.68100626147 0.508391048320826 0.0558963741597853 886.978452085647
"313" 0.25 -2267.73489293192 0.42710113363824 0.0487657591546201 1029.58981627976
"314" 0.25 -2718.23299062735 0.43760292474374 0.0505944887230341 1012.67892486029
"315" 0.333333333333333 -1696.05214986107 0.483257696763656 0.0516700675086871 927.204039295382
"316" 0.3125 -2349.54578311379 0.514429880530501 0.0592088733120383 883.069282290439
"317" 0.270833333333333 -1616.37354332821 0.507638711712798 0.0564105171657357 890.337782423199
"318" 0.229166666666667 -2700.51555084509 0.448287628260446 0.0496189478627688 991.98502793752
"319" 0.3125 -2020.50358073783 0.500309905550259 0.0559282799366321 901.950015501148
"320" 0.270833333333333 -2609.56023531524 0.4657608134242 0.0534052495859834 962.782517588815
"321" 0.291666666666667 -2187.47258265343 0.506295066391953 0.0562047641000318 897.500989483205
"322" 0.270833333333333 -2461.50078475223 0.380485838500167 0.0439490417898282 1102.66506431027
"323" 0.3125 -1845.07076642738 0.556816612026258 0.0600374316968908 806.561719841964
"324" 0.270833333333333 -2133.71103512803 0.486560128902306 0.0546393541600816 926.872886534582
"325" 0.333333333333333 -1537.58283352608 0.532664798481161 0.0588167706714806 847.070541244296
"326" 0.354166666666667 -1358.78722702745 0.576119682745253 0.0647417129026035 769.428831448819
"327" 0.270833333333333 -1763.63041855563 0.514495337871525 0.0556545373747389 878.713075390582
"328" 0.25 -2122.74759746537 0.42127368262376 0.0471781459537009 1028.97395169205
"329" 0.25 -2251.85338883227 0.453734142330894 0.0501256826933622 979.102832830376
"330" 0.291666666666667 -2022.7166932959 0.476002990175829 0.0518539548341855 944.014455169579
"331" 0.270833333333333 -1973.65379044853 0.543565542477999 0.0617252320021618 834.247027004313
"332" 0.333333333333333 -2401.55689757884 0.49980857578579 0.0544220815649927 903.78809852107
"333" 0.3125 -1674.17679235525 0.557842559851805 0.0608633699716441 804.174452315635
"334" 0.270833333333333 -2460.12678845282 0.466830901994806 0.05212785200217 958.560783439822
"335" 0.333333333333333 -2336.09915137356 0.402324176191992 0.0460453176276528 1071.09705907669
"336" 0.333333333333333 -1660.12692981528 0.594873246809097 0.067178519869888 738.276852588687
"337" 0.3125 -1560.81384861209 0.612218108807845 0.0690526931235686 712.626172549478
"338" 0.3125 -1789.68169090588 0.535541307955599 0.0612473975278804 842.354869486536
"339" 0.291666666666667 -2359.07910528196 0.460280687681922 0.051552569726621 971.168301602283
"340" 0.333333333333333 -2182.74796188134 0.453861971618248 0.0495699981548288 984.064370869564
"341" 0.208333333333333 -2088.27214445018 0.471853718822679 0.0534883943207354 952.407257060055
"342" 0.208333333333333 -2750.04461164476 0.513554809364504 0.0580134619236938 885.793511973081
"343" 0.375 -1562.89967162465 0.538129528914629 0.0581211052951034 833.096715393491
"344" 0.166666666666667 -2505.55404804376 0.446186805586602 0.0524982454831402 1000.55737284086
"345" 0.25 -2072.773139388 0.512449171200541 0.0545045913097035 879.907606676823
"346" 0.333333333333333 -1755.97674678087 0.513259333014751 0.0572703147621584 877.366799811879
"347" 0.270833333333333 -2197.98320404559 0.45604557281418 0.0516347627328424 979.71846021218
"348" 0.229166666666667 -1880.00731768884 0.509031365857185 0.0544988929161184 886.300659706934
"349" 0.3125 -2379.90777592214 0.513747820233209 0.0559308840790739 883.74638278229
"350" 0.291666666666667 -1637.77681188231 0.484094705742437 0.0528993622772061 927.977551913277
"351" 0.333333333333333 -1923.88313657083 0.557002254934493 0.0642932279964846 809.551358118493
"352" 0.25 -2085.10051969017 0.458228576755801 0.0510667999662006 973.365456766606
"353" 0.270833333333333 -1502.38743106026 0.539242299438062 0.0608056774132784 833.73756867158
"354" 0.270833333333333 -1628.47363138041 0.571238282912446 0.0667096709555604 780.802091432301
"355" 0.291666666666667 -1834.45647582946 0.506772334241986 0.0592540381177898 897.061515861541
"356" 0.354166666666667 -2055.96560702501 0.517249395418007 0.0575773502313175 873.296347731976
"357" 0.4375 -1427.10514522709 0.584750707501417 0.0647167210895471 754.964158577619
"358" 0.3125 -1662.90037030986 0.580922355736952 0.0685622559317318 767.362823562351
"359" 0.333333333333333 -1328.52169179578 0.574669518134586 0.0664483086220824 775.7729274646
"360" 0.270833333333333 -2333.61992983648 0.440394831711581 0.0500213190759442 1007.61386590885
"361" 0.270833333333333 -2415.91004343948 0.41826312296565 0.0465067525889753 1042.08124108318
"362" 0.333333333333333 -2283.21223702094 0.505952985168007 0.0549097528768549 895.286321139632
"363" 0.354166666666667 -1925.93726972847 0.549871462947934 0.0630388714905191 819.456262121419
"364" 0.25 -1639.19913830337 0.542843904563954 0.0590067999841868 829.002971157888
"365" 0.229166666666667 -2300.19409215241 0.418923493375006 0.0468715200230548 1039.01070523051
"366" 0.354166666666667 -2079.58543151664 0.531078845320397 0.0579119900582398 851.915784420279
"367" 0.291666666666667 -2583.62664669972 0.419936964550978 0.0464582342457526 1039.54220915744
"368" 0.3125 -1595.84515051909 0.611329294892002 0.070821401282751 714.144001096456
"369" 0.270833333333333 -2305.81275273699 0.451436220811628 0.0498740686668642 989.351018958675
"370" 0.333333333333333 -2141.46006087382 0.526892549829125 0.0573173085020596 855.678250378637
"371" 0.3125 -1911.69620761077 0.527800585148442 0.058194450154833 858.269464526856
"372" 0.229166666666667 -2078.12041034953 0.499553768499608 0.0573854370072181 908.119708304275
"373" 0.1875 -2271.824389156 0.45650731581535 0.0505485483091485 978.56218209459
"374" 0.270833333333333 -1625.61730296549 0.520010634074769 0.0595366181904247 871.008012699343
"375" 0.291666666666667 -1925.88481332902 0.442357942415354 0.0490419682608033 999.751109073185
"376" 0.270833333333333 -1860.85322132392 0.454125193255836 0.0487726867204859 980.961464390103
"377" 0.3125 -1895.00725509461 0.510381950614793 0.0562630546212924 886.894330208442
"378" 0.333333333333333 -1953.00373183978 0.557436383260816 0.0608595304085911 806.032566980083
"379" 0.208333333333333 -2578.91002590884 0.461497444395473 0.0511184098001013 966.264634560182
"380" 0.333333333333333 -1569.34830501728 0.507117590076472 0.0545051654553979 885.021824640631
"381" 0.270833333333333 -2357.46389318733 0.405817369016237 0.0478225637793243 1064.35650558193
"382" 0.375 -1559.08908700922 0.581811042634006 0.0694979617371139 766.204285511952
"383" 0.208333333333333 -2592.91824536721 0.47209468109187 0.0541215957544331 956.999190687423
"384" 0.1875 -1774.36194839217 0.476921182298222 0.0550718425530092 941.681218437095
"385" 0.229166666666667 -1915.78753093993 0.415369217141262 0.0464404687718182 1047.14233328971
"386" 0.25 -2186.93080291804 0.44799243028444 0.0498488978975483 991.913528894464
"387" 0.1875 -2518.62494298515 0.341042772440757 0.0429554181231432 1175.72109514706
"388" 0.208333333333333 -1800.56926629595 0.46556319834968 0.0515221973660377 962.575367456804
"389" 0.3125 -1652.14175620872 0.591664108591901 0.0675012849154698 746.215404822908
"390" 0.3125 -2097.1379005722 0.457469037547421 0.0544428026080479 980.332648019379
"391" 0.333333333333333 -1930.46913545587 0.561488082040734 0.0626503149648734 794.859943097245
"392" 0.270833333333333 -1940.73015863984 0.459823759172117 0.0507558315591278 972.789045546254
"393" 0.354166666666667 -1984.70785695684 0.615942088616363 0.0738863372661404 712.040199798864
"394" 0.229166666666667 -2750.91409495993 0.385275915145443 0.0474512485660841 1098.79440741735
"395" 0.25 -1532.58360645283 0.588780844409998 0.0673274508324966 753.484368759728
"396" 0.229166666666667 -2265.85128857622 0.383775065141835 0.0450793250000546 1096.18900010995
"397" 0.291666666666667 -2423.74283137197 0.450866893317672 0.050007988604471 986.472226085762
"398" 0.270833333333333 -1981.84939129486 0.470910469588566 0.0537535624274019 954.48931844262
"399" 0.333333333333333 -2132.61482368692 0.569431725354939 0.0622516582918401 781.343374398264
"400" 0.333333333333333 -2371.36982047867 0.450262753434527 0.0485458131879738 985.196252296268
"401" 0.270833333333333 -2276.82872372534 0.427390417111637 0.0478623771403609 1026.30150693964
"402" 0.291666666666667 -2258.81281268117 0.397518001393317 0.0455146294709671 1074.54070673163
"403" 0.1875 -2101.56042620127 0.417595846402199 0.0509045169562979 1047.74267602662
"404" 0.270833333333333 -1795.2178756249 0.539485612106449 0.0588790643203938 838.347578963817
"405" 0.208333333333333 -2515.73335784137 0.350370661560333 0.0435151840098124 1160.30280308302
"406" 0.3125 -3153.59475583297 0.51698858092153 0.0573966718222535 876.775604804907
"407" 0.354166666666667 -1549.59636379205 0.526511424132287 0.0600405902519232 859.928902243002
"408" 0.333333333333333 -1799.79989948644 0.502831910111723 0.05358686003176 897.936041430224
"409" 0.270833333333333 -2127.91201567474 0.512939933826908 0.0562421372366373 879.365146728135
"410" 0.270833333333333 -3044.1880939999 0.420569144976757 0.0475733760467778 1040.95855412408
"411" 0.3125 -1917.07927502527 0.565731639862781 0.0649546334121567 793.388869029448
"412" 0.3125 -1355.16905023947 0.617861105230781 0.0709118301446572 702.674826840384
"413" 0.25 -1561.96624132206 0.594110189044232 0.0650153491647792 740.950137050318
"414" 0.25 -2249.09157175947 0.431977814682913 0.0482747696740068 1017.45090314051
"415" 0.229166666666667 -2543.05289832322 0.396148684939508 0.0472433345823678 1085.85264459673
"416" 0.25 -1927.59835741345 0.363724089970486 0.0427096352258499 1128.24346669294
"417" 0.3125 -2335.03534882631 0.463641253614153 0.0537592695394467 968.99359320238
"418" 0.291666666666667 -2097.76681645385 0.481491373244845 0.0555201840490315 933.540799064228
"419" 0.25 -2104.61572531346 0.390274387191782 0.0446438676146955 1083.65871857727
"420" 0.25 -2466.12605491514 0.375402737857911 0.0450723618131316 1119.0154882325
"421" 0.333333333333333 -1347.11964521959 0.620297481608556 0.0689970220469673 698.055314620481
"422" 0.229166666666667 -2345.95793115147 0.375572337766789 0.0442833860116898 1114.06579548957
"423" 0.3125 -2151.75397965549 0.426217101236386 0.0476277493842338 1022.63545982782
"424" 0.229166666666667 -1966.27924710954 0.494814494378188 0.0530000098297456 914.038803446034
"425" 0.270833333333333 -2625.43728937047 0.412141211188508 0.0470751099432157 1060.69342056026
"426" 0.3125 -1803.11530055075 0.48501210426402 0.0537128547796781 926.876937991336
"427" 0.270833333333333 -1939.8850983406 0.499637428836248 0.0558951328424992 900.777509429922
"428" 0.25 -2283.40489328191 0.340132781747097 0.0421762770913212 1172.06103104844
"429" 0.291666666666667 -2354.68819896398 0.372351940338024 0.0429430965840778 1119.70286183601
"430" 0.270833333333333 -1764.9659684778 0.544474459745136 0.0582709553879346 824.379666015743
"431" 0.333333333333333 -1771.64568030386 0.582097122017375 0.0665235449696771 760.060046126667
"432" 0.229166666666667 -1863.370011309 0.526230931477746 0.05991596002079 857.504522291157
"433" 0.270833333333333 -1948.09903931403 0.49070284857724 0.0536535003445911 916.999033596373
"434" 0.354166666666667 -1459.77138236037 0.543092093047527 0.0583192173633118 821.953399094315
"435" 0.3125 -1732.89180914527 0.51082544355987 0.0553696411273375 882.213582090914
"436" 0.375 -1838.61426311027 0.456358796279184 0.0491439915168944 973.733083744021
"437" 0.291666666666667 -2105.93640109377 0.542653021691406 0.0632934549870618 837.075212403547
"438" 0.375 -1676.17737969414 0.593677818149191 0.0723090191328042 747.3473740758
"439" 0.25 -2226.81225677735 0.419365599179314 0.0494565997127822 1039.29753873352
"440" 0.25 -2013.91917762675 0.561767304211145 0.0664780781095246 804.113021027636
"441" 0.270833333333333 -3476.04270043198 0.403352563705469 0.0480317796049296 1078.06769136956
"442" 0.354166666666667 -1763.9360570891 0.540690371897315 0.0633903498454816 834.59650919417
"443" 0.270833333333333 -1577.818209444 0.577757661072442 0.0677435609830216 771.791920849021
"444" 0.291666666666667 -1925.38867978356 0.474500996100616 0.0508278249739014 944.997591242694
"445" 0.354166666666667 -1482.72205316137 0.576914136702713 0.0647699787170063 769.595164852492
"446" 0.25 -2241.34369477832 0.4493126593066 0.0512119578158488 993.511338784799
"447" 0.25 -2490.4987491654 0.460764726134907 0.0527980364782298 971.93833515825
"448" 0.375 -2256.38231240822 0.553440801305437 0.0641981507550707 815.187816451954
"449" 0.3125 -2153.43787219542 0.465230603169189 0.0528305676483928 959.265638507054
"450" 0.3125 -2033.97802687436 0.52868606140702 0.0616514707022491 856.07798243285
"451" 0.270833333333333 -1606.67115441028 0.481451507120949 0.0522710745406953 930.039354695733
"452" 0.229166666666667 -2610.84260355015 0.380363551706905 0.0443805385430523 1110.49441438232
"453" 0.25 -2477.19587452607 0.454221001910878 0.0493978374280702 983.277857536055
"454" 0.208333333333333 -1771.9812208257 0.532928276991844 0.0579508646579756 845.313912541812
"455" 0.270833333333333 -1767.77653161834 0.535969635276368 0.061037318661335 843.295561085177
"456" 0.291666666666667 -1950.68505201898 0.530457666564615 0.0607099427728345 852.822317247224
"457" 0.291666666666667 -1585.09508676382 0.56030979293704 0.0610662710919666 797.168634135262
"458" 0.270833333333333 -1926.06379164041 0.476791878772142 0.0508357271444716 940.584560081179
"459" 0.270833333333333 -2076.49464258281 0.440617631472721 0.0479262358894294 1000.38417794927
"460" 0.270833333333333 -1935.24767046023 0.444208560393261 0.0492965732387472 991.345252141452
"461" 0.3125 -1577.83162530313 0.568334279256741 0.062235529745304 788.554714260248
"462" 0.25 -1924.96818352247 0.476771579256588 0.055488485967698 943.057236234802
"463" 0.229166666666667 -2294.60787635562 0.525960819616895 0.0568922885472388 854.445499464535
"464" 0.229166666666667 -2336.94739186378 0.491090220368016 0.053583313536189 916.129968239521
"465" 0.333333333333333 -2231.25995573283 0.536459288709075 0.0623435164150875 848.838138198644
"466" 0.270833333333333 -1866.23737304329 0.493843634215809 0.054593498812994 911.588232133183
"467" 0.291666666666667 -2496.1110145832 0.458707970194916 0.0522805257719739 972.093822673143
"468" 0.333333333333333 -1912.83126548921 0.52820360542935 0.059413185212529 852.867068227986
"469" 0.3125 -1236.58552295755 0.57461573129495 0.0623018886880641 771.164126412813
"470" 0.25 -2748.44331998846 0.41376436585797 0.0485514569127927 1057.93911116651
"471" 0.3125 -1775.24180271784 0.499252326049023 0.0565226128366014 899.4066118645
"472" 0.354166666666667 -1874.43568987611 0.572613849916411 0.0641073043622488 780.977789855767
"473" 0.354166666666667 -1195.42668646049 0.631943302244071 0.0729137617588774 674.877943107999
"474" 0.3125 -1706.34815130507 0.491007998501254 0.0553207644542144 921.417132921424
"475" 0.270833333333333 -1979.67208787827 0.44544380829636 0.0496551728273496 994.873473216224
"476" 0.375 -2079.29156464739 0.50511374859954 0.0569558959471715 896.377065714701
"477" 0.229166666666667 -2064.70076463448 0.442507028426119 0.0497718908867366 998.707372795015
"478" 0.25 -2073.46244380429 0.48525587087599 0.0520691315123299 925.070351155673
"479" 0.375 -2408.38663063075 0.527703329506769 0.0591407533481828 859.775121717469
"480" 0.270833333333333 -2337.05471622498 0.511782219009699 0.0566741126917377 885.170100996352
"481" 0.270833333333333 -1897.09976699455 0.516172562270111 0.0597204051474268 875.058461088463
"482" 0.375 -2394.82650744089 0.490003691364602 0.0521038835855837 920.791122770754
"483" 0.3125 -1946.8155731133 0.491264978301594 0.0547270630085037 921.653575038761
"484" 0.25 -2155.03019831282 0.440107115217432 0.0507358133644406 1005.02768195587
"485" 0.270833333333333 -1876.53153446648 0.465183856693623 0.0524788933372931 964.040411604861
"486" 0.3125 -1744.67351630411 0.54202738267379 0.0597040436559771 828.632068550122
"487" 0.270833333333333 -2949.70522128771 0.375456818858084 0.0437927266584899 1111.10893461679
"488" 0.270833333333333 -1736.36978878543 0.490607964054413 0.0533245504888203 916.86671158759
"489" 0.291666666666667 -1950.15507523634 0.50329437025471 0.0576043170583559 897.532213669907
"490" 0.270833333333333 -2034.02720081643 0.48096237448206 0.0517539353025327 930.923482756873
"491" 0.333333333333333 -1558.47294954154 0.53669230624112 0.0575744630841992 837.645820349097
"492" 0.333333333333333 -2780.80678811157 0.519660169295639 0.0590702956651792 873.440659926057
"493" 0.291666666666667 -1462.79090083923 0.572314795560004 0.0657717288940111 781.431775511668
"494" 0.229166666666667 -2702.85341556783 0.442374103664742 0.0491102057216702 1007.90028717009
"495" 0.375 -2282.03788080865 0.510079375323612 0.0540347603881275 887.312920801524
"496" 0.229166666666667 -2253.03499260337 0.382491553215575 0.0439544650631133 1105.05348045306
"497" 0.3125 -1768.44407600293 0.478694362608463 0.0536837604977631 937.966662300586
"498" 0.395833333333333 -1560.48319961926 0.570191883096552 0.0664762525720485 780.069502806862
"499" 0.270833333333333 -1939.8811708286 0.515025291430401 0.0562460463742654 876.736741220979
"500" 0.395833333333333 -1770.08377794076 0.587623206432476 0.0700797034941146 761.621720693377
"501" 0.291666666666667 -1506.36265651579 0.589673677987159 0.0647012099270804 751.326922375458
"502" 0.291666666666667 -2286.76836631199 0.522016069863394 0.0585035533861549 866.255189302558
"503" 0.333333333333333 -1976.08909946 0.510609949128086 0.0550735456806362 886.161846674262
"504" 0.3125 -2208.68854895173 0.470388339450205 0.0524698091947505 953.150500380001
"505" 0.270833333333333 -2373.11366303286 0.485001651260488 0.05244059352553 927.77474204933
"506" 0.229166666666667 -2232.8117787976 0.504028247895123 0.0549460786598619 893.227371108725
"507" 0.333333333333333 -1454.47689414725 0.614297831781789 0.0684005857657422 706.549694382746
"508" 0.291666666666667 -1846.89305969447 0.577562770228683 0.0646739360194958 771.679680023241
"509" 0.229166666666667 -1822.56692600047 0.495311651282064 0.0539702526065785 910.71710202506
"510" 0.354166666666667 -2000.45218119085 0.517981350045377 0.0564464025209015 871.707967594768
"511" 0.25 -2085.99396803641 0.484654296933431 0.0539192671797432 935.668265698008
"512" 0.3125 -1668.41846282198 0.530525681038409 0.0577066897089014 847.227172426098
"513" 0.354166666666667 -1785.63906111605 0.591265159606472 0.0645334446758352 744.032338895297
"514" 0.333333333333333 -2047.54709911365 0.51668412771398 0.0570452671351218 874.489761460095
"515" 0.1875 -2588.92931649541 0.350681337484188 0.0415501204536777 1158.9321125189
"516" 0.333333333333333 -2009.54526700723 0.486435233841065 0.0548054501442167 925.440868190038
"517" 0.3125 -1400.55336211666 0.577690017998174 0.0687663690592276 768.855851811216
"518" 0.229166666666667 -2787.84619761636 0.384682202455537 0.0443274821976685 1099.81684815404
"519" 0.25 -2169.79095741581 0.389571024916824 0.04574961908139 1084.68053438736
"520" 0.291666666666667 -2162.41561634987 0.487783082268243 0.0548185867223543 925.969360041925
"521" 0.291666666666667 -1499.88837775039 0.584261142973045 0.0652586568429138 759.676556257234
"522" 0.229166666666667 -2342.18850244025 0.495402601003744 0.055959755239437 910.956162868692
"523" 0.3125 -2189.40880195535 0.534052324388712 0.0605917645145789 848.060301035921
"524" 0.208333333333333 -2125.80723528299 0.386721710934448 0.0440230188003661 1090.27176293028
"525" 0.3125 -1908.38062324074 0.583527204581207 0.0695249534835829 764.782577054916
"526" 0.333333333333333 -2718.17998795818 0.466263293604852 0.050764874974002 965.671913163849
"527" 0.270833333333333 -1779.11260009272 0.550033161638179 0.0592680294366124 816.443134935594
"528" 0.25 -2111.2589811715 0.477733202762698 0.0536686932375977 943.357950158869
"529" 0.395833333333333 -1831.55795675146 0.596472582925814 0.0672352342946273 740.010475311108
"530" 0.208333333333333 -3080.33359651006 0.399464057679821 0.0484403595636835 1080.99144782031
"531" 0.333333333333333 -2080.03632358678 0.476014405439333 0.0536853831427193 946.173576584975
"532" 0.25 -2100.34249405312 0.448110072265761 0.0484519287135201 987.768717773964
"533" 0.333333333333333 -2346.21133119831 0.445267529876702 0.0509551352173342 994.03155681904
"534" 0.1875 -2706.10222199893 0.348660611767657 0.0413103370641131 1160.42837400482
"535" 0.25 -1975.24022313428 0.429899953265169 0.0497780921556076 1020.72107011632
"536" 0.25 -2153.74973220047 0.428867293489209 0.0473128427354693 1022.30370006462
"537" 0.25 -2681.93324026823 0.369733667891862 0.0448449569070143 1119.94224012838
"538" 0.208333333333333 -2359.09949545432 0.515587784630843 0.060173960640648 885.361607311808
"539" 0.3125 -1628.1562488054 0.496341011958397 0.0582988766171937 913.226537534215
"540" 0.3125 -1911.24782554931 0.47471749467052 0.0510035496040965 938.854552326745
"541" 0.1875 -2267.78376331049 0.402928989836757 0.0457963612218574 1070.76473375156
"542" 0.25 -1916.2945569122 0.567668582349474 0.0613566879288545 788.593325126864
"543" 0.3125 -2258.41728516855 0.38719817124526 0.0451372180927904 1093.17024258484
"544" 0.291666666666667 -1904.3326357317 0.530311068343559 0.0580035964817931 846.433018038058
"545" 0.3125 -1842.71761807721 0.55970113873092 0.0643222960049963 802.178348783415
"546" 0.354166666666667 -2321.68809917457 0.513101886326734 0.057127306477227 875.709040498613
"547" 0.375 -1588.58946717494 0.648531746194634 0.075103381193755 648.539925346255
"548" 0.270833333333333 -1950.44608535546 0.433626541975027 0.0493825674730944 1013.97349643261
"549" 0.270833333333333 -2631.74519311782 0.402899816279667 0.0452269995451435 1064.62010568593
"550" 0.333333333333333 -1476.24756237413 0.574584225122887 0.0632853286424017 774.355346013827
"551" 0.3125 -2032.50356298438 0.475419181549221 0.0522813197572019 945.70867724768
"552" 0.291666666666667 -2251.33187163004 0.47506408544503 0.0553406549210489 947.040484562564
"553" 0.291666666666667 -1925.93013611076 0.428791166829045 0.0493364182839971 1026.67958312726
"554" 0.208333333333333 -1742.54538035157 0.548440338452289 0.0590172661573828 819.609167692897
"555" 0.229166666666667 -2842.14962588441 0.346694247737855 0.0412133586379086 1163.36710532026
"556" 0.3125 -1750.29981012718 0.482765772271931 0.05176801726908 931.175517016489
"557" 0.208333333333333 -1768.06700573044 0.473810660940352 0.0535536211078624 946.464082341152
"558" 0.25 -2695.28601632554 0.567559339743949 0.0664781651945021 791.315556034728
"559" 0.25 -1885.6300908153 0.517298283344976 0.0558312639245482 870.434301411928
"560" 0.354166666666667 -1824.90648026559 0.615868598055979 0.0723289112949164 709.659518224131
"561" 0.3125 -1587.91375048344 0.548534979643323 0.0616402735161578 817.388999147564
"562" 0.354166666666667 -1894.01839478821 0.494028250417878 0.0549530887775773 912.164261730183
"563" 0.354166666666667 -2664.35892002943 0.444154429183291 0.0505752077543464 991.560933635179
"564" 0.25 -3414.74779066897 0.492671642602485 0.0524070881173126 924.846126668442
"565" 0.333333333333333 -1401.6051791256 0.63739100342825 0.0757974753920534 671.860430849139
"566" 0.270833333333333 -2023.23838476903 0.539074011463056 0.0630982245885044 839.038915146708
"567" 0.25 -1475.68880686128 0.576588046468877 0.0626491850249386 773.285749022859
"568" 0.25 -1754.53195116959 0.430005805913083 0.0478038757346754 1020.42396978864
"569" 0.270833333333333 -1949.63743031482 0.526417896051321 0.0556183459522691 860.285646540498
"570" 0.291666666666667 -2251.3777368447 0.503843721010651 0.0573020155812597 897.087204279079
"571" 0.25 -2868.7608349572 0.453355306367954 0.0514463877842217 990.972472446292
"572" 0.291666666666667 -2111.70720467348 0.411699889314639 0.047875933666278 1049.98564601209
"573" 0.291666666666667 -2609.84556984187 0.482716166548721 0.0527156511872505 931.084549505427
"574" 0.4375 -1206.11653300371 0.656080976423219 0.0773349692926775 635.206904102734
"575" 0.291666666666667 -2519.74610315993 0.451586023837142 0.0501431340594847 986.49288713214
"576" 0.375 -1913.37799748134 0.497455999759783 0.0528820874141571 907.860209577691
"577" 0.333333333333333 -2379.09900668346 0.45652981609151 0.0508468704377739 977.037497083081
"578" 0.354166666666667 -1444.82262734106 0.585775652779744 0.0653921525654274 756.137462658918
"579" 0.3125 -1678.26060569355 0.615314065866695 0.0699593354680951 704.80824156986
"580" 0.229166666666667 -1859.55288151616 0.452815595605059 0.0490248757876796 979.114308760901
"581" 0.354166666666667 -1775.36560233684 0.561461147677118 0.0601453670403142 795.636227544203
"582" 0.25 -2357.07612260043 0.512369571122868 0.0600174091363762 887.734498778506
"583" 0.25 -2083.08839541034 0.410444671492943 0.0455010684975066 1052.80905167638
"584" 0.270833333333333 -2238.7633287055 0.414553353730697 0.0476308342043043 1047.41671627613
"585" 0.3125 -1802.0871991179 0.594839402333867 0.0666884964152379 739.083537920681
"586" 0.291666666666667 -2140.27887141364 0.426311606268892 0.0492364598339353 1027.09921932902
"587" 0.270833333333333 -2194.87692631672 0.485585155223485 0.0548927216814551 930.963683748734
"588" 0.291666666666667 -2845.43442906884 0.479907956035647 0.0541247110193335 940.776085746936
"589" 0.333333333333333 -2046.19059862126 0.473795823934559 0.0541701688516454 949.683338045525
"590" 0.333333333333333 -2093.23090074928 0.554834786125293 0.0650718667509257 808.215513285042
"591" 0.25 -2182.50891583396 0.495820387592542 0.0539086977179392 913.029659369094
"592" 0.291666666666667 -2149.63452992245 0.445197615870319 0.0509487941771813 996.097199516847
"593" 0.270833333333333 -2403.31941590857 0.486655248533205 0.0532219338477334 926.933828047342
"594" 0.3125 -2316.46817222233 0.460219447999095 0.0522572016230195 972.421848116997
"595" 0.25 -2294.73511342763 0.418619297754827 0.0488728274226039 1039.99173415634
"596" 0.1875 -2194.8572129728 0.389157089067923 0.0464774251166896 1091.06521414057
"597" 0.291666666666667 -2331.92920820438 0.419886380496564 0.0498640789333757 1041.64918406722
"598" 0.395833333333333 -1758.38248296722 0.54553421792713 0.0589260827953555 827.179940917062
"599" 0.291666666666667 -2608.34555399012 0.477742098288333 0.0533118317684538 942.064361990761
"600" 0.25 -2733.01768973616 0.442948438145172 0.0506449411688659 1003.86877557993
"601" 0.166666666666667 -2277.99461834598 0.423745330671836 0.049219994011066 1031.56181302148
"602" 0.291666666666667 -1372.37676841122 0.577003137139134 0.0659777561578963 774.653821429464
"603" 0.354166666666667 -1898.82508656061 0.52274930056341 0.061599978986265 864.402145359177
"604" 0.291666666666667 -2026.30607163974 0.53646359229922 0.059044418953704 843.17086230259
"605" 0.229166666666667 -2393.2189794207 0.465050540779394 0.0524166456509741 965.031594851048
"606" 0.270833333333333 -2147.11124257197 0.499719643479238 0.0541120856620636 902.886263419049
"607" 0.333333333333333 -2065.10904512816 0.53039595752695 0.0587632039913586 857.149462650696
"608" 0.270833333333333 -1847.15264984581 0.520871075034516 0.0589913221154562 869.391467360737
"609" 0.291666666666667 -2517.61431380727 0.460482776102906 0.0527440177995288 971.683455881185
"610" 0.354166666666667 -1559.4072197089 0.600586744015838 0.0713330972936602 736.601106140017
"611" 0.333333333333333 -2067.91949334339 0.469257698825126 0.0510623605586587 953.072886530269
"612" 0.270833333333333 -1817.87271681829 0.489853226869732 0.0561980620848432 924.124673846479
"613" 0.354166666666667 -1281.08858892696 0.657386772153999 0.0779466779976242 633.580194063667
"614" 0.354166666666667 -1436.12176182653 0.555638371777279 0.0619694304609539 809.456585710035
"615" 0.354166666666667 -1618.08958835818 0.598722222624515 0.0674756109480505 735.922840838543
"616" 0.333333333333333 -1609.348138228 0.545811762155405 0.0618892644137742 820.973076423945
"617" 0.395833333333333 -1728.86053335996 0.590644901577364 0.0691190841520192 750.068092308194
"618" 0.270833333333333 -1258.81105481761 0.619677992690855 0.073587401652182 698.923924416507
"619" 0.208333333333333 -2034.99263579529 0.411127436405922 0.0474505555035357 1055.66520663107
"620" 0.229166666666667 -2075.83380964515 0.457440521048414 0.0492478931000248 970.82078285323
"621" 0.3125 -2100.00472583599 0.49726219438345 0.0547859845774348 905.828868554322
"622" 0.291666666666667 -2622.72255903672 0.476093396829297 0.0513214029681188 942.340883262853
"623" 0.229166666666667 -2232.41171978375 0.438853148596853 0.0475634147744874 1007.13703254107
"624" 0.333333333333333 -2136.60988787872 0.528832172045435 0.0580228494675901 856.862786207951
"625" 0.229166666666667 -2982.06994112338 0.408474815182607 0.0468058751343312 1061.16683276389
"626" 0.229166666666667 -1884.86099268867 0.514714439898659 0.0578995667381893 879.736530949184
"627" 0.270833333333333 -1677.76805444715 0.640020066462343 0.0751946662693272 668.42357505732
"628" 0.333333333333333 -2410.88212542704 0.482697360554614 0.0519218786303307 934.082949173355
"629" 0.291666666666667 -1523.41509555363 0.624257501616303 0.0698401648770469 691.213338363736
"630" 0.291666666666667 -2171.78970608545 0.505915901953881 0.0552840031494109 890.926631118176
"631" 0.333333333333333 -2061.95466927881 0.483023230306727 0.0545223472855175 929.502270116625
"632" 0.291666666666667 -1985.27711181988 0.466670994981628 0.0502019840639076 956.647684187794
"633" 0.333333333333333 -1469.25123758264 0.548274774952879 0.0610571896922711 817.539290553847
"634" 0.333333333333333 -2243.96399270865 0.492641145721829 0.0542961080147961 917.250526962558
"635" 0.3125 -2803.12525709217 0.463304573316732 0.0546540130270686 968.223318861231
"636" 0.270833333333333 -1904.53046581893 0.489220427822032 0.0526512268523992 921.367796230913
"637" 0.291666666666667 -1850.89680707096 0.498471522719826 0.0548300757893103 902.085510008111
"638" 0.354166666666667 -1288.90811519073 0.628865995498545 0.0706237565396564 680.18312588213
"639" 0.229166666666667 -2211.14064922059 0.413192780710829 0.0463057237530767 1044.53671240456
"640" 0.354166666666667 -1856.14690889906 0.573320532489413 0.0631156921584287 778.009456273261
"641" 0.333333333333333 -1989.01632869153 0.542700377651997 0.0587901056022125 830.524155889344
"642" 0.291666666666667 -1614.68979812171 0.55191902455489 0.0637612466016079 814.755181793917
"643" 0.333333333333333 -2004.81257865755 0.539889423376486 0.0625746925484175 834.526749127136
"644" 0.208333333333333 -2721.88994731245 0.295975515686887 0.0386030235454984 1244.68486043157
"645" 0.25 -1987.78441045184 0.464215810386841 0.0537473756815979 968.743451553236
"646" 0.270833333333333 -1724.41333385908 0.55736776736548 0.0628207612194976 808.82745895139
"647" 0.291666666666667 -1587.91414166342 0.53611124902828 0.0576843718696036 841.518468911341
"648" 0.291666666666667 -1864.30894521285 0.495374102576827 0.0560119610362754 907.812545520955
"649" 0.291666666666667 -2289.40890792774 0.41976608321197 0.0477378620544203 1032.55705939541
"650" 0.291666666666667 -1536.74384973336 0.56968482889633 0.0625022918643975 781.339521969796
"651" 0.291666666666667 -1406.8582884269 0.643518819004389 0.076955613161805 658.517491046482
"652" 0.291666666666667 -1953.39899426899 0.589295519514191 0.0657979070008019 748.086985588277
"653" 0.25 -2630.04704422634 0.435740399981352 0.0516048200515896 1012.5812404998
"654" 0.270833333333333 -2030.63896987314 0.510214348506366 0.0573924789851597 886.186290864474
"655" 0.291666666666667 -2063.45280174604 0.557038109678208 0.0610589876178285 808.350463808741
"656" 0.291666666666667 -1910.80539611352 0.489271925962432 0.0534562499026493 925.582957565431
"657" 0.229166666666667 -2647.36075021738 0.426148310654777 0.0473715167755441 1028.8777694201
"658" 0.25 -1865.42185601022 0.516318012821825 0.0562105014642988 878.627807713789
"659" 0.270833333333333 -3023.04645226069 0.428407509606421 0.0511488169072318 1030.52851618574
"660" 0.354166666666667 -2160.85017854365 0.521202410392525 0.0581639703564243 870.750842505605
"661" 0.270833333333333 -2421.46420997513 0.461543381674764 0.0503875017295407 972.553982233089
"662" 0.270833333333333 -2056.8060970202 0.503639625894243 0.0564513934933603 894.633921755636
"663" 0.25 -1525.25714297537 0.631474543380849 0.0744106754999867 681.36841504475
"664" 0.25 -1658.58026248344 0.437458771364497 0.0477647638099271 1004.30823730082
"665" 0.25 -2270.54534105464 0.363724566701582 0.0432919874384921 1128.55853221636
"666" 0.333333333333333 -1733.79445148408 0.598953302817154 0.0662165553534996 733.959171462879
"667" 0.333333333333333 -1982.68261303858 0.511363959600541 0.0564835018056333 886.510204372673
"668" 0.354166666666667 -1683.32085001921 0.58893436708056 0.0683086093656276 753.610113855077
"669" 0.3125 -1696.13727571188 0.527636895557963 0.0567447982948351 858.580100878035
"670" 0.291666666666667 -1946.13417219652 0.569897419295698 0.0650508735508193 785.320171163201
"671" 0.25 -2426.48299463109 0.39362695109742 0.0490847535227784 1086.78300583284
"672" 0.3125 -1692.08666261594 0.512707075660016 0.0572212145896414 879.586817176446
"673" 0.333333333333333 -2020.2087855497 0.412203326891475 0.0475882607237543 1048.07073555191
"674" 0.3125 -2671.79931230212 0.467408501575502 0.0527807712976526 963.467226740087
"675" 0.25 -2014.24462073858 0.494063739247268 0.0542045935740329 911.706482110369
"676" 0.270833333333333 -1592.5534751365 0.509596785451381 0.0561761530514323 883.419790512434
"677" 0.291666666666667 -1691.76405229269 0.509294738353427 0.0542664521964168 881.143629338397
"678" 0.333333333333333 -1772.64970028877 0.468146688253697 0.0508681719554781 955.082546991677
"679" 0.1875 -2362.32153085314 0.432135127112833 0.0481925806467851 1020.19562065679
"680" 0.354166666666667 -1217.90402214987 0.545296760717552 0.0615555987539565 819.796056412548
"681" 0.375 -1657.35568062894 0.56109016117081 0.0598042610022574 799.656731640055
"682" 0.3125 -1876.68318320845 0.575141736644397 0.0668379340518798 777.290847051371
"683" 0.291666666666667 -1469.6887825943 0.543265110478161 0.0616915864028867 830.354550382294
"684" 0.270833333333333 -2360.92698070807 0.378618171254171 0.0451202842643055 1112.60969363247
"685" 0.333333333333333 -1636.43426164916 0.528365984590782 0.0597530043463899 854.552572872851
"686" 0.291666666666667 -2279.9549368165 0.421191484052526 0.0472827808813795 1034.10087146272
"687" 0.229166666666667 -1708.59125987392 0.563202130679117 0.0647120924305392 797.49913177413
"688" 0.3125 -1592.37060366559 0.591557988338428 0.0682091702100287 749.036583923622
"689" 0.375 -1617.65716666759 0.538212043263194 0.0580250604282566 834.668967666202
"690" 0.375 -1829.77524701621 0.608446530941177 0.0677523722481509 716.650605377156
"691" 0.333333333333333 -1202.06079989541 0.676322259314249 0.0807184052113379 600.116650106722
"692" 0.270833333333333 -1625.40504855231 0.580655078152139 0.065162097590291 766.526845775842
"693" 0.3125 -1814.80867266008 0.524484175944506 0.0574242409132988 858.774522439986
"694" 0.375 -1769.02442886307 0.569987583573129 0.064272336172464 784.549596044378
"695" 0.375 -1801.4782582806 0.598382450858833 0.0651550299389889 736.508237007426
"696" 0.270833333333333 -1856.93755391008 0.506160328219918 0.0584070712351751 892.371172625108
"697" 0.270833333333333 -2461.26737202205 0.475375990490845 0.0527855243359166 947.221774131547
"698" 0.270833333333333 -2076.07000514065 0.480873081810539 0.0523739793465281 929.876665063702
"699" 0.333333333333333 -1933.06862922438 0.5322287983162 0.0584175937010199 845.951570854483
"700" 0.270833333333333 -2093.39029556453 0.447143704891193 0.0506179473155393 993.215168022488
"701" 0.291666666666667 -2676.85575375978 0.433362630894782 0.0478695617545783 1012.98970697375
"702" 0.270833333333333 -1789.09348925655 0.515596190293688 0.055363286274481 874.186658752719
"703" 0.25 -1348.92972094288 0.504051419158798 0.0544299709211859 890.015491725321
"704" 0.354166666666667 -1408.28370377161 0.574446500085239 0.0632937094535281 770.866539606095
"705" 0.354166666666667 -2034.61073820856 0.479956584254108 0.05148312947719 936.486710632792
"706" 0.25 -2588.08117710004 0.435695482475205 0.047200205857146 1014.25932614598
"707" 0.291666666666667 -1907.40116741122 0.524657897037739 0.05673949831679 853.012128027566
"708" 0.291666666666667 -1835.71408549509 0.537396345251374 0.0574077919059744 835.939101863961
"709" 0.333333333333333 -1751.92926088223 0.523672876015942 0.0566765819332592 860.771240115753
"710" 0.229166666666667 -2075.90452099874 0.554485850230561 0.0648607766290202 812.79767406892
"711" 0.354166666666667 -1802.75641204937 0.457162576396825 0.0496500004510835 981.198724924522
"712" 0.354166666666667 -1469.48291466558 0.515807064174013 0.0601647856845998 873.541636264533
"713" 0.333333333333333 -2045.42834519471 0.498981261405057 0.0559154905970497 904.362835760036
"714" 0.291666666666667 -2427.38571811849 0.42264026055867 0.0475127945910707 1040.02733195358
"715" 0.25 -1926.18238382113 0.526403987267414 0.0568849739905372 859.023168291923
"716" 0.229166666666667 -2372.71446825476 0.407846788927936 0.0464689699652468 1063.18642195179
"717" 0.270833333333333 -1810.29505662212 0.523358243114712 0.0559491783251507 863.035595709072
"718" 0.3125 -1557.55942635727 0.5918418759204 0.0659844116813553 748.319652439161
"719" 0.270833333333333 -1920.66462343536 0.564078429452807 0.0614485131833115 795.10085792602
"720" 0.25 -1984.8661295253 0.516556726221488 0.0570199383612065 869.826418101803
"721" 0.291666666666667 -1530.23747772039 0.594856230610207 0.0666062770314376 743.233902051046
"722" 0.270833333333333 -2164.95295468623 0.428631672889511 0.0487620638110014 1026.12273851665
"723" 0.333333333333333 -1946.25334996466 0.487657426455627 0.0580527958864999 927.734704976989
"724" 0.270833333333333 -2163.57018114097 0.537749635795557 0.0605688498586884 843.396419015098
"725" 0.3125 -1719.57395182144 0.51973326675928 0.0579141943383237 870.148853334277
"726" 0.208333333333333 -2164.50448584032 0.355424308951707 0.0429695196269375 1144.56840212867
"727" 0.270833333333333 -2801.70202635371 0.487620073914153 0.0572120510400248 926.729604498581
"728" 0.25 -2618.32148492651 0.34292961624 0.042019739499388 1172.93405257209
"729" 0.25 -2779.25370675561 0.39283562682158 0.0443446379389872 1086.42482320052
"730" 0.3125 -1867.59336720619 0.48958902078111 0.054842739068182 920.750549145628
"731" 0.291666666666667 -1565.66758822827 0.565938953562811 0.061474789597326 788.040309181432
"732" 0.375 -1522.66134625948 0.530672513749967 0.0569418121140473 848.433995140282
"733" 0.270833333333333 -1720.28145923615 0.507852851295397 0.0562958502430344 888.033147108291
"734" 0.270833333333333 -2275.97893414332 0.541080702696266 0.0585685869966148 836.860433231766
"735" 0.3125 -1808.83421636628 0.576581016937532 0.0632649071477216 772.871646948634
"736" 0.208333333333333 -2850.08446773918 0.391942994820835 0.0448152705019886 1084.93255855053
"737" 0.3125 -1564.17037722574 0.522955190020531 0.0577887067775089 863.292546294385
"738" 0.416666666666667 -1977.29853764901 0.6305829346458 0.0748826198595753 682.178069326179
"739" 0.375 -2039.83904316264 0.519762676135083 0.0587526574127637 871.1892429148
"740" 0.333333333333333 -2038.53858249288 0.502220540797208 0.053504561559761 899.095565815062
"741" 0.333333333333333 -1461.11659524896 0.623705609940168 0.0700643591638491 689.462048481944
"742" 0.25 -2015.07122526054 0.525732283509339 0.056977990435683 861.240485650581
"743" 0.3125 -3413.98624570841 0.451659603480836 0.049317383768437 989.04473223915
"744" 0.333333333333333 -2137.16679212157 0.498274887914949 0.0549632235616592 904.635602874619
"745" 0.270833333333333 -1825.24231387347 0.412068233238388 0.0471379821247984 1051.72873319976
"746" 0.270833333333333 -1936.88904194485 0.599143145861458 0.0673935697512493 738.223159880336
"747" 0.291666666666667 -2917.44862802874 0.368282000154745 0.042945857398273 1134.78308039948
"748" 0.25 -2430.17719264429 0.491613124965696 0.0520147001929375 920.884097655797
"749" 0.333333333333333 -1804.5732198472 0.513802239152613 0.0567737426710481 882.27579872243
"750" 0.291666666666667 -1929.78119738521 0.442407126216806 0.0487039037368572 996.002797880929
"751" 0.291666666666667 -2263.71498027165 0.438117397798085 0.0486821779107426 1006.27137018488
"752" 0.333333333333333 -1597.62747884448 0.547556297127655 0.0609478709273028 822.785838723997
"753" 0.270833333333333 -1675.22640404382 0.560183999988699 0.0652836517435318 799.684873479461
"754" 0.270833333333333 -2413.30440233921 0.467953830687767 0.0550236545176018 956.47983947905
"755" 0.25 -1485.37441120826 0.599808902610228 0.0665480502240529 730.646812717788
"756" 0.229166666666667 -2279.24607991264 0.49094271331876 0.0526226544203451 916.377310638996
"757" 0.3125 -2401.44421974449 0.455805774545542 0.0499922811146305 976.114041731371
"758" 0.291666666666667 -1729.67673826882 0.529414006743112 0.0576340611755889 849.211124250515
"759" 0.270833333333333 -3180.22949474147 0.507039037139318 0.0534583440373555 896.651262275176
"760" 0.229166666666667 -1724.22084498863 0.59718919121958 0.0686861883369084 742.224282729889
"761" 0.270833333333333 -2334.03415679743 0.471602495619642 0.0520762577565675 953.377353012721
"762" 0.270833333333333 -1739.77286202707 0.596217585143667 0.0672140995396419 738.409473740139
"763" 0.270833333333333 -2295.32859423415 0.49409866777937 0.0531646310111476 914.652809408238
"764" 0.270833333333333 -2106.3977173732 0.47710960603735 0.051433685784796 939.249012073618
"765" 0.354166666666667 -2526.60190436313 0.522816459156635 0.0560887775043434 864.653847825286
"766" 0.270833333333333 -1853.35065598736 0.49319847107347 0.0535994060816654 913.343779629137
"767" 0.291666666666667 -2395.39301373273 0.460398820076043 0.052602112964602 973.810786527573
"768" 0.25 -2039.81983118285 0.432847148000074 0.0502209044764448 1015.25650249146
"769" 0.270833333333333 -1629.10186039691 0.587895087412253 0.0690340980749704 754.197529022917
"770" 0.208333333333333 -2277.52881373769 0.385366110884922 0.044717301802264 1102.21948427794
"771" 0.25 -2312.63384539969 0.549611958324002 0.0645537443187863 822.557143349408
"772" 0.270833333333333 -1941.12945697121 0.4976186162097 0.0532488896367283 904.420911857212
"773" 0.229166666666667 -2218.35227660564 0.290261602444803 0.0383795256201817 1252.47064246547
"774" 0.229166666666667 -1988.97411789453 0.487122896347774 0.054775371093711 924.840843174787
"775" 0.291666666666667 -1869.07137676389 0.497632807492626 0.0568572377983731 907.195614280142
"776" 0.270833333333333 -2136.97096237314 0.518062935922447 0.0559575318884023 874.249195689844
"777" 0.270833333333333 -1997.26617865591 0.599232603193333 0.0695387958409173 737.903421908021
"778" 0.291666666666667 -1842.04122904852 0.5060335760773 0.0572430394257846 891.612240171458
"779" 0.354166666666667 -1832.73619697741 0.527544716261012 0.0596158961452835 859.4406403493
"780" 0.270833333333333 -1645.88363642222 0.582595875576533 0.0638814852522694 762.800358456361
"781" 0.229166666666667 -1902.99233458552 0.452626829510692 0.05001620179544 979.997901645936
"782" 0.208333333333333 -1598.18041243415 0.607084028748768 0.0675633135185531 718.703057657424
"783" 0.333333333333333 -1523.14307035077 0.626674658187698 0.07695517632728 691.48993302344
"784" 0.333333333333333 -2022.74033415932 0.496510090137583 0.0534769812311743 905.055545176584
"785" 0.208333333333333 -2543.31439408519 0.385608492011621 0.0446785712043205 1095.41967751116
"786" 0.270833333333333 -1943.40934818831 0.499805618398953 0.0538951482426959 901.968162887841
"787" 0.333333333333333 -1594.95022615705 0.53176311921571 0.0590137367710791 848.460512903928
"788" 0.291666666666667 -2008.76773354339 0.508646378500539 0.0596820605355975 891.647873240664
"789" 0.291666666666667 -3014.8674679877 0.490647398214698 0.0557185640738095 931.97910397113
"790" 0.270833333333333 -2181.84016463493 0.485532432195439 0.0522621735559924 927.790701805459
"791" 0.333333333333333 -1928.28621728248 0.543047520733859 0.0640848763985844 832.707012605796
"792" 0.354166666666667 -2024.67169470172 0.493742166649339 0.0558700886532852 916.811245402392
"793" 0.291666666666667 -2378.96291516429 0.515139719228335 0.055360555130278 876.426016547673
"794" 0.3125 -2839.41860480136 0.460480634191798 0.0530407266558151 977.67237383275
"795" 0.3125 -1937.3754543611 0.484652637974455 0.051738546572475 925.473168831397
"796" 0.229166666666667 -2385.23060869963 0.464560119689088 0.0509764517579742 964.198465725354
"797" 0.291666666666667 -2017.90300068035 0.416987480392749 0.0466770225397422 1043.05273226095
"798" 0.354166666666667 -2391.68016380388 0.570505266735049 0.0650041172610884 785.390148783783
"799" 0.3125 -2031.3683501093 0.517473899716241 0.0562673007108204 876.79569847624
"800" 0.354166666666667 -1990.84507354211 0.569459899131887 0.0628741185610411 785.762292570237
"801" 0.354166666666667 -1702.23068604628 0.600933316080723 0.0709483175946437 733.79854029297
"802" 0.25 -2034.32152035376 0.404318705766721 0.0471230984660619 1065.01191736839
"803" 0.270833333333333 -2372.37106461961 0.495895557041102 0.0543731763954279 914.56566967718
"804" 0.291666666666667 -1701.44691077511 0.535925859839114 0.0575693875302197 841.327661258
"805" 0.25 -1596.62319970991 0.495041902720642 0.0540267485908988 905.801129724116
"806" 0.333333333333333 -2077.68903999876 0.499295684505994 0.0548981056806032 906.847348898452
"807" 0.375 -2207.48875284854 0.528700403244014 0.0567882480504243 857.731023056222
"808" 0.375 -2208.50912108332 0.453168806934472 0.0494535481181137 982.465816061239
"809" 0.270833333333333 -1748.74428924898 0.526244662784484 0.05901183122248 857.337380131368
"810" 0.25 -2504.59760705217 0.410465855674427 0.0460406257945368 1059.19120628239
"811" 0.229166666666667 -2596.92971131189 0.373370276069591 0.0429606540749319 1117.20147971568
"812" 0.229166666666667 -2251.72818156726 0.515190063459379 0.0588345554422022 879.976164597346
"813" 0.25 -2039.75405613872 0.401861627231899 0.0456444997490711 1061.97866048725
"814" 0.270833333333333 -1670.8875895314 0.573216016504137 0.0647927649524555 782.83619599053
"815" 0.291666666666667 -2499.91910269969 0.401934558797416 0.0463443975901576 1074.36603813966
"816" 0.270833333333333 -1682.10986720648 0.520846689282208 0.0561290735264307 861.98807585573
"817" 0.270833333333333 -1831.31014713455 0.572569124503324 0.0665297364300036 782.265722947231
"818" 0.270833333333333 -2204.14967835956 0.492040859960743 0.0543325896340548 918.216487880967
"819" 0.291666666666667 -1856.94730476461 0.534469211974965 0.0614225049852448 842.876588112016
"820" 0.229166666666667 -3128.24106095276 0.344426455314529 0.0435124065663772 1169.46766807966
"821" 0.354166666666667 -1670.0268964232 0.540003859963394 0.0592677318999416 835.917530478161
"822" 0.375 -2010.0987295346 0.464613324658542 0.0506590985440117 957.976755723449
"823" 0.291666666666667 -1790.65682340361 0.548974125036509 0.0599457490157728 815.370753926441
"824" 0.25 -2412.35065090004 0.480113512618195 0.0530216507209635 938.284121243875
"825" 0.229166666666667 -3271.38715467981 0.350460498802273 0.0430810453819968 1163.60292666178
"826" 0.333333333333333 -2174.67790164813 0.485087352233316 0.0561617479903134 930.153768455192
"827" 0.25 -2152.18747731927 0.396465141549513 0.0453499586033941 1077.82853835587
"828" 0.25 -1590.13403660081 0.505885589749527 0.0540075042714356 891.774823832264
"829" 0.270833333333333 -1945.62948233959 0.529059017607474 0.0603753170514691 857.538902146945
"830" 0.291666666666667 -2170.92403887783 0.374754766908171 0.0451176115218134 1116.22580753626
"831" 0.270833333333333 -1967.1667052426 0.483641729353336 0.0519865492115421 937.58915428683
"832" 0.25 -2223.56066237363 0.523420939739044 0.0588159371673703 866.085084820928
"833" 0.229166666666667 -2190.19740639123 0.435483590198373 0.047871204409983 1009.28548495207
"834" 0.375 -1901.06210409703 0.556108158843849 0.0616287837404818 809.696560084403
"835" 0.3125 -2086.10909900748 0.605049728160929 0.0704538414723266 726.290228247084
"836" 0.333333333333333 -1738.6412665349 0.530701728688623 0.0568924651374419 843.480745066013
"837" 0.25 -2655.82781659815 0.369779045974293 0.0440815785465276 1127.37606486615
"838" 0.3125 -1881.40763817725 0.49002299103523 0.0529898484970824 917.228445125915
"839" 0.25 -1563.45398611322 0.528491498997918 0.0569431538827476 849.527239422011
"840" 0.333333333333333 -2258.36741490937 0.484528356527918 0.0535868481199651 929.040654104293
"841" 0.291666666666667 -1967.17333035656 0.384736414687544 0.0446554087761618 1095.2979464019
"842" 0.25 -2148.06431606741 0.564597958778359 0.0615718848022475 796.240522537159
"843" 0.229166666666667 -1728.70714979237 0.617278753643999 0.0717143195077371 704.084551631616
"844" 0.291666666666667 -2118.80994925594 0.439983832684347 0.0500009400377556 1002.16363483972
"845" 0.25 -1915.51816705353 0.440638089671878 0.0503953849494964 1006.59794840269
"846" 0.354166666666667 -1637.13013819706 0.526446559391076 0.0625242156683652 859.20958124115
"847" 0.291666666666667 -1922.27837430091 0.491926650629833 0.0540300868812792 919.251363798859
"848" 0.229166666666667 -2595.79599867131 0.437182438056194 0.0508126565675829 1008.34435967055
"849" 0.354166666666667 -1174.32691992069 0.636414497231351 0.0724360297031124 667.743549410482
"850" 0.333333333333333 -2008.79285911681 0.504157746131599 0.0547430152849575 896.704989573852
"851" 0.270833333333333 -2008.95428640313 0.47737868754483 0.0534525488907419 943.185872489084
"852" 0.291666666666667 -2512.37972745948 0.408014838554136 0.0480630100843199 1056.17837724606
"853" 0.375 -1799.95241714206 0.600065949185042 0.0685034484644737 731.700362462254
"854" 0.270833333333333 -2355.06567771767 0.501964629592702 0.0538977118324899 899.543237569529
"855" 0.354166666666667 -1952.17816356381 0.516802539829358 0.0574164431675672 876.252450331611
"856" 0.3125 -1237.38134939871 0.637277813832781 0.0727414684971742 666.2178200927
"857" 0.291666666666667 -2058.54849959398 0.586651176592228 0.0673888727198459 757.979503321284
"858" 0.229166666666667 -1871.73425670472 0.420165439730725 0.0478688227341267 1038.03372287455
"859" 0.416666666666667 -1918.86338792412 0.549423541002612 0.0590692874448603 816.676246163363
"860" 0.229166666666667 -2073.14734310882 0.460535215017836 0.0520707675787755 970.904867290417
"861" 0.291666666666667 -1508.52267686219 0.546291033837382 0.059265049260613 820.438283106667
"862" 0.291666666666667 -2173.11463247757 0.425842058611162 0.047400712715599 1028.91248294674
"863" 0.291666666666667 -2567.74422441576 0.439688037568267 0.0487147459138828 1004.56427030257
"864" 0.291666666666667 -2625.07460466362 0.439126158040079 0.0480478190433965 1009.83480869377
"865" 0.291666666666667 -2210.05061757481 0.505981446653587 0.0563996323939828 893.574898245254
"866" 0.25 -1725.19391613684 0.518390668166889 0.0570108517995277 869.436757447207
"867" 0.25 -2104.41226067386 0.427648068801563 0.047761260772788 1023.75097555887
"868" 0.354166666666667 -2259.29309210251 0.515059758321645 0.0564229493495905 875.084623799687
"869" 0.291666666666667 -1667.78206063566 0.516256668894165 0.0557868402462949 874.965739655067
"870" 0.270833333333333 -1853.43318691881 0.443848697784746 0.0482104586110889 995.779014235167
"871" 0.270833333333333 -2044.18816736481 0.472392852077572 0.0524158323991527 951.138456668914
"872" 0.3125 -2063.39064751768 0.558399195247389 0.0600934706084253 804.202964065057
"873" 0.291666666666667 -2310.30863808475 0.507356739226374 0.0571179349372847 893.194108094197
"874" 0.354166666666667 -1715.54061458342 0.549017071563843 0.0596279704670392 815.678652276762
"875" 0.270833333333333 -2273.04736868533 0.463493966327671 0.0514259022861083 964.000183527426
"876" 0.333333333333333 -2516.27382000818 0.429591204594927 0.0490318844414216 1028.26490357186
"877" 0.354166666666667 -1801.33157724699 0.523672691806332 0.0562501865872757 859.187075220852
"878" 0.229166666666667 -2384.05766445277 0.392335956797665 0.0448203287413973 1090.57767391656
"879" 0.4375 -2124.23054942705 0.53617179707221 0.0594201958641898 844.493040196028
"880" 0.229166666666667 -2313.04566143892 0.469742778829881 0.0547123598615002 958.198067277013
"881" 0.375 -1855.91109405279 0.496629562183347 0.0528776823230836 906.043449999618
"882" 0.354166666666667 -1813.38713606047 0.587329198402682 0.0680082012825032 754.040410760307
"883" 0.270833333333333 -2257.33908375109 0.455534817504646 0.0509220727608518 981.429661055127
"884" 0.270833333333333 -2385.14156942298 0.511625695266061 0.05439081256953 883.854513867234
"885" 0.333333333333333 -1756.68607010806 0.589882181474947 0.0682966660887976 752.50573088342
"886" 0.208333333333333 -2002.63590416703 0.408204692408303 0.0487231289141949 1057.68808784985
"887" 0.291666666666667 -2082.97920022461 0.58703982368454 0.0659336235005348 756.031655717235
"888" 0.270833333333333 -2225.77020456832 0.483561276431088 0.054531253105387 937.798687053002
"889" 0.270833333333333 -2687.44058639128 0.465004810933063 0.0506393193503048 960.390094642035
"890" 0.270833333333333 -1806.08921226808 0.526892345145148 0.0623450441467299 860.531623409394
"891" 0.291666666666667 -1656.53296685537 0.532537582490025 0.0588622503002641 850.069235957
"892" 0.291666666666667 -2873.26266021824 0.433644295682227 0.0474358919646628 1022.95984781668
"893" 0.270833333333333 -2302.95868077389 0.469429920685402 0.0521055542941531 959.027348229402
"894" 0.291666666666667 -1479.52415624662 0.610119800682879 0.06764540635303 712.273360505706
"895" 0.291666666666667 -2466.69823503075 0.410067153182647 0.0454044887751189 1058.34873364676
"896" 0.270833333333333 -2028.70534675557 0.585184639233342 0.0696127911794557 761.778102265731
"897" 0.3125 -1818.67989641231 0.521469657715671 0.0568113309163416 869.559701946763
"898" 0.333333333333333 -1667.00205678198 0.637886191150496 0.0726567873090935 665.35270649815
"899" 0.270833333333333 -2004.1252422894 0.424941317725595 0.0468665608571995 1025.3652738226
"900" 0.3125 -2117.54352030275 0.509918291955865 0.0545851897270327 883.446660517102
"901" 0.291666666666667 -2575.54012555962 0.458963550144418 0.0503435581856633 974.229221737845
"902" 0.208333333333333 -2112.19258948278 0.420913795398052 0.048308603982385 1038.95709401724
"903" 0.291666666666667 -2203.28075563777 0.494605360968775 0.0537524631679627 915.949369891413
"904" 0.354166666666667 -1778.38815115701 0.594817890978616 0.0663578909082412 740.454683810312
"905" 0.3125 -1818.51945101417 0.53036038354414 0.058764028298463 851.186459036776
"906" 0.3125 -1753.02880038397 0.450596754252499 0.0525617923602065 983.719153521798
"907" 0.229166666666667 -1685.80265962995 0.633909850519953 0.076605756234871 678.034496783216
"908" 0.208333333333333 -2337.20924022583 0.437896076067899 0.0485101093438948 1011.29860751514
"909" 0.25 -2234.04563280751 0.465364512433478 0.051743193968854 962.435009550352
"910" 0.3125 -1627.93071561519 0.582852529836057 0.0650052037843968 758.326810813404
"911" 0.3125 -1994.83686981482 0.490015759370411 0.052463739108819 915.742540089869
"912" 0.333333333333333 -1742.90582562493 0.611872111821422 0.068198151250712 715.910579475513
"913" 0.3125 -1699.63620406271 0.548591636924148 0.0643195185084221 824.636706516174
"914" 0.375 -1582.76383359819 0.587649821113808 0.0673266283197828 750.219477458874
"915" 0.354166666666667 -1649.67006392718 0.570310336841954 0.061392615698163 782.783794639989
"916" 0.270833333333333 -3144.89179762034 0.442807993545974 0.0487402551504446 1004.53474967954
"917" 0.3125 -2220.74301145954 0.560829106800398 0.0605543293541468 803.958982861294
"918" 0.291666666666667 -2589.94704381864 0.416613275517451 0.0472091008538572 1043.94694901481
"919" 0.291666666666667 -2038.72142905812 0.532822996273741 0.0582881329170421 851.843357288295
"920" 0.229166666666667 -1813.95608801538 0.554711001440726 0.0651647365398884 811.141369186041
"921" 0.354166666666667 -2065.30892416097 0.560412195285906 0.0636246986106247 801.58891824744
"922" 0.25 -2443.24411573691 0.524900373950878 0.0618619071051985 862.349168780163
"923" 0.291666666666667 -1727.61836891145 0.480957025534618 0.0543577886412842 930.75343732163
"924" 0.291666666666667 -2141.73795562067 0.442751769683153 0.0479599614908906 999.175181021869
"925" 0.3125 -1865.95172135635 0.61093601626599 0.0683989062123758 713.084589249162
"926" 0.291666666666667 -2281.79232331635 0.422632363901296 0.0491430674581175 1035.97756021762
"927" 0.25 -1885.27396781066 0.554314076072834 0.062411980531962 812.941816497406
"928" 0.25 -2429.60905794872 0.518025946732798 0.0551999918623743 872.465113629576
"929" 0.270833333333333 -1717.83993138363 0.527051239255776 0.0560932178902875 859.010051994264
"930" 0.3125 -1742.69222928194 0.517053314973894 0.0577117780845631 874.132180960158
"931" 0.25 -2013.48659911138 0.499492292542312 0.0576175093364057 903.580387509717
"932" 0.375 -1870.42299684768 0.585450934078928 0.0637343029538008 754.736365467603
"933" 0.333333333333333 -1693.11174312503 0.613207593568445 0.0686340930161419 709.548885843366
"934" 0.208333333333333 -2269.23368857403 0.456659010829011 0.0512498071798723 976.613542375332
"935" 0.333333333333333 -1930.10889296853 0.5130028675562 0.0556958340267786 879.37187788836
"936" 0.229166666666667 -2300.02353000905 0.393911319344192 0.0456954215515286 1084.95509782893
"937" 0.3125 -2514.89583616506 0.525987125964412 0.0567631865820881 861.123595612506
"938" 0.333333333333333 -1418.61419048303 0.616961012466682 0.0717120013638531 702.652831629342
"939" 0.25 -2262.45967233853 0.451818512120774 0.0491137741929142 987.062955345312
"940" 0.291666666666667 -1589.83409086643 0.48709992931386 0.0546103117599093 922.335363403869
"941" 0.333333333333333 -2029.35842718764 0.506266255418456 0.0574298633015218 894.34220703242
"942" 0.291666666666667 -2219.78248964158 0.472521766197704 0.0507847838712918 945.815917098459
"943" 0.291666666666667 -2423.17114061796 0.492794417452359 0.0574093038956558 920.570644185925
"944" 0.291666666666667 -2261.95512782967 0.533435713278233 0.0607491679255749 849.378116553151
"945" 0.291666666666667 -2419.09955538751 0.461639388771295 0.0518720565027205 968.34654158687
"946" 0.3125 -2845.97549576263 0.429232948322621 0.049174364098683 1023.7741921943
"947" 0.354166666666667 -1907.83869215538 0.48289447394704 0.0546986552866421 932.831798227459
"948" 0.25 -2200.17764225346 0.511277586017414 0.0589626344969735 886.42546246504
"949" 0.3125 -1678.66764731887 0.525286564826645 0.0614245994384645 861.202155519483
"950" 0.291666666666667 -1848.73715675554 0.509468240815493 0.0567132614915877 883.140571728732
"951" 0.291666666666667 -1657.49527972289 0.512245268982265 0.0567082130661646 881.220503445004
"952" 0.3125 -1484.54161771467 0.580544117114195 0.0658107355585847 767.816167506041
"953" 0.333333333333333 -1474.37282630326 0.561802244197921 0.0631844372508873 795.237613599618
"954" 0.3125 -2086.14057807842 0.458978658534707 0.0516031753607168 969.606517321932
"955" 0.416666666666667 -1559.36348904441 0.642513001406823 0.0749099092297844 663.193757962113
"956" 0.354166666666667 -1986.99634607349 0.562722243611616 0.0628933770232056 801.838206449811
"957" 0.208333333333333 -1900.47061627824 0.451126070687775 0.0499144192754005 985.518039723048
"958" 0.3125 -1908.21444017513 0.450391648726158 0.0487253492122215 983.660014349299
"959" 0.3125 -2050.31418022124 0.550978413413646 0.0610423891796087 819.63820337014
"960" 0.291666666666667 -1939.87485261397 0.461363930315332 0.0496931721501926 969.024717944787
"961" 0.229166666666667 -2504.65218935381 0.419210988172325 0.0504763691993852 1049.1085928319
"962" 0.229166666666667 -2445.10439043126 0.508279944608451 0.054984986560101 885.868590485914
"963" 0.3125 -1868.9750366627 0.552984357324755 0.0587267277855642 815.458052766512
"964" 0.25 -1861.48465940305 0.525191546628285 0.0577472906134588 859.272883257154
"965" 0.270833333333333 -1590.35834333819 0.572026956136606 0.0665238248424438 780.926822969847
"966" 0.333333333333333 -1904.55327043225 0.516050785917343 0.055271724557047 875.451335858586
"967" 0.3125 -1584.3768171699 0.60391827570537 0.0661365919795587 725.35990935063
"968" 0.270833333333333 -2534.28282640577 0.433146961734674 0.0496323563633105 1020.65741089933
"969" 0.3125 -2088.02713633632 0.477208233608324 0.0516219357947829 941.502634171979
"970" 0.270833333333333 -1791.69818134977 0.44053135248669 0.0487596904232294 1001.51868166372
"971" 0.291666666666667 -2360.50950920355 0.540586264755071 0.0574247076561343 838.751206948799
"972" 0.3125 -2856.53202690994 0.421304014710033 0.0471387279762593 1036.9867956964
"973" 0.291666666666667 -1704.2677023445 0.547767117441231 0.0587664718312533 817.757582046593
"974" 0.25 -2255.51156501041 0.515715012733602 0.0600046122132212 877.711341623908
"975" 0.291666666666667 -2654.44577276855 0.442697142615604 0.049443155140043 1004.84408132603
"976" 0.3125 -1720.63935317146 0.537709743625696 0.0622480500716209 840.634301701429
"977" 0.270833333333333 -1990.14944213935 0.589311458511362 0.0640277233533063 749.309458803761
"978" 0.333333333333333 -1972.55568857495 0.491085208542576 0.0527155287001954 916.463742018129
"979" 0.354166666666667 -1781.13752449567 0.496657251790206 0.0532616025222541 908.337475723916
"980" 0.291666666666667 -2065.41486838959 0.486404098191805 0.0525517829579714 926.946139762577
"981" 0.270833333333333 -2218.61129461386 0.414615131069499 0.0464108753661283 1049.66306435906
"982" 0.354166666666667 -2010.92063988177 0.53943165775789 0.05972932404773 836.250144831431
"983" 0.270833333333333 -1591.55580184382 0.515015778370816 0.0577336035777776 880.01349599922
"984" 0.354166666666667 -1554.42474171067 0.624950832245082 0.0706969004785158 687.380470892632
"985" 0.333333333333333 -1670.06348933735 0.510879769005643 0.0571530315282909 885.277213232325
"986" 0.333333333333333 -1523.81389696189 0.609823460236489 0.0669296003409993 714.343712609897
"987" 0.270833333333333 -1846.46763043601 0.593999523341453 0.0709737225632285 743.676869614648
"988" 0.291666666666667 -2210.04879901158 0.442914877942418 0.050653095264052 1002.93647569487
"989" 0.333333333333333 -2091.84592174828 0.559735736653656 0.0645813946051814 802.265051577166
"990" 0.25 -1836.61074049597 0.460233462332571 0.0501713658802899 972.725991098304
"991" 0.354166666666667 -1728.32952334386 0.641242495996702 0.0765758966067655 661.355270298575
"992" 0.208333333333333 -2615.75991360887 0.445799469497463 0.0497591635483251 996.62395182019
"993" 0.229166666666667 -1971.43160008231 0.369960025254214 0.0433644446686251 1122.17891255083
"994" 0.3125 -1527.32373129939 0.626612364796373 0.0754521042503023 689.519901737328
"995" 0.291666666666667 -2567.73443682814 0.491196537097515 0.0523496206114031 921.667784298451
"996" 0.270833333333333 -1861.83074179149 0.47229204754657 0.0554650411869617 954.147197529201
"997" 0.354166666666667 -2029.03245981239 0.607565102064142 0.066660014364978 719.473660404208
"998" 0.3125 -2045.28172763269 0.513465488822594 0.0576813178200126 885.347975378409
"999" 0.395833333333333 -1444.82059209491 0.557651409521273 0.0607788204517711 804.41728708175
"1000" 0.354166666666667 -1663.179056619 0.575242056233579 0.0648702172466346 775.272679799872
