"SCI" "RCI" "GER" "MSM*" "MIG"
"1" 0.166666666666667 -1788.55795348843 0.238326058398115 0.101285217685925 283.430190189498
"2" 0.277777777777778 -1208.63382438806 0.301081720537268 0.110804820539921 262.324370763287
"3" 0.277777777777778 -3022.30852395346 0.390850154546268 0.121797336189093 237.561606674387
"4" 0.333333333333333 -1319.99689228495 0.479011394933695 0.151519975274027 207.913083476263
"5" 0.277777777777778 -1081.8412052749 0.572728304548425 0.165443832017159 170.73021753196
"6" 0.333333333333333 -1381.08550003976 0.400927528357887 0.124825235411941 228.215876787858
"7" 0.222222222222222 -1453.47745223803 0.377951577482388 0.122940380102569 236.149216334058
"8" 0.388888888888889 -1234.11917758157 0.604654661501064 0.194093390049536 166.49206805719
"9" 0.222222222222222 -869.899962311668 0.351646057832632 0.114633128077259 244.466772562516
"10" 0.222222222222222 -1005.84426774646 0.284024769817164 0.106858251530414 267.983921903327
"11" 0.166666666666667 -1530.26967903622 0.235378506646983 0.102019466669735 287.022232448477
"12" 0.333333333333333 -1289.60632027571 0.373573540041343 0.124600680513086 237.67187451326
"13" 0.222222222222222 -905.601294795867 0.35519713221631 0.118903772341461 242.383094138947
"14" 0.277777777777778 -854.647828886451 0.551827210952173 0.168074900614126 180.318025098128
"15" 0.277777777777778 -1245.59563741356 0.394708907803146 0.124846125340675 231.70699796915
"16" 0.444444444444444 -965.342359700452 0.504118685211806 0.156077219685796 195.582353989594
"17" 0.388888888888889 -1559.01483437638 0.515022666779626 0.157821440620807 194.360884192141
"18" 0.277777777777778 -1183.69751888419 0.442247239749229 0.130760050452193 215.842279750381
"19" 0.388888888888889 -1530.81408164623 0.498737785840458 0.152011447631286 201.155331339482
"20" 0.388888888888889 -822.139865657563 0.637233368655817 0.189218100500425 150.087286044014
"21" 0.222222222222222 -1291.87327461465 0.350801866303142 0.126383811955977 249.534672125794
"22" 0.222222222222222 -1439.07467378944 0.288556182901917 0.10600132812794 266.261831647107
"23" 0.388888888888889 -1012.46796032427 0.64684744258442 0.208626844729844 149.41005502445
"24" 0.388888888888889 -937.37575568628 0.602955692363478 0.177046225810384 163.864091051495
"25" 0.388888888888889 -1978.65385594074 0.507072414227859 0.151881696193922 199.360538853192
"26" 0.277777777777778 -1258.99349166834 0.522128643931481 0.160119332851739 192.753836626283
"27" 0.277777777777778 -2174.26624754241 0.460972627839482 0.136806992956075 209.129444894616
"28" 0.388888888888889 -1575.913574362 0.390310010613047 0.124274922672506 233.701486432217
"29" 0.333333333333333 -1379.57282792098 0.478357234839945 0.145381269743991 203.601693117834
"30" 0.555555555555556 -720.082422051793 0.603182068112302 0.180694845005016 160.651167461843
"31" 0.5 -983.132502769225 0.555762975951863 0.172246990983628 179.187162531275
"32" 0.277777777777778 -850.929656381186 0.4672814013805 0.136232756550967 206.128108835398
"33" 0.277777777777778 -989.595949230659 0.600186487124363 0.190467621790327 167.414124849363
"34" 0.166666666666667 -1533.42734004813 0.431889602100027 0.12775784885244 220.307081640166
"35" 0.222222222222222 -1440.0972091367 0.50401788550405 0.152665700754806 199.495474590756
"36" 0.333333333333333 -963.249047777911 0.545509369760893 0.176052537229276 183.484152429609
"37" 0.388888888888889 -787.371004795168 0.579825494327218 0.181304849153467 170.302890050787
"38" 0.277777777777778 -753.37230939886 0.600216003959592 0.177303334851166 161.179172829987
"39" 0.333333333333333 -1498.96242444123 0.360730499438605 0.116785177492277 242.731197667043
"40" 0.222222222222222 -955.34862633046 0.464053378396368 0.143410743720305 208.991787536255
"41" 0.277777777777778 -1302.90241863815 0.428412946388805 0.130726110944533 220.186361628424
"42" 0.222222222222222 -1687.55181274031 0.330820784879339 0.111284554271086 252.088897662235
"43" 0.388888888888889 -765.003382811785 0.578599864864594 0.169234120944285 170.379472705033
"44" 0.277777777777778 -1209.10812285849 0.608989373330432 0.182176915353051 161.26397252119
"45" 0.277777777777778 -1284.50057171336 0.296658724362197 0.106542273670193 264.075090224243
"46" 0.388888888888889 -885.036498778299 0.517497385042289 0.160065592160714 193.090301361468
"47" 0.277777777777778 -1778.43077528 0.450858759512654 0.134558159204838 214.640701529632
"48" 0.444444444444444 -621.370183945862 0.707294368089158 0.229239317048336 126.915431963527
"49" 0.222222222222222 -926.108386514977 0.521957859125916 0.154936351090926 188.782031206664
"50" 0.444444444444444 -1178.94873747049 0.635194338364515 0.19272729082923 154.311365574749
"51" 0.333333333333333 -1502.47025763921 0.469925093213301 0.146302642363494 206.412763681332
"52" 0.222222222222222 -1930.52134853984 0.335070945674715 0.119019414979896 250.330091594448
"53" 0.277777777777778 -1851.4077155517 0.473154149197387 0.143092633162236 203.319146828323
"54" 0.333333333333333 -1424.54353893767 0.446900193756555 0.133238982450851 213.150484297587
"55" 0.277777777777778 -1415.11002658218 0.370119156314694 0.129656035301887 242.47875144013
"56" 0.222222222222222 -1421.91029096057 0.361362576060068 0.114747003708605 243.906098289706
"57" 0.277777777777778 -1396.40291513698 0.346505629098695 0.113186321938582 248.317253724776
"58" 0.277777777777778 -1269.10273406054 0.606368081001294 0.195063085592909 167.480377910502
"59" 0.333333333333333 -1424.35611095223 0.549249247074392 0.166229999943634 184.363899045611
"60" 0.277777777777778 -694.940373103497 0.498830020552457 0.150033582000778 194.828473343608
"61" 0.388888888888889 -1375.82250584366 0.45812822455445 0.13599777799729 211.993897767901
"62" 0.277777777777778 -1283.36069894553 0.261523076577678 0.103184010938811 275.4624553104
"63" 0.222222222222222 -1494.49242058209 0.256133394897659 0.101451341768065 276.325981896059
"64" 0.166666666666667 -1197.41608954194 0.376514948966466 0.127132052297949 239.716702181177
"65" 0.388888888888889 -917.000073338366 0.499586817298977 0.151435926257688 198.612801932035
"66" 0.333333333333333 -1013.71131073999 0.626190372511932 0.194574147966702 157.510388172539
"67" 0.222222222222222 -1623.67897054832 0.337433443464215 0.122539038466859 250.828940486291
"68" 0.277777777777778 -3472.97124838702 0.29585748953091 0.106069649701454 267.02636062443
"69" 0.333333333333333 -1253.65890121932 0.475239994299049 0.148610868990047 207.280048289114
"70" 0.333333333333333 -1386.40466889495 0.402064891213893 0.13469950928246 232.679231238383
"71" 0.166666666666667 -1420.53028624232 0.529824555000138 0.154278823324055 188.884493126096
"72" 0.277777777777778 -1550.95347254255 0.266632190605689 0.103888499498565 273.559623176189
"73" 0.388888888888889 -1317.48657766148 0.542517491661214 0.158407217474783 182.215144822435
"74" 0.388888888888889 -749.072404817057 0.584134359577318 0.17077964927721 169.541058695142
"75" 0.333333333333333 -1174.51009699362 0.53083997255505 0.168121786278906 192.474502047332
"76" 0.444444444444444 -1126.37600293548 0.541845807752172 0.158957230940271 186.100676919504
"77" 0.222222222222222 -1147.18884035608 0.292262553082635 0.105143598384273 266.737432919027
"78" 0.222222222222222 -1501.00141963506 0.385829006381125 0.118775505910439 238.259620486419
"79" 0.333333333333333 -998.447772666823 0.49442465229109 0.142764899636559 198.317055393177
"80" 0.388888888888889 -613.444500927717 0.653242829856568 0.21716335420608 147.266938643135
"81" 0.222222222222222 -1447.57529884628 0.364051665787652 0.119530930942622 243.328135971708
"82" 0.388888888888889 -1094.86853726117 0.570949298995554 0.165378283456814 173.224270385257
"83" 0.388888888888889 -1113.44061579327 0.559436156292165 0.167317015813131 180.255958031534
"84" 0.277777777777778 -1218.70307554678 0.485472533305886 0.149854235526624 203.876380960429
"85" 0.333333333333333 -1008.77776422839 0.439339598167696 0.140459625920284 216.214604927186
"86" 0.166666666666667 -2268.42740737051 0.198213507161563 0.0956720848100757 300.73805066256
"87" 0.166666666666667 -837.398407547528 0.4315509403707 0.128759842093591 217.630253104615
"88" 0.277777777777778 -1080.71609113482 0.465736695454168 0.138814229808095 205.994907547883
"89" 0.333333333333333 -849.084423352431 0.508645137462893 0.158672227060145 194.883781123812
"90" 0.444444444444444 -901.585231035379 0.651326690320644 0.201219497761406 147.501504394287
"91" 0.277777777777778 -1408.6487438532 0.396978680692872 0.131062020838972 232.263284662488
"92" 0.388888888888889 -960.76304470985 0.521451768091119 0.158430023308514 189.752964552403
"93" 0.222222222222222 -1296.13030010311 0.461506827427905 0.151490310802001 215.460785683638
"94" 0.333333333333333 -1549.97505342291 0.426129122123809 0.131164980158261 223.042773917423
"95" 0.222222222222222 -1434.73649058056 0.398650684557897 0.121472522636598 230.515055349527
"96" 0.388888888888889 -843.91870542169 0.507132497333926 0.145024882194404 193.285187332696
"97" 0.222222222222222 -874.015002272474 0.638546528380893 0.204710132860491 152.58481200336
"98" 0.277777777777778 -1096.86832590503 0.398939932577724 0.131449644532316 230.031782949439
"99" 0.388888888888889 -1060.01304356123 0.573968739246668 0.168641740571145 169.416156531822
"100" 0.111111111111111 -1652.57985580801 0.176550264215567 0.0985558347667975 304.931161838661
"101" 0.277777777777778 -1099.95319170518 0.558689035425813 0.161573406349594 177.637172682233
"102" 0.388888888888889 -2170.74012274691 0.530395805135417 0.165377159684454 189.127071236654
"103" 0.277777777777778 -1626.65465571921 0.471583078530155 0.13953899312745 206.935866645486
"104" 0.333333333333333 -1457.97722525102 0.513831049211823 0.160209193709019 193.556626645886
"105" 0.388888888888889 -1399.48179328632 0.526746876043431 0.158836674435643 185.885623654714
"106" 0.333333333333333 -1430.18074937323 0.381397737065991 0.125849709852529 236.354724572936
"107" 0.222222222222222 -1617.64499744556 0.206830049951619 0.0966523465508008 293.007204237354
"108" 0.388888888888889 -989.514107483061 0.373135662799987 0.118579864984953 237.604595211036
"109" 0.388888888888889 -1399.09933466028 0.460934960167303 0.134454882584306 211.008943463051
"110" 0.333333333333333 -905.435421534746 0.573912798444187 0.176622737032187 172.944209525404
"111" 0.333333333333333 -1148.3350288034 0.447467396651166 0.142978983792247 214.936505409154
"112" 0.333333333333333 -1275.22740551187 0.403995095418502 0.128904900591707 230.004447823247
"113" 0.333333333333333 -1713.64593561734 0.398112192859431 0.122652425186155 232.874519051261
"114" 0.277777777777778 -1677.20183372727 0.47410145997917 0.147992122426833 206.371696069362
"115" 0.222222222222222 -1637.16105211979 0.3446741642956 0.114357741367299 249.714378950302
"116" 0.222222222222222 -1532.11776417565 0.325599040191998 0.12072474477425 256.732788730675
"117" 0.277777777777778 -1323.55261510994 0.494905884039923 0.148426418354189 198.903714762646
"118" 0.222222222222222 -1582.78880344532 0.376262695316438 0.123069539754664 236.471858582384
"119" 0.222222222222222 -1832.35322139376 0.482740715533542 0.156255246066857 208.768053560766
"120" 0.166666666666667 -3647.50947814419 0.177287421568079 0.0903956223751936 310.675658020948
"121" 0.333333333333333 -1029.61994199162 0.528515536212586 0.157055616020085 189.890177694913
"122" 0.388888888888889 -1205.21054475831 0.530337881498969 0.153369549608171 185.817704248445
"123" 0.277777777777778 -1129.58554759619 0.459188732493131 0.154114648011554 213.115913441253
"124" 0.222222222222222 -1917.89172829856 0.365732697441084 0.130073505405696 243.095407730946
"125" 0.333333333333333 -785.466056011887 0.546472074890795 0.158781480141549 178.98760851964
"126" 0.333333333333333 -977.865050893989 0.43141490007991 0.133551044958885 220.811418195911
"127" 0.333333333333333 -1299.15725822162 0.377351335350148 0.122970103140056 237.98018626301
"128" 0.222222222222222 -2641.30799723191 0.225415474647974 0.0976299554823513 291.853674406501
"129" 0.388888888888889 -830.42742351977 0.545903288890319 0.170504396486831 183.49143435794
"130" 0.277777777777778 -1216.56873684483 0.619072533038968 0.202452383402573 158.959850365475
"131" 0.166666666666667 -2454.26446723055 0.350964691458535 0.113308246760519 247.939033914063
"132" 0.333333333333333 -1487.09543544127 0.447958627706368 0.131064880358183 214.349633629028
"133" 0.333333333333333 -772.731805050769 0.472666594610809 0.143952315878721 207.623474093482
"134" 0.277777777777778 -1112.00364224251 0.395496009192492 0.13050901958433 232.385332278509
"135" 0.388888888888889 -926.284082139627 0.622247437573453 0.193070693986569 156.795360006706
"136" 0.277777777777778 -1118.04644283967 0.445403767124808 0.132563629486639 214.361994271676
"137" 0.388888888888889 -889.96047040065 0.444217627875758 0.132243732415376 213.764570643008
"138" 0.222222222222222 -1466.85257102266 0.374831894363134 0.125127598000739 239.993405715534
"139" 0.388888888888889 -1273.48205640722 0.536421591696496 0.164344991230403 188.392448752137
"140" 0.388888888888889 -1312.31281762982 0.525072451206651 0.154008082956649 189.562997085732
"141" 0.222222222222222 -1638.93790762511 0.377758894931788 0.128492349894875 237.677961878569
"142" 0.388888888888889 -1249.27197685495 0.572828796767649 0.166793833870028 173.224800112076
"143" 0.277777777777778 -1435.85975799661 0.444953876437984 0.142412246659521 214.322259148916
"144" 0.333333333333333 -2020.15939441342 0.435561045995996 0.13500675504149 220.067638196941
"145" 0.333333333333333 -1033.77767402046 0.471592901094657 0.147275750658275 206.686495394314
"146" 0.388888888888889 -648.603947103035 0.581077623637157 0.181424606721021 169.46030491653
"147" 0.277777777777778 -1190.88799908619 0.495536765079631 0.153518121150532 198.030467339155
"148" 0.222222222222222 -1610.72733712939 0.32215856713656 0.110451970490211 253.292075583165
"149" 0.222222222222222 -1139.57991100705 0.351167293723561 0.11809295575168 244.184271702459
"150" 0.222222222222222 -1606.12620937129 0.452730497041173 0.142045504197104 215.987128302457
"151" 0.333333333333333 -1345.40241378547 0.462174147021366 0.147095457763321 210.902280222041
"152" 0.388888888888889 -1087.19753016778 0.609658734438711 0.1899831775114 161.303730725061
"153" 0.388888888888889 -939.245783004369 0.461288815619705 0.135805012678235 207.119507877186
"154" 0.222222222222222 -1333.53288874079 0.495837172271669 0.153375499634993 201.437108038417
"155" 0.277777777777778 -1052.36910820443 0.327749285183355 0.118092520604802 252.379883358132
"156" 0.333333333333333 -1017.30139204026 0.475231352455219 0.151886193898299 205.227956829246
"157" 0.222222222222222 -1309.82051353818 0.405272380719784 0.136139640631831 229.325282358785
"158" 0.222222222222222 -1146.62080452292 0.393329738984799 0.124578476442613 232.544354955878
"159" 0.388888888888889 -1293.5526212612 0.473689235034216 0.146623267181878 207.867069450153
"160" 0.166666666666667 -1630.01719322795 0.36978374264776 0.121991397279361 243.807421836605
"161" 0.333333333333333 -843.291639554527 0.637788431101459 0.198014992282976 152.006498753172
"162" 0.277777777777778 -1219.3012944621 0.56434458991394 0.176567939708452 179.194608955153
"163" 0.333333333333333 -1897.13063824311 0.425625630380203 0.12712739441493 221.123083837911
"164" 0.333333333333333 -878.20956961611 0.519148199349426 0.166268915665907 191.486427625917
"165" 0.277777777777778 -1145.90287270765 0.418622941190666 0.125685472825963 223.195927825484
"166" 0.222222222222222 -1414.78219077694 0.2679405689493 0.105323539437968 273.623348436365
"167" 0.277777777777778 -1651.48646690849 0.485709182484487 0.155713465550984 204.146934196572
"168" 0.388888888888889 -1029.74998605391 0.552015003895659 0.158911524230185 180.330515878825
"169" 0.333333333333333 -1182.08913744677 0.396870532372476 0.122302261274905 231.254732840588
"170" 0.222222222222222 -1379.78452826091 0.303853560638055 0.110295247202669 259.090976598742
"171" 0.277777777777778 -2284.76325713835 0.375548140262584 0.116787865499394 243.067333919977
"172" 0.277777777777778 -819.406440824651 0.437136997216359 0.134702562304336 214.730795532265
"173" 0.277777777777778 -1232.84504204643 0.443854092033198 0.139712265914359 214.082912043093
"174" 0.222222222222222 -1017.70730019191 0.492575193306128 0.147527855829184 198.039550060297
"175" 0.277777777777778 -1908.06609549914 0.419299031128487 0.134209684239807 226.482948701195
"176" 0.277777777777778 -932.098912441116 0.406562338761562 0.123417347487367 226.704805343614
"177" 0.222222222222222 -1153.66215098887 0.522936683677397 0.166222525813892 190.553464544111
"178" 0.333333333333333 -1409.81810739612 0.490394459776796 0.150355822039073 203.887156666097
"179" 0.277777777777778 -994.585553471098 0.477096847465482 0.137595465662114 207.202337565376
"180" 0.166666666666667 -1764.57359226895 0.36953248233301 0.120996119147553 240.514299304559
"181" 0.5 -1029.82218488165 0.734055987792077 0.235452696334338 119.009411682435
"182" 0.277777777777778 -1728.62052683749 0.617555959877416 0.179862084487746 157.626303218764
"183" 0.333333333333333 -1029.62401273611 0.530503403471469 0.166770657410401 187.073669328573
"184" 0.333333333333333 -920.980293494763 0.495799906108253 0.143095889062665 196.721306584305
"185" 0.388888888888889 -1009.8959523761 0.479286108595218 0.144274155212488 204.716981802197
"186" 0.333333333333333 -1030.76204024265 0.502077063770232 0.149104254613346 194.610245663226
"187" 0.444444444444444 -580.998927148377 0.714405389464097 0.228173903118512 123.133004496281
"188" 0.277777777777778 -1070.72501394207 0.480212613196364 0.144601530284322 205.026097717336
"189" 0.222222222222222 -1439.93626614078 0.316141587306795 0.112605080052464 257.321816940764
"190" 0.333333333333333 -1294.34201305668 0.524885074394385 0.163761335014604 189.47506657198
"191" 0.333333333333333 -1320.07262407779 0.654845763312656 0.195010436441192 146.20272368191
"192" 0.444444444444444 -1532.41234047013 0.590908353639636 0.16993686608712 169.064771456223
"193" 0.277777777777778 -1337.3962900069 0.376929908862924 0.124149470556595 241.020092989956
"194" 0.277777777777778 -1092.90552274042 0.49177640245028 0.14228833974513 201.363799971744
"195" 0.333333333333333 -850.142897997239 0.561138951111568 0.163090874689445 175.100099083615
"196" 0.277777777777778 -1058.13680310051 0.515985638017278 0.154891782812424 191.290712281601
"197" 0.277777777777778 -1085.58244899925 0.558937442834693 0.16692157693013 176.743030018823
"198" 0.388888888888889 -1174.1907509896 0.438403911077506 0.132646515606329 214.942468757019
"199" 0.5 -582.991083454614 0.654807111709068 0.196440056766909 143.025459127018
"200" 0.388888888888889 -800.995618328361 0.714083893394811 0.236040922830417 127.187908858673
"201" 0.388888888888889 -854.374765451827 0.495749244317319 0.145024263374847 197.693064434492
"202" 0.277777777777778 -1067.82043519151 0.550781641926245 0.166796869854128 179.966103905758
"203" 0.333333333333333 -1312.17785263777 0.314695230633047 0.108084292470938 259.447423991157
"204" 0.222222222222222 -1335.41326490837 0.432495398576477 0.136844838118543 219.778534006133
"205" 0.277777777777778 -1053.60273746786 0.476390619672504 0.14838384642705 206.389460418881
"206" 0.333333333333333 -858.162862253114 0.53987687207327 0.166198589929527 182.722982858515
"207" 0.333333333333333 -1438.65170976668 0.492445617272628 0.155087633576957 201.742302593369
"208" 0.277777777777778 -2321.69457037349 0.450114766913669 0.144705031834719 217.557640994342
"209" 0.5 -1489.48617388543 0.645460545710032 0.207975518228452 153.726218505248
"210" 0.333333333333333 -1388.76147940174 0.586183693996989 0.191089322317521 170.181633302383
"211" 0.222222222222222 -1324.85707818158 0.29209079063904 0.106219012259242 265.207826315844
"212" 0.277777777777778 -949.746872387237 0.560376490119278 0.16170259479486 175.038295241434
"213" 0.222222222222222 -1094.74024665896 0.259752232494391 0.104271566212307 275.65872279913
"214" 0.388888888888889 -838.12026713287 0.629982064629256 0.187979733751302 152.71267581833
"215" 0.166666666666667 -1427.58821946976 0.345191921777892 0.114548975733055 249.879529718117
"216" 0.333333333333333 -1090.56057574572 0.364188871707743 0.122414108589303 240.123074022592
"217" 0.277777777777778 -1723.53358426095 0.380271173758684 0.12019773027207 236.881141900668
"218" 0.277777777777778 -960.1205246894 0.669564227944776 0.218847403343639 141.99816785979
"219" 0.388888888888889 -973.196412135324 0.560165167867725 0.17270890008954 177.379549317044
"220" 0.388888888888889 -2047.12132906064 0.404735815779073 0.125368628229386 230.966953924188
"221" 0.277777777777778 -1232.70736715796 0.393951981842211 0.123228143741795 229.745844894666
"222" 0.277777777777778 -1589.20297075412 0.470154910809404 0.144850946477323 210.979718561509
"223" 0.444444444444444 -1626.63427366261 0.516742242963755 0.147162622700545 193.934703385806
"224" 0.222222222222222 -1782.61143596706 0.460317606978179 0.138405847478196 213.668438541919
"225" 0.388888888888889 -838.5975230622 0.607942839890582 0.179780800410518 160.78385555357
"226" 0.388888888888889 -1312.20442589952 0.379519219031974 0.121448262582717 233.80233079827
"227" 0.222222222222222 -1007.03036622449 0.441904568604421 0.138998732580425 214.889594717822
"228" 0.277777777777778 -762.496826870828 0.567748789699251 0.166188105658042 174.361348577265
"229" 0.166666666666667 -1413.35434053391 0.194152218970907 0.0952353968707485 297.206610901151
"230" 0.388888888888889 -828.40456406289 0.638565017359754 0.189785052414583 148.268079676682
"231" 0.277777777777778 -1501.54064600488 0.374600573510977 0.124868848407565 237.506831788294
"232" 0.222222222222222 -1759.0927026851 0.453201545701207 0.145255506481061 215.878632655686
"233" 0.222222222222222 -1459.70781671539 0.303917595589314 0.108513275020731 261.487367459509
"234" 0.277777777777778 -1551.31008176245 0.30942203790819 0.10974503242048 258.412205038405
"235" 0.333333333333333 -1181.35272548512 0.420089946554764 0.126435721316037 222.894056654113
"236" 0.333333333333333 -752.729740439439 0.595267747416374 0.179861296750939 165.164976355023
"237" 0.222222222222222 -1328.03994796409 0.286625384013631 0.105320636486936 268.40667082526
"238" 0.277777777777778 -1147.70032010609 0.453063107866693 0.140060299758542 214.168377818391
"239" 0.444444444444444 -973.875736744236 0.542845472862957 0.155381474484447 184.764360517174
"240" 0.388888888888889 -1217.06194778602 0.573451409079396 0.180751436252265 176.664957362022
"241" 0.277777777777778 -1241.45725469115 0.471263612395364 0.139070786340155 207.74039081338
"242" 0.388888888888889 -830.525550755337 0.629788181304417 0.205443441925245 157.392738389313
"243" 0.333333333333333 -1070.14873935592 0.597753526609138 0.180670995149076 165.660241642454
"244" 0.388888888888889 -1042.05714598048 0.534111012856469 0.155312789827283 182.998158928709
"245" 0.333333333333333 -1088.54210193378 0.504109558563612 0.148596514521969 198.408804702572
"246" 0.388888888888889 -1307.63212057779 0.523449723959915 0.149615142211094 189.937601064931
"247" 0.388888888888889 -627.769455837185 0.726647922430678 0.251762723250259 123.417727309356
"248" 0.333333333333333 -1740.38052159892 0.429678206280185 0.127897107702945 221.27195636779
"249" 0.333333333333333 -1009.99346956777 0.28243118523859 0.105931290770997 264.6660487182
"250" 0.333333333333333 -1353.9663558595 0.382075094664349 0.117925831667573 238.478294836152
"251" 0.166666666666667 -1495.89758481147 0.239368680610956 0.101257232226528 281.713082429043
"252" 0.222222222222222 -1411.11031203311 0.45627833690466 0.144613308821036 216.825484570327
"253" 0.277777777777778 -1172.40334799603 0.392619604619253 0.132306452988266 234.783932631993
"254" 0.277777777777778 -1125.15659730063 0.449705406811301 0.144285481858885 214.534262231807
"255" 0.333333333333333 -1424.2295203434 0.377706056406186 0.118965525183905 237.346153514963
"256" 0.166666666666667 -1924.52042308526 0.39105461234933 0.133495270454657 237.004269986478
"257" 0.222222222222222 -1259.32187211095 0.43877168867522 0.1348787142641 215.143969655342
"258" 0.277777777777778 -1233.7446550428 0.481754233335189 0.150410688617349 204.61966713979
"259" 0.277777777777778 -1508.33516155276 0.465576531492657 0.138202361283962 211.755014277829
"260" 0.333333333333333 -1074.48488304608 0.633287003903 0.20332110507917 154.622683567178
"261" 0.333333333333333 -870.271042226694 0.425092631278768 0.131730878724503 220.854298835468
"262" 0.277777777777778 -1086.742281857 0.432544036423923 0.13189887811557 220.019431612289
"263" 0.222222222222222 -995.216620601284 0.497247405578499 0.158757167370973 198.895444056288
"264" 0.277777777777778 -1297.3711338287 0.330765788049224 0.117978280556889 253.09608941121
"265" 0.277777777777778 -1448.29106235397 0.529854965208062 0.163064572903718 190.924643666605
"266" 0.444444444444444 -638.495809607717 0.720564470668373 0.245120724743835 123.581961307341
"267" 0.333333333333333 -685.601669045536 0.500652476643681 0.149712823056512 193.469375232616
"268" 0.166666666666667 -1430.98074783113 0.30417797574872 0.11739864739355 264.860726185692
"269" 0.222222222222222 -2051.50365907277 0.422829098548617 0.14256606121951 222.74821689538
"270" 0.222222222222222 -1617.76114161604 0.201643027462533 0.094460570080779 296.397768409751
"271" 0.333333333333333 -1181.92103786985 0.423113009725391 0.136789284489108 225.106716519588
"272" 0.333333333333333 -1160.06250154683 0.511804901803895 0.146243866555776 193.73966794101
"273" 0.277777777777778 -1089.307347991 0.525088092784649 0.161372358591044 191.286367980779
"274" 0.444444444444444 -771.75814294321 0.541363384060751 0.160543499714579 180.684845488337
"275" 0.277777777777778 -1332.67432276485 0.462511129333316 0.134512407982329 211.622349852259
"276" 0.444444444444444 -1258.50690697046 0.38804506490079 0.122230836369749 234.479772184207
"277" 0.333333333333333 -1384.38979585347 0.431861498697452 0.128926327088163 220.058882583108
"278" 0.277777777777778 -1246.24288479414 0.425032882039159 0.141231651708122 225.127447050342
"279" 0.333333333333333 -1038.60159968748 0.564429698668971 0.16510514961903 173.446714484498
"280" 0.388888888888889 -1274.41453611083 0.438520237891935 0.13016562093557 214.997959590148
"281" 0.277777777777778 -1237.07536075923 0.301331381051009 0.107252160570917 260.862229668859
"282" 0.388888888888889 -903.34268367906 0.607222354108722 0.187043094484917 161.986712955692
"283" 0.388888888888889 -1059.2196096405 0.541333250734551 0.155294568649044 184.186602707901
"284" 0.388888888888889 -874.298408677063 0.592770467256588 0.190654047033075 166.666682802614
"285" 0.277777777777778 -1887.36831701721 0.41824100918704 0.131557962659027 227.068620039457
"286" 0.277777777777778 -1303.25584490387 0.461987777170295 0.137793886845068 208.796188784739
"287" 0.277777777777778 -1188.68625762875 0.447992979459513 0.147507446611182 214.079711698862
"288" 0.166666666666667 -1679.8764916412 0.305042509066549 0.112437881228663 263.85962192381
"289" 0.277777777777778 -1417.44303252817 0.393207567609831 0.12787296888005 232.147338576339
"290" 0.388888888888889 -1315.63157374037 0.47625700804419 0.149815021051209 205.533637957268
"291" 0.166666666666667 -1983.12118386848 0.378350640246541 0.12737175491148 245.239273799452
"292" 0.222222222222222 -1701.42812000521 0.395584601875083 0.12287093155841 236.387531993878
"293" 0.277777777777778 -2530.5041725004 0.452113284041222 0.139043769545215 215.755344493886
"294" 0.333333333333333 -1172.5417458627 0.440743008718574 0.140343256844511 216.486794089136
"295" 0.166666666666667 -1476.14276256938 0.413285394174373 0.141090710510752 231.262258886288
"296" 0.388888888888889 -1201.24614131097 0.488768148388093 0.140187993259814 201.199596004167
"297" 0.277777777777778 -873.305854192551 0.49770478761897 0.151142187439578 199.022066556649
"298" 0.222222222222222 -1321.4536994442 0.379373351761944 0.126461970923129 234.33704898489
"299" 0.388888888888889 -993.401968433895 0.417455851937402 0.135390280078063 224.027623106937
"300" 0.277777777777778 -1115.52678980301 0.48333235399068 0.137156753403367 204.254505514908
"301" 0.388888888888889 -815.705670867507 0.499139459217938 0.150645751340146 195.091141209631
"302" 0.111111111111111 -1631.83681373981 0.336350101520047 0.12515627184543 255.597351011951
"303" 0.333333333333333 -1320.24198847857 0.53064083338072 0.168701159823805 189.309648923922
"304" 0.277777777777778 -1170.89217072197 0.484513176565529 0.145535546800256 201.032841626237
"305" 0.277777777777778 -898.678126469508 0.566160986969496 0.167435755176723 177.307653126823
"306" 0.333333333333333 -1744.56260323188 0.437780192045754 0.128346074050594 218.664888166874
"307" 0.277777777777778 -1708.69087859105 0.487543243255035 0.14028978558547 205.565695584657
"308" 0.444444444444444 -719.970533046677 0.599969592590739 0.17829253955302 161.40676008147
"309" 0.277777777777778 -1147.71795064095 0.422051876119318 0.125495709037613 223.146771319147
"310" 0.333333333333333 -1401.393762279 0.457054883193014 0.146101376962495 213.656524900126
"311" 0.277777777777778 -1160.22283188472 0.468101195869099 0.144516786477135 209.451220544372
"312" 0.333333333333333 -1183.10235471958 0.491947166312896 0.151204455959665 200.166174937554
"313" 0.333333333333333 -750.342714597882 0.628825470269909 0.186322609474189 152.328936437257
"314" 0.333333333333333 -1044.14565150556 0.515304798628035 0.147867230720308 191.482772314954
"315" 0.277777777777778 -758.286494196616 0.541420304022708 0.157156149581302 181.227256670802
"316" 0.277777777777778 -879.431817425819 0.569801986133097 0.171361972774429 174.782910578866
"317" 0.222222222222222 -1610.39112800966 0.437777524180691 0.140652887779825 219.914286711556
"318" 0.333333333333333 -988.861415043224 0.596500379668321 0.188438960239126 167.250014906955
"319" 0.277777777777778 -1301.55560451695 0.487141138576024 0.154361849194487 202.379519228545
"320" 0.277777777777778 -1159.90067618175 0.639086576062073 0.203736992971644 153.944329727926
"321" 0.333333333333333 -1339.40698730892 0.388968800020959 0.124132556661999 232.294697961704
"322" 0.222222222222222 -1781.94546087647 0.372032876508611 0.125629334945644 242.946028323425
"323" 0.388888888888889 -1214.38287388162 0.47805481772611 0.156097205120437 207.555115417997
"324" 0.333333333333333 -1697.5891623186 0.403659229156343 0.123687558491426 228.015924061067
"325" 0.166666666666667 -1430.9956602609 0.391471150314933 0.131080056560481 236.363354078136
"326" 0.277777777777778 -1724.4768781361 0.357413273705416 0.115679198083967 246.648262629024
"327" 0.222222222222222 -1288.90497438664 0.486156051342133 0.156567794478391 204.525839467583
"328" 0.222222222222222 -1197.35317146025 0.380936596416565 0.1208557759289 236.794407696367
"329" 0.333333333333333 -1491.27799989478 0.289669203369003 0.107410675667119 266.546371748481
"330" 0.277777777777778 -1018.97787909637 0.422515617702013 0.129556301910464 222.436279144922
"331" 0.222222222222222 -1259.97240499292 0.296472486272569 0.110715826385757 264.795902948202
"332" 0.277777777777778 -1576.53458266336 0.308629264276412 0.107847568770185 259.84362880235
"333" 0.277777777777778 -1390.08932409036 0.438200366499632 0.138273488307079 217.229132960467
"334" 0.277777777777778 -1599.34081056491 0.40053530707616 0.128616143790302 229.700047433767
"335" 0.277777777777778 -1301.91987199041 0.37350638046474 0.118555480965598 239.265213185086
"336" 0.222222222222222 -1038.77718475903 0.477869230063745 0.15383542310297 206.173675027069
"337" 0.333333333333333 -1346.86089897392 0.464178792901943 0.143386095672329 211.881339943384
"338" 0.222222222222222 -970.558269844581 0.451508709920097 0.139680858641886 212.152271225553
"339" 0.222222222222222 -1821.43229214109 0.352463841252722 0.115760382884772 250.041859909259
"340" 0.388888888888889 -971.073654418234 0.639541192568665 0.193022819325436 152.200793845399
"341" 0.333333333333333 -1313.39083786655 0.53868473348785 0.171711370881241 188.012250143811
"342" 0.277777777777778 -1836.84663807373 0.382748696418862 0.125019111314493 238.107537569778
"343" 0.388888888888889 -1498.64099222377 0.588304717637327 0.177505021085665 168.977196380548
"344" 0.277777777777778 -915.041935612328 0.475624701896233 0.137138386850177 204.498880856175
"345" 0.222222222222222 -1426.96473723082 0.313156814810224 0.116293873963522 258.437372592838
"346" 0.333333333333333 -916.180699551099 0.532326847515748 0.15238227183699 185.553359143638
"347" 0.388888888888889 -1740.12661283137 0.411621581278115 0.130941700436756 226.46924865536
"348" 0.277777777777778 -1995.12654709374 0.475818284019732 0.139475812697351 205.86574992707
"349" 0.277777777777778 -1422.55782625713 0.448339135833419 0.143390620404393 218.065864277383
"350" 0.277777777777778 -1286.88068650201 0.484723437503017 0.150358081727702 204.547953391633
"351" 0.277777777777778 -977.047913423631 0.470423881853874 0.136388315195619 207.901937062809
"352" 0.277777777777778 -1725.7341377236 0.377269565895701 0.123994292323168 243.702532167275
"353" 0.333333333333333 -1865.63514044788 0.494750971385205 0.151178525766563 203.66395734844
"354" 0.333333333333333 -960.566072302288 0.592189933868337 0.177984817771869 167.537314445803
"355" 0.166666666666667 -1678.71644330808 0.239467650929407 0.105628015902619 282.704358836827
"356" 0.388888888888889 -490.026829631351 0.636147841123605 0.188837251658069 148.665618178201
"357" 0.444444444444444 -731.957166098028 0.660080780557652 0.20169809947082 143.055939068861
"358" 0.277777777777778 -691.408002862015 0.516710146360388 0.150178292883266 189.213155328737
"359" 0.388888888888889 -880.101124236089 0.545747902740576 0.172571656446692 182.964904741645
"360" 0.388888888888889 -1119.66429416132 0.547540667280455 0.16159766742062 179.428716385747
"361" 0.333333333333333 -881.375862368612 0.563782908160704 0.171213573330165 175.640736276352
"362" 0.222222222222222 -814.136260949525 0.5322357286598 0.159560958286664 182.867640337559
"363" 0.333333333333333 -1932.00137366785 0.318981893553837 0.112210376577263 256.256775106704
"364" 0.388888888888889 -1512.454751974 0.568438721061278 0.183410859804179 175.688767573737
"365" 0.388888888888889 -1551.31412546307 0.407507821764289 0.126501879157319 226.993882470335
"366" 0.277777777777778 -1352.02222151274 0.587900177430192 0.179599626768243 169.890661553495
"367" 0.333333333333333 -935.625895733599 0.532677485444571 0.154076886748883 186.529250929607
"368" 0.277777777777778 -1201.91423292495 0.445636043742711 0.137074919084776 213.267024003013
"369" 0.444444444444444 -1481.43659352061 0.486481695448864 0.13996064278162 201.103995637655
"370" 0.166666666666667 -971.850591396649 0.480958040986824 0.143652607047199 202.653971179874
"371" 0.388888888888889 -858.693822224223 0.596667569843364 0.178292272581213 164.346465412553
"372" 0.277777777777778 -1433.97081416584 0.473486815783626 0.146415264031842 207.552977772202
"373" 0.277777777777778 -1158.41591027442 0.401056285921023 0.127954431527569 228.152583645039
"374" 0.222222222222222 -2114.93601386236 0.394035290465459 0.127631236829123 235.019813195689
"375" 0.388888888888889 -922.541795763114 0.578591344873333 0.169237635311741 170.00508421093
"376" 0.277777777777778 -1443.96874758119 0.371458247133331 0.116283615660597 240.59462989832
"377" 0.277777777777778 -1164.78997351577 0.430574101598624 0.130881381179055 219.531269582005
"378" 0.333333333333333 -1254.00479543037 0.607143377089355 0.194186896793868 163.098477250408
"379" 0.333333333333333 -1316.69868548532 0.327395120247477 0.114523217766842 255.124147346422
"380" 0.333333333333333 -1064.47164587437 0.518436762888664 0.157613585716117 192.706552219464
"381" 0.333333333333333 -1088.46232624876 0.43521475618747 0.133071979347027 220.828496657369
"382" 0.166666666666667 -1402.05305714886 0.460141205972032 0.134888727235449 208.222368409677
"383" 0.333333333333333 -1619.56518707462 0.500678285154236 0.14847147304116 199.142137601769
"384" 0.222222222222222 -1063.28286279204 0.358427378934216 0.120712800578222 243.402944894081
"385" 0.277777777777778 -1479.33735733866 0.459028048219768 0.13883836448026 213.591228600994
"386" 0.333333333333333 -903.140848885514 0.649491466526442 0.208799318632611 150.725913843744
"387" 0.333333333333333 -1043.14057546379 0.550913227329135 0.172034483569263 183.803078680449
"388" 0.388888888888889 -1269.66038350173 0.47537304316301 0.143789178590929 204.482110003427
"389" 0.333333333333333 -1088.99880975982 0.469524408998268 0.139063239270737 204.475659262724
"390" 0.277777777777778 -1549.88313056867 0.349404821155801 0.112345726700023 249.484827192071
"391" 0.333333333333333 -908.192862596741 0.514349961109877 0.160782431071292 193.071222281202
"392" 0.277777777777778 -1029.6648348405 0.584986387889269 0.178629720544315 169.171611692585
"393" 0.5 -795.682789875312 0.593679703054764 0.175061523218514 165.34226785518
"394" 0.277777777777778 -1129.37770071295 0.599555063760469 0.179615721410729 165.064480816741
"395" 0.333333333333333 -1752.27410106373 0.367180573104537 0.123982395771085 241.308356647047
"396" 0.222222222222222 -1149.76378570925 0.415301715579425 0.128363785270031 223.568262685246
"397" 0.333333333333333 -936.227121113921 0.563233803516263 0.171061385558522 175.308082202073
"398" 0.388888888888889 -704.715834862395 0.516698273605515 0.152944798760188 189.205270897819
"399" 0.277777777777778 -855.704391568679 0.445112934155487 0.135131676572948 216.458742487465
"400" 0.277777777777778 -1242.20246338892 0.440108089461172 0.139193608637439 216.073718133735
"401" 0.277777777777778 -2414.86382357711 0.391545940906975 0.129275916827117 237.950897966185
"402" 0.222222222222222 -1333.69007380085 0.256870767422409 0.10254396332699 276.940011448613
"403" 0.388888888888889 -2257.04065865835 0.438328445699548 0.136020411922175 217.831785017369
"404" 0.444444444444444 -1219.47061723151 0.581672316155535 0.174417134324902 171.245733055758
"405" 0.333333333333333 -1119.970785765 0.440833235126172 0.132851851659537 216.048790799886
"406" 0.277777777777778 -1209.22895748633 0.383557862877206 0.127293895722856 235.254477573432
"407" 0.388888888888889 -877.847947805258 0.625137089591868 0.182468413769865 156.087645733004
"408" 0.277777777777778 -1211.72571953213 0.488735734685919 0.159795464739725 204.289929982822
"409" 0.277777777777778 -1021.17516016685 0.477753959801126 0.150100085422593 205.524163147457
"410" 0.166666666666667 -1716.41236372514 0.401053841299747 0.13126235172626 231.278114479373
"411" 0.222222222222222 -1499.94735258213 0.464552274772022 0.13593066566471 211.258832372586
"412" 0.277777777777778 -1376.81784089378 0.379436089304144 0.120199916034438 237.271168352664
"413" 0.444444444444444 -704.263312960723 0.568518668150418 0.164676017587784 174.505954257962
"414" 0.333333333333333 -1318.60454966085 0.354251040585136 0.11377110994907 246.613916587259
"415" 0.388888888888889 -1846.16847503708 0.580592061003468 0.186906945114601 171.322082810914
"416" 0.388888888888889 -924.053905868379 0.541645925540494 0.157071286172863 182.19645095109
"417" 0.388888888888889 -1062.54138135886 0.499884005378899 0.148037177079789 196.309102484538
"418" 0.277777777777778 -1348.96814886754 0.507762103561373 0.157469941494878 199.320714060973
"419" 0.333333333333333 -779.571873510607 0.678695728670836 0.227474677911479 140.11208528084
"420" 0.333333333333333 -1291.85592009609 0.412753819047715 0.129585694053271 224.713301015536
"421" 0.222222222222222 -1030.18185728193 0.404661258163554 0.129434847643051 229.465928699915
"422" 0.333333333333333 -926.612798815766 0.528125003524937 0.150635252604701 186.150287081439
"423" 0.166666666666667 -994.404174456784 0.538328715835276 0.163634968946282 186.415165125066
"424" 0.388888888888889 -1391.36995709032 0.379580970124714 0.125650107591362 236.680802692895
"425" 0.222222222222222 -1063.47847231906 0.409003936512312 0.141873841135064 227.836247043092
"426" 0.166666666666667 -1796.71736995699 0.242615185490156 0.104570872317507 284.286129782115
"427" 0.333333333333333 -681.687758843311 0.608735844196074 0.189190030353321 161.926873101812
"428" 0.333333333333333 -1514.07022655872 0.47098650096525 0.138868080955673 210.360973228048
"429" 0.388888888888889 -1151.91919523775 0.555107770470087 0.162019925154628 178.089486164632
"430" 0.277777777777778 -1558.42997441714 0.404520907113681 0.124705450844536 229.823164756938
"431" 0.277777777777778 -945.31568015151 0.470828724099816 0.146447149924612 207.489506296878
"432" 0.277777777777778 -1083.12286569652 0.353363986877235 0.122655733806828 243.31848084956
"433" 0.333333333333333 -637.081704233571 0.588117012553791 0.183823664486576 166.859889772862
"434" 0.277777777777778 -897.32734310557 0.476446621365061 0.139882775257282 202.834592102204
"435" 0.333333333333333 -1242.37904851355 0.5945383451064 0.180521627776813 169.731395799124
"436" 0.277777777777778 -965.762821233729 0.462223125279582 0.136472210366817 208.134267671026
"437" 0.277777777777778 -843.405937984331 0.544813437843866 0.16406255034198 181.743691873862
"438" 0.277777777777778 -2534.87188155425 0.416219344833683 0.123601178660803 229.93287467913
"439" 0.222222222222222 -994.854039786789 0.370216759422106 0.121993590139864 238.955382018003
"440" 0.333333333333333 -1535.89580693372 0.452828860704723 0.140265896837451 212.732674390936
"441" 0.166666666666667 -1280.58334093623 0.380347068352182 0.123332416565219 239.662404085101
"442" 0.333333333333333 -1188.23711451472 0.566859111551609 0.170274714031211 176.254446459428
"443" 0.333333333333333 -1857.29540267493 0.399409440781012 0.125681800251157 234.090678107925
"444" 0.277777777777778 -1532.85691016013 0.403594734593341 0.125630868247368 231.431244717957
"445" 0.444444444444444 -884.574130325896 0.588569746131484 0.170083785197612 167.140660665707
"446" 0.277777777777778 -1294.43373993714 0.534930619408345 0.155855856863348 187.635008711106
"447" 0.277777777777778 -1444.31622278305 0.431396418707122 0.127966038852341 221.629789310154
"448" 0.277777777777778 -1284.2619474016 0.462790838140794 0.139978139668499 209.488450764183
"449" 0.222222222222222 -1229.02971237787 0.41941951423972 0.137019128935218 226.29358183176
"450" 0.222222222222222 -1726.47002992187 0.331882970679683 0.112242082317564 259.292055516466
"451" 0.222222222222222 -917.223718155835 0.597894151768664 0.189777254861693 164.747734443793
"452" 0.444444444444444 -1131.05333619829 0.59762159100466 0.173564580647748 165.245026192153
"453" 0.277777777777778 -1225.7692652184 0.422446188717653 0.134064122410321 225.536958501099
"454" 0.388888888888889 -857.929374326311 0.535878424371495 0.165240345019294 184.68750176409
"455" 0.444444444444444 -510.036508091361 0.698626988847121 0.223713793348287 130.228673132653
"456" 0.277777777777778 -1430.26539213832 0.297481091195702 0.109388050865759 264.248672592408
"457" 0.277777777777778 -1029.145603084 0.445103023000169 0.136947769763086 216.725102575597
"458" 0.277777777777778 -1237.97404234625 0.397137178311832 0.123108341070738 230.641162010498
"459" 0.166666666666667 -1896.97846582945 0.331037888870798 0.117884187576975 257.267946705438
"460" 0.388888888888889 -985.936748781014 0.514032571369343 0.158704035604805 194.047036081293
"461" 0.444444444444444 -1129.81119777567 0.667581596838945 0.219351655378052 144.607723205415
"462" 0.388888888888889 -1322.55795693129 0.464321388391187 0.136863400434852 208.638894725041
"463" 0.388888888888889 -1228.1890274356 0.438130816519695 0.135187271643679 218.909087519761
"464" 0.222222222222222 -1637.81759966521 0.494842457626868 0.159834629679394 200.584158262583
"465" 0.333333333333333 -1351.80276010488 0.457277166173669 0.14150518101298 210.202218484384
"466" 0.222222222222222 -3175.04928660142 0.340147014617674 0.119115954833404 256.643115218122
"467" 0.444444444444444 -921.246231903527 0.64342893253584 0.192785037990825 149.056707088391
"468" 0.222222222222222 -1388.50058050517 0.428576057376576 0.136951064237019 223.407157964413
"469" 0.333333333333333 -941.737849823579 0.496908087537429 0.149670525243553 198.175040816535
"470" 0.388888888888889 -1061.43307507951 0.419443914434126 0.135784295187304 222.540205937016
"471" 0.277777777777778 -1512.69190350336 0.511889079101257 0.146420331001784 192.47780665074
"472" 0.388888888888889 -931.674972901076 0.591605710381517 0.169952777384487 165.250595899024
"473" 0.277777777777778 -1120.76686691813 0.560901166052199 0.161153261277353 174.792629392915
"474" 0.277777777777778 -1787.4980196222 0.292335009467625 0.106807533944094 264.370530225249
"475" 0.222222222222222 -913.177060007957 0.443615103686618 0.132434430078775 212.568834680442
"476" 0.277777777777778 -1140.57608278178 0.476054275956089 0.150943950909672 203.492215851742
"477" 0.333333333333333 -865.699137421164 0.51104315043052 0.153863295877787 191.904376547573
"478" 0.388888888888889 -1216.29891465563 0.548559377508135 0.172361287673454 184.8588661705
"479" 0.222222222222222 -794.057522938721 0.523211632165517 0.151706139080228 188.290208869552
"480" 0.277777777777778 -1099.38805352849 0.579065628568712 0.181493813229404 170.794038657394
"481" 0.444444444444444 -713.415761525961 0.675835225954168 0.226870104818938 140.423032813162
"482" 0.222222222222222 -1658.96233509759 0.431637541303808 0.136234300552647 220.609596990548
"483" 0.222222222222222 -1497.81788384353 0.428483340824265 0.131091385065239 223.83090497774
"484" 0.388888888888889 -751.432447642327 0.676701434088386 0.21081260542937 137.238940083884
"485" 0.222222222222222 -1224.49278147015 0.367846779632044 0.116611153151033 241.312552129148
"486" 0.277777777777778 -1000.41816659707 0.377556786684412 0.123511177076046 236.783018329696
"487" 0.388888888888889 -1146.0351170822 0.489939865348056 0.148434798098727 202.29882265764
"488" 0.5 -743.844528922918 0.647022980936677 0.197440029347162 148.575500297131
"489" 0.388888888888889 -1016.80987579016 0.466889673416804 0.138465593924555 207.738360504219
"490" 0.277777777777778 -1211.02918752797 0.480207212421997 0.142206634610889 201.371824411635
"491" 0.222222222222222 -1714.99352234991 0.34738980496658 0.118783792820298 247.73288898722
"492" 0.222222222222222 -2552.77006023364 0.321463837239438 0.114477506944673 259.441030672292
"493" 0.333333333333333 -1191.02611068626 0.451131361840811 0.139607609334109 213.019149415906
"494" 0.388888888888889 -1355.8681871488 0.510717765532203 0.159009647808646 197.093416677902
"495" 0.277777777777778 -858.789568402791 0.478813899006411 0.151766168003626 201.730341666018
"496" 0.222222222222222 -1060.12285286212 0.410069488166935 0.134594683134734 223.44009071611
"497" 0.5 -801.170622543174 0.657271600254343 0.196191604174955 143.544814419218
"498" 0.333333333333333 -826.215407785971 0.55408013588516 0.164766786401932 179.787162685319
"499" 0.333333333333333 -1243.44102576754 0.459995937884442 0.146094192308131 210.280406738562
"500" 0.333333333333333 -1066.14107814497 0.486878878331925 0.143118368203498 201.557791487718
"501" 0.277777777777778 -1000.5615781616 0.499970416737434 0.150922863656608 197.136184372905
"502" 0.444444444444444 -577.93854884101 0.577305762571691 0.176589259075838 169.177500937576
"503" 0.277777777777778 -1457.83347063564 0.408353808079867 0.128144975554726 229.025172137632
"504" 0.166666666666667 -1548.77227244487 0.434753140693403 0.138289930948111 223.247086019025
"505" 0.277777777777778 -927.388992088556 0.580294156549989 0.185734253249978 172.391288880495
"506" 0.277777777777778 -1664.4013480336 0.452448348938561 0.146819199196644 215.765158746806
"507" 0.277777777777778 -1721.09169235053 0.536970213224342 0.169110551220244 187.659416359855
"508" 0.277777777777778 -829.782253411772 0.54764195619747 0.159125280401968 179.497815613542
"509" 0.277777777777778 -1581.78358340601 0.290112341647429 0.10640282530047 264.788382934889
"510" 0.333333333333333 -1573.34504635682 0.504561372614901 0.145091503756068 193.687823182483
"511" 0.166666666666667 -1084.79490476058 0.387677213493898 0.127852222269205 236.067184643291
"512" 0.222222222222222 -2392.50394053151 0.352188563210216 0.117993190079565 249.10595622572
"513" 0.222222222222222 -1109.69980732623 0.38517839554087 0.125876585670003 233.424558107786
"514" 0.277777777777778 -1724.57326309139 0.430125985428504 0.128389690024801 217.990016773967
"515" 0.277777777777778 -2085.50721539391 0.286283275364618 0.105657686856001 266.436858976481
"516" 0.333333333333333 -705.525088625934 0.681686073303615 0.235174333065778 139.165631593046
"517" 0.277777777777778 -1836.87902073193 0.424066693601074 0.13092207710196 223.495277385982
"518" 0.222222222222222 -1696.37312060242 0.384025163613434 0.12155474070914 238.246595855253
"519" 0.277777777777778 -1041.48308555303 0.494466896307141 0.147137780891508 200.530396589484
"520" 0.277777777777778 -1580.76472860164 0.627719259650669 0.190697577626906 158.062536364075
"521" 0.333333333333333 -1098.84505375728 0.507129686668891 0.150623262236422 197.55887124468
"522" 0.333333333333333 -1306.28383023542 0.410864687519319 0.130831420366384 225.106273708067
"523" 0.555555555555556 -816.00933858908 0.678920731355023 0.209732312080419 135.626106669705
"524" 0.388888888888889 -1535.30805132756 0.5854098902292 0.183150114307577 171.626985900115
"525" 0.277777777777778 -1831.60945530398 0.470650994303219 0.146813344682653 210.344468130973
"526" 0.388888888888889 -847.828114542916 0.51865428088669 0.165088580902031 192.804254159588
"527" 0.277777777777778 -1891.64001757329 0.494586681639347 0.154598830868218 200.221665887269
"528" 0.166666666666667 -1468.97267702914 0.405724467345369 0.127530902026866 228.439992240886
"529" 0.444444444444444 -891.244221016789 0.519629536017244 0.148426307732747 190.276229739299
"530" 0.166666666666667 -2069.36467946378 0.257304464042231 0.106324446414673 276.769362409498
"531" 0.333333333333333 -1577.84571182528 0.559034355886246 0.164329077408898 180.611617939587
"532" 0.444444444444444 -862.846729578442 0.64896757626961 0.205401377621957 148.823141408093
"533" 0.388888888888889 -1428.47781239495 0.473475369270538 0.149210433084398 207.739873959849
"534" 0.333333333333333 -907.943840191558 0.623354740009467 0.185470134500826 154.25734632643
"535" 0.388888888888889 -1345.6446322232 0.538163808386659 0.164654468480686 186.142493615649
"536" 0.388888888888889 -1441.8001319526 0.458385774541882 0.140180491388825 213.0961028297
"537" 0.277777777777778 -1609.02752073446 0.42427399437348 0.133073563674523 222.238137379475
"538" 0.222222222222222 -1498.93110715571 0.37242082901349 0.118337709285952 240.838817915
"539" 0.388888888888889 -1068.44256309486 0.459222179491148 0.139063755143163 208.996097119767
"540" 0.388888888888889 -885.411508008484 0.550821020407636 0.160284748582483 181.027067734766
"541" 0.277777777777778 -972.747420277431 0.591546402470778 0.1664207794713 168.600016506931
"542" 0.333333333333333 -1455.41555958956 0.48969753927576 0.15952865404142 202.840115085215
"543" 0.166666666666667 -2875.90958185431 0.42728357183283 0.128728249598696 222.408964761826
"544" 0.222222222222222 -1368.84823740763 0.279778645762842 0.106545684132437 268.125749903353
"545" 0.333333333333333 -1264.06809728203 0.4720954275667 0.13752760723419 207.555681166632
"546" 0.222222222222222 -1251.93679680294 0.323918172341996 0.120080709197459 256.482542633192
"547" 0.333333333333333 -1090.22025305579 0.402648986234988 0.127646869024747 227.829306675578
"548" 0.333333333333333 -993.666235442312 0.592313205772768 0.173127284216253 164.333982776041
"549" 0.333333333333333 -1277.83037293646 0.552244196178539 0.163993176629236 179.089722455658
"550" 0.277777777777778 -1261.49769337564 0.414118973789816 0.132303221059719 227.063100691094
"551" 0.166666666666667 -1658.21460529113 0.375088742639515 0.13466827295239 242.624438890597
"552" 0.388888888888889 -914.71680511834 0.433553984977044 0.134235255938633 219.941665371172
"553" 0.277777777777778 -1143.92148749361 0.433382784778926 0.138911360249553 217.804548593832
"554" 0.333333333333333 -1591.64580559828 0.40831233713333 0.12546966467205 228.050600066949
"555" 0.444444444444444 -1343.26170925128 0.526563042364633 0.164719176980443 191.860583087821
"556" 0.222222222222222 -916.837738063305 0.489785646582295 0.147222339452495 198.346924236118
"557" 0.277777777777778 -1192.2949131449 0.422257352699625 0.132864178346215 224.083500174924
"558" 0.277777777777778 -1454.2430256205 0.40149675926572 0.130012190872743 230.291303468043
"559" 0.222222222222222 -1495.19649099571 0.451723962530174 0.131942078082404 214.725237813171
"560" 0.277777777777778 -1196.67034428082 0.457078994215981 0.139371976967205 212.810416544155
"561" 0.388888888888889 -1361.81885415843 0.593805777441337 0.182060513359822 164.066569461
"562" 0.444444444444444 -777.163555697723 0.608664783182387 0.182363982384067 159.795330201843
"563" 0.333333333333333 -1253.40192411142 0.500847921402179 0.148367742075488 196.955755537024
"564" 0.222222222222222 -1268.1514748392 0.379302007736699 0.124063351335693 237.797356644807
"565" 0.277777777777778 -938.746675305804 0.459666365911413 0.137568830013367 208.908559347462
"566" 0.333333333333333 -998.21561438136 0.605409462620324 0.193915450323951 164.924748030959
"567" 0.222222222222222 -1927.5345596866 0.328357618540927 0.110795810859068 255.20792490851
"568" 0.277777777777778 -1720.52220025691 0.440474678827892 0.13778977766637 219.90084483611
"569" 0.277777777777778 -1663.26077660596 0.497898994585019 0.153666863536265 204.381151148979
"570" 0.333333333333333 -1208.77220531404 0.448538236856287 0.13600837451573 214.857622981252
"571" 0.277777777777778 -1643.09234593271 0.46538868771634 0.14999130195078 209.378993903809
"572" 0.333333333333333 -2079.21885638087 0.428369984453701 0.133128949897973 221.108414647874
"573" 0.333333333333333 -704.034857695317 0.660772956063687 0.205378492585758 143.236188390216
"574" 0.277777777777778 -1539.17568880183 0.351532798588119 0.124074587530855 247.353190015226
"575" 0.222222222222222 -900.44928517116 0.478216285821507 0.140402170782887 203.72483093239
"576" 0.5 -1104.8919067612 0.584950176174462 0.181611874920821 170.82631479888
"577" 0.388888888888889 -873.178177764509 0.636219593896659 0.197497061638409 151.872932024158
"578" 0.277777777777778 -2508.58312865442 0.407471471471441 0.133510170249172 235.489959205177
"579" 0.222222222222222 -1475.24211712238 0.441800042263212 0.140544925825055 220.162185411847
"580" 0.277777777777778 -1598.19068421657 0.381987207556308 0.128085475246155 233.350376678478
"581" 0.444444444444444 -910.180025562892 0.55087065142292 0.166693476060536 180.57407594317
"582" 0.333333333333333 -1434.83033216409 0.362073483484426 0.121885193887282 241.92484430397
"583" 0.333333333333333 -1164.97054141551 0.486149070080975 0.147359667522334 202.462953724663
"584" 0.333333333333333 -1672.34908695421 0.366324155737782 0.114455600014868 245.779906552978
"585" 0.333333333333333 -973.168101312342 0.319983290604384 0.110441549581358 254.411827351761
"586" 0.333333333333333 -1091.61001445437 0.388450701366645 0.125373072849683 230.799672673205
"587" 0.388888888888889 -991.576753376146 0.515618777617255 0.155488992829782 192.351809687711
"588" 0.388888888888889 -1055.40122055804 0.5481257867616 0.163877824992343 180.411924114082
"589" 0.222222222222222 -1541.86875367828 0.400960608831346 0.128846983608564 232.735520381198
"590" 0.277777777777778 -1158.53692145518 0.395587919512892 0.120676454965355 232.387818259794
"591" 0.388888888888889 -1424.39394845315 0.510736580367655 0.156261530446876 197.181372763454
"592" 0.444444444444444 -1093.05012625818 0.48811819175952 0.150542555180124 203.136084491096
"593" 0.277777777777778 -1610.20322694628 0.46277463712632 0.1356319455651 206.381646259903
"594" 0.277777777777778 -1114.73531667741 0.358798857751962 0.12531263570251 245.141135497921
"595" 0.222222222222222 -976.840039812868 0.518551645346281 0.153566907487118 192.851659658594
"596" 0.277777777777778 -832.214807835171 0.547442669546227 0.158337638317348 180.081836781716
"597" 0.333333333333333 -1141.451629199 0.552291191701573 0.166733352999991 180.925738989698
"598" 0.277777777777778 -1397.39839603533 0.382743144414483 0.121350382729975 234.653669388975
"599" 0.277777777777778 -1062.67661565228 0.488354051388133 0.141420011375016 202.576670190743
"600" 0.388888888888889 -499.573284318106 0.663584223968468 0.20943547367924 140.523242059166
"601" 0.333333333333333 -738.914551525604 0.581640324071379 0.186734234138875 169.420561511139
"602" 0.222222222222222 -1298.0043124504 0.289150358652003 0.109285613981432 265.091738936786
"603" 0.166666666666667 -1222.09292801649 0.509057778832262 0.145959344453928 194.287289771179
"604" 0.277777777777778 -799.062326111253 0.56217634807072 0.163952591343107 174.929584780065
"605" 0.222222222222222 -1429.187387134 0.305916704721143 0.111542526983064 262.26230991758
"606" 0.333333333333333 -1057.43436076398 0.577650640063771 0.167803919028474 172.371517367037
"607" 0.333333333333333 -2112.62574626856 0.411018817632052 0.127058381857982 226.608939471454
"608" 0.277777777777778 -1354.30316477582 0.349507398772192 0.115158354628637 246.47172753621
"609" 0.333333333333333 -994.132358645476 0.577160462166867 0.166751427615089 170.801154379779
"610" 0.277777777777778 -942.186113640745 0.453524993000004 0.142931513576575 214.312676354407
"611" 0.222222222222222 -1313.38139550552 0.288509988018091 0.109143490672619 269.471551442292
"612" 0.333333333333333 -753.737370218745 0.467025326123908 0.150949427403092 209.314110442284
"613" 0.333333333333333 -847.321141614218 0.439901657551785 0.135913399504588 216.728825507493
"614" 0.388888888888889 -1091.99613267857 0.507316429330657 0.149445908445455 193.96529986089
"615" 0.277777777777778 -1419.14769183262 0.324519374142715 0.117350309030789 254.64984196537
"616" 0.333333333333333 -1388.9016332846 0.492397004575598 0.158217399857239 201.47601513898
"617" 0.277777777777778 -1240.43885866362 0.306148204279726 0.116679139482353 261.085456658074
"618" 0.333333333333333 -840.586621502103 0.535051635074429 0.165928785547799 184.857036968305
"619" 0.333333333333333 -883.541632237347 0.57176618097483 0.172936859054582 170.305214607949
"620" 0.333333333333333 -1098.40540715602 0.399718966072144 0.124555900207415 232.038807433146
"621" 0.277777777777778 -1511.1844837398 0.449680831468825 0.139858167588889 216.066963802423
"622" 0.333333333333333 -933.735525795994 0.565937282024101 0.1632738945529 173.853996257614
"623" 0.388888888888889 -754.624967910038 0.640849948393809 0.201567578491329 149.936192336849
"624" 0.5 -1500.82294695577 0.529599530052754 0.161384479366887 186.10566239205
"625" 0.222222222222222 -2445.02702374993 0.263407901152041 0.103472523361554 280.820309255271
"626" 0.222222222222222 -1227.38562893699 0.419985682018106 0.130267469612118 221.55987283144
"627" 0.222222222222222 -1343.93038711289 0.42847766190828 0.126902197347823 222.01090904994
"628" 0.277777777777778 -1168.36320311951 0.477194877639135 0.143422074212915 205.407716781388
"629" 0.333333333333333 -1504.37339787808 0.454642450452529 0.137245977874948 210.645252583613
"630" 0.277777777777778 -2194.21706879781 0.422963978086587 0.134608456086975 228.45065556034
"631" 0.166666666666667 -1537.69063661995 0.324931964642949 0.118997928459121 259.09525827086
"632" 0.388888888888889 -1045.30094067858 0.643754303853975 0.195314189927666 151.380342200801
"633" 0.388888888888889 -1109.25547985355 0.466416013000476 0.137308240208087 208.869327357877
"634" 0.388888888888889 -1449.72553143572 0.467297626100611 0.146785049841636 210.165013213844
"635" 0.277777777777778 -1340.57444524075 0.435314290608607 0.131725960005015 218.579166362524
"636" 0.277777777777778 -1091.76185046125 0.570993684826641 0.176344574885376 175.492653299539
"637" 0.277777777777778 -1483.06876731005 0.553835348480397 0.170775354419897 180.594386219953
"638" 0.333333333333333 -1104.27062105863 0.583839228710048 0.173927009264635 168.982567538138
"639" 0.333333333333333 -1692.32818975235 0.608904389647006 0.196165890223079 165.51906538762
"640" 0.277777777777778 -1329.71979117759 0.467638349154056 0.139821377716573 206.163956913881
"641" 0.333333333333333 -1240.52046986194 0.473684803092549 0.14073197531982 203.583226793647
"642" 0.388888888888889 -821.523168593514 0.583886974634996 0.180327231441846 170.194508769091
"643" 0.333333333333333 -927.273047135614 0.562227809691873 0.162103182388611 175.607580296131
"644" 0.166666666666667 -1029.75351977448 0.457859777710696 0.145064487993178 211.279521339067
"645" 0.444444444444444 -932.547124536178 0.495137946391177 0.149633466108199 198.863116011119
"646" 0.333333333333333 -1356.19247417908 0.469084510855165 0.1488316895259 208.199203473804
"647" 0.222222222222222 -1514.74853473545 0.340538251006089 0.116972767376152 250.853213410764
"648" 0.222222222222222 -1146.32685952781 0.463980120409831 0.136825326324611 209.635430762835
"649" 0.333333333333333 -1254.841314756 0.490164451642904 0.147147009096359 200.745489605656
"650" 0.333333333333333 -930.811356797856 0.585466369642715 0.176420802240857 169.518837899026
"651" 0.333333333333333 -1344.76624692359 0.507406509337931 0.162849294746514 198.74307891768
"652" 0.333333333333333 -1097.93231778645 0.453655612209811 0.145146567129637 215.117456297607
"653" 0.333333333333333 -1296.93385844642 0.361471745251488 0.116999965699783 240.802253407027
"654" 0.444444444444444 -1527.79777589161 0.568563450320123 0.163669542262317 171.52592685539
"655" 0.277777777777778 -1038.94477459617 0.438375767977424 0.132550999052482 215.242277154047
"656" 0.444444444444444 -914.744290976554 0.654067763348007 0.215827394767829 149.822544305405
"657" 0.277777777777778 -1565.30890433724 0.376630367565121 0.12798173832917 238.957862074213
"658" 0.166666666666667 -1369.60428301089 0.333231991744741 0.113579014365714 251.258120048478
"659" 0.222222222222222 -1406.25890125297 0.549952025124472 0.154732024152456 182.588231689277
"660" 0.222222222222222 -1509.47374067758 0.384977023797942 0.121753600715185 236.907673676836
"661" 0.277777777777778 -1242.71427794822 0.44168277381769 0.133668223100756 216.037824581364
"662" 0.388888888888889 -1348.25445535813 0.446973759674588 0.134009896068613 213.635353508306
"663" 0.277777777777778 -1348.82468416551 0.368950253081485 0.118577285865255 238.806938183162
"664" 0.388888888888889 -995.928987749643 0.620683791618362 0.194157747341163 158.379707861494
"665" 0.333333333333333 -938.585482513437 0.53037955567259 0.165556013395437 188.926617716283
"666" 0.388888888888889 -1414.07115353107 0.542031271449256 0.15864019953729 183.017907583053
"667" 0.277777777777778 -2408.12454172274 0.297745812072639 0.106050433366642 266.073952785649
"668" 0.444444444444444 -885.451717949718 0.640977243565336 0.201720800072892 151.77012556376
"669" 0.555555555555556 -1244.02476995673 0.672451637457675 0.21847847339865 139.290885221041
"670" 0.277777777777778 -1125.99985262871 0.386436174147477 0.132126540754659 237.261109228809
"671" 0.222222222222222 -1393.29776299417 0.335718727056574 0.111725116126446 250.544349096648
"672" 0.222222222222222 -1173.90025137554 0.39467111074887 0.134487791499199 232.374692512652
"673" 0.222222222222222 -1336.35913256259 0.412799861907103 0.136396662765409 227.707286005218
"674" 0.333333333333333 -1008.16485636043 0.505363171821266 0.157355521947509 197.186762035319
"675" 0.277777777777778 -1013.72207876037 0.541713081383418 0.15756147618893 182.506010974337
"676" 0.277777777777778 -1195.5068999704 0.454098043407469 0.138526564365691 209.881383542348
"677" 0.222222222222222 -1894.30399028314 0.449918242853569 0.13649656876781 215.332917927383
"678" 0.277777777777778 -1052.71148368708 0.457827813441737 0.14388596742633 211.862682309467
"679" 0.277777777777778 -1281.20847298455 0.526530685820136 0.166094773517331 188.955092061614
"680" 0.277777777777778 -1007.43006320241 0.526814827164236 0.155658418870826 189.375342124999
"681" 0.444444444444444 -1294.21953590163 0.44495103070485 0.133895346748328 215.570380656594
"682" 0.277777777777778 -1143.57011369546 0.622028794527552 0.18875247654092 155.563782538046
"683" 0.444444444444444 -940.991629183826 0.530367640740359 0.155821796282281 186.140796727138
"684" 0.333333333333333 -1000.90755098172 0.595576755419552 0.175266336399855 164.554515897822
"685" 0.444444444444444 -958.896040500575 0.686646682296337 0.215083067234725 135.136479356121
"686" 0.388888888888889 -1300.90809802925 0.495442671843683 0.156741136502802 203.887578216098
"687" 0.166666666666667 -1881.04850646307 0.376976490267333 0.116996728909479 239.885196389174
"688" 0.277777777777778 -952.653282465801 0.480435371920709 0.14081032589723 202.064551326507
"689" 0.388888888888889 -1478.47315802958 0.429553301363819 0.133688611761085 220.582659766873
"690" 0.388888888888889 -871.701154589106 0.578084190605854 0.163356033895558 172.443673572806
"691" 0.388888888888889 -821.627242964816 0.522652785714989 0.153714369799031 187.427335190036
"692" 0.388888888888889 -730.738920750514 0.599462002282655 0.174488493851566 161.456439770807
"693" 0.222222222222222 -1201.86068914122 0.428713587631993 0.129543975484506 221.870061863914
"694" 0.388888888888889 -1093.81251620347 0.544522564888215 0.159991446188011 183.433588810529
"695" 0.333333333333333 -1211.2641974541 0.454200294978305 0.138309239658624 211.846078392467
"696" 0.222222222222222 -972.246765772718 0.447885759939602 0.141318892939506 215.113417910255
"697" 0.277777777777778 -1010.49935884508 0.537445149153542 0.174987566989409 188.328719590622
"698" 0.333333333333333 -1372.440215278 0.508905279597571 0.159784704189499 194.721656736462
"699" 0.388888888888889 -996.432945422546 0.589533162347532 0.187467443779193 169.337557428278
"700" 0.222222222222222 -1190.53713607746 0.486710521595137 0.144378046539741 201.895764510782
"701" 0.277777777777778 -860.260854043069 0.419105188705642 0.128796294156862 222.629180007581
"702" 0.444444444444444 -784.861272937912 0.69875115234378 0.225075070071808 128.986365325909
"703" 0.277777777777778 -1109.99539379572 0.415243783097909 0.127963292678897 225.628025787807
"704" 0.333333333333333 -1862.47996328854 0.376568134984707 0.123058335898868 242.559476620061
"705" 0.444444444444444 -705.963809276522 0.686417958225456 0.225336416584663 136.352199038582
"706" 0.388888888888889 -703.83135671813 0.587218021557164 0.176207105838043 167.327252276292
"707" 0.333333333333333 -1203.55018096586 0.44760183479093 0.140461973259021 214.337991282287
"708" 0.333333333333333 -776.943771955195 0.584913939878118 0.178925501748233 169.134797153498
"709" 0.277777777777778 -1345.6948726035 0.339686898511372 0.119783267047907 249.590524452995
"710" 0.388888888888889 -1325.7218343111 0.492574265491758 0.150584234814651 200.811862960257
"711" 0.277777777777778 -1847.85249236878 0.414387537004962 0.123655686826969 229.567677760714
"712" 0.388888888888889 -697.883071258018 0.594966957619984 0.188380954601549 166.149067056813
"713" 0.222222222222222 -1402.40682738412 0.286402148357661 0.105840766571795 265.848994065828
"714" 0.222222222222222 -1762.99161489811 0.329137943605433 0.114043123924104 254.935625684086
"715" 0.222222222222222 -1488.89142981248 0.507266865956451 0.152606744485346 198.209603011429
"716" 0.388888888888889 -875.356199016986 0.529529663850372 0.164148618570322 187.173492040667
"717" 0.277777777777778 -913.08217417345 0.337428369326979 0.115397309321485 251.151507318006
"718" 0.333333333333333 -1068.83738607339 0.440264929565657 0.137284028009366 217.013264474323
"719" 0.333333333333333 -796.985438360674 0.520520234881822 0.147453624013526 189.819186199187
"720" 0.444444444444444 -802.875783529285 0.670177650983052 0.209968877627995 140.681389364745
"721" 0.333333333333333 -994.386737803278 0.506343857135945 0.156821704466248 198.916577965138
"722" 0.222222222222222 -1254.77327233681 0.512412984637652 0.151333022415604 194.557939912173
"723" 0.388888888888889 -619.203621517215 0.647023098163941 0.193440695576879 147.734593910388
"724" 0.277777777777778 -1030.20931146782 0.410228543422455 0.128207354916586 223.064400692318
"725" 0.333333333333333 -971.286272285637 0.473628953270213 0.150846932715298 207.548656177333
"726" 0.333333333333333 -2106.73989040361 0.400127024105042 0.124454195289502 231.648557381339
"727" 0.388888888888889 -766.30530558237 0.645176512804719 0.192715389613426 147.568547704215
"728" 0.222222222222222 -1230.13397697218 0.40108209118597 0.124160258936537 230.323851810963
"729" 0.388888888888889 -698.39814599523 0.602239789970675 0.177718275505505 162.042024330347
"730" 0.222222222222222 -1347.34274617166 0.263789774005301 0.104640150610954 273.291429024377
"731" 0.388888888888889 -1384.37788781289 0.49009176923338 0.154650948631739 203.619146369726
"732" 0.333333333333333 -1231.5088214525 0.529805748419944 0.154328413188809 188.570374205428
"733" 0.166666666666667 -1611.80431140553 0.361269835388245 0.12943734672395 247.472960952362
"734" 0.277777777777778 -1196.36034099405 0.44519774469571 0.14392686903892 219.071965031837
"735" 0.333333333333333 -1056.86905933807 0.420571530277546 0.126670008460884 224.321034618159
"736" 0.222222222222222 -1433.18885439436 0.297370972297526 0.106308368584203 265.164959383853
"737" 0.166666666666667 -1642.05053091761 0.268591050300054 0.104157130855319 274.616547899269
"738" 0.444444444444444 -1151.56885801551 0.57661820526768 0.175206461591538 172.417629505485
"739" 0.388888888888889 -758.924820004857 0.624325630891309 0.201740272373942 154.604041340754
"740" 0.277777777777778 -1451.82106442471 0.501061945629901 0.143106327442061 197.49504673423
"741" 0.277777777777778 -1028.74458274788 0.397596651247685 0.127400301421564 232.335874157695
"742" 0.5 -666.97038177894 0.631414040556999 0.206110222261159 153.436174182735
"743" 0.277777777777778 -879.181219289098 0.446392240865196 0.143693614025892 214.125818656721
"744" 0.333333333333333 -1051.86240388638 0.55976543772395 0.159044744888642 176.680923365953
"745" 0.166666666666667 -1675.58553142735 0.383215410180576 0.121711407776565 239.147378684336
"746" 0.277777777777778 -1619.26922615366 0.2929050641855 0.105923192585955 268.06480833701
"747" 0.388888888888889 -1561.12600737755 0.52810216630934 0.161193347017937 193.136903484258
"748" 0.277777777777778 -1353.43704565856 0.221089523465635 0.0984049643376661 287.851623125548
"749" 0.222222222222222 -1213.38494545454 0.448879857966671 0.137715638450246 213.657079843283
"750" 0.222222222222222 -1410.52221112037 0.400786740726351 0.124722297300813 231.278421523246
"751" 0.388888888888889 -1204.82953177405 0.537269902687091 0.164945963631423 185.483998704546
"752" 0.222222222222222 -956.988876146769 0.406966691296616 0.129500073339573 226.387833953368
"753" 0.277777777777778 -1231.2534362722 0.532550189942538 0.161226149751003 189.790655249241
"754" 0.277777777777778 -985.406839894281 0.604249289294995 0.175559589490798 161.943996501291
"755" 0.277777777777778 -1279.23578648504 0.516906696970467 0.153339431229696 191.842511398589
"756" 0.388888888888889 -1319.92728323283 0.393211507030744 0.128170137017556 232.713080750295
"757" 0.388888888888889 -1625.7921619146 0.480092490692881 0.135954066588341 206.476323360415
"758" 0.333333333333333 -1799.79415045459 0.443021497102872 0.12947272202593 218.576232259932
"759" 0.277777777777778 -1550.10318669963 0.587240170914591 0.17579199735152 168.78320039686
"760" 0.333333333333333 -995.272542346375 0.451054083015156 0.137648227059851 211.914665891581
"761" 0.277777777777778 -1509.87388965213 0.486862067538149 0.14807520139497 202.275249802803
"762" 0.277777777777778 -1126.86681211401 0.549187042894508 0.160987556692008 181.963566571521
"763" 0.277777777777778 -891.23021928317 0.532712273542675 0.156490208412258 185.320906554615
"764" 0.333333333333333 -1033.74732941458 0.590656208911819 0.185222551631707 167.899832516765
"765" 0.444444444444444 -703.129606295362 0.608717708003475 0.186089290557179 160.904654288253
"766" 0.277777777777778 -1836.87549775539 0.551089512678955 0.165018900796622 178.493019667744
"767" 0.333333333333333 -1387.3032027121 0.499656707250135 0.160311785991003 198.587775729323
"768" 0.444444444444444 -725.454700819201 0.676982172307603 0.206795462151447 138.140269240903
"769" 0.333333333333333 -1376.99914474326 0.435959920943701 0.12871623220451 218.232585331443
"770" 0.444444444444444 -1099.40979270402 0.625881878504928 0.189393175206744 157.039228157013
"771" 0.166666666666667 -1798.2039846477 0.317693376187776 0.123036057134345 262.035894881233
"772" 0.333333333333333 -1305.81954349705 0.59894687421311 0.170139636699712 164.999010687328
"773" 0.333333333333333 -1059.39893440263 0.575242047305439 0.164868860910361 171.107931619036
"774" 0.388888888888889 -960.017998604982 0.58092318517589 0.169373992693898 170.593010880362
"775" 0.277777777777778 -1237.73783596558 0.525961870278718 0.164920353051256 189.401095208325
"776" 0.333333333333333 -643.054688670253 0.633789573472392 0.196039304516198 151.991673510378
"777" 0.333333333333333 -1384.19161908373 0.462934690632642 0.143012763494441 212.03264635731
"778" 0.333333333333333 -1617.04539506503 0.340674411207976 0.113769104083359 249.194369703893
"779" 0.388888888888889 -1232.86654356531 0.50856912073603 0.150050319740226 195.319248074103
"780" 0.333333333333333 -1609.97678502651 0.431444315619186 0.142704486217949 220.363417304966
"781" 0.277777777777778 -1277.59942998873 0.291618208853772 0.105649868957487 267.145480889353
"782" 0.166666666666667 -1429.97639915775 0.275988892142242 0.10534496356508 271.773114337082
"783" 0.333333333333333 -948.857703065373 0.505821214728678 0.160632494660253 196.696850097799
"784" 0.222222222222222 -1313.14633461955 0.271684759684112 0.104117472811218 271.644322373643
"785" 0.333333333333333 -1510.17922490735 0.520785338278033 0.159486735200881 192.285865595456
"786" 0.388888888888889 -790.341387697826 0.602294342255444 0.182307900852959 163.291256370889
"787" 0.444444444444444 -1079.06547146225 0.579189627067235 0.177836831743477 171.936975203065
"788" 0.333333333333333 -1566.32500823433 0.29763552485518 0.106672537510158 264.946103139855
"789" 0.277777777777778 -1996.52461939929 0.405597564926074 0.136683973965342 232.290147273231
"790" 0.333333333333333 -725.341232860153 0.64450281536119 0.195668931533665 150.698417828846
"791" 0.388888888888889 -1286.58975266948 0.637820663326663 0.204244852054955 152.63620680693
"792" 0.277777777777778 -1611.08979522435 0.376790773935981 0.130205477254252 242.229409108015
"793" 0.333333333333333 -891.270551718562 0.536760832952587 0.16389230608534 185.642270602599
"794" 0.555555555555556 -876.011117101229 0.628373181888427 0.190586805503459 154.676682099215
"795" 0.222222222222222 -1459.71095579926 0.387705047707239 0.124902305205905 235.026891784276
"796" 0.388888888888889 -1279.91035785487 0.466410121441527 0.144966076857248 208.25478664938
"797" 0.166666666666667 -1212.13843832606 0.480785143684489 0.138238554686844 207.403721310482
"798" 0.333333333333333 -1848.53424473958 0.414635716953021 0.125053292559836 229.037452488842
"799" 0.388888888888889 -927.219109020103 0.601374942561919 0.17451767523274 163.280086378133
"800" 0.333333333333333 -1312.93012486119 0.420971923710564 0.124951756753455 227.328227426401
"801" 0.333333333333333 -1136.81728033224 0.461956999035524 0.13451840788733 209.766556618469
"802" 0.388888888888889 -863.943142443764 0.656720485201691 0.197368063074628 144.586186610603
"803" 0.388888888888889 -1596.83913152767 0.49096146397119 0.154739443298409 203.853316136972
"804" 0.277777777777778 -1554.33666575456 0.44809177058619 0.147527723029834 218.950402859522
"805" 0.222222222222222 -1224.0973139409 0.327746450099685 0.110569708002934 253.064959471203
"806" 0.277777777777778 -1087.64235469869 0.470214239586918 0.141549203352953 209.083624959147
"807" 0.333333333333333 -1171.56609040705 0.390798652469481 0.124915009763509 232.597132461309
"808" 0.333333333333333 -940.111997271463 0.583340941048369 0.18729801843546 170.161466984313
"809" 0.277777777777778 -1367.59424255164 0.423390081812003 0.138226494803642 224.691004560774
"810" 0.277777777777778 -1321.86361575425 0.413513262256458 0.13290884692521 226.435685237185
"811" 0.333333333333333 -1569.8519034979 0.391925657485595 0.120753007516665 235.477216848778
"812" 0.277777777777778 -1614.22852904936 0.50755658297409 0.159596882716648 199.851533744542
"813" 0.111111111111111 -2043.54614228066 0.226273142061666 0.0984730542927852 287.844738834647
"814" 0.388888888888889 -847.541768559201 0.554888748803811 0.161859517970148 181.04340731135
"815" 0.222222222222222 -1888.04033709086 0.264624393396544 0.105522834837584 275.12086291796
"816" 0.333333333333333 -1367.45286501304 0.443286234335478 0.140779906386295 217.511788035174
"817" 0.277777777777778 -1027.64451084382 0.506619676506581 0.153061725115536 196.836733479906
"818" 0.277777777777778 -1165.70693101446 0.448342622205528 0.13828162946008 215.396437612793
"819" 0.277777777777778 -1258.11670988082 0.440337835523613 0.135716593183514 218.743407294696
"820" 0.5 -764.328901549128 0.667059997388709 0.206736636714252 141.808808696182
"821" 0.333333333333333 -827.818280695756 0.623977980190199 0.18761803704588 153.644880984081
"822" 0.222222222222222 -1277.45807456592 0.264129332694148 0.102436313512365 274.757494442099
"823" 0.166666666666667 -1115.69700591293 0.371139311952621 0.130949600867416 240.696908906979
"824" 0.277777777777778 -819.325508661804 0.478695334433563 0.15898551985766 204.52800600115
"825" 0.333333333333333 -1107.64717752736 0.567579425811626 0.168522322190034 176.63445940442
"826" 0.444444444444444 -1208.60501270428 0.56854976955979 0.169729750301435 175.977492480783
"827" 0.277777777777778 -1557.12039805899 0.413022115178609 0.13199850912684 227.111503778747
"828" 0.277777777777778 -2020.54732674174 0.466748184995652 0.14979673292813 209.002442199002
"829" 0.277777777777778 -1001.61528779077 0.530725187074777 0.151451844508941 185.224236650035
"830" 0.333333333333333 -1939.77099606831 0.5838329617312 0.173751741724123 170.670808023714
"831" 0.277777777777778 -1402.69819238375 0.377244098869143 0.12628266853838 239.129285188661
"832" 0.222222222222222 -1958.25091527895 0.335615869852005 0.113438822654418 256.238349622245
"833" 0.333333333333333 -1571.21451665775 0.474722846737165 0.139459196395266 207.26895916992
"834" 0.222222222222222 -2290.59729639344 0.371658482413481 0.122724524380443 244.486111999414
"835" 0.222222222222222 -974.171640549668 0.258460021788366 0.10590499984027 273.148052129039
"836" 0.333333333333333 -1892.36888656361 0.462090295909461 0.141757686974881 211.5154913965
"837" 0.222222222222222 -738.680079200018 0.504084695683407 0.160084494339058 196.620550241337
"838" 0.333333333333333 -1256.34442305501 0.455377885473326 0.135247377396077 210.764752935385
"839" 0.277777777777778 -1875.36193095711 0.562367598862292 0.170957593356565 178.826322892759
"840" 0.277777777777778 -1323.26587942183 0.465517108911717 0.141861429578621 208.28290777077
"841" 0.166666666666667 -1310.36008213667 0.405408325897164 0.133906645220244 229.464687860744
"842" 0.166666666666667 -1132.0685210693 0.412080761654268 0.127021030669435 225.485462539626
"843" 0.333333333333333 -1203.13343202289 0.409649107590106 0.125345215943834 224.274496173857
"844" 0.5 -1019.78475131093 0.607112286566442 0.176155919830663 159.618570760586
"845" 0.444444444444444 -654.957010986166 0.684801223637479 0.212919753805994 134.310287723818
"846" 0.333333333333333 -1396.16252016787 0.498746030981055 0.151479445980168 199.86302131312
"847" 0.333333333333333 -917.473450309295 0.559812610961373 0.1761640969945 177.826799615696
"848" 0.333333333333333 -858.745235169288 0.441313407167568 0.135150368362448 216.511774554432
"849" 0.277777777777778 -782.529417728055 0.562925230710129 0.16316015056111 174.584077596195
"850" 0.277777777777778 -851.53197305539 0.65694921675918 0.20121650371138 144.512703540724
"851" 0.277777777777778 -2297.3533564025 0.410536445306888 0.125150024232846 230.801860521703
"852" 0.5 -765.661488863731 0.630204868948576 0.18958023279151 152.533015256247
"853" 0.222222222222222 -1402.71578733625 0.461032666747768 0.134842140109689 208.29092831881
"854" 0.388888888888889 -1140.02931303334 0.493860129255835 0.145880718541161 200.069975263403
"855" 0.222222222222222 -870.138068996879 0.537007881572555 0.169417880831605 185.053310764222
"856" 0.333333333333333 -985.764490155528 0.577147315810397 0.17284570704062 172.826722298414
"857" 0.333333333333333 -962.949558328505 0.545299960015556 0.176378404285529 184.507510088971
"858" 0.333333333333333 -875.566153754057 0.463054278863633 0.140101670218793 205.58165036131
"859" 0.222222222222222 -1368.11704384368 0.460964340539969 0.144944949515852 212.294625689449
"860" 0.277777777777778 -2233.32581379939 0.465739567267935 0.144943879460452 212.666707966106
"861" 0.444444444444444 -713.109365076237 0.58922286713499 0.173040666468293 165.448370798412
"862" 0.333333333333333 -1109.2420939772 0.612495010773191 0.193366129709323 162.960336456786
"863" 0.388888888888889 -1099.96738626976 0.445739873681352 0.134600346878523 218.194357181821
"864" 0.444444444444444 -823.409771659955 0.511902124206009 0.147297083940285 192.872381815923
"865" 0.333333333333333 -1147.31950284698 0.618273011244314 0.183634746110604 156.543692439722
"866" 0.388888888888889 -1313.00369240489 0.554935312730853 0.156906655758703 178.875178375792
"867" 0.444444444444444 -1793.80139394164 0.510385794940743 0.153128061694316 197.514987435833
"868" 0.277777777777778 -1877.1188581478 0.359573444640265 0.114728015986542 246.172532201705
"869" 0.222222222222222 -1123.05433191674 0.577829493225718 0.169258137057737 170.462069516336
"870" 0.333333333333333 -1928.23178139775 0.475415528769317 0.146999433926988 207.490796216282
"871" 0.333333333333333 -1086.27902871494 0.462480771897673 0.135964535735422 207.220110968558
"872" 0.222222222222222 -1666.78890106189 0.372925202341416 0.122835258064494 243.741449221442
"873" 0.444444444444444 -1115.54772712042 0.644012458137473 0.203908574664188 151.594050266183
"874" 0.388888888888889 -976.805661225189 0.4693334777272 0.141308861155771 207.667876638138
"875" 0.388888888888889 -1083.72418057903 0.565222292953793 0.167466211064736 176.355117843538
"876" 0.277777777777778 -1217.01355434537 0.566839416353082 0.170913922486607 176.99412356177
"877" 0.222222222222222 -1111.03774658029 0.435741432031449 0.140118358452912 221.23697271024
"878" 0.222222222222222 -2753.0844752059 0.362111194946686 0.119070627062898 249.682049629747
"879" 0.388888888888889 -977.679879456386 0.545677232002913 0.157136853508461 180.435151029859
"880" 0.277777777777778 -671.955984769007 0.652088482591932 0.210783321864598 145.724107571622
"881" 0.166666666666667 -1514.0136161563 0.264998307467202 0.106767783954509 276.114064270693
"882" 0.333333333333333 -1162.03774631321 0.473348844627615 0.149125593214407 210.303973519497
"883" 0.277777777777778 -1106.43132412236 0.383870160431812 0.128848903280903 236.284555342388
"884" 0.166666666666667 -1615.80262211646 0.285235263028745 0.113876029899052 269.570483066057
"885" 0.333333333333333 -1407.47697618335 0.388825774978307 0.128773221322126 234.945273551435
"886" 0.388888888888889 -819.706764131052 0.621988399485051 0.197760184785592 157.484238898532
"887" 0.222222222222222 -1324.07076038838 0.281289934794269 0.107704190855385 270.978454615152
"888" 0.222222222222222 -1793.05885400319 0.432952549788874 0.13366606864187 223.221292321292
"889" 0.222222222222222 -1062.8119274974 0.494407487871562 0.150988261487585 199.582779556072
"890" 0.222222222222222 -1791.31291389583 0.275174558259235 0.103741621936252 271.484152257415
"891" 0.444444444444444 -891.322184061628 0.592729268002022 0.180639321570589 166.559885600457
"892" 0.333333333333333 -1428.07953204314 0.482680662868609 0.141231916029285 204.264764817079
"893" 0.333333333333333 -1042.76023070618 0.434765102363444 0.144758432309282 219.266036743606
"894" 0.277777777777778 -1392.72396232479 0.52765189073262 0.147851979501882 189.502006723134
"895" 0.333333333333333 -1493.85929975462 0.485299762517055 0.145983780530443 204.492587055651
"896" 0.333333333333333 -1117.14835599418 0.512386843181292 0.156568613921096 196.037175190634
"897" 0.333333333333333 -1030.41349180604 0.47404637079366 0.141991748368053 205.607517271789
"898" 0.111111111111111 -1929.85509443612 0.252643112451362 0.102593070862922 281.646569790066
"899" 0.277777777777778 -938.832622059427 0.559898519545128 0.168578140444194 176.42763446129
"900" 0.277777777777778 -616.568800542605 0.62256999955872 0.182443240828891 153.486063234633
"901" 0.388888888888889 -1245.6727986946 0.444198528720012 0.132192999645819 214.380666355061
"902" 0.333333333333333 -988.978138335598 0.470728160153919 0.139500951946322 207.159281639864
"903" 0.222222222222222 -1877.96490131403 0.396210951077199 0.127773065080188 231.520478526405
"904" 0.388888888888889 -1528.80570872818 0.472351233698261 0.143453305370495 204.077781209542
"905" 0.388888888888889 -860.619457724216 0.557586124163372 0.164964890840028 177.50681395133
"906" 0.277777777777778 -1747.57034672811 0.55076252420356 0.162735316012349 180.584799024019
"907" 0.388888888888889 -1538.67439251658 0.542615601587794 0.160266479805807 186.466342926169
"908" 0.333333333333333 -1140.99791777145 0.540846685055755 0.15394034252173 183.797506778192
"909" 0.333333333333333 -638.607716715152 0.572682583309412 0.167105015048197 170.26381856295
"910" 0.277777777777778 -1553.17749530013 0.400284260147538 0.133346504921489 231.545573867862
"911" 0.277777777777778 -1435.49283433203 0.543351865259823 0.153705953109659 184.096835858351
"912" 0.222222222222222 -2670.39948559978 0.452270223479088 0.139447660472436 219.281609369523
"913" 0.388888888888889 -1123.6886973625 0.518762665621369 0.15380640208363 188.794331010472
"914" 0.222222222222222 -1719.7438170008 0.279870250331098 0.105360456694145 268.507986068085
"915" 0.166666666666667 -1530.55400381319 0.311950096424253 0.118551395345074 259.21001022846
"916" 0.444444444444444 -1740.07352424539 0.464363920771696 0.135451192871393 208.303409880821
"917" 0.277777777777778 -1724.00256066809 0.499214640937502 0.147099867710229 194.876491478707
"918" 0.388888888888889 -1117.49383106825 0.59121909955625 0.19148254604652 170.668287027545
"919" 0.333333333333333 -760.515667922121 0.518044126879695 0.153534532001512 191.611333755154
"920" 0.444444444444444 -778.886096182915 0.598171006089688 0.177146074117586 163.169495275081
"921" 0.333333333333333 -840.649068488682 0.502623628475413 0.152853529846846 196.0007236305
"922" 0.166666666666667 -1524.13235278858 0.389138941650926 0.121183483372337 234.369342724014
"923" 0.333333333333333 -1216.71269890996 0.443738299301537 0.136342766040077 216.580448360118
"924" 0.388888888888889 -962.933135580424 0.617875387825088 0.19544373898341 156.917473088985
"925" 0.277777777777778 -994.821609973113 0.398312783481486 0.13770459664843 232.127860885896
"926" 0.222222222222222 -2482.33918303408 0.407687479256872 0.131127165781265 232.937119539721
"927" 0.277777777777778 -1012.43638878726 0.358013961205349 0.116561033327436 242.608891281638
"928" 0.166666666666667 -1625.76297190188 0.270732197368909 0.104421869302771 271.150969683133
"929" 0.277777777777778 -1594.01170764562 0.443579554483904 0.131776595472735 215.098317941777
"930" 0.388888888888889 -1187.01437882564 0.565029057668426 0.16264762314565 173.772943799357
"931" 0.222222222222222 -1370.32376130486 0.34038801503832 0.117561920629427 250.924894806886
"932" 0.277777777777778 -1403.73672559142 0.34719142428274 0.113644681979511 246.1654810362
"933" 0.277777777777778 -773.920451777523 0.586522843302126 0.187039570187281 171.597010624055
"934" 0.333333333333333 -2251.51056204206 0.448981877850341 0.143691634992248 219.05438362781
"935" 0.277777777777778 -831.984471624694 0.49558699049019 0.144676135388479 196.632144903505
"936" 0.333333333333333 -1768.4297468778 0.559316687062875 0.162970393506743 179.377293550787
"937" 0.333333333333333 -1613.28138769353 0.3907515915195 0.121715067347106 233.52017494412
"938" 0.222222222222222 -1291.82696584044 0.464196573818042 0.142786067368377 208.73607174549
"939" 0.277777777777778 -1006.53504404224 0.501648919315865 0.158114765861563 197.491329822479
"940" 0.277777777777778 -1257.44919538368 0.542309839141007 0.15989483193451 183.914187738854
"941" 0.166666666666667 -1449.89965951202 0.341587275606972 0.123777901132248 251.825581131843
"942" 0.222222222222222 -1976.02101559291 0.379378502957456 0.132664781845078 243.305783949049
"943" 0.333333333333333 -1003.75647217656 0.599094402639387 0.182755012198559 165.249892085101
"944" 0.222222222222222 -1976.17962815863 0.223312474127902 0.0986932180770834 291.277630849367
"945" 0.388888888888889 -958.890377597152 0.582873050416928 0.170697275138776 165.753973712176
"946" 0.444444444444444 -573.356980680788 0.661265345194007 0.218636569867724 144.70842843984
"947" 0.222222222222222 -1136.02144794981 0.416045652641572 0.127504856026202 226.265632582706
"948" 0.277777777777778 -1013.89843115936 0.418734983235461 0.139592317013535 223.901321899074
"949" 0.388888888888889 -920.772983849795 0.566476325930061 0.170655707583137 174.123308691574
"950" 0.222222222222222 -1792.99202312359 0.393427733576706 0.12716727927862 232.310582689839
"951" 0.222222222222222 -1068.19304955099 0.433434621205965 0.135277268691793 218.539735702869
"952" 0.388888888888889 -845.712364384604 0.479503030878528 0.145584815156521 201.76022849466
"953" 0.222222222222222 -2053.34309216219 0.507305132492337 0.163211005337632 195.9864104098
"954" 0.333333333333333 -717.43445487191 0.662128864219834 0.201209031134657 140.475855734675
"955" 0.222222222222222 -1314.13760575799 0.333685520780327 0.121159121484413 257.401934932291
"956" 0.277777777777778 -859.688441444559 0.639122758149857 0.190829415067564 150.731988973355
"957" 0.333333333333333 -1685.84376499407 0.476862784291423 0.150753105375038 208.553751281688
"958" 0.333333333333333 -1245.68739170751 0.344885202965922 0.114235860302926 249.195849643862
"959" 0.222222222222222 -949.230010088391 0.519290997641603 0.159890064656162 190.589299993177
"960" 0.277777777777778 -1146.86244304135 0.331457885985056 0.111855011658242 251.57964985977
"961" 0.444444444444444 -812.459509105807 0.564797877995049 0.168729057405961 173.295140578902
"962" 0.277777777777778 -1221.70675069354 0.460694484489335 0.144138232591366 210.493990298124
"963" 0.277777777777778 -1171.86778417934 0.3616821378682 0.125705704427107 243.690005281595
"964" 0.333333333333333 -1442.46994836269 0.647227403795471 0.19336118896379 147.640462467884
"965" 0.333333333333333 -1069.81269699888 0.427223731475949 0.129452732292361 219.851640082178
"966" 0.277777777777778 -939.366814611117 0.61529825588896 0.194659441860722 160.297324903456
"967" 0.277777777777778 -1168.16914897292 0.503538552118623 0.158493672811511 199.084100404513
"968" 0.277777777777778 -976.911084599889 0.461476640047792 0.13598658502178 209.217069495327
"969" 0.277777777777778 -1711.07850930569 0.416683767211424 0.125964401465138 222.833792589097
"970" 0.388888888888889 -1091.90088423145 0.55508054265595 0.163051476550342 176.855711868531
"971" 0.333333333333333 -1079.38885530649 0.610200910976228 0.181021490006334 161.890650140084
"972" 0.444444444444444 -1058.73610083684 0.604879247638334 0.179314961132959 162.878058997065
"973" 0.277777777777778 -1374.81965561801 0.456495282049661 0.151848401731497 212.525403176893
"974" 0.388888888888889 -1114.43732354614 0.626428299121563 0.203368840774568 157.020982171628
"975" 0.166666666666667 -1655.29210045194 0.376505966322425 0.121619014612475 240.200579047437
"976" 0.277777777777778 -2741.55030946888 0.376115949633391 0.118350824130488 242.413450936847
"977" 0.277777777777778 -804.484628482503 0.516198331285466 0.159089607046409 193.310758246105
"978" 0.222222222222222 -1522.37602358351 0.342308457436982 0.116823804998158 250.101265671428
"979" 0.222222222222222 -1589.28533367838 0.278257345434311 0.104101263677372 271.244525678681
"980" 0.277777777777778 -1134.56558612048 0.362030839764634 0.118150092653582 239.424583478767
"981" 0.388888888888889 -2107.20794079644 0.373947095220359 0.119292541604182 242.010008760403
"982" 0.166666666666667 -1364.16701297352 0.369890879760372 0.127857580589259 241.259801853747
"983" 0.333333333333333 -1408.04360846493 0.420447432658243 0.13062974346143 223.592639660039
"984" 0.277777777777778 -1435.25590432585 0.430653193441915 0.133024041887281 220.988934192418
"985" 0.277777777777778 -1707.97037951139 0.476714489729881 0.138375886964653 205.608432696297
"986" 0.444444444444444 -798.874549864204 0.53697458751348 0.158975117353398 181.820114669007
"987" 0.222222222222222 -1242.5358313509 0.407832132855781 0.12359221296675 227.872208372429
"988" 0.222222222222222 -941.350157038718 0.47740505646841 0.140123603607557 204.282977261739
"989" 0.333333333333333 -1165.62844951096 0.470730910986484 0.144977585706017 205.85557074669
"990" 0.333333333333333 -831.433398125003 0.568474346042779 0.179131976943028 174.389732508618
"991" 0.333333333333333 -1425.74593994266 0.380033428027437 0.11896258573894 237.897701593764
"992" 0.333333333333333 -1438.83312523413 0.497289212021501 0.151534774516282 201.004774601583
"993" 0.111111111111111 -1615.95313478892 0.273754345645844 0.104613939218219 272.960834595297
"994" 0.277777777777778 -1196.34579567338 0.35446690981288 0.11597172798107 244.787861725674
"995" 0.388888888888889 -1066.46214377203 0.394687893914181 0.122306385344234 229.677106951656
"996" 0.277777777777778 -2028.72704071521 0.34262940802193 0.114262002040972 249.862787711862
"997" 0.333333333333333 -1073.68113934429 0.442170482435504 0.132651258284067 215.490706982464
"998" 0.333333333333333 -1300.59174259812 0.50577913379482 0.145824592793296 195.859019616274
"999" 0.222222222222222 -1973.1839094269 0.413678210277522 0.13974300520555 226.879037101211
"1000" 0.333333333333333 -1104.19231369552 0.495930179433515 0.142468114503886 200.041524590931
