"SCI" "RCI" "GER" "MSM*" "MIG"
"1" 0 -340.864244183823 0 0.605936266776731 10.0670653573005
"2" 0 -5401.10915040064 0 0.501015317487367 12.1752764577977
"3" 0.5 -243.547416400709 0.628051290608788 0.802631578947368 7.59999999999999
"4" 0 -34.3974474705705 0 0.781145596553177 7.80904357256367
"5" 0.5 -244.558212192932 0.537625349619089 0.802631578947368 7.59999999999999
"6" 0 -1076.56735256187 0 0.510986042224033 11.9377037647646
"7" 0.5 -42.6902750406741 0.0254859489640291 0.802631578947368 7.59999999999999
"8" 0.5 -460.939626448606 0.542757590368566 0.802631578947368 7.59999999999999
"9" 0.5 -557.815303263753 0.666272304346321 0.802631578947368 7.59999999999999
"10" 0.5 -3974.40176265289 0.463862326399924 0.802631578947368 7.59999999999999
"11" 0 -649.844933565905 0 0.519429337613987 11.7436570449034
"12" 0 -329.407877863648 0 0.675757291170856 9.02690963116474
"13" 0.5 -545.150068726991 0.363287156818265 0.802631578947368 7.59999999999999
"14" 0.5 -836.453566840101 0.776106752675582 0.802631578947368 7.59999999999999
"15" 0 -3149.16158000245 0 0.528011187807933 11.5527855107095
"16" 0 -6853.46903638607 0 0.636476790847594 9.58401011272798
"17" 0 -122.922440449265 0 0.776279943186661 7.85798996037337
"18" 0 -428.005117734908 0 0.605047557565744 10.0818521184381
"19" 0 -329.607195975989 0 0.582935439167667 10.4642805877607
"20" 0.5 -603.995558022244 0.599794194743479 0.802631578947368 7.59999999999999
"21" 0.5 -947.961415652562 0.349052807405264 0.802631578947368 7.59999999999999
"22" 0 -700.02661297642 0 0.725775644401056 8.40480119036511
"23" 0 -361.728296306946 0 0.607206306765528 10.0460089627421
"24" 0 -142.58803578802 0 0.655429449757305 9.30687506070825
"25" 0 -252.80216211918 0 0.652451896871263 9.34934824965893
"26" 0.5 -107.455151562532 0.0286860352856914 0.802631578947368 7.59999999999999
"27" 0 -1364.90199753587 0 0.479269993311338 12.727690206212
"28" 0 -66.6612244080813 0 0.717944854349206 8.49647429471369
"29" 0 -304.455580475365 0 0.586274929045706 10.4046748339198
"30" 0 -406.244115878028 0 0.644661983507383 9.46232313376385
"31" 0.5 -313.436294831913 0.141942685414567 0.802631578947368 7.59999999999999
"32" 0 -148.786397779455 0 0.795822359209844 7.6650271626655
"33" 0 -4556.88263452472 0 0.744317810735484 8.19542393318842
"34" 0 -28985.4281673644 0 0.494371595403945 12.3388966047205
"35" 0 -167.198305644783 0 0.732670523902415 8.32570685048121
"36" 0 -2908.76964424531 0 0.619048520449986 9.85383180556818
"37" 0 -28.0631955781402 0 0.800642168746747 7.61888423832133
"38" 0 -128.131531687207 0 0.791376568131064 7.70808771152514
"39" 0 -260.782516341059 0 0.617715490882977 9.8750963672297
"40" 0 -538.587363540693 0 0.575818422337024 10.5936172990827
"41" 0 -258.213661144463 0 0.627047849262105 9.72812522549647
"42" 0.5 -239.713935519213 0.463150179044439 0.802631578947368 7.59999999999999
"43" 0 -619.827296766254 0 0.517204391009594 11.7941767433425
"44" 0.5 -258.048705683869 0.264527918583776 0.802631578947368 7.59999999999999
"45" 0.5 -2916.25405791299 0.65267724322282 0.802631578947368 7.59999999999999
"46" 0 -300.230147459972 0 0.601585093263692 10.1398789104074
"47" 0.5 -1388.88466000621 0.333780887439785 0.802631578947368 7.59999999999999
"48" 0.5 -564.570331064482 0.7624475167594 0.802631578947368 7.59999999999999
"49" 0 -274.579240358761 0 0.792892632218563 7.6933493289398
"50" 0 -1523.22956458101 0 0.736978558044935 8.27703863757196
"51" 0 -113.759851061517 0 0.694039224616683 8.78912860201672
"52" 0 -1504.29769128363 0 0.497265917041258 12.267078420124
"53" 0 -653.277762697548 0 0.615677932648434 9.90777755142189
"54" 0.5 -1271.1328684833 0.771225255907112 0.802631578947368 7.59999999999999
"55" 0.5 -590.1964736571 0.442565551381723 0.802631578947368 7.59999999999999
"56" 0.5 -597.661079178277 0.350406175559104 0.802631578947368 7.59999999999999
"57" 0 -27132.7407428877 0 0.542823936308941 11.2375295044621
"58" 0 -254.734714872817 0 0.589315545153814 10.3509911628207
"59" 0 -59.8291569378764 0 0.746023222841363 8.17668916091787
"60" 0 -7946.87076212814 0 0.599543826618107 10.1744021523977
"61" 0.5 -1232.41908491726 0.728051591776366 0.802631578947368 7.59999999999999
"62" 0.5 -10037.1983881661 0.528700503400719 0.802631578947368 7.59999999999999
"63" 0 -1064.13492175095 0 0.64124659798912 9.51272103295196
"64" 0 -190.654983318304 0 0.641677021209888 9.50634010315406
"65" 0 -1043.74050399485 0 0.71237403617034 8.56291735840495
"66" 0.5 -208.678095956607 0.648742965618613 0.802631578947368 7.59999999999999
"67" 0 -63.2939753918797 0 0.751036830762157 8.12210500224027
"68" 0.5 -231.927362843769 0.0666219190424743 0.802631578947368 7.59999999999999
"69" 0.5 -202.333361240354 0.633623842718161 0.802631578947368 7.59999999999999
"70" 0 -204.175431879783 0 0.656398098960354 9.29314086933154
"71" 0 -254.019911898189 0 0.621117161577448 9.82101345341651
"72" 0 -7516.74846109216 0 0.505511428809483 12.0669873169158
"73" 0.5 -173.415384145613 0.440034424571466 0.802631578947368 7.59999999999999
"74" 0 -136.024923100433 0 0.746556168659379 8.17085204848553
"75" 0 -135.540566680437 0 0.715956626820628 8.52006919342092
"76" 0 -157.331516492808 0 0.677544197156814 9.00310271359048
"77" 0.5 -1052.16273736734 0.674562392545649 0.802631578947368 7.59999999999999
"78" 0.5 -247.010939684891 0.303533857454032 0.802631578947368 7.59999999999999
"79" 0 -1189.19696935353 0 0.610759358252134 9.98756698130164
"80" 0 -10144.4478667787 0 0.565797037212136 10.7812512240372
"81" 0 -218.768111394342 0 0.741396449320457 8.22771677095443
"82" 0.5 -101.461123945435 0.040778818325051 0.802631578947368 7.59999999999999
"83" 0.5 -232.071089458229 0.674681836886355 0.802631578947368 7.59999999999999
"84" 0 -655.066504465057 0 0.68556281622615 8.89779879483393
"85" 0 -948.932308472209 0 0.53692803865892 11.3609265316743
"86" 0 -5584.82268513498 0 0.464882808903143 13.1215865228325
"87" 0.5 -28821.2450113212 0.306930102725843 0.802631578947368 7.59999999999999
"88" 0.5 -1300.39981624806 0.650228612454297 0.802631578947368 7.59999999999999
"89" 0 -1999.52659666723 0 0.57861901117753 10.5423428580165
"90" 0 -237.093251832243 0 0.588687105553537 10.3620411292417
"91" 0 -5352.57310419182 0 0.71033248548461 8.58752784738317
"92" 0.5 -276.997822254099 0.684336711350894 0.802631578947368 7.59999999999999
"93" 0 -31.6523621272236 0 0.800010110265174 7.62490363775287
"94" 0 -146.216178538639 0 0.721684072508098 8.45245202488731
"95" 0 -5138.86800560459 0 0.564786826673666 10.800535196485
"96" 0 -1434.45067464807 0 0.630655172926504 9.67248071825597
"97" 0.5 -3177.97741534958 0.744364518780014 0.802631578947368 7.59999999999999
"98" 0 -154.513573691005 0 0.73330550927177 8.31849743779748
"99" 0 -123.086746474758 0 0.729729724290787 8.35925932156387
"100" 0.5 -488.679820892737 0.72752589093175 0.802631578947368 7.59999999999999
"101" 0 -304.978796115586 0 0.627171525805873 9.72620686527806
"102" 0 -176.409756475519 0 0.632600126150091 9.64274230725131
"103" 0 -5926.04912102919 0 0.77128687390458 7.908860122459
"104" 0.5 -608.808375038483 0.563405861875793 0.802631578947368 7.59999999999999
"105" 0 -496.852474187938 0 0.691709404902734 8.81873219702392
"106" 0 -849.371264166528 0 0.659047467521541 9.25578247488011
"107" 0 -95.6038812899271 0 0.700268355489407 8.71094624251127
"108" 0.5 -258.675128952022 0.258616507236917 0.802631578947368 7.59999999999999
"109" 0 -749.524175169026 0 0.688110794099419 8.86485149238723
"110" 0.5 -618.108977613543 0.650963335170894 0.802631578947368 7.59999999999999
"111" 0 -44.7910397149438 0 0.762589223844958 7.99906399049796
"112" 0 -12692.2013072972 0 0.55354195933647 11.0199414825067
"113" 0 -310.29976880502 0 0.645454006031274 9.45071212355978
"114" 0 -1082.27581099067 0 0.613673192925248 9.94014415217097
"115" 0 -358.240378566459 0 0.564002284623848 10.8155590257374
"116" 0 -258.551798804709 0 0.780638344675917 7.81411781986243
"117" 0 -434.740274608077 0 0.677040673608551 9.00979843277018
"118" 0.5 -229.855190113363 0.568865158554939 0.802631578947368 7.59999999999999
"119" 0.5 -1891.00949162233 0.711047056190707 0.802631578947368 7.59999999999999
"120" 0 -58.8026076309563 0 0.77596814757905 7.86114741826896
"121" 0 -190.024182057639 0 0.630251650808549 9.67867357772774
"122" 0 -171.730897012948 0 0.771734805444529 7.90426964932121
"123" 0 -317.699181548298 0 0.624325968716417 9.77053703619167
"124" 0 -786.396557320245 0 0.592993836144463 10.2867848334834
"125" 0 -568.708246353933 0 0.521665696200932 11.6933124881005
"126" 0 -1274.46645607217 0 0.517753730316643 11.7816630626097
"127" 0.5 -109.544282025399 0.463455482083243 0.802631578947368 7.59999999999999
"128" 0 -654.435221739745 0 0.74808907437942 8.15410919489804
"129" 0.5 -1638.47606514712 0.592011807354909 0.802631578947368 7.59999999999999
"130" 0.5 -614.084798947643 0.729147242383932 0.802631578947368 7.59999999999999
"131" 0.5 -310.479202230269 0.42684356621363 0.802631578947368 7.59999999999999
"132" 0 -348.750533100714 0 0.70184901201343 8.69132804290857
"133" 0 -536.424594739762 0 0.620136683839631 9.83654113514348
"134" 0 -104.454306203886 0 0.695807273403721 8.76679539459292
"135" 0 -317.765391193365 0 0.627190184385398 9.72591751571744
"136" 0.5 -167.905887773371 0.435283231680477 0.802631578947368 7.59999999999999
"137" 0 -190.80364411766 0 0.727262668879714 8.38761600316502
"138" 0.5 -93.1284279087634 0.249024521752224 0.802631578947368 7.59999999999999
"139" 0 -626.962744922369 0 0.566453982119257 10.7687476698076
"140" 0 -6568.846052137 0 0.69529803745867 8.77321619128342
"141" 0.5 -59.301629302207 0.0783781200850517 0.802631578947368 7.59999999999999
"142" 0 -963.652996101442 0 0.515489974842789 11.8334018073976
"143" 0 -821.938313984352 0 0.575413024749107 10.6010808543302
"144" 0 -685.639787614741 0 0.622154437280938 9.80463954682926
"145" 0 -2672.29120673341 0 0.777345478556085 7.84721873127855
"146" 0 -1516.51175732233 0 0.527103745418397 11.5726743606385
"147" 0.5 -115.90023075822 0.480547970317265 0.802631578947368 7.59999999999999
"148" 0.5 -98.9987608235009 0.438037577183462 0.802631578947368 7.59999999999999
"149" 0.5 -380.39493487726 0.617918947872178 0.802631578947368 7.59999999999999
"150" 0 -4526.49512432557 0 0.464337881610641 13.1369854616234
"151" 0.5 -127.007483765419 0.536491743361796 0.802631578947368 7.59999999999999
"152" 0.5 -110.732476236402 0.357636659518268 0.802631578947368 7.59999999999999
"153" 0 -977.182018010637 0 0.741398814393155 8.22769052442163
"154" 0.5 -102.364048866582 0.417269041135775 0.802631578947368 7.59999999999999
"155" 0 -877.194759837025 0 0.526093061771039 11.5949067631969
"156" 0 -355.729158914001 0 0.765283905722706 7.97089806068688
"157" 0.5 -596.000190279134 0.647230314007038 0.802631578947368 7.59999999999999
"158" 0 -353.681287233067 0 0.741152785659831 8.23042174032889
"159" 0.5 -1260.44315092712 0.711357689853331 0.802631578947368 7.59999999999999
"160" 0.5 -230.832555289018 0.543507290309291 0.802631578947368 7.59999999999999
"161" 0.5 -44.5938055109449 0.173453291354988 0.802631578947368 7.59999999999999
"162" 0 -63.2492203782378 0 0.775108879599582 7.86986210653558
"163" 0 -426.945688344992 0 0.560575282129688 10.8816785085946
"164" 0 -1581.5959616028 0 0.539131244270973 11.3144991406472
"165" 0 -245.51094589193 0 0.600476010421648 10.1586073284037
"166" 0 -370.853376413078 0 0.547537600893423 11.1407873907592
"167" 0.5 -444.385986183536 0.75562332403434 0.802631578947368 7.59999999999999
"168" 0 -91.0292719206496 0 0.679749905597506 8.97388870490249
"169" 0 -6544.91080389001 0 0.474272900065795 12.861793282209
"170" 0 -122.693538416035 0 0.686539830987789 8.88513633830007
"171" 0 -351.800940342232 0 0.744798530575736 8.1901343109319
"172" 0.5 -782.490166597519 0.732774360657367 0.802631578947368 7.59999999999999
"173" 0 -45.2199507239939 0 0.76331760149562 7.99143107410055
"174" 0 -573.758707863681 0 0.565439766149417 10.7880633184686
"175" 0 -3304.69161633822 0 0.658160114971626 9.26826141730416
"176" 0 -24648.6822634022 0 0.517412868549854 11.78942459838
"177" 0 -1769.49550961303 0 0.617985956488086 9.87077446656767
"178" 0 -559.841777544294 0 0.627643902537768 9.71888673710636
"179" 0.5 -203.883985748359 0.576671659897318 0.802631578947368 7.59999999999999
"180" 0.5 -159.591390262734 0.568928140922374 0.802631578947368 7.59999999999999
"181" 0.5 -66.9840495465158 0.105642311276551 0.802631578947368 7.59999999999999
"182" 0.5 -319.637810894881 0.575459691518869 0.802631578947368 7.59999999999999
"183" 0.5 -371.173453474548 0.706183466220448 0.802631578947368 7.59999999999999
"184" 0.5 -440.652519206208 0.470696877888454 0.802631578947368 7.59999999999999
"185" 0 -2110.12092944825 0 0.475472619332494 12.8293402227107
"186" 0.5 -29.5840506770782 0.111009624432834 0.802631578947368 7.59999999999999
"187" 0 -658.566388728822 0 0.750334894830811 8.12970320589375
"188" 0 -247.488850508038 0 0.589487991043235 10.3479631352704
"189" 0 -168.67969276319 0 0.709685389786307 8.59535801045131
"190" 0 -1216.61079494071 0 0.787352502246679 7.74748283976223
"191" 0.5 -1299.37919354539 0.723704382254902 0.802631578947368 7.59999999999999
"192" 0 -1253.3786132418 0 0.779699891580065 7.82352295527234
"193" 0 -986.894838781599 0 0.761617341617983 8.00927141054999
"194" 0 -251.361276623681 0 0.63504339924214 9.60564271241891
"195" 0 -623.597125328984 0 0.678185913547237 8.99458375372923
"196" 0 -141.837692317718 0 0.689954766696357 8.84115929687395
"197" 0.5 -211.418486779961 0.58047197188932 0.802631578947368 7.59999999999999
"198" 0 -3986.99650257891 0 0.759219233151966 8.03456990239209
"199" 0 -7237.13498931825 0 0.468137126572775 13.0303700641263
"200" 0 -1196.72565682718 0 0.732340272349013 8.32946135876699
"201" 0 -1185.76620677719 0 0.582673270756666 10.4689888933441
"202" 0 -1011.99238472548 0 0.496915762049443 12.2757224984001
"203" 0 -2199.67462920581 0 0.554486287975051 11.0011737572029
"204" 0 -6024.0589275119 0 0.716634754036508 8.51200694027357
"205" 0 -79.4386456504306 0 0.696416816112637 8.75912220794707
"206" 0.5 -446.633191707739 0.617086207630844 0.802631578947368 7.59999999999999
"207" 0.5 -156.050068301841 0.416837735414482 0.802631578947368 7.59999999999999
"208" 0 -1055.00572724949 0 0.62613189276979 9.74235631572081
"209" 0 -128.770240031592 0 0.648575980353642 9.4052203362109
"210" 0.5 -1691.46176667242 0.608992446360532 0.802631578947368 7.59999999999999
"211" 0 -1439.17249295288 0 0.704339704831349 8.66059368534479
"212" 0 -328.041872987086 0 0.600811273595293 10.1529386482667
"213" 0 -2687.2120407872 0 0.543797407215587 11.2174128067912
"214" 0 -2054.57986714196 0 0.731291873495676 8.34140268897171
"215" 0 -1068.30386902835 0 0.738579001540247 8.25910293587948
"216" 0 -92.3909174032655 0 0.801519544974016 7.61054429458454
"217" 0.5 -141.351817676449 0.182422867176001 0.802631578947368 7.59999999999999
"218" 0 -173.493999672331 0 0.720265317119207 8.46910139224491
"219" 0 -939.031965140112 0 0.52355511818801 11.6511132984655
"220" 0.5 -180.277435089001 0.486850636800529 0.802631578947368 7.59999999999999
"221" 0 -1442.54990080224 0 0.549815920572612 11.0946223485982
"222" 0 -4027.07181333554 0 0.583466591085994 10.454754553549
"223" 0 -438.259151498646 0 0.708055906301162 8.61513892577494
"224" 0 -483.754393488782 0 0.573337775317336 10.6394524530042
"225" 0.5 -378.246730943745 0.662735581902127 0.802631578947368 7.59999999999999
"226" 0.5 -1315.97937777579 0.33884730274039 0.802631578947368 7.59999999999999
"227" 0 -561.523692897527 0 0.590862645767382 10.3238883752376
"228" 0 -340245.849728029 0 0.482739000814056 12.6362278368091
"229" 0.5 -246.641951864056 0.70732737386835 0.802631578947368 7.59999999999999
"230" 0 -52.7005537220244 0 0.741151166249188 8.2304397237487
"231" 0 -125.69859635642 0 0.681667499810439 8.9486443195492
"232" 0 -205.296695765285 0 0.759003668861621 8.03685179697349
"233" 0 -114.831162648239 0 0.675671153457908 9.02806042374577
"234" 0 -173.853584988837 0 0.778267354413043 7.8379235174274
"235" 0 -399.829333808489 0 0.552926281080103 11.0322120845551
"236" 0 -2451.57558652906 0 0.538063073937208 11.3369608424604
"237" 0.5 -337.33631206049 0.538912124855478 0.802631578947368 7.59999999999999
"238" 0 -8737.87844471236 0 0.466094190178905 13.0874834497692
"239" 0 -1677.27037383171 0 0.734033517141306 8.31024722652509
"240" 0 -269.957685609214 0 0.718803416488882 8.48632582994178
"241" 0 -1336.45490476378 0 0.574066008969357 10.6259557345183
"242" 0 -1727.79977866857 0 0.517735736046474 11.7820725426078
"243" 0 -350.364970470511 0 0.68293588368579 8.93202443409245
"244" 0 -129.477662498786 0 0.663021743845274 9.20030158380978
"245" 0 -81.9009408270327 0 0.7150185447129 8.53124725939705
"246" 0 -145.962857748403 0 0.652139429387758 9.35382791641167
"247" 0 -141.291862445109 0 0.655175419299754 9.31048360532149
"248" 0 -841.962712045253 0 0.529246020260666 11.5258306467673
"249" 0 -604.548463556708 0 0.799408831418269 7.63063874235377
"250" 0.5 -256.590088707482 0.569848333356025 0.802631578947368 7.59999999999999
"251" 0.5 -1346.52240153565 0.661491159422449 0.802631578947368 7.59999999999999
"252" 0 -521.79327899377 0 0.716835829945682 8.5096192812547
"253" 0 -642.282024085696 0 0.66380723708044 9.18941472652368
"254" 0 -275.384145651656 0 0.592649223232755 10.2927663799608
"255" 0.5 -639.044727201395 0.768870860277511 0.802631578947368 7.59999999999999
"256" 0 -237.133879446496 0 0.600412389545614 10.1596837543882
"257" 0.5 -166.362538205766 0.513113051141037 0.802631578947368 7.59999999999999
"258" 0 -224.743243984332 0 0.677645725009563 9.00175382927991
"259" 0 -187.52692194334 0 0.722064210933381 8.44800214113201
"260" 0 -855.322014036709 0 0.504772618254757 12.08464916558
"261" 0 -468.303067067825 0 0.751534687115966 8.11672449000179
"262" 0 -438.455279074236 0 0.561796530301125 10.8580236277543
"263" 0 -8986.68829348328 0 0.7022317167939 8.68659141152165
"264" 0 -1024.02175924923 0 0.567618575149651 10.7466532405
"265" 0 -296.052472483861 0 0.560595469881644 10.8812866455875
"266" 0 -539.438370373581 0 0.795909414595448 7.66418877341783
"267" 0.5 -177.909262867947 0.604067908642014 0.802631578947368 7.59999999999999
"268" 0.5 -192.779674849026 0.427747672011953 0.802631578947368 7.59999999999999
"269" 0 -386.896897084572 0 0.544732243699916 11.1981621623272
"270" 0 -78.5545781518471 0 0.80178447347267 7.60802959126886
"271" 0 -1149.38357820966 0 0.689367098200573 8.84869616772048
"272" 0.5 -164.627777598714 0.439578361572106 0.802631578947368 7.59999999999999
"273" 0 -32115.1173093587 0 0.594465316347716 10.2613219514256
"274" 0 -306.849844887521 0 0.618707463241239 9.85926364625338
"275" 0 -3269.15262263625 0 0.654202703975268 9.32432709760032
"276" 0 -654.742846507983 0 0.589077085525506 10.3551812655525
"277" 0 -972.638763685811 0 0.610574117288504 9.99059709096326
"278" 0.5 -112.021036129714 0.361032295181584 0.802631578947368 7.59999999999999
"279" 0 -735.819737284601 0 0.596310254898932 10.2295742021641
"280" 0.5 -433.642589249066 0.685782990241489 0.802631578947368 7.59999999999999
"281" 0 -2286.28495546602 0 0.549701028483544 11.0969412169885
"282" 0 -175.640358476098 0 0.61800961871363 9.87039653637912
"283" 0 -1036.39623106678 0 0.495374355694267 12.3139196243835
"284" 0.5 -402.925970730069 0.656151688789686 0.802631578947368 7.59999999999999
"285" 0 -500.198899706643 0 0.673644800350212 9.05521722550037
"286" 0.5 -250.19475596891 0.344481690928023 0.802631578947368 7.59999999999999
"287" 0.5 -47.1146856941262 0.254623344622305 0.802631578947368 7.59999999999999
"288" 0.5 -876.440883214638 0.6363499282564 0.802631578947368 7.59999999999999
"289" 0.5 -390.809444089969 0.691038823700195 0.802631578947368 7.59999999999999
"290" 0.5 -197.94649944329 0.201676466154321 0.802631578947368 7.59999999999999
"291" 0 -320.467610292528 0 0.552044151543519 11.049840819696
"292" 0.5 -369.815610159312 0.287160674566578 0.802631578947368 7.59999999999999
"293" 0.5 -1289.24016284976 0.622453930570811 0.802631578947368 7.59999999999999
"294" 0 -166017.546654549 0 0.546038620107916 11.1713709898293
"295" 0 -2850.56368004475 0 0.730622548710665 8.34904426473658
"296" 0 -660.88211620063 0 0.593773128878045 10.2732840260491
"297" 0 -263.475824552526 0 0.778191023930035 7.83869231643621
"298" 0 -133.452123536262 0 0.687396072562856 8.87406874068546
"299" 0.5 -342.458371746393 0.491685607255496 0.802631578947368 7.59999999999999
"300" 0.5 -218.391854924703 0.596120289210235 0.802631578947368 7.59999999999999
"301" 0.5 -492.158982784391 0.513185635629294 0.802631578947368 7.59999999999999
"302" 0.5 -2368.55692583787 0.526443270721639 0.802631578947368 7.59999999999999
"303" 0.5 -331.655287413838 0.653555265480221 0.802631578947368 7.59999999999999
"304" 0 -48.6412384685959 0 0.800797154943432 7.61740968027152
"305" 0.5 -1474.8520063074 0.686529881007956 0.802631578947368 7.59999999999999
"306" 0.5 -168.616127806205 0.00963077467877715 0.802631578947368 7.59999999999999
"307" 0.5 -8043.35053763742 0.55962963539301 0.802631578947368 7.59999999999999
"308" 0 -282.811517001212 0 0.791574875831992 7.70615665838122
"309" 0 -264.446659855711 0 0.784972778865309 7.77097010780125
"310" 0 -456.195504619178 0 0.647659096848777 9.41853519803844
"311" 0 -279.712675007524 0 0.599564207644803 10.1740562932566
"312" 0.5 -188.423892874099 0.402904438612881 0.802631578947368 7.59999999999999
"313" 0 -500.543458007322 0 0.781294205061083 7.80755822900682
"314" 0 -392.264978708861 0 0.72786932935082 8.38062513973563
"315" 0 -47.2545852868061 0 0.755911788541586 8.06972465896979
"316" 0 -230.886232017949 0 0.594572748241867 10.2594678582856
"317" 0.5 -257.210300759008 0.473232808012285 0.802631578947368 7.59999999999999
"318" 0.5 -1272.23887251791 0.746050493715972 0.802631578947368 7.59999999999999
"319" 0 -920.892057469742 0 0.494490683185988 12.3359250384616
"320" 0 -2805.29216234649 0 0.675537609094999 9.02984514536801
"321" 0 -192.157909702887 0 0.603410772019943 10.1091997074895
"322" 0 -50.0224955464148 0 0.784860219587816 7.77208456711378
"323" 0 -480.896716628703 0 0.593988178076002 10.2695646565873
"324" 0 -3581.30725994956 0 0.478097124047762 12.7589138130657
"325" 0 -81.5513960234787 0 0.702436035529889 8.68406472825444
"326" 0 -1260.69541465464 0 0.619054637907385 9.85373443064745
"327" 0 -101.021529649626 0 0.755702771664111 8.07195663258898
"328" 0.5 -391.118029156048 0.653063606952209 0.802631578947368 7.59999999999999
"329" 0.5 -515.77483209333 0.658591313942448 0.802631578947368 7.59999999999999
"330" 0.5 -46.7505965864876 0.0146216863608682 0.802631578947368 7.59999999999999
"331" 0.5 -187.912514382937 0.220048180592286 0.802631578947368 7.59999999999999
"332" 0 -1854.18870779732 0 0.695117499968596 8.77549479084554
"333" 0 -748.400950413628 0 0.596090425638418 10.2333467165939
"334" 0 -150.775061666249 0 0.736103408657992 8.28687916432972
"335" 0.5 -92.6943042471222 0.425584424121833 0.802631578947368 7.59999999999999
"336" 0.5 -3828.65126911549 0.472770355873269 0.802631578947368 7.59999999999999
"337" 0 -302.719084996607 0 0.580340381390753 10.5110728041735
"338" 0.5 -520.267426460401 0.528706473780548 0.802631578947368 7.59999999999999
"339" 0.5 -824.160467878788 0.765021915092498 0.802631578947368 7.59999999999999
"340" 0 -105.135365946389 0 0.683712896531036 8.92187353924382
"341" 0 -393.139757196132 0 0.570912577223737 10.6846481289016
"342" 0.5 -193.474226571592 0.580285567562064 0.802631578947368 7.59999999999999
"343" 0 -224.603292748667 0 0.619579721026742 9.84538356079719
"344" 0 -1512.81125234661 0 0.668275581240437 9.12797081209719
"345" 0.5 -172.584797765622 0.65175997518272 0.802631578947368 7.59999999999999
"346" 0 -1673.85635271998 0 0.610317080032044 9.99480466723907
"347" 0 -524.538638425588 0 0.572980651355269 10.6460837474558
"348" 0 -1308.29534048398 0 0.570258236928379 10.6969081812072
"349" 0 -384.806049881657 0 0.546328961924231 11.1654340610374
"350" 0.5 -11207.266315138 0.79327933633746 0.802631578947368 7.59999999999999
"351" 0 -131.086791295407 0 0.66966380584038 9.10904837143607
"352" 0 -5269.64226164524 0 0.471207213206767 12.9454724567709
"353" 0 -114.223477740714 0 0.694344345989995 8.78526632387656
"354" 0 -49.3154352608024 0 0.788155150713584 7.73959288913755
"355" 0 -427.283846038847 0 0.746412671327666 8.17242288927082
"356" 0 -178.317439245583 0 0.621917381898902 9.80837676762603
"357" 0.5 -3977.44323261648 0.428861283276414 0.802631578947368 7.59999999999999
"358" 0 -106.366534829507 0 0.742859115304934 8.21151665817014
"359" 0 -980.592295756648 0 0.570869180537195 10.6854603610933
"360" 0 -130.053663134022 0 0.692720131000255 8.80586506298278
"361" 0 -547.711280086087 0 0.54406639243149 11.2118669428164
"362" 0.5 -149.280865725991 0.14448261266009 0.802631578947368 7.59999999999999
"363" 0 -712.866389034874 0 0.619791297103257 9.84202267522923
"364" 0 -305.005195640067 0 0.559823235041187 10.8962965775281
"365" 0.5 -167.787039675135 0.62295097234451 0.802631578947368 7.59999999999999
"366" 0.5 -1830.93517066564 0.197547035197409 0.802631578947368 7.59999999999999
"367" 0 -487.901088973125 0 0.577408316251106 10.5644477717345
"368" 0 -139.064262887859 0 0.683563745644568 8.92382025651168
"369" 0 -14303.2763415814 0 0.743232175430544 8.20739494555164
"370" 0.5 -188.705530127223 0.49761081850223 0.802631578947368 7.59999999999999
"371" 0 -1102.32345117961 0 0.508090589282614 12.0057330890791
"372" 0.5 -110.27865315615 0.609943812714544 0.802631578947368 7.59999999999999
"373" 0 -261.573369940638 0 0.60981469299564 10.0030387428589
"374" 0 -164.248000684979 0 0.732346022761755 8.32939595547504
"375" 0.5 -522.899542974469 0.729833296453509 0.802631578947368 7.59999999999999
"376" 0 -3475.60665284416 0 0.509605714124316 11.9700384648982
"377" 0 -77.6360207011988 0 0.729317618476714 8.36398277713451
"378" 0 -303.147003773397 0 0.682260903320103 8.94086114317179
"379" 0.5 -91.2864445837803 0.280555006153046 0.802631578947368 7.59999999999999
"380" 0 -2454.50516176747 0 0.551206496748316 11.0666329877917
"381" 0 -96.267395531925 0 0.795916002069358 7.66412534003611
"382" 0 -3057.80934592093 0 0.561545818425812 10.8628713808255
"383" 0 -628.785436316972 0 0.650526039427975 9.37702663734089
"384" 0.5 -269.977235606121 0.313489507393109 0.802631578947368 7.59999999999999
"385" 0 -598.81886688905 0 0.561594975074288 10.8619205490453
"386" 0 -463.510187434827 0 0.529365759595338 11.5232235735515
"387" 0.5 -588.218928216396 0.441291906580136 0.802631578947368 7.59999999999999
"388" 0 -672.227393122576 0 0.747131421726508 8.164560909383
"389" 0.5 -1287.68021528122 0.593064687026294 0.802631578947368 7.59999999999999
"390" 0.5 -950.254619742822 0.652275778127522 0.802631578947368 7.59999999999999
"391" 0.5 -205.874631307681 0.698430047735858 0.802631578947368 7.59999999999999
"392" 0 -580.542057875857 0 0.567301241025691 10.7526646495098
"393" 0 -1539.96835056553 0 0.581285856115793 10.4939763041213
"394" 0 -2001.43144202227 0 0.563066732857105 10.8335293918848
"395" 0.5 -1289.58327079223 0.45585456910523 0.802631578947368 7.59999999999999
"396" 0 -771.097696432204 0 0.548279197195609 11.1257184864953
"397" 0 -566.593133619735 0 0.629667196657845 9.6876572773326
"398" 0 -78.1463215779653 0 0.74666963648175 8.16961036308203
"399" 0 -401.784214814992 0 0.575853703171835 10.5929682598216
"400" 0 -286.73590106412 0 0.771267130362153 7.90906258008908
"401" 0 -416.396754534827 0 0.62420605613329 9.77241399704944
"402" 0.5 -95.556132446399 0.188680532309087 0.802631578947368 7.59999999999999
"403" 0 -328.263719926039 0 0.553059768235996 11.0295493368758
"404" 0.5 -256.760298625146 0.627080958942613 0.802631578947368 7.59999999999999
"405" 0 -485.488927904783 0 0.545824705757233 11.1757491657278
"406" 0.5 -218.950469871029 0.281376046813033 0.802631578947368 7.59999999999999
"407" 0 -499.002705077208 0 0.577793145394505 10.5574115037918
"408" 0 -191.292841231519 0 0.74090414411919 8.23318380443379
"409" 0 -538.727203605067 0 0.669946701086519 9.10520193637348
"410" 0 -482.368075327841 0 0.635164051721324 9.60381807419471
"411" 0.5 -122.240998533689 0.537256117847977 0.802631578947368 7.59999999999999
"412" 0 -83.1592850290387 0 0.782770307233133 7.79283519524614
"413" 0 -331.615439311341 0 0.577841319985015 10.5565313331317
"414" 0 -562.702584856463 0 0.664039379826596 9.1862021821551
"415" 0.5 -845.20768574565 0.740463578043083 0.802631578947368 7.59999999999999
"416" 0.5 -98.1365716948001 0.370496289712065 0.802631578947368 7.59999999999999
"417" 0.5 -335.314384531651 0.161543336559389 0.802631578947368 7.59999999999999
"418" 0 -379.624509614588 0 0.59065235297189 10.3275640388252
"419" 0.5 -322.816286986934 0.607894495232178 0.802631578947368 7.59999999999999
"420" 0 -1316.53179056933 0 0.612951274332285 9.95185140392276
"421" 0 -109.25042518455 0 0.735686348505965 8.29157699118367
"422" 0 -564.057971608948 0 0.574805056066247 10.6122935691383
"423" 0 -136.189688896873 0 0.686209701693303 8.88941089720464
"424" 0 -148.25312834211 0 0.636711916847733 9.58047091406769
"425" 0 -160.580135990204 0 0.730283535487718 8.35292006949894
"426" 0.5 -219.827875659734 0.675481336301447 0.802631578947368 7.59999999999999
"427" 0 -661.355611165505 0 0.800239271386638 7.62272012648172
"428" 0 -237.401192535042 0 0.676739165122988 9.01381258005276
"429" 0 -589.135355463933 0 0.79788713626802 7.64519155996385
"430" 0 -355.155268729831 0 0.717193309114216 8.50537773077376
"431" 0 -876.89607337871 0 0.777263680462654 7.84804456110578
"432" 0.5 -195.150524031524 0.630290068968048 0.802631578947368 7.59999999999999
"433" 0 -497.646487473293 0 0.543853649069449 11.2162527739536
"434" 0 -298.57502669387 0 0.659177007934521 9.25396354328841
"435" 0 -1353.89266920851 0 0.696938957504339 8.7525599398883
"436" 0 -180.127154550497 0 0.674532514867325 9.0433001605561
"437" 0 -131.123065877654 0 0.750181882325164 8.13136139877605
"438" 0 -338.637618753545 0 0.594012460304417 10.2691448540892
"439" 0 -2603.38031774729 0 0.475772984898708 12.8212407883955
"440" 0 -5826.22558817798 0 0.614531889437183 9.92625460915733
"441" 0.5 -124.853356707099 0.403865343593019 0.802631578947368 7.59999999999999
"442" 0 -99.5247577122765 0 0.744113028088327 8.19767934405245
"443" 0 -460.373886211048 0 0.753610067506289 8.09437169567681
"444" 0 -317.237715919277 0 0.585578320241804 10.4170523209963
"445" 0.5 -1109.04429667475 0.712417793214096 0.802631578947368 7.59999999999999
"446" 0 -28138.398923926 0 0.474829495444195 12.8467166815186
"447" 0 -8985.678411991 0 0.49906138277871 12.2229453339707
"448" 0 -941.378027725938 0 0.554903028823741 10.9929117037449
"449" 0 -1183.75829334639 0 0.597586028361963 10.2077353058616
"450" 0 -685.051731597517 0 0.584044663492585 10.4444067060249
"451" 0 -451.751299059201 0 0.799544253696503 7.62934630797244
"452" 0.5 -204.55462563259 0.593774972083397 0.802631578947368 7.59999999999999
"453" 0 -147.821591533104 0 0.7662841467248 7.96049354025162
"454" 0 -135.165512532709 0 0.758747875076841 8.0395612302469
"455" 0 -109.596843029573 0 0.739328804013123 8.25072683072648
"456" 0 -144.382938474182 0 0.747396295535125 8.16166742655913
"457" 0 -289.728760241026 0 0.642302147199343 9.49708797736093
"458" 0 -167.209870353613 0 0.732445859698876 8.32826060687657
"459" 0 -88.3211838027999 0 0.694905848140606 8.77816759827546
"460" 0 -4537.64745114856 0 0.642705664933971 9.49112530481069
"461" 0 -429.533950047062 0 0.538463245074505 11.3285355236381
"462" 0 -271.511497218987 0 0.577145464442998 10.5692591830157
"463" 0 -463.662726863885 0 0.790167721471316 7.71988001312128
"464" 0 -543.962640403353 0 0.611811508682326 9.97039106560405
"465" 0 -913.879564076859 0 0.742384406683456 8.21676741198171
"466" 0.5 -84.7384533037389 0.514221285994554 0.802631578947368 7.59999999999999
"467" 0 -605.275636764844 0 0.646099318939793 9.44127291452605
"468" 0 -1160.4482837341 0 0.762509165110391 7.99990384262054
"469" 0 -632.085875723874 0 0.566778026036514 10.7625908552902
"470" 0 -860.91610627804 0 0.5582378760319 10.9272413462167
"471" 0.5 -93.2009075755689 0.535102786706307 0.802631578947368 7.59999999999999
"472" 0 -140.778358714028 0 0.734361137297781 8.30653978020418
"473" 0 -512.544307430539 0 0.695663776278382 8.76860375371761
"474" 0 -1277.21684181468 0 0.572899628581035 10.6475893781055
"475" 0.5 -601.484884083284 0.719289714683224 0.802631578947368 7.59999999999999
"476" 0 -258.459926414777 0 0.606638732006838 10.0554080676986
"477" 0 -463.112848664419 0 0.711932683121107 8.5682258233428
"478" 0 -340.025918458538 0 0.69847974632741 8.73325251315254
"479" 0 -13035.8568948112 0 0.596046870176848 10.2340945070144
"480" 0.5 -5517.30268011075 0.739716612935028 0.802631578947368 7.59999999999999
"481" 0.5 -346.04962491842 0.732661017802647 0.802631578947368 7.59999999999999
"482" 0 -8130.24174282869 0 0.676120863167634 9.0220555706881
"483" 0 -209.224193777933 0 0.646123439558797 9.44092045966535
"484" 0 -459.747523217666 0 0.739326528997405 8.25075221941806
"485" 0 -121.740351029296 0 0.681248746008205 8.95414492245763
"486" 0 -242.594285072683 0 0.693060138861838 8.80154500014613
"487" 0.5 -297.748524780193 0.658169722359121 0.802631578947368 7.59999999999999
"488" 0 -1010.38040313047 0 0.660585835414557 9.23422767031006
"489" 0.5 -3868.36624474074 0.434294373644196 0.802631578947368 7.59999999999999
"490" 0 -122.262108468808 0 0.714030719586764 8.54304980537853
"491" 0 -4685.23114620481 0 0.483828837685802 12.6077644093661
"492" 0 -18087.0188990223 0 0.454605500608884 13.4182274341816
"493" 0 -590.892495790129 0 0.522985878543085 11.6637948561692
"494" 0 -2153.46712648951 0 0.55127914624591 11.0651745881187
"495" 0 -884.579505243883 0 0.582709226963577 10.4683429019758
"496" 0.5 -275.734825596009 0.567694679262062 0.802631578947368 7.59999999999999
"497" 0 -2518.29532826044 0 0.51456842123509 11.8545945461607
"498" 0.5 -100.651891110152 0.605100832633731 0.802631578947368 7.59999999999999
"499" 0 -145.440748166153 0 0.707991484581573 8.61592283642385
"500" 0 -2944.52720929879 0 0.536108983792079 11.3782834916375
"501" 0 -203.938359649872 0 0.700187491942833 8.71195225592237
"502" 0 -7688.48204682152 0 0.539837654746029 11.299693428888
"503" 0 -4987.02158463403 0 0.731777836548382 8.33586328437086
"504" 0 -85650.0439807078 0 0.734041054778289 8.31016189120709
"505" 0 -415.621501535303 0 0.787546482915046 7.74557455633766
"506" 0 -260.534507600796 0 0.700191983700918 8.71189636841882
"507" 0 -3739.27104163167 0 0.503484618962879 12.1155637535965
"508" 0 -29504.2437559444 0 0.464411013724374 13.1349167434266
"509" 0 -5747.17666384857 0 0.554399654080446 11.0028928681742
"510" 0.5 -3904.31816799875 0.746673909166734 0.802631578947368 7.59999999999999
"511" 0 -46.2815484304103 0 0.799677217503371 7.62807776248081
"512" 0 -338.625800041218 0 0.555711695254544 10.9769149220548
"513" 0 -1131.24300786965 0 0.587230074778531 10.3877513465239
"514" 0.5 -187.639713264524 0.417266162828757 0.802631578947368 7.59999999999999
"515" 0 -330.150753648411 0 0.657879091577761 9.272220500838
"516" 0 -97.7807379578879 0 0.736301321482055 8.28465170715936
"517" 0 -225.512852365189 0 0.669866470506843 9.10629247555043
"518" 0.5 -86.6696551942385 0.128095627401871 0.802631578947368 7.59999999999999
"519" 0 -123.436039635003 0 0.736440387863799 8.2830872675171
"520" 0 -261.325365627708 0 0.581933959396428 10.4822891008574
"521" 0 -240.099357773772 0 0.603525874354146 10.107271716441
"522" 0 -2994.23480832698 0 0.529268294153102 11.5253455901053
"523" 0 -48.1757505427645 0 0.768189527867719 7.94074870680925
"524" 0.5 -2625.31200788251 0.56840742018156 0.802631578947368 7.59999999999999
"525" 0 -358.009886044099 0 0.584811544441208 10.4307106417138
"526" 0.5 -3913.64034062646 0.79100443764256 0.802631578947368 7.59999999999999
"527" 0.5 -363.52248712693 0.671555286407199 0.802631578947368 7.59999999999999
"528" 0 -5232.12612247389 0 0.490118710307777 12.4459643586539
"529" 0 -1978.70622834005 0 0.514904219997781 11.846863480797
"530" 0.5 -231.928662654094 0.403554402359615 0.802631578947368 7.59999999999999
"531" 0 -157.969654622488 0 0.637922647820304 9.56228787431027
"532" 0 -468.528509458056 0 0.525877379256485 11.5996622798731
"533" 0 -85.0266768205537 0 0.781244074809681 7.80805921822321
"534" 0 -273.264569180566 0 0.575295049501023 10.6032548086252
"535" 0.5 -195.937467291718 0.590825483900385 0.802631578947368 7.59999999999999
"536" 0 -1359.52526521543 0 0.491609894280621 12.4082124281209
"537" 0.5 -104.497724096635 0.585632569110646 0.802631578947368 7.59999999999999
"538" 0 -187.183265306811 0 0.605645033650688 10.0719062504824
"539" 0.5 -127.403405785193 0.616170361331874 0.802631578947368 7.59999999999999
"540" 0 -578.337138261839 0 0.678479929427085 8.990685995901
"541" 0 -195.369046575709 0 0.674603059369427 9.04235448576509
"542" 0 -108.852027294122 0 0.796859982481708 7.65504622405859
"543" 0 -339.920171230344 0 0.606875926934449 10.0514779533492
"544" 0 -1028.80691549649 0 0.557869571475256 10.9344554926501
"545" 0.5 -45.5066423070115 0.253413664674545 0.802631578947368 7.59999999999999
"546" 0.5 -216.011890607815 0.4662069275792 0.802631578947368 7.59999999999999
"547" 0 -2066.27038020497 0 0.520390256901122 11.7219719606684
"548" 0.5 -824.209187204237 0.266580072970037 0.802631578947368 7.59999999999999
"549" 0.5 -686.555497350366 0.284428204847552 0.802631578947368 7.59999999999999
"550" 0 -569.583171181081 0 0.597208067648441 10.2141955717699
"551" 0 -1265.74449990982 0 0.62196960196678 9.80755326419602
"552" 0 -346.791696419825 0 0.624845116754295 9.76241925628855
"553" 0.5 -83.8815242818481 0.364646426467382 0.802631578947368 7.59999999999999
"554" 0 -936.569408396504 0 0.504854988066013 12.0826774899615
"555" 0 -5223.61464269523 0 0.640480991518207 9.5240921756951
"556" 0 -223.209269660969 0 0.759605893099641 8.03048008896876
"557" 0 -272.660766859762 0 0.796280356025444 7.66061846665106
"558" 0 -227537.934452863 0 0.594894703371792 10.253915466764
"559" 0 -251.665154693047 0 0.761192286641044 8.013743842463
"560" 0 -165.707895900596 0 0.801269843010277 7.61291598980314
"561" 0 -274.784325612712 0 0.675213034492683 9.0341857878724
"562" 0 -124.305772998547 0 0.761948790653941 8.00578736369498
"563" 0 -113.779148682272 0 0.719944463431357 8.472875770065
"564" 0 -59.7373373481273 0 0.753710479309086 8.09329333670902
"565" 0.5 -434.140131926007 0.20878025079372 0.802631578947368 7.59999999999999
"566" 0.5 -57.0497179326519 0.355845299648738 0.802631578947368 7.59999999999999
"567" 0 -67.966807415863 0 0.78448569649099 7.77579505564644
"568" 0 -1551.38959941552 0 0.49297127305828 12.3739461777499
"569" 0 -41.9037885099113 0 0.801159660631672 7.61396298359614
"570" 0 -71.7624126856183 0 0.746103051071901 8.17581430773716
"571" 0 -342.1563864653 0 0.69383375897617 8.79173133489675
"572" 0 -253.419765986618 0 0.699409066569431 8.72164844805374
"573" 0 -52711.6546689374 0 0.53149571749111 11.477044497733
"574" 0 -585.845682665678 0 0.564151345328303 10.8127013265388
"575" 0.5 -521.654854974124 0.669797460677493 0.802631578947368 7.59999999999999
"576" 0 -432.931339221549 0 0.630731505845637 9.67131012715399
"577" 0.5 -2906.45125436974 0.654235506509322 0.802631578947368 7.59999999999999
"578" 0 -5044.52873869023 0 0.457839068847015 13.3234588637482
"579" 0 -192.637458189613 0 0.656895444184805 9.28610489538404
"580" 0 -235.691284565165 0 0.662482772442248 9.20778660781215
"581" 0 -117.390800067731 0 0.701258300958088 8.69864925900474
"582" 0 -1182.15976579447 0 0.492268284954948 12.3916169016622
"583" 0 -567.721243680483 0 0.561563628322325 10.8625268666772
"584" 0.5 -1100.58508475099 0.38132088632995 0.802631578947368 7.59999999999999
"585" 0 -10248.1612706719 0 0.479087896365675 12.7325278853299
"586" 0 -145.386832997856 0 0.7210730607666 8.45961433299817
"587" 0 -279.377855873913 0 0.679964666612024 8.97105437903664
"588" 0 -163.706312045935 0 0.718563533678208 8.48915887614712
"589" 0 -635.12345839691 0 0.546410457145384 11.163768775342
"590" 0.5 -905.924286102616 0.258964825218356 0.802631578947368 7.59999999999999
"591" 0 -4604.7904134534 0 0.77472442640968 7.8737674869364
"592" 0 -570.804668776104 0 0.640098903486775 9.52977729968261
"593" 0.5 -687.979433987658 0.686018541914175 0.802631578947368 7.59999999999999
"594" 0.5 -527.994907474452 0.664997681937619 0.802631578947368 7.59999999999999
"595" 0 -105.748826321834 0 0.792158370078819 7.70048039685935
"596" 0 -494.002610874848 0 0.707341108087292 8.62384488934185
"597" 0 -935.162253916581 0 0.792569533952314 7.69648559361229
"598" 0 -1604.60020569792 0 0.646623539956085 9.43361882620957
"599" 0.5 -288.211840727187 0.396619864519277 0.802631578947368 7.59999999999999
"600" 0 -471.586686758197 0 0.608397587127115 10.0263382516103
"601" 0.5 -79.3593960809645 0.415066313158467 0.802631578947368 7.59999999999999
"602" 0 -117.647645558005 0 0.71540977835112 8.52658180610742
"603" 0.5 -391.857942353925 0.739870553524109 0.802631578947368 7.59999999999999
"604" 0.5 -148.75002087924 0.584229325515639 0.802631578947368 7.59999999999999
"605" 0 -262.714231146481 0 0.586364008709097 10.4030941691482
"606" 0.5 -541.831015419026 0.134909021493494 0.802631578947368 7.59999999999999
"607" 0 -135.458330528995 0 0.636655791257729 9.58131549851969
"608" 0 -438.724580774128 0 0.643394221400283 9.48096796195023
"609" 0 -537.124776085951 0 0.692488060780259 8.80881613052915
"610" 0 -163.699133783285 0 0.698719774405231 8.73025241799186
"611" 0 -1306.25083697066 0 0.602803482942255 10.1193841319997
"612" 0 -158.374145613744 0 0.726439588927146 8.39711944803129
"613" 0 -429.739208250409 0 0.625616487798853 9.75038241313304
"614" 0.5 -966.103733759122 0.576489307257415 0.802631578947368 7.59999999999999
"615" 0 -566.694714276194 0 0.646709156946656 9.43236992158927
"616" 0 -2249.22901827344 0 0.527948706101442 11.5541527604917
"617" 0 -4030.9743067803 0 0.697729542350049 8.74264257100876
"618" 0 -871.18736783795 0 0.618973905606801 9.85501964581198
"619" 0 -3569.16231830465 0 0.480823885163617 12.686557777645
"620" 0 -1195.90186033599 0 0.736513057115378 8.28227000331971
"621" 0 -22666.3927629838 0 0.679597775110967 8.97589754322543
"622" 0 -228.456697706602 0 0.740796098473355 8.23438462023623
"623" 0.5 -73.6881084606012 0.0288741031120021 0.802631578947368 7.59999999999999
"624" 0 -294.322553184394 0 0.648989334773237 9.39922996135428
"625" 0 -3203.54237862905 0 0.529613225945494 11.5178392478963
"626" 0.5 -135.446721812166 0.631999972971473 0.802631578947368 7.59999999999999
"627" 0 -77.518320297313 0 0.7520498453012 8.11116449011024
"628" 0 -1011.09199490795 0 0.646465046187214 9.43593166556674
"629" 0 -6066.94409770747 0 0.519175764653862 11.7493928170297
"630" 0.5 -393.724644198236 0.480012479702534 0.802631578947368 7.59999999999999
"631" 0 -121.338166412196 0 0.660144277188767 9.2404042734066
"632" 0.5 -97.1323593909226 0.222091248003599 0.802631578947368 7.59999999999999
"633" 0.5 -2073.54850476921 0.676905769286714 0.802631578947368 7.59999999999999
"634" 0 -40.6772719785476 0 0.781661568347584 7.80388885294087
"635" 0 -374.587121309622 0 0.80076611202643 7.61770498075056
"636" 0 -6888.47721675075 0 0.487071542329382 12.5238275486743
"637" 0.5 -160.01998629011 0.589600992400843 0.802631578947368 7.59999999999999
"638" 0.5 -83.6911095765942 0.0671650698279034 0.802631578947368 7.59999999999999
"639" 0 -1632.67174221291 0 0.578597214679307 10.542740001576
"640" 0 -3440.15378376396 0 0.505593627006655 12.0650254951091
"641" 0 -614.263360753022 0 0.680034246333985 8.97013647898565
"642" 0.5 -9923.0200725685 0.773495844635312 0.802631578947368 7.59999999999999
"643" 0 -352.836175597062 0 0.753968116309464 8.09052779295016
"644" 0.5 -230.663857451566 0.0954693685776692 0.802631578947368 7.59999999999999
"645" 0.5 -215.603093506111 0.401554728389971 0.802631578947368 7.59999999999999
"646" 0 -1075.58422314015 0 0.77219975596823 7.89951039592269
"647" 0 -3099.98442935478 0 0.506610015909442 12.0408199767815
"648" 0.5 -181.419625782425 0.443367745675654 0.802631578947368 7.59999999999999
"649" 0 -1933.38187988507 0 0.742357895864757 8.21706084623001
"650" 0.5 -586.757593090946 0.716316749266554 0.802631578947368 7.59999999999999
"651" 0 -497.169163080316 0 0.658657338979613 9.26126475634518
"652" 0.5 -134.05122169585 0.444945867566526 0.802631578947368 7.59999999999999
"653" 0 -147.385025008154 0 0.654526258625544 9.31971776473802
"654" 0.5 -207.254778408141 0.63974393258836 0.802631578947368 7.59999999999999
"655" 0.5 -132.176288572618 0.629773628259673 0.802631578947368 7.59999999999999
"656" 0 -243.633146326076 0 0.599936461647974 10.167743402766
"657" 0.5 -305.861662454906 0.442917821193703 0.802631578947368 7.59999999999999
"658" 0 -1616.78527654989 0 0.625398815782985 9.75377606425899
"659" 0.5 -2127.3198453111 0.726417119089779 0.802631578947368 7.59999999999999
"660" 0.5 -253.981332525408 0.0623782518360805 0.802631578947368 7.59999999999999
"661" 0 -260.192309572371 0 0.649453616936552 9.39251062881667
"662" 0.5 -4502.17454386079 0.180138941912627 0.802631578947368 7.59999999999999
"663" 0.5 -418.381535389249 0.488950219425534 0.802631578947368 7.59999999999999
"664" 0.5 -263.889865106957 0.507658198222524 0.802631578947368 7.59999999999999
"665" 0 -291.979001235489 0 0.68868411805607 8.85747157523873
"666" 0 -268.966452252412 0 0.719821108861488 8.47432775297202
"667" 0.5 -156.660242210727 0.0763494454717395 0.802631578947368 7.59999999999999
"668" 0 -310.30389053591 0 0.686756196170725 8.8823370418977
"669" 0.5 -270.256019559893 0.581914480275597 0.802631578947368 7.59999999999999
"670" 0 -524.626758224328 0 0.651554774169586 9.36222132325638
"671" 0 -7880.97983713262 0 0.453477401558344 13.4516074649757
"672" 0 -3223.85140814152 0 0.694764491728855 8.77995359955821
"673" 0 -20496.5091153929 0 0.652859118724092 9.34351657968945
"674" 0 -23541.0423939797 0 0.653546936083649 9.33368311165832
"675" 0 -4038.53701113602 0 0.540661158388036 11.2824823928298
"676" 0.5 -366.772411785014 0.633248305054719 0.802631578947368 7.59999999999999
"677" 0 -522.553197441482 0 0.70412296993258 8.66325948801823
"678" 0 -1080.47805479088 0 0.665465491016251 9.16651589353569
"679" 0 -1770.14732806572 0 0.54789621940349 11.1334953299025
"680" 0.5 -428.211072902012 0.396527040436271 0.802631578947368 7.59999999999999
"681" 0 -1160.71923845756 0 0.722762769027869 8.43983705497811
"682" 0 -582.03797825489 0 0.632867038465237 9.63867547090631
"683" 0 -319.885443543185 0 0.690887696181763 8.82922077453695
"684" 0.5 -356.771174905519 0.663405618165076 0.802631578947368 7.59999999999999
"685" 0 -919.829723060358 0 0.616506206198473 9.89446649306919
"686" 0 -185.221641710598 0 0.676080184686483 9.02259841090999
"687" 0 -317.24244746388 0 0.761648481395609 8.00894395380746
"688" 0.5 -580.922726555943 0.206634480125062 0.802631578947368 7.59999999999999
"689" 0 -152.082874289402 0 0.639291864389421 9.54180764653719
"690" 0.5 -444.870723744466 0.738683394926798 0.802631578947368 7.59999999999999
"691" 0 -367.584776796964 0 0.543829176331463 11.2167575140949
"692" 0.5 -332.210541063729 0.637068210815607 0.802631578947368 7.59999999999999
"693" 0.5 -638.289683777757 0.719914421339761 0.802631578947368 7.59999999999999
"694" 0 -1021.82697975783 0 0.49929803294446 12.2171520765405
"695" 0.5 -62.2955016461311 0.42063294358277 0.802631578947368 7.59999999999999
"696" 0.5 -154.493886032749 0.268313054797177 0.802631578947368 7.59999999999999
"697" 0 -142.95344248449 0 0.629801550244855 9.68559063982683
"698" 0 -402.636530724287 0 0.778267815848878 7.83791887031401
"699" 0.5 -236.724011539564 0.40287555894534 0.802631578947368 7.59999999999999
"700" 0 -34194.7931179395 0 0.755905922585549 8.06978728137909
"701" 0 -671.645636198496 0 0.64474103845723 9.46116291061043
"702" 0.5 -444.468818998499 0.374328933336048 0.802631578947368 7.59999999999999
"703" 0 -1706.00861414718 0 0.479777585025634 12.7142246540636
"704" 0 -213.963019863775 0 0.62206151937344 9.80610407495405
"705" 0 -830.748389284753 0 0.6109383891274 9.98464020031969
"706" 0 -600.418465753292 0 0.536415981226031 11.3717715606792
"707" 0 -299.237424570206 0 0.707121469721747 8.62652353406884
"708" 0 -115.855222596755 0 0.769922826639246 7.92287199306301
"709" 0.5 -465.815555156602 0.259325828710762 0.802631578947368 7.59999999999999
"710" 0 -429.833358137648 0 0.632611870218971 9.64256329538766
"711" 0.5 -556.1063181838 0.442829986987857 0.802631578947368 7.59999999999999
"712" 0 -9075.94539200021 0 0.694583985509649 8.7822353052441
"713" 0 -1874.84364993466 0 0.615973951003853 9.90301617472431
"714" 0 -1075.97281283144 0 0.489783657295395 12.4544784398982
"715" 0 -678.878853305955 0 0.558014581400091 10.9316139816539
"716" 0.5 -62.7904847609884 0.0389699166670116 0.802631578947368 7.59999999999999
"717" 0 -600.867809471385 0 0.540065237275478 11.2949317581951
"718" 0.5 -226.781166744516 0.608677689033833 0.802631578947368 7.59999999999999
"719" 0.5 -146.941529258231 0.477843646656352 0.802631578947368 7.59999999999999
"720" 0 -315.065538927395 0 0.649670110538937 9.38938070421572
"721" 0 -661.25439064248 0 0.72025473548815 8.46922581614926
"722" 0 -978.43041632934 0 0.76857869221744 7.93672796522732
"723" 0.5 -5903.67599732535 0.787330001740148 0.802631578947368 7.59999999999999
"724" 0 -1747.43558821478 0 0.525059554311589 11.6177297411486
"725" 0 -752.766700820316 0 0.650358838181848 9.3794373842189
"726" 0 -2548.07240185676 0 0.600251558467755 10.1624059345573
"727" 0 -106.113645856732 0 0.790011928540174 7.72140239865985
"728" 0 -244.091604204353 0 0.680319502119099 8.96637532953173
"729" 0.5 -281.318673221294 0.518365790863645 0.802631578947368 7.59999999999999
"730" 0 -635.982123312392 0 0.585502068991929 10.4184089571237
"731" 0 -92.3128388003066 0 0.728756560287545 8.37042207564227
"732" 0.5 -2328.4702354781 0.759917994351933 0.802631578947368 7.59999999999999
"733" 0 -4205.50873160007 0 0.515436591329778 11.8346273869742
"734" 0 -1417.24371259531 0 0.612907018027183 9.95256999933626
"735" 0.5 -6388.19101267426 0.102020482249912 0.802631578947368 7.59999999999999
"736" 0.5 -566.861116589907 0.670670345291841 0.802631578947368 7.59999999999999
"737" 0 -644.715816456477 0 0.635148479174577 9.60405354024842
"738" 0 -133.746516371131 0 0.699810313607756 8.71664775637909
"739" 0 -257.237081160707 0 0.79394251490573 7.68317590439692
"740" 0.5 -72.2791806419014 0.222671794933472 0.802631578947368 7.59999999999999
"741" 0 -219.716972014116 0 0.791979197281017 7.70222250905353
"742" 0 -282.404469774724 0 0.780040757192402 7.82010419808793
"743" 0 -264.317711821956 0 0.62132525820578 9.81772416208405
"744" 0 -941.859444043119 0 0.576717582087471 10.5771008019568
"745" 0.5 -14183.388449179 0.615503963619762 0.802631578947368 7.59999999999999
"746" 0.5 -206.949024194963 0.666142023675693 0.802631578947368 7.59999999999999
"747" 0 -104.586579341323 0 0.694373722739807 8.78489464712328
"748" 0 -20467.8558377193 0 0.482168609229358 12.6511761305854
"749" 0 -992.594291609202 0 0.542720018794726 11.2396812145365
"750" 0 -229.835780390677 0 0.610174314732185 9.99714319780468
"751" 0 -691.691291000914 0 0.507504888663635 12.0195886507863
"752" 0 -4660.76239954572 0 0.589106327570369 10.354667255329
"753" 0 -4748.00889891398 0 0.529578629692033 11.5185916840099
"754" 0 -491.302346354124 0 0.59285962099042 10.2891136181774
"755" 0.5 -41.0120501814602 0.314652224105324 0.802631578947368 7.59999999999999
"756" 0 -234.133222699714 0 0.594948787129788 10.2529833356384
"757" 0.5 -237.032039181078 0.596753147149607 0.802631578947368 7.59999999999999
"758" 0 -294.338063964666 0 0.766767430526667 7.95547614197712
"759" 0.5 -2024.76971963008 0.200131240063602 0.802631578947368 7.59999999999999
"760" 0 -177.077626363997 0 0.649107359455609 9.39752093569841
"761" 0.5 -784.570372350611 0.695996955032335 0.802631578947368 7.59999999999999
"762" 0.5 -92.7480481243499 0.443433894764215 0.802631578947368 7.59999999999999
"763" 0.5 -49.4281292148468 0.00293267590610236 0.802631578947368 7.59999999999999
"764" 0 -116.955699973926 0 0.697882428971202 8.74072730129119
"765" 0 -583.386509771099 0 0.798001603562324 7.64409491505938
"766" 0.5 -199.293157946919 0.673905110265487 0.802631578947368 7.59999999999999
"767" 0 -70.7658983727462 0 0.76060853914294 8.01989418482407
"768" 0.5 -629.227550139674 0.416003402906323 0.802631578947368 7.59999999999999
"769" 0.5 -141.412898697508 0.407823436713457 0.802631578947368 7.59999999999999
"770" 0 -1192.20318515828 0 0.620158323711132 9.83619789781514
"771" 0.5 -317.652462060977 0.0775277752202348 0.802631578947368 7.59999999999999
"772" 0.5 -193.880027297157 0.239968970215586 0.802631578947368 7.59999999999999
"773" 0 -190755.750245683 0 0.701147271723471 8.70002672192641
"774" 0 -28.3576258172825 0 0.796177872359529 7.66160453809425
"775" 0.5 -398.179748416909 0.542698234840329 0.802631578947368 7.59999999999999
"776" 0 -601.349532598331 0 0.802352675867595 7.60264181010425
"777" 0 -251.874487907534 0 0.642848082755325 9.4890226223506
"778" 0.5 -306.057714979329 0.71321200816489 0.802631578947368 7.59999999999999
"779" 0.5 -575.720800583331 0.493970009487371 0.802631578947368 7.59999999999999
"780" 0 -11835.5550757387 0 0.664688432456066 9.17723207166418
"781" 0 -161.158157996348 0 0.66885459010766 9.12006898093968
"782" 0.5 -288.532159083223 0.0173285146421922 0.802631578947368 7.59999999999999
"783" 0 -259.583704450485 0 0.698154609086747 8.73731967189815
"784" 0 -725.850168968251 0 0.59017686259874 10.3358846924966
"785" 0.5 -1291.70144522706 0.75384557762613 0.802631578947368 7.59999999999999
"786" 0.5 -130.688174145176 0.631476641371903 0.802631578947368 7.59999999999999
"787" 0 -515.162369555339 0 0.590595146044848 10.3285643995739
"788" 0 -694.96909938175 0 0.595185127454978 10.2489120084094
"789" 0 -602.67208968379 0 0.531065623105229 11.4863394175889
"790" 0 -256.868486927655 0 0.787813206767529 7.74295219678896
"791" 0 -1796.74395584413 0 0.556955931646861 10.9523925563786
"792" 0 -6672.41586040747 0 0.514755018746936 11.850297282869
"793" 0.5 -141.172265844101 0.580124088800128 0.802631578947368 7.59999999999999
"794" 0 -166.517788908375 0 0.701029936948929 8.70148288751952
"795" 0 -363.022038434731 0 0.691174241760883 8.82556037455797
"796" 0 -2354.51125284308 0 0.517681835928536 11.7832992711803
"797" 0.5 -466.786726104583 0.226925067271882 0.802631578947368 7.59999999999999
"798" 0.5 -749.886078152549 0.60551921504757 0.802631578947368 7.59999999999999
"799" 0 -2245.54893446191 0 0.551854497787705 11.0536382768536
"800" 0.5 -390.509041592107 0.710153068573108 0.802631578947368 7.59999999999999
"801" 0.5 -117.965725780852 0.555651565938723 0.802631578947368 7.59999999999999
"802" 0.5 -407.04868747845 0.681459472314503 0.802631578947368 7.59999999999999
"803" 0.5 -36.1424539537599 0.0866133253276483 0.802631578947368 7.59999999999999
"804" 0 -1029.45081770087 0 0.506674485557583 12.0392878936604
"805" 0 -66.5690226511616 0 0.72371976761595 8.42867677926552
"806" 0.5 -172.378824722194 0.0485584977845241 0.802631578947368 7.59999999999999
"807" 0 -90.4795851848466 0 0.721654119916377 8.45280284786131
"808" 0 -190.622861070336 0 0.68459211343086 8.91041523898019
"809" 0 -1319.99354100948 0 0.64966654842686 9.38943218605127
"810" 0 -130.132568000851 0 0.706348259445511 8.63596663321368
"811" 0 -214.846558032727 0 0.775494840044516 7.86594531002919
"812" 0 -166.67141476307 0 0.624821188542137 9.76279311883262
"813" 0.5 -208.787325316125 0.540760545576389 0.802631578947368 7.59999999999999
"814" 0 -377.188527723784 0 0.653110093427732 9.33992608808911
"815" 0 -216.713141194869 0 0.739654922183094 8.24708903713616
"816" 0 -596.345888857233 0 0.511209793427494 11.9324787561316
"817" 0.5 -341.878845309507 0.168690559856998 0.802631578947368 7.59999999999999
"818" 0.5 -306.809956963009 0.378085498438164 0.802631578947368 7.59999999999999
"819" 0 -1256.30422703386 0 0.604380389294121 10.092981354217
"820" 0 -2896.7103141437 0 0.664712635593554 9.17689791552256
"821" 0.5 -3992.93757868251 0.674108549707363 0.802631578947368 7.59999999999999
"822" 0.5 -608.016730245189 0.728016989950838 0.802631578947368 7.59999999999999
"823" 0 -772.716514895497 0 0.542494385402904 11.2443560046609
"824" 0 -166.258787037233 0 0.689127283360328 8.85177549531217
"825" 0 -390.996268046213 0 0.686029227629158 8.8917494391324
"826" 0.5 -124.779722107128 0.438329763377059 0.802631578947368 7.59999999999999
"827" 0 -1156.7979001567 0 0.627194362658459 9.72585272314026
"828" 0 -1080.63970362432 0 0.757145040573203 8.05658054021187
"829" 0 -823.404529219343 0 0.697817023956238 8.741546552442
"830" 0.5 -170.318480382638 0.617687974378026 0.802631578947368 7.59999999999999
"831" 0.5 -643.554830767916 0.66118516721506 0.802631578947368 7.59999999999999
"832" 0.5 -180.074038720208 0.583382925711725 0.802631578947368 7.59999999999999
"833" 0 -1985.76117099816 0 0.518148610683343 11.7726842728676
"834" 0 -569.86778355306 0 0.646016850295673 9.44247816014104
"835" 0.5 -1297.82333106424 0.438421749844602 0.802631578947368 7.59999999999999
"836" 0 -249.092874887555 0 0.639542439614929 9.53806912903673
"837" 0.5 -2937.49720573506 0.36787950487117 0.802631578947368 7.59999999999999
"838" 0 -977.611576932149 0 0.668153188308645 9.12964288240764
"839" 0 -731.435069606459 0 0.583351735978382 10.4568129719701
"840" 0 -155.540542974213 0 0.741604717625548 8.22540614295285
"841" 0 -2647.04975220906 0 0.702212360330447 8.68683085716329
"842" 0.5 -7397.30348352184 0.789905025999579 0.802631578947368 7.59999999999999
"843" 0 -101.438476170401 0 0.726026668109223 8.40189523049629
"844" 0.5 -182.925805421118 0.134929330254289 0.802631578947368 7.59999999999999
"845" 0 -9907.52460695682 0 0.741618598809965 8.22525218459776
"846" 0.5 -309.201992900754 0.575761614165008 0.802631578947368 7.59999999999999
"847" 0 -53.2374921731295 0 0.782574041041185 7.79478960467968
"848" 0.5 -130.008730164376 0.642431661755203 0.802631578947368 7.59999999999999
"849" 0.5 -262.261219067238 0.587826556751455 0.802631578947368 7.59999999999999
"850" 0 -417.431037783254 0 0.545903287635428 11.1741404350614
"851" 0.5 -43.9920374648061 0.239859416142105 0.802631578947368 7.59999999999999
"852" 0 -2101.74057209327 0 0.701729862829251 8.69280377409886
"853" 0.5 -259.792697261201 0.62191115440025 0.802631578947368 7.59999999999999
"854" 0.5 -3899.08259469547 0.721237510265307 0.802631578947368 7.59999999999999
"855" 0.5 -257.723146386623 0.647627798357892 0.802631578947368 7.59999999999999
"856" 0 -262.051821952515 0 0.61057431171931 9.99059390956535
"857" 0.5 -5023.33176456105 0.705373775188349 0.802631578947368 7.59999999999999
"858" 0 -504.283153774587 0 0.610981785765505 9.98393101417459
"859" 0 -2464.37699937643 0 0.536165665753225 11.377080610767
"860" 0.5 -76.3774473706853 0.337156770213709 0.802631578947368 7.59999999999999
"861" 0 -869.648070074738 0 0.737994230255988 8.26564727732911
"862" 0 -598.966257124288 0 0.516698803472641 11.8057172941044
"863" 0 -154.829224347255 0 0.707842490213878 8.61773640934842
"864" 0 -185.387269182423 0 0.694258100844728 8.78635768538805
"865" 0 -1100.10898089379 0 0.671442900406615 9.08491250157822
"866" 0 -2086.37130706224 0 0.724694994559215 8.41733425206039
"867" 0 -16120.5148115026 0 0.460913965898812 13.2345740231685
"868" 0 -53216.8577578124 0 0.633461721627196 9.62962684521916
"869" 0 -5543.65816422022 0 0.531356632743928 11.4800486605381
"870" 0 -434.395301285872 0 0.546849911414934 11.1547974547837
"871" 0 -176.344333979012 0 0.667182118666307 9.14293088698759
"872" 0 -90.8980231788744 0 0.707047739675974 8.62742309705354
"873" 0 -763.560175845338 0 0.593331235387942 10.2809352283832
"874" 0 -510.468183328031 0 0.75260705159575 8.10515924221835
"875" 0 -27120.8084685829 0 0.519504240137474 11.74196383534
"876" 0 -12288.4669657955 0 0.481720200721008 12.6629524584394
"877" 0 -172.314078484357 0 0.630435049522207 9.67585797240025
"878" 0.5 -263.556114369743 0.486803554883063 0.802631578947368 7.59999999999999
"879" 0.5 -141.694543810593 0.553019595676494 0.802631578947368 7.59999999999999
"880" 0 -175.344430808191 0 0.63281807372745 9.63942127011249
"881" 0.5 -1179.67213608406 0.678394681577213 0.802631578947368 7.59999999999999
"882" 0 -451.167010284067 0 0.798009310018528 7.64402109526563
"883" 0 -91.9381809203174 0 0.742911571543541 8.21093685124069
"884" 0 -1389.44081767791 0 0.585837674674817 10.4124406191287
"885" 0 -407.153053599754 0 0.553298854977836 11.0247833428904
"886" 0 -6868.90981878955 0 0.565102180046572 10.794507994107
"887" 0 -1907.06952752697 0 0.503420871789452 12.1170979230897
"888" 0 -1950.45139932838 0 0.628586815814931 9.70430789594538
"889" 0 -977.525424126917 0 0.568902206316974 10.7224052434089
"890" 0.5 -435.253655922958 0.714269976123849 0.802631578947368 7.59999999999999
"891" 0 -232.584198628031 0 0.776780823972955 7.85292300188448
"892" 0.5 -90.65005419464 0.493640282611005 0.802631578947368 7.59999999999999
"893" 0 -264.189910513276 0 0.70430409221029 8.66103160192723
"894" 0 -3464.21539154748 0 0.540255388477034 11.2909563330701
"895" 0.5 -1655.96148018384 0.518631149012043 0.802631578947368 7.59999999999999
"896" 0.5 -217.03406230509 0.70703835986108 0.802631578947368 7.59999999999999
"897" 0.5 -3956.97885794908 0.0754192292365811 0.802631578947368 7.59999999999999
"898" 0.5 -158.820581371618 0.590061566184354 0.802631578947368 7.59999999999999
"899" 0 -845.942140023924 0 0.741895355017758 8.22218384135049
"900" 0 -607.574746687641 0 0.786538841678774 7.75549747420008
"901" 0 -780.652282927785 0 0.589694687780126 10.3443360206671
"902" 0.5 -18451.0134368474 0.0275037769393608 0.802631578947368 7.59999999999999
"903" 0 -5108.88954248838 0 0.466055049680394 13.0885825701989
"904" 0 -871.822530245272 0 0.794144823075391 7.68121861750259
"905" 0 -8611.95805674589 0 0.504445754511928 12.0924796084408
"906" 0 -691.607216383697 0 0.696412701823155 8.75917395537253
"907" 0 -194.851936110089 0 0.638350629383539 9.55587684763594
"908" 0.5 -191.505306252262 0.443671608252004 0.802631578947368 7.59999999999999
"909" 0.5 -8343.17319801828 0.491208122868506 0.802631578947368 7.59999999999999
"910" 0 -358.992045451374 0 0.600314947745335 10.1613328518812
"911" 0.5 -149.238415427457 0.418215149916565 0.802631578947368 7.59999999999999
"912" 0.5 -15135.8692269053 0.797090385251401 0.802631578947368 7.59999999999999
"913" 0 -215.263953148515 0 0.602022355666998 10.1325140878558
"914" 0.5 -672.761953440612 0.325181387423642 0.802631578947368 7.59999999999999
"915" 0 -1469.17471578236 0 0.591686278461857 10.3095174284885
"916" 0.5 -223.30375900983 0.574093958038141 0.802631578947368 7.59999999999999
"917" 0 -66.2960359173024 0 0.735300007008352 8.29593355346005
"918" 0 -310055.380416779 0 0.600220635685086 10.1629294918151
"919" 0 -2405.50255005497 0 0.474809825494953 12.8472488825209
"920" 0 -289.230923105217 0 0.577804183092109 10.5572098273085
"921" 0 -94.1555763951307 0 0.778324855337155 7.83734446892049
"922" 0 -170.456526385724 0 0.730609908924664 8.34918870588298
"923" 0.5 -430.975738328926 0.709819468245169 0.802631578947368 7.59999999999999
"924" 0 -149.118327374219 0 0.634335119741355 9.61636808393523
"925" 0 -256.006395333571 0 0.654818769843635 9.31555459452792
"926" 0 -1125.18479553962 0 0.533621794151218 11.4313172116643
"927" 0 -88.7916964145247 0 0.697155246563139 8.74984450030605
"928" 0 -139.697843285724 0 0.665103557752244 9.17150408970191
"929" 0 -72.5238670180253 0 0.705203817551804 8.6499815346673
"930" 0 -311.289258047558 0 0.691132774786103 8.82608989551663
"931" 0 -538.916560939515 0 0.587798990197107 10.3776973110391
"932" 0 -405.458609144521 0 0.564677790261115 10.8026207249612
"933" 0.5 -68.2282874376674 0.440848897065943 0.802631578947368 7.59999999999999
"934" 0 -12197.6902308227 0 0.649692951024592 9.38905061287805
"935" 0 -114.903324861916 0 0.706673818931762 8.63198810622561
"936" 0.5 -119.886292530349 0.518041707487466 0.802631578947368 7.59999999999999
"937" 0.5 -165.831516074685 0.536894914397955 0.802631578947368 7.59999999999999
"938" 0.5 -148.105324082769 0.291401240819466 0.802631578947368 7.59999999999999
"939" 0 -943.909789635524 0 0.491373756530551 12.4141753989272
"940" 0 -819.572759600312 0 0.515406961058318 11.835307748802
"941" 0.5 -626.338864550128 0.373619013686295 0.802631578947368 7.59999999999999
"942" 0 -4845.06007079301 0 0.71573904775848 8.52265922769438
"943" 0 -1950.99923317078 0 0.783693127024622 7.78365892164874
"944" 0 -201.796260371375 0 0.592981124575421 10.2870053483872
"945" 0 -1420.23670625253 0 0.486916578267065 12.5278133303858
"946" 0 -117.456303442001 0 0.681269692572818 8.9538696150761
"947" 0.5 -81.6290634706678 0.238302476285487 0.802631578947368 7.59999999999999
"948" 0.5 -84.3428042570649 0.422560250492792 0.802631578947368 7.59999999999999
"949" 0.5 -238.93270799103 0.632428911174988 0.802631578947368 7.59999999999999
"950" 0.5 -789.248728314342 0.771246973031695 0.802631578947368 7.59999999999999
"951" 0 -544.788551975617 0 0.782315398119283 7.79736665629315
"952" 0 -474.373414406425 0 0.640462995586335 9.52435978665017
"953" 0 -2856.77552735936 0 0.734865692107664 8.30083655491471
"954" 0 -332.607672842404 0 0.572089028836194 10.6626760740532
"955" 0 -329.658726762344 0 0.585068077158674 10.4261371251428
"956" 0 -316.657596610178 0 0.565866462457426 10.7799284896813
"957" 0 -42.7426819967666 0 0.787191982687522 7.74906266089528
"958" 0 -611.092134177957 0 0.52995582541005 11.5103933337843
"959" 0 -45823.1049830792 0 0.475246330324512 12.8354489256861
"960" 0 -354.797818935574 0 0.597023804026605 10.2173480502097
"961" 0 -1499.19792320715 0 0.558822648956838 10.9158066720935
"962" 0 -116.544341585932 0 0.799623101676511 7.62859400536399
"963" 0.5 -105.05353958005 0.177378362667301 0.802631578947368 7.59999999999999
"964" 0 -127.62778035238 0 0.652395385893214 9.35015809722245
"965" 0 -84.3805756250446 0 0.739197526852371 8.25219211159273
"966" 0.5 -182.274954089648 0.684833197557585 0.802631578947368 7.59999999999999
"967" 0.5 -957.371012774221 0.233434181559256 0.802631578947368 7.59999999999999
"968" 0 -194.043069058545 0 0.800628292530864 7.61901628621854
"969" 0.5 -79.6874672867766 0.209332379358569 0.802631578947368 7.59999999999999
"970" 0 -494.086212791887 0 0.691034518461065 8.82734485331457
"971" 0.5 -231.673215987949 0.70985477679321 0.802631578947368 7.59999999999999
"972" 0 -211.140252536867 0 0.797324131471316 7.65058996614533
"973" 0.5 -360.457078626906 0.705669148418195 0.802631578947368 7.59999999999999
"974" 0 -80397.349801916 0 0.533555529592844 11.4327369161649
"975" 0.5 -1270.36608024697 0.624166930527816 0.802631578947368 7.59999999999999
"976" 0 -453.106441217676 0 0.664379370358246 9.18150122077203
"977" 0.5 -909.981912948871 0.6359641118329 0.802631578947368 7.59999999999999
"978" 0 -1337.0886650921 0 0.688829575627474 8.85560117601416
"979" 0 -3285.13385588717 0 0.550644622817073 11.0779253028799
"980" 0.5 -246.767111164719 0.0962704445310448 0.802631578947368 7.59999999999999
"981" 0 -74.5855603471472 0 0.796232807070276 7.66107593888881
"982" 0.5 -357.044750518181 0.701436444070149 0.802631578947368 7.59999999999999
"983" 0.5 -298.094094674401 0.573194541805747 0.802631578947368 7.59999999999999
"984" 0.5 -888.016836648218 0.677408216572671 0.802631578947368 7.59999999999999
"985" 0.5 -116.752171505117 0.25840326733837 0.802631578947368 7.59999999999999
"986" 0 -75.6805144425109 0 0.723749285421788 8.42833301927894
"987" 0 -157.880583247496 0 0.652539837643823 9.34808826695661
"988" 0 -119.634512765451 0 0.694280751673219 8.78607103149406
"989" 0 -256.999765803959 0 0.727054333351819 8.39001945271156
"990" 0.5 -243.229055432657 0.636877298940484 0.802631578947368 7.59999999999999
"991" 0 -149.249493227239 0 0.727549375727039 8.38431067843921
"992" 0 -879.014996586735 0 0.634229435122258 9.61797050435561
"993" 0 -564.282180260359 0 0.569698816973736 10.7074120890815
"994" 0 -457.641145774403 0 0.564350666598391 10.8088824219303
"995" 0.5 -1316.82220863342 0.709472653465468 0.802631578947368 7.59999999999999
"996" 0 -1065.56376547003 0 0.496052271850598 12.2970911457436
"997" 0.5 -562.037155260077 0.760669403565003 0.802631578947368 7.59999999999999
"998" 0 -5264.3399080915 0 0.62510082270666 9.75842580655589
"999" 0.5 -106.118780435671 0.148882197536533 0.802631578947368 7.59999999999999
"1000" 0.5 -3166.52075217589 0.776344738157117 0.802631578947368 7.59999999999999
