"SCI" "RCI" "GER" "MSM*" "MIG"
"1" 0.4 -1470.98513813558 0.554523269321884 0.163526387160771 1078.6401015952
"2" 0.32 -1939.06139084023 0.445074541786959 0.134782068163527 1311.34937335899
"3" 0.32 -1731.14281141059 0.3712206185587 0.119351575065675 1456.18368986817
"4" 0.52 -1275.34145886373 0.615086610116947 0.183504852699016 952.740132095693
"5" 0.36 -1868.88454505842 0.510203671361584 0.152196961490518 1173.35424306988
"6" 0.32 -1678.23492843695 0.443468711291616 0.134532585176818 1312.24090267807
"7" 0.32 -1964.09285708039 0.443508444211453 0.135136642151874 1318.83151471037
"8" 0.28 -1497.54206391788 0.486879576559535 0.14272869259869 1223.76819413223
"9" 0.32 -2729.81907999523 0.339020413654275 0.116315933081665 1516.68992870959
"10" 0.2 -1320.91489558909 0.410599563432453 0.128244787163273 1369.11632020432
"11" 0.36 -1664.22154735368 0.455975778473687 0.135549047420496 1281.74276282674
"12" 0.32 -2464.84630977635 0.438787478206802 0.132280778439585 1324.77516177944
"13" 0.28 -2317.34867114836 0.263815509069802 0.103515227177869 1673.80538412847
"14" 0.4 -1785.49851411274 0.369316616377708 0.11895856439569 1442.33352279108
"15" 0.32 -1672.6552998357 0.485974951769804 0.142574322985166 1213.34604380467
"16" 0.32 -2518.95238884614 0.354883739251572 0.118243234578492 1484.17112864649
"17" 0.28 -1605.02307514688 0.435154571757869 0.130481194314865 1334.62513030583
"18" 0.28 -1220.49137037939 0.532208517465613 0.15460822371892 1119.45963937567
"19" 0.24 -1864.25480077753 0.399592097621013 0.12590777172523 1408.12664298916
"20" 0.4 -1332.2074824461 0.513297475659138 0.150579884574285 1164.97641180745
"21" 0.32 -1635.74880992688 0.411251598527916 0.127485884773012 1369.96343623737
"22" 0.36 -1877.48662935449 0.468345270579651 0.139418270991366 1250.33877778117
"23" 0.32 -1397.16670866571 0.507948735992643 0.150471242070761 1178.86745021171
"24" 0.44 -1742.76580788013 0.532228764854476 0.153958766958709 1133.47253390297
"25" 0.4 -1650.20543969364 0.496428041636319 0.145954586710099 1199.13060866698
"26" 0.36 -1489.80668946011 0.411036458107829 0.126382775510592 1367.24928146994
"27" 0.36 -2005.91577393428 0.455973541773122 0.135409129750669 1284.9222125707
"28" 0.32 -1898.66245821583 0.432469523090332 0.132521856065601 1328.14665533708
"29" 0.32 -1440.0929523965 0.417143098289478 0.131012800576432 1356.16834209199
"30" 0.32 -1748.6305689183 0.395666569938127 0.125890619458024 1397.2258621493
"31" 0.28 -1614.17195750344 0.329326000265703 0.115031342814436 1530.79118045943
"32" 0.36 -2712.30032810018 0.307761026684447 0.109156199672159 1575.642061297
"33" 0.32 -1528.27156794407 0.444157243796546 0.136801738847576 1306.04175359405
"34" 0.24 -2898.41709073861 0.218705555403011 0.0998246820888012 1750.13952541014
"35" 0.28 -1494.55913168937 0.454413126266196 0.137836235155617 1284.30365820245
"36" 0.28 -2166.08647652592 0.375916582542919 0.119633269945432 1451.75419750458
"37" 0.4 -1380.94545565176 0.545569944472265 0.161218874729908 1098.90820498885
"38" 0.32 -2037.20379060992 0.334375717929478 0.114333768590153 1522.43799637138
"39" 0.28 -1898.41629241578 0.314341156520239 0.111943589755612 1563.86124199573
"40" 0.28 -1968.59809293324 0.318124480663736 0.112346324326824 1554.94398859118
"41" 0.4 -1226.44582840123 0.572070697849646 0.164741919447494 1051.46848540302
"42" 0.28 -2113.92628313255 0.362888137667816 0.119558668753526 1468.15185462503
"43" 0.4 -1305.96763078239 0.528783664853477 0.152005341722367 1135.18033298199
"44" 0.28 -2340.64160024 0.476349554655542 0.139802052093089 1244.50424592025
"45" 0.4 -1783.77806631545 0.444249069503366 0.134783251638912 1315.6963304326
"46" 0.36 -1620.36676826252 0.405728558355289 0.12466498192414 1384.2846554354
"47" 0.28 -2005.06232619992 0.288683391796386 0.109001386612148 1626.48263465854
"48" 0.28 -1829.22070597778 0.434479083572084 0.132737653497569 1321.94970653771
"49" 0.44 -1192.78222477559 0.48217987699393 0.143793826220081 1213.4209563414
"50" 0.32 -1588.47007428162 0.310518473472576 0.112361036339573 1567.09286378754
"51" 0.28 -1666.62597238279 0.353528950940112 0.117847795878391 1480.88029129033
"52" 0.32 -1914.85978507341 0.411401708835648 0.129423253122478 1373.79538912397
"53" 0.36 -1739.09429888623 0.479776833903249 0.141113909394588 1247.32525075814
"54" 0.36 -1713.75273356195 0.442670347917279 0.133266483549486 1302.73819626277
"55" 0.36 -1744.72863335386 0.436070792952916 0.133949329011803 1316.35943501186
"56" 0.36 -1496.60557664732 0.496147212462425 0.147473720834624 1194.04388943878
"57" 0.28 -1708.53876094373 0.293616424776745 0.107875134510553 1605.34723631909
"58" 0.32 -1807.14011766962 0.392214321632521 0.124880328112246 1414.31852789183
"59" 0.36 -1765.96398550289 0.492751176078409 0.144998610483875 1204.37828974877
"60" 0.36 -1802.37229465952 0.455376302485231 0.137298551088821 1291.03273324788
"61" 0.28 -1324.30224122028 0.374833770731011 0.12118580872309 1427.99980940058
"62" 0.28 -2286.03254759619 0.388219387173913 0.122392258229299 1425.82629051652
"63" 0.28 -2231.62456548865 0.344062914806029 0.116016003190576 1511.69916043384
"64" 0.36 -1869.67565361071 0.442474824050933 0.132952844973133 1309.09489017525
"65" 0.4 -1662.19588856081 0.443663128378676 0.134113965258727 1307.53869657711
"66" 0.36 -2004.0452525491 0.365295760687401 0.117405944311693 1467.24511886999
"67" 0.32 -2838.58657871345 0.388210247791086 0.12463152169169 1413.90487161061
"68" 0.4 -1352.65902879857 0.447538231382594 0.133197359742082 1293.55000625947
"69" 0.32 -1538.45125743924 0.469481560717078 0.139615327289226 1251.94132826136
"70" 0.36 -2234.7643279469 0.335505048819121 0.113778551284966 1527.58913009644
"71" 0.44 -1434.43065534735 0.530173603909555 0.151803453242929 1132.0858779296
"72" 0.36 -1545.73750124007 0.39769591776925 0.123631511483545 1403.51261358736
"73" 0.28 -1277.42967363612 0.407581513514766 0.128173204525679 1367.20553793061
"74" 0.24 -2305.87757235405 0.373369705158706 0.120574329520802 1456.50824465318
"75" 0.28 -2326.65240932848 0.313272676283359 0.111192302695136 1582.82226810233
"76" 0.4 -1736.13235582573 0.458610632940371 0.137668581381848 1279.82738898935
"77" 0.32 -1466.49215375214 0.560824928252123 0.160868544666797 1068.61713748425
"78" 0.32 -1974.04134936527 0.400560237470227 0.125743319888064 1394.37814910629
"79" 0.4 -1510.12857653538 0.46135421875164 0.137008991087829 1282.18204536817
"80" 0.4 -1519.72611730135 0.478224448809736 0.140697057142733 1231.36947429505
"81" 0.32 -1579.39869201776 0.407093271396384 0.126369559446023 1380.59136220461
"82" 0.2 -1832.95859566817 0.256783855983324 0.103089136007783 1687.07037126364
"83" 0.2 -2066.72799675699 0.264051675754804 0.104443854622266 1658.35562781287
"84" 0.32 -1971.71951628573 0.381345901857923 0.122247573492052 1439.35522538872
"85" 0.32 -1760.38604938739 0.426458214403276 0.129718521550571 1348.25641855774
"86" 0.36 -1718.25327835504 0.511229356683463 0.152142245225884 1168.0717047025
"87" 0.36 -1339.88996947938 0.384478081005424 0.122785615000068 1412.45695414013
"88" 0.32 -1721.12413708121 0.353763512518997 0.117565421706429 1486.97894211255
"89" 0.4 -1603.50328994602 0.487859282280505 0.144267973178989 1218.49047137486
"90" 0.36 -2029.45185269358 0.332893931242996 0.113768952600457 1535.883657219
"91" 0.24 -1959.85326025654 0.321716059699557 0.114003701753219 1558.17262337943
"92" 0.28 -1979.05054357991 0.358508824116778 0.117851939757457 1491.94066650263
"93" 0.24 -1952.40605231076 0.388135174064393 0.122816327263212 1420.36338933201
"94" 0.36 -1473.09317159294 0.451588250644606 0.135005179804295 1285.74144488493
"95" 0.32 -1444.05715142286 0.488777784894428 0.143813067988757 1216.33772732508
"96" 0.28 -1657.77288704889 0.552145376838278 0.163297083469791 1082.22025742851
"97" 0.32 -1543.28384396886 0.509374919436923 0.148887387141216 1164.37479539075
"98" 0.4 -1828.861477407 0.426820555634391 0.132699601815292 1322.44368778049
"99" 0.44 -1452.7833589511 0.515146495951858 0.149964995948989 1160.78907125501
"100" 0.36 -2233.47487289062 0.342938326319997 0.114604310323988 1520.67959628651
"101" 0.24 -1854.72339011506 0.451097068290892 0.136548229039428 1290.80312735406
"102" 0.32 -1350.84002490842 0.478315862254254 0.14110900785148 1236.3603835961
"103" 0.28 -1703.34913282995 0.401505248921465 0.126599096755888 1380.21650255052
"104" 0.36 -1534.69839729445 0.427089438312459 0.130905658468665 1338.14990689553
"105" 0.32 -1199.11019805272 0.519481155650446 0.153099744760554 1146.53050716833
"106" 0.36 -1869.38479131624 0.362460692428305 0.121320900920002 1460.244054239
"107" 0.4 -1238.2320621897 0.40985821051934 0.126963738274741 1362.68148819844
"108" 0.36 -1798.59487576611 0.369527051461991 0.121057474710164 1442.15928452846
"109" 0.28 -2964.34904685613 0.198582768866031 0.0981086391834208 1817.42710191325
"110" 0.32 -1887.2575283451 0.388640064867127 0.123272418030361 1410.80352196541
"111" 0.28 -2000.09447446023 0.298040214435246 0.112071585488569 1592.70791561696
"112" 0.36 -1743.29617237038 0.343304363923986 0.114408587415397 1507.14015302961
"113" 0.48 -1551.58307099643 0.523676755910336 0.151840224821429 1150.02188928153
"114" 0.28 -1591.37408521564 0.427205159512388 0.129355743939294 1336.16917398151
"115" 0.28 -1347.79558710709 0.478962016571559 0.141160865906944 1231.01273389568
"116" 0.36 -2186.40697650509 0.460186913400482 0.135513995515775 1275.29913277479
"117" 0.28 -1878.45632854937 0.279590794898166 0.106746714169134 1639.65571463797
"118" 0.36 -1263.88051091236 0.512114384956368 0.149225679334627 1156.45362034275
"119" 0.28 -2082.46861643335 0.389430660489091 0.123555708746683 1428.28518037362
"120" 0.28 -1371.21530694927 0.444565455516734 0.134893448309363 1309.27913991722
"121" 0.32 -2725.65351165939 0.25042428543036 0.1013074581695 1706.44238914172
"122" 0.32 -2077.12290632132 0.406462379064423 0.124654132285331 1388.24009660053
"123" 0.28 -3193.44369947355 0.384017913472753 0.120506517455568 1437.89191513332
"124" 0.24 -1880.89191878713 0.271831182146667 0.105006680503196 1652.65951982229
"125" 0.36 -1931.3911708892 0.41888559650255 0.129221364380335 1349.71561816338
"126" 0.32 -1395.26994125448 0.445759541631412 0.134709083590573 1296.83963950898
"127" 0.36 -1452.44856297952 0.504733069975503 0.146087505504176 1188.06826432438
"128" 0.44 -1253.94780943689 0.384709916233781 0.124220394522333 1407.3945877606
"129" 0.28 -1918.69177383875 0.430715648518553 0.131906640377606 1327.84263589317
"130" 0.2 -1855.91568673429 0.321173396895637 0.111467348000027 1558.6487343415
"131" 0.32 -1565.85839622416 0.361316982202692 0.117771801390185 1463.81818410773
"132" 0.48 -1669.52456153227 0.546784786624865 0.159360107972551 1100.31892521892
"133" 0.32 -1944.51520536108 0.375080831784836 0.121552872742591 1436.83224747108
"134" 0.32 -2135.7349364414 0.434392065908771 0.131960282951872 1323.99047884823
"135" 0.32 -1497.51738461598 0.400425929229407 0.125713789897396 1382.70352174642
"136" 0.4 -1514.48793333835 0.513569306031756 0.147975866926358 1167.88411049329
"137" 0.32 -1941.32091404608 0.459669201689161 0.138376332770196 1273.03042712221
"138" 0.4 -1908.28683636705 0.503914381689585 0.147122469796206 1183.24361987578
"139" 0.32 -1742.6759768532 0.50185842231315 0.147952819807887 1185.8379729235
"140" 0.32 -2625.86508896245 0.278057909399503 0.105998901086094 1641.13925803817
"141" 0.32 -1918.31786167555 0.491423281706199 0.147574042548199 1205.88545642362
"142" 0.24 -1688.48119284905 0.42295107474704 0.130486417277125 1348.97373902458
"143" 0.28 -1553.59060531672 0.397555004561373 0.124565104341801 1400.26090913754
"144" 0.32 -1824.95839773942 0.439364329820732 0.132205771742001 1317.25511648628
"145" 0.28 -2020.47631866744 0.259926444544125 0.103106326082223 1675.03493709247
"146" 0.24 -1261.26182572729 0.451597532908222 0.135373193048357 1285.68181691412
"147" 0.32 -1564.35097999485 0.465614382137515 0.136960579013061 1265.69697812121
"148" 0.4 -1588.08321275722 0.469157477703261 0.140137305469401 1263.5109704841
"149" 0.24 -1832.59635933391 0.37576924156021 0.119034881505877 1448.09956461275
"150" 0.4 -1326.82002458854 0.461656294139572 0.13769312864291 1271.23668147916
"151" 0.32 -1637.19087103541 0.350362773307283 0.115380104384684 1490.84130205594
"152" 0.24 -2052.34657941691 0.316681446947143 0.110409169434858 1559.49886982894
"153" 0.32 -1742.27261066046 0.357520355831744 0.117268264594877 1479.85138819222
"154" 0.32 -1821.23723575501 0.343626896710457 0.116531212836788 1512.6909622737
"155" 0.36 -2337.7148773094 0.403453805734953 0.12562225948238 1393.87281418799
"156" 0.28 -1940.06330288249 0.344258121382791 0.11610480630942 1492.63048802655
"157" 0.4 -2044.55631313406 0.429841898531974 0.131875202234985 1342.18424334105
"158" 0.32 -1431.95024687674 0.423988321901658 0.1306360373967 1333.33367437651
"159" 0.24 -2683.95705429668 0.256017967979305 0.102108621771197 1709.68732088602
"160" 0.32 -1347.79861124338 0.431418941155487 0.129206505007113 1332.47300340972
"161" 0.36 -1860.65966237435 0.407180805002686 0.128565932958203 1369.89434267295
"162" 0.28 -1740.9896001394 0.316741769962901 0.112764963034008 1557.41039632687
"163" 0.4 -1634.27097457403 0.497404793816103 0.144059361909747 1202.33012768403
"164" 0.28 -1765.44370658532 0.450060867021681 0.13540232502164 1288.02464493919
"165" 0.32 -1455.47440526658 0.409339836315044 0.127724465004532 1382.27730795912
"166" 0.28 -2036.06512075707 0.37243502279579 0.121964896698588 1442.37841849626
"167" 0.4 -1584.33500700737 0.427423080965364 0.12867579056304 1334.3775140848
"168" 0.28 -1784.45612820124 0.358081971899772 0.118007737880975 1473.77349951885
"169" 0.4 -1583.26106003305 0.424350932785291 0.130112014186779 1340.00517919404
"170" 0.48 -1590.08233456649 0.41482551718623 0.127762033986912 1348.19766088357
"171" 0.32 -1620.34287340351 0.436857306830422 0.131906981330933 1317.39108568311
"172" 0.28 -1418.07686530304 0.444402538387475 0.133871511283585 1301.9960920438
"173" 0.4 -1748.27861185092 0.503002660769068 0.149195114809414 1188.9043317227
"174" 0.28 -2228.09536626321 0.309400752760258 0.111721897221339 1568.80127716735
"175" 0.4 -1993.30497125053 0.393728289487097 0.122938231160925 1412.14942786609
"176" 0.44 -1576.9807723463 0.481086696901078 0.141547877231103 1225.34828213683
"177" 0.28 -1596.63352728062 0.442848306534598 0.133591825377074 1301.80887731232
"178" 0.16 -2284.54296753986 0.201274184679131 0.0968250830205499 1792.46761370918
"179" 0.28 -2503.24690755763 0.404505499891229 0.125157551273304 1385.12942222465
"180" 0.32 -1604.735280798 0.411618408693696 0.126340849166664 1364.72488983435
"181" 0.32 -1887.23839130792 0.41110233852755 0.129240963753377 1377.78178053642
"182" 0.4 -1794.11551606929 0.439715873687007 0.134672626166605 1305.58067164428
"183" 0.36 -1736.45829137812 0.440294473320057 0.134305282251592 1304.42911200037
"184" 0.28 -1117.79145522317 0.454720969172821 0.13643039775286 1286.11897049081
"185" 0.32 -1553.57788061181 0.49913083216582 0.148248075135322 1180.4775565383
"186" 0.24 -2257.85511817462 0.371024233493133 0.120884224576165 1467.55887889127
"187" 0.32 -1489.02558547482 0.375973928140059 0.121440547025413 1429.36913320574
"188" 0.32 -2116.39455808509 0.363804395004402 0.120776582792396 1465.97255645057
"189" 0.28 -1924.87242177886 0.414098580882014 0.127386454171888 1359.15922699541
"190" 0.44 -1452.81937120726 0.384989389666919 0.121106487784949 1418.2252508197
"191" 0.32 -2909.59092864404 0.31394786113467 0.111488930569058 1577.30120377416
"192" 0.28 -2278.28282543527 0.311343431776386 0.110800733536694 1580.30120681697
"193" 0.36 -1618.03428419238 0.506285632300349 0.148461012693614 1185.03352328292
"194" 0.36 -2105.25844894967 0.372435378630451 0.120669393489776 1447.07890153113
"195" 0.2 -1833.61084048633 0.403552776798152 0.125253578816214 1377.83696217468
"196" 0.32 -1740.66771571903 0.382493427607475 0.123663471509052 1425.37639948732
"197" 0.44 -1905.5474190896 0.482080079884805 0.140318346218929 1235.43804704387
"198" 0.44 -1594.54928327182 0.457180624493214 0.136739075765833 1282.80852561635
"199" 0.32 -1251.44442881649 0.487528826914799 0.141820137347795 1215.55698356557
"200" 0.4 -1661.52150452916 0.414830564941725 0.1292562464092 1356.02041942045
"201" 0.32 -1651.2419547748 0.38903156251075 0.124610239111719 1412.00642442885
"202" 0.28 -1179.00873431071 0.406065797244101 0.126862056081549 1370.94204960426
"203" 0.36 -1607.20774656252 0.407619681663413 0.126143983464691 1373.3891520395
"204" 0.44 -1129.09225653912 0.492633879704732 0.144321652320012 1196.73728217292
"205" 0.28 -1663.92151202509 0.266807699039829 0.106209503622662 1648.27812850449
"206" 0.24 -2166.90397564308 0.360950051477576 0.118937025955602 1475.75032708742
"207" 0.36 -1819.07680791995 0.354750385769511 0.116040177141331 1482.05415462696
"208" 0.32 -1828.31631393915 0.404689833770001 0.124867178559934 1381.08397238315
"209" 0.2 -2015.37368197931 0.267384361738494 0.104849133382397 1642.39139474071
"210" 0.36 -1417.08266660278 0.355840909876676 0.116992027392073 1478.27051376183
"211" 0.32 -2310.49202773091 0.35793287764304 0.119340757275253 1492.21875161013
"212" 0.32 -1520.63805897406 0.466136029640212 0.138550025532224 1267.03425788941
"213" 0.32 -1404.88498082472 0.347919757368589 0.117458522484511 1482.73725691237
"214" 0.32 -1806.02162981796 0.287441112992555 0.108342323964479 1625.00248284739
"215" 0.32 -1452.42238140763 0.466539993372805 0.138254917738957 1255.43394420856
"216" 0.2 -1614.04845746487 0.355426987626551 0.120335396799954 1469.02963587509
"217" 0.32 -1409.53922871746 0.491417970364145 0.145875936247591 1210.82404446109
"218" 0.32 -2007.51323405944 0.465634831377533 0.138397777135042 1274.56186284
"219" 0.32 -860.378483084108 0.673021672320211 0.212767962473823 835.856499064802
"220" 0.44 -1384.27006260513 0.579983687620689 0.169629543792413 1029.55604127244
"221" 0.44 -1695.291364967 0.483475633732248 0.141043627998229 1220.29908563168
"222" 0.28 -1367.24330559691 0.400274529602586 0.125846068895992 1395.74189276151
"223" 0.32 -1584.87964254081 0.439780082917271 0.133462194710589 1315.85428446873
"224" 0.36 -1993.07150702755 0.432279429014263 0.129074835524083 1334.03790488413
"225" 0.24 -1240.7833140977 0.532777666228961 0.157132136966504 1118.62577339755
"226" 0.32 -2026.96457723184 0.414458685266353 0.126975456862303 1363.63464765831
"227" 0.32 -1489.3909961665 0.433606195992703 0.130194001596246 1326.29239110758
"228" 0.36 -3177.92600322864 0.30142490308287 0.109640699775392 1598.71705672266
"229" 0.36 -1421.01217522148 0.431610008552669 0.131473146645549 1319.50445847557
"230" 0.32 -1421.67425436698 0.28380663254734 0.106513873722574 1616.05995380201
"231" 0.24 -1741.95241855366 0.439051654149062 0.132928219810776 1305.61055777553
"232" 0.4 -2856.7160848918 0.337977363262701 0.112843220173562 1531.51050140369
"233" 0.36 -1214.45002379783 0.63689008420617 0.190757055032315 922.470700344802
"234" 0.32 -1709.24451137491 0.452723501524974 0.134644742359223 1283.0334261463
"235" 0.28 -1772.70891349637 0.353298182160392 0.115742370664234 1487.28413041118
"236" 0.32 -1864.70220777287 0.338952455420087 0.117375417533996 1512.27945773267
"237" 0.4 -1977.49917943626 0.420170442837364 0.128505247861902 1350.04937385786
"238" 0.28 -2068.09254805035 0.431330362379787 0.13197613776722 1335.00895329132
"239" 0.24 -2481.09840528867 0.172276789323147 0.0929147054520402 1858.33959423725
"240" 0.32 -1987.80932018848 0.369879265087546 0.122094680234909 1461.46960787253
"241" 0.28 -1191.97189645472 0.509588646518434 0.148904895952231 1162.23374389334
"242" 0.32 -1508.57630815092 0.377344238646826 0.121086667485764 1439.77988075106
"243" 0.32 -1565.06879077442 0.430467446480584 0.132897185588964 1319.91318309789
"244" 0.36 -1957.73704680271 0.490077213522405 0.142393019236274 1210.07093002672
"245" 0.36 -1654.38840795218 0.421609265346766 0.130093719823607 1348.79400652
"246" 0.24 -2478.78371923276 0.321033543302932 0.110572104204618 1553.94060787436
"247" 0.28 -2014.44296655489 0.262929639426778 0.105849745992072 1668.27334308915
"248" 0.32 -1631.61744520612 0.397512344111965 0.125751217976656 1395.58841680371
"249" 0.28 -1729.08106010047 0.411713259044675 0.12723111075697 1365.63190855883
"250" 0.2 -2445.43199113266 0.196899407998392 0.0967585474932718 1802.21816510754
"251" 0.28 -1775.9697085402 0.361322662994646 0.117184687132255 1473.63852354934
"252" 0.32 -1825.62375723709 0.339434522405608 0.114251008141675 1504.95787136699
"253" 0.2 -2366.48288903927 0.298091845288109 0.106726499762227 1615.89569059556
"254" 0.44 -1465.82847213204 0.370492345638547 0.12046623527718 1446.75356148269
"255" 0.32 -1473.32036003732 0.432697356421347 0.130723402752916 1325.88816451138
"256" 0.36 -1121.84342240105 0.517190170044852 0.152386120458971 1146.37452110412
"257" 0.36 -1497.77795457254 0.429197938807305 0.132838936660168 1330.84423442541
"258" 0.32 -2913.80315299603 0.430121779162928 0.130852270316868 1335.2052261223
"259" 0.36 -1439.62834630505 0.450253959226232 0.133879113665077 1295.10919141068
"260" 0.36 -1770.94160286147 0.450690943936139 0.133439774998285 1296.83330144191
"261" 0.28 -2343.36433675044 0.262804154122008 0.102606857749002 1682.8680138119
"262" 0.28 -1759.86898531221 0.36055099100572 0.118185899519345 1477.26606165181
"263" 0.32 -1488.07149129371 0.391387951988717 0.122082861539474 1407.18320478266
"264" 0.24 -1291.20394305684 0.474484152129761 0.140450289151013 1240.51904231327
"265" 0.32 -1048.2358689956 0.552683495589684 0.162933295419025 1080.0156354592
"266" 0.24 -1760.82441299871 0.329084490156954 0.113170364078389 1536.0974420443
"267" 0.32 -1804.8138087109 0.388365688488391 0.12408311729665 1421.051950346
"268" 0.44 -1708.1378317854 0.418518356952489 0.127819985330886 1351.09597238792
"269" 0.32 -1753.71087717347 0.38183983915249 0.121231471503478 1429.7646882652
"270" 0.28 -1870.02109743452 0.316073978036044 0.113826964328577 1571.17033782301
"271" 0.28 -1887.27068330079 0.472023072894941 0.140792512497479 1256.58035429943
"272" 0.36 -1447.96298634272 0.472672543335408 0.139727847088295 1241.40434557379
"273" 0.36 -2198.53081162132 0.408723756274051 0.12638456503961 1390.14755320739
"274" 0.24 -2380.88215304386 0.282878737868658 0.105936473671713 1626.16527562699
"275" 0.24 -1719.66432891662 0.308949033085359 0.110919373224465 1572.69033867688
"276" 0.4 -1573.8975137735 0.483459020735661 0.141559760092668 1233.73329526862
"277" 0.32 -1660.88264869999 0.484755870734204 0.14202944331565 1223.0466353196
"278" 0.36 -1901.45252609225 0.39576755892145 0.124717866836784 1411.21880896005
"279" 0.36 -1956.82632917942 0.399739274790629 0.126611009888675 1395.92575738335
"280" 0.28 -1814.7573327174 0.429288309848179 0.130247370911888 1327.59094834627
"281" 0.4 -1625.68494618739 0.501821604672275 0.14650576591783 1192.53785437024
"282" 0.4 -1422.01289945495 0.424300104999034 0.131341718516847 1339.88331234693
"283" 0.28 -1718.11368253415 0.328408322782125 0.113580855822805 1545.86202273761
"284" 0.28 -2061.92836393311 0.406215383660764 0.12710742746313 1383.4314792005
"285" 0.32 -1633.33372846139 0.421833989567074 0.126710848269822 1352.81505340143
"286" 0.4 -1938.42027616327 0.367791090107767 0.121696722660018 1451.64844570064
"287" 0.32 -1365.00602651748 0.470346814715233 0.140666025541256 1245.68173257431
"288" 0.36 -1398.05243139013 0.531225746981657 0.158073061239666 1121.00001368039
"289" 0.16 -1824.77535208091 0.401335610976775 0.124779196618586 1391.3915056625
"290" 0.28 -2403.19368910469 0.411165374952457 0.128175091964337 1372.55720480548
"291" 0.32 -1808.82791339996 0.505590613113994 0.145879806404081 1186.94668611098
"292" 0.32 -2835.52182438181 0.302271273000307 0.110208497149509 1597.27064782921
"293" 0.28 -1867.00011417512 0.412098766519678 0.127423376125937 1368.6320831581
"294" 0.32 -2073.23510302722 0.350010509276241 0.115930231142924 1491.03482234297
"295" 0.36 -1439.61668074487 0.383015929103772 0.123257838961551 1422.26849778758
"296" 0.44 -1142.10693218185 0.537880207916862 0.157007525240876 1104.39327253864
"297" 0.28 -1501.94581874119 0.306003777919085 0.109377202923602 1575.13169579924
"298" 0.32 -1930.24784770455 0.335367698618023 0.114574407675293 1525.69599725532
"299" 0.36 -1769.19412194596 0.430220503070369 0.128846292227288 1333.20699380272
"300" 0.24 -3199.75551284618 0.238815075952376 0.101390425325809 1726.25271623037
"301" 0.32 -2608.20712677966 0.299844416730682 0.110553914619354 1598.20755746958
"302" 0.28 -1530.14314451658 0.378368404602708 0.121560041301355 1440.220882853
"303" 0.4 -1708.36019704795 0.37934433511284 0.122625438295743 1438.60806096593
"304" 0.28 -1699.51775248958 0.436795218377242 0.132174594040228 1323.58104332936
"305" 0.4 -1636.11786708236 0.433471679102964 0.132718212323041 1316.09338786715
"306" 0.44 -1335.88659691304 0.459778393345117 0.137592285739508 1263.8928544018
"307" 0.4 -1545.81821597182 0.467442515370397 0.138573282395073 1260.88098032284
"308" 0.2 -1914.44135711428 0.343795177582329 0.115003714818814 1502.92460770637
"309" 0.36 -1777.86746835366 0.425573605786295 0.130978560504059 1340.38698727595
"310" 0.24 -2101.22678356445 0.332051500480666 0.115050781875752 1521.82368837385
"311" 0.36 -1200.56928121569 0.526614114143188 0.153184552158842 1132.15600315508
"312" 0.32 -1686.37789503823 0.436477577688913 0.132255378343492 1313.42718800782
"313" 0.4 -1351.34931801172 0.522295108086757 0.152136075184781 1146.45916383868
"314" 0.24 -1421.52700070091 0.370689676241458 0.122642074917305 1441.22078772127
"315" 0.32 -1919.76941757574 0.355395661273646 0.117528827133554 1486.1690291885
"316" 0.4 -1670.31410880362 0.55079375519059 0.160200342593406 1091.96412540126
"317" 0.32 -1669.13911876821 0.376065023549484 0.12102784956309 1445.98463289838
"318" 0.4 -1299.67901403215 0.461551845388853 0.136125947364103 1263.87585368535
"319" 0.28 -1999.50714562295 0.328990641053868 0.113100618903225 1537.59961707267
"320" 0.32 -1746.6521695679 0.484950509865505 0.14173599019123 1222.65576513938
"321" 0.24 -2371.36972491022 0.261852152982391 0.104726195298962 1684.41336205098
"322" 0.24 -2457.49584597088 0.304081982796116 0.10998464894444 1600.40479148351
"323" 0.36 -2087.9195124536 0.342011251731522 0.113896249998858 1513.36551372714
"324" 0.28 -1348.93634354688 0.437349074163219 0.133731825188606 1309.16522024708
"325" 0.32 -1698.60348943287 0.422081011664449 0.130691064399371 1345.28459048607
"326" 0.32 -1482.71633159669 0.518103435320617 0.152775034565402 1157.19232266586
"327" 0.28 -1862.53953842494 0.313419851768151 0.11099367581696 1569.18062118882
"328" 0.32 -1776.17663172095 0.262780487364952 0.10437035600561 1667.17238381515
"329" 0.36 -1530.44620559603 0.450072133644305 0.135885190889903 1290.78057785926
"330" 0.32 -1912.69027802794 0.401838982259349 0.12531699916874 1390.40110691692
"331" 0.36 -1651.19219539547 0.468890417347395 0.138110516453678 1261.28817167567
"332" 0.36 -1097.10197644392 0.546577565360046 0.161983317936122 1088.34062753923
"333" 0.2 -2092.09724260905 0.454704010436781 0.136181005267882 1277.04855279125
"334" 0.32 -2129.35502042549 0.344699267517474 0.118036571792249 1495.41310258331
"335" 0.32 -1632.33992289363 0.361175490033028 0.119113524510935 1474.11392445077
"336" 0.32 -1512.76408089028 0.364284476851554 0.118988891111934 1463.10912620801
"337" 0.24 -1964.11694941478 0.373695816207048 0.121294958210406 1450.64234746991
"338" 0.36 -1735.22986144708 0.438479566749674 0.131945398711177 1312.21553182993
"339" 0.36 -1484.78016137763 0.460083999493343 0.136206491173216 1270.45764073983
"340" 0.2 -2602.85043371299 0.218110753312215 0.0983370802911253 1772.56675460545
"341" 0.32 -1712.92645578645 0.372757373395194 0.122574191408441 1445.6789859472
"342" 0.28 -1586.27119703611 0.368189978557674 0.118923762813728 1460.91910340506
"343" 0.28 -1898.76631197556 0.327291973229368 0.112062268128144 1541.83667593309
"344" 0.32 -1917.3558737644 0.494957004469801 0.14544067866235 1201.13618870511
"345" 0.28 -1878.56970988218 0.41471129571949 0.126547029487517 1362.80982923048
"346" 0.28 -2049.57796346999 0.318053602802677 0.112078021554315 1562.63755640681
"347" 0.36 -1559.29018667671 0.464430639572916 0.139512143448211 1264.51300443158
"348" 0.36 -1150.45528093565 0.484973774782793 0.143438541616671 1219.39864795199
"349" 0.32 -2220.95070002539 0.389568135983212 0.121770801225486 1424.80602365861
"350" 0.36 -1419.01544129877 0.45092376472103 0.136536434337315 1288.09509417165
"351" 0.24 -2406.68245894644 0.339874535618256 0.116345170604587 1512.18901361516
"352" 0.32 -2201.64578863434 0.317591702042742 0.114226857174222 1558.10116773372
"353" 0.28 -2085.05356831554 0.322142972430998 0.111863326891182 1545.36775350072
"354" 0.32 -1678.59198252696 0.320206626688896 0.112402453719673 1555.08099982166
"355" 0.28 -1833.72033943196 0.427250763286032 0.130665664627508 1324.93485816799
"356" 0.28 -2405.53409851291 0.419350347019625 0.128800728603447 1357.22259956443
"357" 0.32 -1996.56427487979 0.299137518010874 0.110176191653334 1595.59247135457
"358" 0.4 -1130.93880066964 0.478549239851687 0.140055069257784 1230.37651984121
"359" 0.28 -2218.76718322835 0.353749753561517 0.117190387412643 1486.04635110394
"360" 0.32 -1271.69964641527 0.53059610668235 0.154882536947404 1116.90313754979
"361" 0.48 -1110.08063582469 0.58733821136054 0.174658910871004 1010.26642086154
"362" 0.2 -1877.12526394264 0.313512760163794 0.112150322222451 1573.17328322107
"363" 0.32 -1616.30469311986 0.45457785444595 0.13714601297688 1271.81059722432
"364" 0.32 -1897.33607905308 0.406288620340218 0.127318604895944 1381.48201698796
"365" 0.32 -1507.79724817974 0.405972276050366 0.12505847854807 1374.46732617507
"366" 0.52 -1732.71045822988 0.536630025504863 0.157664817553254 1117.87891025342
"367" 0.24 -2672.52035475462 0.318697134850561 0.112432799591114 1559.74455615932
"368" 0.32 -2407.32883134126 0.415890124481078 0.126361980735628 1370.79779795361
"369" 0.32 -2099.75478682318 0.28555752996825 0.108610267676453 1625.9250424486
"370" 0.24 -2023.95010771391 0.335751294705105 0.115188562042266 1507.73798837275
"371" 0.32 -1857.40549608585 0.428990830113382 0.131831937361957 1324.97378181212
"372" 0.36 -1286.26749049955 0.520638715757122 0.153527291107277 1146.59827996914
"373" 0.32 -1469.08211220881 0.409024697754601 0.126899271879647 1373.66301535892
"374" 0.36 -1453.69585678555 0.488438972426417 0.14448655786379 1208.18086551326
"375" 0.28 -1299.42983304956 0.431409600970829 0.131849573288868 1328.55374043313
"376" 0.28 -1810.14287858231 0.416369730129311 0.128634184855642 1366.92205982497
"377" 0.32 -2841.95766956045 0.268006630787434 0.106292156127862 1666.05938619906
"378" 0.48 -1022.15826618369 0.584956973085816 0.171984540659109 1018.29768235087
"379" 0.28 -1138.53923737366 0.470496405771696 0.141678296040227 1245.54599248413
"380" 0.32 -1719.88271410557 0.499858308679863 0.148407522447344 1189.70832699064
"381" 0.32 -2570.51685480079 0.318423550820294 0.110122989110785 1562.19667200783
"382" 0.28 -2253.77235422435 0.435825128354493 0.130920891936691 1329.9699725772
"383" 0.32 -1557.09163277298 0.452855258226494 0.135393656965785 1285.99849036699
"384" 0.36 -1630.56815893176 0.384029480435944 0.123600969797854 1426.16443574546
"385" 0.28 -2089.14782080217 0.313951858641081 0.112010095884727 1582.35641352391
"386" 0.36 -1478.27196029424 0.381336043315702 0.120664756798216 1425.08279925415
"387" 0.28 -1752.18081905704 0.316681349972348 0.112125242431612 1561.94665626205
"388" 0.32 -2317.79548902662 0.418562035361412 0.126754761986452 1371.83935326781
"389" 0.36 -1529.38268936187 0.47616584605588 0.139894112157791 1231.69016963182
"390" 0.32 -1382.12299284174 0.437626782746452 0.133286615418373 1307.23918608749
"391" 0.32 -2050.31067264764 0.371895673530568 0.120224758127316 1458.38843927979
"392" 0.32 -1500.05381683454 0.476780849811847 0.142720582520877 1245.37470557016
"393" 0.36 -1765.26251862149 0.329798451831422 0.113945592118804 1526.46628763439
"394" 0.36 -1537.3757801576 0.305980791492097 0.11022937361713 1574.36369318564
"395" 0.32 -1285.84314078597 0.43757650445133 0.133269404925716 1307.44376147536
"396" 0.36 -2324.60955977812 0.406582951551478 0.126013193084093 1376.66847768821
"397" 0.4 -1542.79821208393 0.52333780023567 0.15340459574321 1144.58445543642
"398" 0.36 -1744.79170250177 0.483233286118604 0.143393506301602 1221.96822666055
"399" 0.4 -1312.86735420732 0.514937047947762 0.150889627441306 1155.55230375958
"400" 0.32 -1839.95203532633 0.34766823929889 0.116405733226089 1494.03407459979
"401" 0.4 -1433.80421178606 0.464586566446845 0.136598211133694 1262.76110648858
"402" 0.24 -2163.93964678247 0.375155290358193 0.122204678978465 1447.86751699859
"403" 0.32 -1632.52700189191 0.355861701475209 0.118699654926018 1475.22919758319
"404" 0.24 -1841.83289084859 0.240886957129218 0.103496756915231 1696.38357956759
"405" 0.28 -2101.37792542758 0.360745345146255 0.118275493561674 1479.41034361336
"406" 0.32 -2004.47724603937 0.342258014491074 0.113780202386683 1522.84479481321
"407" 0.32 -1523.58127194791 0.49044633364323 0.144142074167327 1200.85495821328
"408" 0.32 -2205.5003230694 0.368640081339625 0.117689494098139 1466.78247459443
"409" 0.28 -1492.93606255001 0.393448862191898 0.123063466211671 1403.51883726962
"410" 0.36 -1535.67257741314 0.485114720526774 0.144900760976469 1212.81191141483
"411" 0.2 -2044.44809365185 0.245788540976385 0.103314584397112 1709.70515372827
"412" 0.4 -1737.20250672357 0.443441119243183 0.133583451861106 1303.53274366092
"413" 0.32 -2257.61852818205 0.281481445346397 0.107886096247579 1628.53121949993
"414" 0.36 -1519.95634833579 0.470123674702952 0.138862369322259 1247.03239505068
"415" 0.28 -1894.07942643436 0.281457630738962 0.105429793215646 1627.44001836281
"416" 0.28 -1736.41984162673 0.356085457987128 0.117427908619427 1478.5981291238
"417" 0.24 -1337.15797645733 0.35998599574365 0.121758282757644 1473.13851190265
"418" 0.28 -1741.68288130588 0.386621668357872 0.123779044002917 1419.17663685042
"419" 0.24 -1656.28306651317 0.344310558283551 0.114983857042237 1493.74632517498
"420" 0.36 -1780.09016684858 0.429010425749164 0.131200174234124 1324.8639418345
"421" 0.32 -1624.10963082674 0.5409350617007 0.157831962295152 1104.24001709778
"422" 0.36 -2468.34376713003 0.505721977081477 0.14726672360851 1183.336122342
"423" 0.32 -1800.68437106088 0.421085525825726 0.130178669742066 1347.72462526383
"424" 0.28 -1323.67580385665 0.493599993791806 0.145949414993874 1202.08166575079
"425" 0.36 -1634.16407119938 0.42282308890095 0.128058034992846 1345.15953295022
"426" 0.4 -1830.90316555464 0.489344656919875 0.142759721933143 1210.20246503686
"427" 0.32 -1508.56107303554 0.316762999769402 0.111048353463845 1556.65354490476
"428" 0.36 -2138.20791752567 0.485532238216564 0.142762939662761 1216.34012489627
"429" 0.32 -1918.62415918803 0.41829156105458 0.128571970194396 1352.94274600492
"430" 0.36 -1676.24341552135 0.422437586901531 0.129836612390946 1356.98635497007
"431" 0.32 -1513.33552015602 0.392032697387596 0.123609252690312 1404.72180144687
"432" 0.36 -2296.93376875945 0.435176781966201 0.130846687509342 1321.2060763202
"433" 0.32 -2426.42438678399 0.269759760783449 0.10434054039138 1674.89923302908
"434" 0.2 -2579.82961114606 0.29961578158734 0.1088819976955 1599.70716713315
"435" 0.2 -1831.99012608898 0.311253944538041 0.110107051160749 1571.54880371936
"436" 0.24 -1883.07806931635 0.307245555248266 0.111301035035128 1575.42470272891
"437" 0.4 -1768.52867415203 0.498935541584861 0.144341008061016 1204.21566214238
"438" 0.32 -1641.59377334941 0.467506593622102 0.139552396570863 1254.24217084445
"439" 0.32 -1523.37210422661 0.34924239221917 0.117274533890471 1483.24644531198
"440" 0.32 -1307.76908695871 0.52260342193751 0.154703787577344 1146.69194688482
"441" 0.36 -2355.48317928627 0.373369403457352 0.120770776210578 1452.90104806585
"442" 0.44 -1459.27091013428 0.486314557031258 0.14515346169929 1214.65342917394
"443" 0.44 -1365.33087383604 0.514536418165898 0.150181639766642 1164.20947312145
"444" 0.28 -2292.62203946892 0.276668445361825 0.107655097474693 1638.70015626515
"445" 0.24 -2114.28502199166 0.274468731614972 0.105488806142868 1665.54601915783
"446" 0.32 -1676.3350460962 0.427884109013681 0.131956569067765 1321.12681565244
"447" 0.36 -1510.43562687079 0.35452641020103 0.116342553797434 1477.71870671687
"448" 0.48 -1193.0801432841 0.623598411844485 0.188582238005469 934.725096363498
"449" 0.16 -2145.93856816798 0.316789536449571 0.111082049698376 1556.65357988538
"450" 0.28 -1209.81105036657 0.499914943055575 0.147585741826542 1189.25855709723
"451" 0.24 -1810.83507924464 0.357097444684621 0.117325802767553 1468.66215260848
"452" 0.28 -1543.80667470987 0.397120416112642 0.126356201443436 1391.50569213541
"453" 0.24 -2322.04392286605 0.208327883111691 0.0977270362413892 1766.14486671373
"454" 0.44 -1147.59205305356 0.571913163152979 0.165743992600586 1045.34503743054
"455" 0.48 -1726.5107906901 0.545191716630204 0.161265706770187 1112.6339038163
"456" 0.32 -2438.09615924357 0.376204368783696 0.121570799313159 1445.57266751402
"457" 0.44 -1364.47490470531 0.555175673686161 0.160960457439698 1074.03152489257
"458" 0.4 -1591.7202785978 0.501397968193836 0.148232717647987 1188.54748477493
"459" 0.36 -2738.12739812272 0.404426264905137 0.125851427189783 1385.56312529138
"460" 0.28 -1351.69891909176 0.416721614015923 0.126913784360364 1360.02775721021
"461" 0.36 -1567.69942883013 0.422782615447937 0.129716692297462 1349.24713890306
"462" 0.24 -1943.55481306084 0.322995283182006 0.112344348408526 1556.82661200679
"463" 0.28 -2026.08005326538 0.389839012672335 0.124620471961058 1413.85133022839
"464" 0.36 -1490.92574876063 0.596650576424151 0.173383414153511 998.524836574448
"465" 0.28 -2341.09231460904 0.280989670667201 0.108417546635676 1632.64744426661
"466" 0.28 -1642.16312990474 0.442403217177506 0.132546873551802 1303.57616335121
"467" 0.36 -2224.60042357763 0.430601136227386 0.134153204895621 1344.02776683428
"468" 0.36 -1231.70483810808 0.51879607704517 0.15057984546683 1148.99073966056
"469" 0.24 -1807.7969810691 0.339321264793486 0.117915545193706 1514.19638198376
"470" 0.32 -1733.4956221683 0.448684341389673 0.134363374767547 1286.41607894466
"471" 0.24 -1812.94180678524 0.416058557584223 0.127580322729903 1376.63643751481
"472" 0.28 -2066.7312591886 0.379999953982504 0.120785041843591 1429.89718184483
"473" 0.36 -1920.69487013054 0.375303598606905 0.121338326255725 1443.3739513913
"474" 0.24 -1349.12194315294 0.417962154994612 0.130121133745901 1345.87988299921
"475" 0.28 -2425.30478277959 0.306596379615733 0.111782301578605 1597.52198722329
"476" 0.32 -1742.00550456959 0.334433471071709 0.113023091660188 1534.41768877335
"477" 0.36 -1865.62440402847 0.471211878509878 0.139157107314481 1243.83219011336
"478" 0.4 -1757.84088844895 0.425056847428665 0.128483631249259 1344.72601423323
"479" 0.32 -1600.17405835603 0.424903163428537 0.129334382175693 1335.40853042161
"480" 0.28 -2079.04497263604 0.389016469437818 0.124123504482697 1421.1978157437
"481" 0.28 -2053.88912443655 0.392930257243933 0.121063666740687 1420.58752129771
"482" 0.32 -2980.90047792272 0.339083540935397 0.113374903568208 1529.74040170676
"483" 0.28 -2090.11841566885 0.500724883147668 0.148300181534536 1185.72911107524
"484" 0.28 -2509.77914787541 0.38425192460916 0.121281250246735 1436.33956839163
"485" 0.28 -1696.40646946116 0.508271241642211 0.148310583124237 1174.61240011344
"486" 0.32 -2344.84033570396 0.441050710869123 0.130608102730433 1317.13510562756
"487" 0.32 -1338.91889394552 0.45055122189409 0.134898432528231 1278.82417799879
"488" 0.24 -2382.96219281081 0.267452193774112 0.106539299210394 1653.69596892711
"489" 0.36 -1998.61127243965 0.44032478923094 0.132855744588742 1313.78749204902
"490" 0.24 -2317.08206531783 0.294362788205795 0.108779097761943 1622.01503620576
"491" 0.32 -1486.32901925403 0.46432044457807 0.13870000556522 1263.70347140321
"492" 0.32 -2004.98259733871 0.484796731172208 0.13981473111845 1234.8255657237
"493" 0.4 -1821.39824254767 0.408835622211787 0.126576117812423 1376.03388895244
"494" 0.32 -1560.52115043605 0.312097612695652 0.110898892921105 1570.16555149134
"495" 0.36 -1700.15954492851 0.480137449617759 0.145104147320644 1228.6361794354
"496" 0.24 -2080.89985529679 0.33239142822412 0.113670287421205 1527.59756860672
"497" 0.32 -1506.24581095871 0.410081420454895 0.12896620847086 1369.88633131081
"498" 0.28 -1833.04331246125 0.402776780206791 0.124223074744943 1398.92886609963
"499" 0.36 -1517.64610928504 0.359017769604405 0.118582002811622 1470.71916247512
"500" 0.36 -1896.3397228444 0.424081873934368 0.129490197995672 1337.84385095263
"501" 0.36 -1929.19538582685 0.491579149520572 0.14488226973077 1214.79051079895
"502" 0.28 -1958.18389937692 0.273811959189248 0.105020706394516 1644.13586604924
"503" 0.4 -2056.795946337 0.595287260642992 0.174047930520081 1009.27828186282
"504" 0.36 -2397.56129202201 0.422708512744849 0.127625225653577 1351.53814004102
"505" 0.4 -1471.0842327465 0.519112914472666 0.152396916704403 1147.81119039808
"506" 0.4 -1913.78109543348 0.312544212555041 0.111025868772052 1576.03201564243
"507" 0.32 -1640.60294158038 0.410644932859216 0.127296215896994 1374.78474305424
"508" 0.2 -1812.75095684332 0.33485922494775 0.113864370604776 1525.50699373413
"509" 0.32 -2181.21253642905 0.403682411360659 0.125801358178627 1380.13416304928
"510" 0.28 -2196.14987257224 0.289318366774375 0.108927319644731 1613.21910304537
"511" 0.2 -1714.3939049863 0.395151061915837 0.125278101041117 1403.82963468536
"512" 0.28 -1752.82153449976 0.287890217416586 0.107800414726079 1619.57779981751
"513" 0.28 -1955.6407763736 0.363744326554678 0.119797562548657 1473.34457111347
"514" 0.32 -1473.27863228628 0.455201331503068 0.136022554807005 1279.36570861965
"515" 0.32 -2051.9959852392 0.32675769512836 0.113668829223339 1547.66003224524
"516" 0.32 -1732.34176263407 0.430924552999173 0.131601382158377 1332.68605308941
"517" 0.28 -2066.70865715624 0.323613588019265 0.111358062164007 1554.51932736539
"518" 0.4 -1777.7449572416 0.469274843622648 0.137975482002192 1249.1262035579
"519" 0.4 -1577.21986625302 0.395446193943414 0.122967010675115 1400.35072474409
"520" 0.32 -1903.30641754868 0.411454242318069 0.129162664333114 1369.70337455616
"521" 0.28 -1562.93613883831 0.454790588809125 0.137338460150426 1283.70447618441
"522" 0.36 -2023.35671468798 0.307961716005163 0.108966635929154 1583.03262415161
"523" 0.28 -2197.96697609698 0.397158753680032 0.123402220602255 1396.6869118739
"524" 0.36 -1341.14667926652 0.466019209810333 0.138743546513027 1257.76422363573
"525" 0.28 -2265.41007458146 0.356011954345896 0.116683130365206 1492.02342731468
"526" 0.24 -1815.95169563581 0.414902659637429 0.130593168322491 1361.75576620986
"527" 0.28 -1808.15840657935 0.271059924269886 0.10638241813563 1646.27752012324
"528" 0.32 -3079.11928502539 0.441772472865072 0.133437941571144 1322.08312940907
"529" 0.24 -1886.86623982104 0.292574382988331 0.110562957481547 1596.08922609108
"530" 0.4 -1548.91393171406 0.374312551435316 0.121302730722468 1443.51327067936
"531" 0.28 -1728.79959189476 0.366807548660952 0.117964223539465 1454.93826929473
"532" 0.24 -1376.26479544328 0.373460548213849 0.122894384455904 1436.65429801668
"533" 0.24 -2147.14403084111 0.341287128305311 0.116108276775669 1506.01524461342
"534" 0.24 -2097.45939202613 0.361418817544752 0.118206007043253 1468.92756966632
"535" 0.44 -1670.22796724452 0.470665937766485 0.141532596465464 1237.87752430108
"536" 0.36 -1528.98375086753 0.531209814306848 0.15613589180795 1122.68393848001
"537" 0.36 -1497.9384859578 0.454954299055519 0.134549544680919 1286.33305110439
"538" 0.36 -2364.90017415345 0.430264339425444 0.132315572027028 1342.46279296241
"539" 0.4 -1706.59695818153 0.359527405523535 0.118637130487546 1470.19620555336
"540" 0.24 -1687.15478733473 0.418317831206438 0.126716965579887 1359.33068772384
"541" 0.32 -1955.29934529838 0.388172076156476 0.122240291769594 1414.59564150768
"542" 0.4 -1515.98310391253 0.420496187694732 0.128765658217137 1346.09573780661
"543" 0.24 -1634.82796800819 0.413592954176447 0.129114303715651 1365.48292976049
"544" 0.24 -1747.76255392583 0.329075198233582 0.11265220483652 1538.3639538616
"545" 0.24 -1666.81759325019 0.360236753153241 0.119556377778623 1474.51414697171
"546" 0.24 -2126.49324189888 0.382129955010221 0.119948545150287 1452.68674445078
"547" 0.28 -1852.74304675315 0.33458612998354 0.116703051227142 1533.57004995821
"548" 0.28 -1489.17613718279 0.40792236474771 0.128096266906885 1365.01950370777
"549" 0.24 -1962.5054636047 0.283707003024611 0.107261686468369 1617.21656126062
"550" 0.36 -1969.84092788137 0.462929048897619 0.139110500964494 1265.87735834736
"551" 0.32 -1768.67712309583 0.486994241662512 0.142387017617637 1221.9164621247
"552" 0.32 -1471.97801156549 0.342469576507448 0.114799268562159 1501.67177536849
"553" 0.28 -1460.43213191841 0.421846239384252 0.128532603258827 1339.48051879823
"554" 0.28 -1681.94050811675 0.38908290250831 0.123156166989954 1429.06072683361
"555" 0.28 -1306.64193072845 0.420044251383375 0.130558421786441 1342.21658809325
"556" 0.32 -1613.462512527 0.389652259698493 0.124795556588117 1405.81082908161
"557" 0.4 -1162.79738308969 0.480898746521585 0.141513178346613 1216.85444923246
"558" 0.36 -1631.96896615223 0.444067705304873 0.135142717272847 1307.07619907082
"559" 0.32 -1370.42146349562 0.455757289714117 0.138301153964322 1266.85865662148
"560" 0.28 -1880.19643499013 0.460382489471867 0.137645015072193 1272.78956908308
"561" 0.28 -2207.89172665231 0.456174131967112 0.134993436872614 1282.61656295534
"562" 0.24 -2607.88961774237 0.28089729023855 0.108341722497798 1626.20163850409
"563" 0.32 -1335.0729455822 0.521260744287256 0.153195084390049 1141.98015214109
"564" 0.28 -1324.78566565225 0.478855344024105 0.143807647284855 1226.69277839639
"565" 0.28 -2095.29586971832 0.316703736285426 0.111471275998918 1564.99199533623
"566" 0.36 -1551.41582792117 0.478897671025324 0.142193873757614 1232.348882342
"567" 0.24 -1689.08235260313 0.362233249609259 0.119810482280989 1464.96253848721
"568" 0.24 -1922.53670765298 0.286162495606234 0.108047125033829 1626.79674747305
"569" 0.36 -1940.72041539685 0.483084028558949 0.142936529554888 1237.07246395384
"570" 0.36 -1822.87789986261 0.410587448895038 0.126391664441394 1365.3108428923
"571" 0.28 -1495.6757731804 0.397145367702175 0.125825708712556 1395.83246103315
"572" 0.28 -2046.71823381273 0.390698040369672 0.126203271920611 1425.28286794653
"573" 0.28 -2098.48790227237 0.352976905315408 0.11759010471475 1493.32702251855
"574" 0.32 -1741.53630054864 0.417760605767725 0.128411330795445 1363.09609199144
"575" 0.24 -1667.96585356688 0.291635309485921 0.107858649847729 1614.83272547911
"576" 0.24 -2060.14463710707 0.276225227844379 0.105341938348508 1650.00470788304
"577" 0.24 -2724.52316766565 0.344054605160479 0.11791936416379 1508.11824389344
"578" 0.28 -1754.79575806186 0.374253980995297 0.122146254710625 1448.35301134639
"579" 0.2 -2361.2911727803 0.343310276537484 0.115560002518685 1512.43065260431
"580" 0.32 -1792.82325309762 0.45444511261335 0.135209409617766 1294.68785825222
"581" 0.36 -1495.78235070367 0.348459232067086 0.116159472508643 1487.78637387708
"582" 0.32 -1954.10373136702 0.423201401008207 0.131326229485062 1357.89645349109
"583" 0.48 -1240.14137286643 0.588597558521252 0.170493266086139 1019.06526057925
"584" 0.36 -1504.68922361971 0.574597047525715 0.168403016784585 1047.25023773615
"585" 0.44 -1482.21397576421 0.472129571661102 0.141099263310989 1242.38504345153
"586" 0.24 -2261.57114353466 0.356702814579107 0.118723223178314 1491.33087839744
"587" 0.24 -2384.11859219189 0.339463556151419 0.115481525155429 1507.63961445817
"588" 0.4 -1187.22843600695 0.527755524257333 0.154989201842601 1132.34902012791
"589" 0.32 -1610.6200588722 0.406477876602807 0.12531897433035 1380.66285706274
"590" 0.4 -1798.12920112848 0.468360095891011 0.141580041919905 1244.22521841852
"591" 0.32 -2814.53721326668 0.424673373201299 0.12897334907497 1346.4231115033
"592" 0.36 -1141.89406843502 0.480406576930415 0.142063175601163 1225.77431958066
"593" 0.32 -1480.94846922121 0.451846409446245 0.136510194237831 1283.09670293801
"594" 0.4 -1547.38553179137 0.564955470699775 0.169178584012997 1056.11669192427
"595" 0.28 -1527.51538649879 0.277042957606911 0.106189259666963 1633.0496602828
"596" 0.32 -1593.21736142297 0.411400809091991 0.128752509986728 1362.06415686994
"597" 0.28 -1858.56117548453 0.271855681846848 0.104565813379401 1649.2897017447
"598" 0.36 -1657.38972169093 0.456303334299923 0.136859527296422 1285.8898680251
"599" 0.36 -1483.39282438986 0.451225938137215 0.135354980696374 1284.35715507072
"600" 0.28 -1827.73629896824 0.455989885880903 0.135346184032305 1286.25266648989
"601" 0.28 -2115.67132901048 0.288895478842471 0.108792374177808 1618.6313353396
"602" 0.36 -1502.82148973048 0.457376566292846 0.13849597537525 1283.02632171081
"603" 0.28 -1939.80911306662 0.46171297721895 0.139019399269375 1276.98110387763
"604" 0.4 -966.801263940576 0.444669784673021 0.134692524770572 1281.76278332032
"605" 0.28 -1602.99187628917 0.42150053347741 0.130532962629226 1334.80625284627
"606" 0.2 -1901.36053990295 0.281558545105637 0.109052906379198 1635.0846254278
"607" 0.4 -1395.54203673537 0.469350983008783 0.140068697587792 1249.39170550415
"608" 0.24 -2351.20564269843 0.31185507074132 0.111507912151 1582.38974715705
"609" 0.28 -1942.35794686126 0.483134444463824 0.142127007819047 1231.7399203238
"610" 0.36 -1600.53497874459 0.436948196445048 0.131590876768025 1321.93826584942
"611" 0.28 -1994.69206087192 0.470162815210718 0.139753372711169 1262.49484790747
"612" 0.28 -2573.24787303618 0.407459097313248 0.127323486237466 1388.32981183523
"613" 0.32 -1853.56843168468 0.481997921958121 0.140805413730597 1227.79578135988
"614" 0.28 -2398.25410600996 0.290367129903368 0.107846829070778 1607.91755790617
"615" 0.28 -1539.15436102064 0.416008697492626 0.130423132178446 1361.96441723125
"616" 0.32 -1720.0686715883 0.343832767873482 0.114641163577807 1508.40564684827
"617" 0.32 -1975.52397644825 0.33022963093083 0.113525362398177 1535.8264829541
"618" 0.36 -1404.72798815626 0.433796192944487 0.133865105298124 1313.35568352239
"619" 0.28 -1808.42942491778 0.32820339395139 0.111740479416793 1548.12696082677
"620" 0.32 -1517.57128287169 0.504335799573452 0.149300312797545 1185.95148046806
"621" 0.28 -2045.91120891543 0.392617884948338 0.125004286274871 1404.55481021047
"622" 0.32 -1863.19757140569 0.490771319157028 0.144323656098587 1210.3395548115
"623" 0.4 -1195.36116290068 0.465016163862106 0.139003675720692 1249.96862012169
"624" 0.32 -1345.49502643801 0.453215334923815 0.138393379682151 1275.811658585
"625" 0.32 -2171.95394382447 0.435331496196411 0.13075436582872 1320.93882759545
"626" 0.36 -1292.50479189523 0.53005813839674 0.154985489660401 1124.66617151917
"627" 0.36 -1198.6509981317 0.482234021545598 0.142858584596221 1219.65518075523
"628" 0.28 -1946.03696976494 0.42239995040006 0.129478750183686 1360.82595810591
"629" 0.28 -1453.59579316053 0.396901600864865 0.123173711618736 1396.45226822524
"630" 0.32 -2580.28598640047 0.380772810062379 0.121070491229526 1432.30035109095
"631" 0.28 -1722.58510083188 0.394782871426515 0.125375900668751 1399.95284650523
"632" 0.32 -2151.66268187542 0.351908074316311 0.117711979300418 1482.31869471259
"633" 0.28 -2074.84599593771 0.437888460443506 0.13312781324709 1318.18429881095
"634" 0.32 -2262.53454276604 0.334698046134307 0.11672635383917 1522.73024161629
"635" 0.28 -1498.14872254465 0.496856393272787 0.146084964921839 1190.51448118567
"636" 0.32 -1949.8029552239 0.349187736054977 0.118520517211735 1490.17730661506
"637" 0.4 -1042.85109389283 0.467502923906647 0.141937392079074 1252.99888777228
"638" 0.32 -1631.42149696386 0.484336184342652 0.139806508310018 1230.37717547422
"639" 0.4 -1181.11519762256 0.474616465603982 0.140443892792587 1237.97151190852
"640" 0.32 -1125.89754208626 0.524168304450821 0.151697936589202 1132.5965270008
"641" 0.36 -2176.22266957009 0.441888586319957 0.132735903296189 1303.82043181018
"642" 0.44 -1600.66890541068 0.414043740488154 0.127272013593326 1357.32766226648
"643" 0.4 -1744.74097818979 0.498645416013112 0.145441236529171 1190.39302813738
"644" 0.32 -2186.35948786702 0.347718310539327 0.116682897309224 1501.72560368312
"645" 0.24 -1625.12187474044 0.296102950730211 0.108351359141149 1595.79610992586
"646" 0.36 -1516.4923728988 0.391217854660937 0.123141615369171 1400.94069203185
"647" 0.36 -1573.94228427428 0.390560185932826 0.123421190136414 1406.26669945399
"648" 0.24 -2159.64986318998 0.329650851701799 0.112528771667509 1535.05491316341
"649" 0.24 -1979.70122034887 0.285762543064869 0.107250466349871 1624.88015641376
"650" 0.32 -1661.97369725815 0.414707868179459 0.126702581216645 1365.99723343645
"651" 0.32 -1902.85453389719 0.351347916485913 0.116873897333668 1487.89208376607
"652" 0.28 -1652.35783443051 0.412755165089723 0.127060242227992 1350.37549354009
"653" 0.24 -2180.27094230009 0.373051430201225 0.120387689827162 1443.40716773296
"654" 0.4 -1077.07918807306 0.561943945000345 0.165783443489931 1054.36628261073
"655" 0.28 -2187.86969815304 0.367586801411889 0.119004559499089 1462.86771208911
"656" 0.36 -1779.37598905514 0.419024193222912 0.130868141699893 1353.36201958784
"657" 0.36 -1337.76423368406 0.551405560771886 0.161916488224173 1083.23278442204
"658" 0.32 -1508.50010860275 0.509829163405085 0.148655728034436 1162.58131496579
"659" 0.32 -1810.2067595957 0.403345824758746 0.1262456601957 1394.01055568184
"660" 0.36 -1512.06590643327 0.584957927092291 0.17250486776837 1020.84736295853
"661" 0.32 -1517.62964168385 0.363164003285681 0.120404897265643 1465.17112111093
"662" 0.4 -1839.12440100936 0.514765393071944 0.149293106567549 1170.72997513458
"663" 0.28 -2172.71796090429 0.360157749809408 0.118280831896111 1467.54444661429
"664" 0.32 -1430.73343478613 0.357449957196308 0.117107569607288 1479.51696125366
"665" 0.4 -2630.45585828772 0.328379136854044 0.112765472719442 1553.60054687524
"666" 0.32 -2806.92157921123 0.495744774057798 0.146173865630683 1194.17290601428
"667" 0.4 -1443.32881279101 0.523903940724383 0.153075287818947 1140.54007701898
"668" 0.24 -2109.43292107133 0.265797794236903 0.106132663254907 1658.48349483291
"669" 0.28 -1971.05252083221 0.324885120142656 0.114090978373932 1539.97306731471
"670" 0.28 -2165.43008399505 0.428588622510384 0.129560019239248 1343.62640094008
"671" 0.32 -1524.53334302689 0.421796384544396 0.128991660396696 1335.12574008762
"672" 0.36 -2293.01106607225 0.494932018675018 0.147259112417538 1206.38427570154
"673" 0.32 -1713.88185949162 0.359198262886408 0.119145053770185 1478.54702610605
"674" 0.36 -1544.74452198276 0.39897164328434 0.12787762956482 1395.34048118536
"675" 0.24 -2129.48784719205 0.350465958202292 0.118950311109935 1491.39786694232
"676" 0.32 -1662.9568569485 0.477704587473033 0.142608638658599 1238.81589399831
"677" 0.28 -2216.26331441465 0.394543750595362 0.123586342805466 1410.35645061432
"678" 0.32 -1365.28239836131 0.410844173705218 0.128191729016983 1364.49596625702
"679" 0.36 -2240.91128563877 0.400712790006501 0.124900839458642 1395.58529965146
"680" 0.32 -2472.74084354162 0.324206425214229 0.11382884144673 1552.90027974325
"681" 0.32 -1857.32939919737 0.447205179059018 0.136552352819071 1281.56411251664
"682" 0.36 -1520.50852541411 0.42631168820638 0.129854288301282 1344.03635008089
"683" 0.28 -1513.99442936192 0.374992334706855 0.122153551257343 1431.19294455166
"684" 0.24 -1973.57280140042 0.299609948330662 0.108569948808694 1601.52389453096
"685" 0.28 -1730.33908224716 0.361128307157761 0.120373076648501 1461.33712062986
"686" 0.4 -1558.34948803611 0.477525735261743 0.140594215699591 1246.69340420882
"687" 0.36 -2078.57793763079 0.383987994689522 0.123202025057589 1415.07116122151
"688" 0.36 -1391.87162190086 0.507902429583357 0.14882027340347 1169.16858674482
"689" 0.28 -2075.74060466795 0.354568330650651 0.117063887023049 1487.81406718104
"690" 0.4 -1487.61078991731 0.434700257608202 0.131073238190751 1319.00779236666
"691" 0.36 -1737.51020119695 0.401202761635431 0.124200608034917 1390.81600475036
"692" 0.32 -1964.22241659676 0.42689649063551 0.131953504584939 1337.49488368752
"693" 0.28 -1285.51642176407 0.437385158062788 0.131448948697743 1312.55535988191
"694" 0.32 -1046.93303788007 0.531144714657315 0.155154823489378 1118.08415843076
"695" 0.36 -1331.73327890556 0.376478695261733 0.123364800100749 1437.66127361795
"696" 0.32 -1813.7118510494 0.397066265963167 0.123226343604216 1407.23970475911
"697" 0.28 -1320.5955271763 0.461276195055837 0.136839380058336 1275.90483930244
"698" 0.24 -1684.59194296438 0.249145248917452 0.101813681721621 1698.79737418522
"699" 0.28 -1708.39319834063 0.323552971797777 0.113064404814508 1547.22103491107
"700" 0.24 -1825.10594118739 0.357453659576865 0.116345788272802 1487.87350233352
"701" 0.28 -1355.53410560317 0.481363351662036 0.140695563788977 1227.38942738467
"702" 0.4 -2114.24089416541 0.452566468694702 0.134275934033087 1297.71715666467
"703" 0.4 -1798.65245263921 0.452748893038944 0.134847731001758 1285.03079165924
"704" 0.44 -1374.90882325695 0.613734711351779 0.180357934278906 960.865173627236
"705" 0.28 -1869.64662656802 0.491730396699381 0.143995256586326 1213.2034439877
"706" 0.36 -1574.58139701879 0.596254253555466 0.176049670378172 997.935590059357
"707" 0.36 -1766.0986401941 0.383462854377621 0.120635810337185 1423.40102619182
"708" 0.32 -1516.98429123461 0.348790511159573 0.116135157572161 1495.03197689713
"709" 0.32 -2780.92225642942 0.491364443593169 0.141018904870717 1217.07675039988
"710" 0.28 -1763.97065279378 0.335157315811124 0.116531159263607 1523.01376862434
"711" 0.24 -1875.27091986844 0.370122015146474 0.121102286597217 1460.62886904118
"712" 0.32 -1149.37944333648 0.520713223148565 0.150760212269891 1142.4825569518
"713" 0.4 -1889.00945113867 0.429281326568994 0.129745390687749 1339.84018224303
"714" 0.32 -2423.27317708345 0.423408492696178 0.131439629053379 1339.75847417988
"715" 0.36 -1773.38707651397 0.390607742472947 0.124800377576664 1412.40763144557
"716" 0.24 -1979.35572917443 0.322661863769788 0.11343520179637 1541.5551932948
"717" 0.28 -2033.54914368603 0.410110288667134 0.126821331648008 1377.46891945698
"718" 0.32 -1815.03664442363 0.427721467883774 0.12768965627677 1347.38151975732
"719" 0.24 -1731.63867866698 0.418569973004821 0.130697131821611 1352.8967696701
"720" 0.28 -2027.37602937743 0.304303788222303 0.109743314182034 1590.41585634018
"721" 0.24 -2298.03419104257 0.335400193539349 0.113365460693365 1536.06205164645
"722" 0.32 -1453.13600379583 0.445618904040157 0.135763681121844 1289.24980890272
"723" 0.36 -1580.62918430897 0.490487513473864 0.142538638932904 1214.35873229769
"724" 0.4 -2620.6490675659 0.499897852217445 0.144825346640956 1195.37067625142
"725" 0.24 -2333.77591963153 0.328839412043708 0.113264304036023 1522.69906731995
"726" 0.32 -1289.79212475031 0.54355196752134 0.157668645375757 1103.56417022329
"727" 0.44 -1758.20009054199 0.399550419805745 0.125648222124748 1387.11946755148
"728" 0.36 -1433.69126216214 0.405670257156167 0.12672105051962 1379.26901815147
"729" 0.36 -2183.65457726167 0.406231101983 0.125899407325969 1390.54679842669
"730" 0.24 -1948.65247547788 0.241199872129962 0.101381953694085 1706.67151752386
"731" 0.32 -1749.58935879455 0.405353269509248 0.126390454211032 1374.23496104923
"732" 0.4 -1650.21447061626 0.517584833279577 0.149310010911672 1152.75233941757
"733" 0.28 -1732.59182675447 0.431413624558104 0.130652378912045 1325.02632087107
"734" 0.32 -1640.3440938776 0.40114462842161 0.125362285146897 1384.23789628478
"735" 0.28 -1443.40176754879 0.304662761022927 0.110768288473286 1583.10043191678
"736" 0.28 -1879.53722692272 0.38603704644965 0.121162104502396 1432.20605456117
"737" 0.32 -1346.37136386698 0.432734383161722 0.135045610951158 1318.779412268
"738" 0.36 -1389.02371574175 0.455798243754144 0.134805563128012 1283.26797174206
"739" 0.32 -1429.03224879299 0.482257822228652 0.142041726029555 1235.52269781233
"740" 0.28 -1115.48894788702 0.404931315453618 0.12568597107868 1374.06124189064
"741" 0.4 -1471.54247113732 0.5526354551913 0.15824976081657 1091.40525232732
"742" 0.36 -2150.25368545055 0.407509545862272 0.124977264276358 1386.92258719826
"743" 0.36 -1823.12502685642 0.393140811452817 0.123311910564713 1400.34820532917
"744" 0.24 -2870.78262710158 0.276886264613738 0.106071488289779 1652.12326728732
"745" 0.28 -1847.85111803263 0.353627566878883 0.117053703109333 1482.1688067748
"746" 0.24 -1735.85261285912 0.364281416043992 0.117585410770537 1477.31170967652
"747" 0.28 -2349.78566043978 0.31123048032958 0.110691301797065 1579.28333029756
"748" 0.24 -1743.97993358735 0.304361941953237 0.109999311234796 1596.08884488692
"749" 0.28 -1893.69267319019 0.475984338925127 0.141394086588216 1243.25123014307
"750" 0.4 -1713.34220068564 0.417522280651235 0.128959471986785 1358.04767638005
"751" 0.28 -2061.71481602984 0.390662739902382 0.125551350302529 1422.92360107924
"752" 0.36 -1538.83898093829 0.462784161935999 0.139168474842231 1259.13260548968
"753" 0.28 -1848.04447763935 0.387075327981984 0.123430562835664 1427.0293112265
"754" 0.28 -2590.62124444724 0.259409152117852 0.103592923506795 1674.65365899168
"755" 0.24 -2031.88124838813 0.412197229664243 0.1271457851455 1371.28137807192
"756" 0.32 -1714.67904130793 0.328643961614024 0.115107699365577 1534.72608941048
"757" 0.24 -2213.73743188551 0.428700977787638 0.128656984849843 1338.50867770764
"758" 0.32 -1457.66445408652 0.485178176650376 0.144602507499057 1212.32885340819
"759" 0.28 -2262.32409669724 0.401834669766076 0.127611617816863 1389.41800762184
"760" 0.28 -1724.87021765967 0.42148774731205 0.129371996459703 1354.05750475278
"761" 0.36 -2507.68376213386 0.39348471633075 0.123319801964435 1428.39335810478
"762" 0.32 -1600.15230312929 0.346161841051866 0.118191106379639 1490.93378477484
"763" 0.32 -1966.67310908257 0.309812511927859 0.10974798553329 1571.8790096222
"764" 0.44 -1224.00772716907 0.537911776666647 0.158510270373752 1113.61060051262
"765" 0.32 -1658.63418547773 0.463847366128242 0.139311175546452 1267.16916358829
"766" 0.24 -2419.61612295095 0.302405721251536 0.109363581904896 1605.32534674136
"767" 0.24 -1897.02429424868 0.33294647480553 0.115319436629382 1534.08484671056
"768" 0.28 -1695.72156880293 0.291156828134101 0.10947297932001 1601.81874813244
"769" 0.28 -1933.57020493932 0.47059750855212 0.140881749939745 1244.27707256567
"770" 0.32 -1349.73215296906 0.420375722646196 0.130489944194076 1351.0634628428
"771" 0.24 -1483.93573031428 0.324195685674363 0.114711913004474 1533.85038662388
"772" 0.2 -1515.6112877042 0.444017986001531 0.132368840224687 1302.48847496217
"773" 0.32 -1620.40622801487 0.44115708875337 0.132216579194624 1311.73704184643
"774" 0.28 -2432.87160430778 0.325912049824266 0.112309533174823 1557.16506576883
"775" 0.2 -2108.76537117599 0.307081971044581 0.110118798080829 1579.06837705997
"776" 0.36 -2223.58963931202 0.399685370540312 0.125691556539957 1385.40445212083
"777" 0.36 -1232.77165893864 0.491321405048817 0.142909561421798 1200.46434399745
"778" 0.28 -1814.90604415402 0.354941228164895 0.117859336821716 1488.43715910306
"779" 0.36 -2492.43118210876 0.343897966375194 0.115329234612674 1513.67862979479
"780" 0.36 -1416.73944858567 0.456066297513442 0.136449412519793 1273.54488669549
"781" 0.32 -2056.57485781965 0.320074956518832 0.111515857183104 1558.67105831844
"782" 0.32 -1827.05908912662 0.475712740055995 0.138605019883208 1245.4309364639
"783" 0.32 -1762.21731058531 0.32173034888618 0.112877558849891 1542.11390270297
"784" 0.28 -2523.12108735193 0.263757905439545 0.103902891562569 1655.75669855651
"785" 0.36 -1242.98383874049 0.421710686023458 0.129908769160833 1333.24630331858
"786" 0.28 -1144.20586279205 0.459287232409915 0.137916450185883 1268.49419430987
"787" 0.24 -1815.90160417971 0.437743321795289 0.131851737718953 1317.80007389929
"788" 0.24 -1776.46896410219 0.381088654402693 0.122047248452508 1435.82017243355
"789" 0.36 -1719.51661797883 0.454468962555738 0.135483808672999 1290.91370343107
"790" 0.24 -1921.27105304951 0.314379986041658 0.111501429500987 1571.54015024977
"791" 0.24 -3294.98522393719 0.243689396363155 0.100380576063617 1728.6997930576
"792" 0.36 -1977.55630387788 0.420390534316864 0.127974583596438 1348.00791408104
"793" 0.24 -2776.83182231262 0.309997131839522 0.111111059033336 1583.21733101367
"794" 0.28 -1488.75187345195 0.53688996896022 0.154647558294237 1121.95464588057
"795" 0.2 -1630.80075276939 0.299176890314602 0.108394964859733 1598.34942313455
"796" 0.4 -1689.57251275505 0.462444654299675 0.137922141229252 1261.73615736723
"797" 0.28 -1448.47987241987 0.349630477465972 0.117172770334765 1490.3901087638
"798" 0.32 -1613.14709689778 0.39169957831708 0.123223216804925 1411.06422042573
"799" 0.32 -1647.72442938352 0.452817967326567 0.135572306700531 1282.0997622708
"800" 0.36 -1348.15523598297 0.516588016115153 0.152768399156093 1157.28512476344
"801" 0.36 -1813.88974267146 0.437193335802455 0.132740659799505 1312.15930411359
"802" 0.32 -1461.92809543743 0.541515200457075 0.157239579950422 1114.15755498071
"803" 0.32 -1887.34514661998 0.477830497756122 0.141682578507818 1234.29059199385
"804" 0.4 -2593.90744059286 0.340045674668401 0.115517872633243 1514.19669852764
"805" 0.32 -1451.69228155396 0.449341506784722 0.135213491254358 1297.92044642023
"806" 0.24 -1908.99166911808 0.393627300829819 0.125783987869765 1403.19114040818
"807" 0.24 -1438.51806702068 0.299804043779694 0.111061183808452 1591.13663770586
"808" 0.44 -1463.29796312626 0.554479390315459 0.162357041390267 1078.69810893347
"809" 0.32 -1724.02769282086 0.431575816802143 0.130580557071623 1327.6882754546
"810" 0.28 -1761.83537072094 0.352878831864826 0.11697949494168 1496.2001955862
"811" 0.44 -1418.67230614033 0.58954421316467 0.173277703658193 1013.72197132348
"812" 0.4 -2133.15222934077 0.44102641983839 0.13260370819788 1311.81840767583
"813" 0.36 -1215.0826710746 0.470592041330558 0.141058161159828 1243.1591713433
"814" 0.24 -1625.12479036662 0.370781590457623 0.122336697269644 1449.8187746781
"815" 0.36 -1622.38962536763 0.391756456694784 0.122717080787181 1411.57520164089
"816" 0.24 -2011.75236432103 0.233471658368198 0.102619313673155 1725.62052996664
"817" 0.36 -1578.1802984277 0.506253444176938 0.147415364448994 1171.62260084573
"818" 0.44 -1742.07334293956 0.422272519437941 0.130049734654469 1350.97423929923
"819" 0.32 -1831.80311166868 0.428445710746719 0.133429398019677 1334.15599747343
"820" 0.28 -1629.69257552809 0.405013233554648 0.1257724400996 1387.98222841218
"821" 0.28 -2524.0497426341 0.380277207546821 0.122455617500211 1437.15489520622
"822" 0.24 -2403.18937983139 0.227860927077261 0.0992949468814502 1739.98547542939
"823" 0.32 -2023.0356993644 0.296394366094478 0.109124509980029 1610.21762967781
"824" 0.28 -1536.04739803571 0.453250833489828 0.13543131430617 1282.97577769795
"825" 0.32 -1908.67088997191 0.273338797625931 0.106423288315999 1643.80707947935
"826" 0.4 -1692.15099695524 0.478672535371972 0.142801506396023 1241.5701143913
"827" 0.32 -2222.44046981035 0.36682410637648 0.119863950530809 1463.25280805406
"828" 0.24 -2042.28538813331 0.289565309463774 0.105997137138505 1627.97418410314
"829" 0.4 -1486.31918997341 0.457951833298555 0.13604328363027 1270.22068320502
"830" 0.32 -2136.77601619013 0.381863834330494 0.123050206543894 1440.84753357677
"831" 0.36 -1707.98593513141 0.408690991602204 0.126675931475853 1378.60559466526
"832" 0.24 -1853.28613227816 0.324694419649697 0.113834161124404 1533.96654082786
"833" 0.32 -1876.03458911657 0.380943164546198 0.120089766028215 1441.37555670385
"834" 0.24 -1608.74175473646 0.345446655889005 0.117583628483688 1507.55020045184
"835" 0.36 -1593.56301415217 0.399450363630803 0.125530713083192 1387.38152299415
"836" 0.28 -1619.11133851566 0.40615356481979 0.12804299053071 1376.62350928144
"837" 0.36 -1788.22072905207 0.373136509185492 0.120294583007435 1436.14200291886
"838" 0.4 -1259.11597187931 0.526278647873157 0.153934703954261 1135.68469872328
"839" 0.4 -1628.05935247689 0.48368709285812 0.141462255375135 1219.57280647796
"840" 0.36 -1440.16429841136 0.449707716975758 0.13701054216504 1295.53031182308
"841" 0.28 -1574.04168083958 0.387783318114548 0.121833969746566 1411.76890939903
"842" 0.4 -1619.98751268956 0.456307561941214 0.135106553327918 1275.95976326473
"843" 0.32 -1303.82809469078 0.438438019763262 0.134973531733198 1305.99815472936
"844" 0.32 -1632.54272587599 0.326221119796934 0.114174531335881 1543.17404173265
"845" 0.24 -1509.39473318023 0.407295824416971 0.128691503569229 1371.23686419437
"846" 0.48 -1411.58766049295 0.559732111966844 0.161984927727705 1073.56060047616
"847" 0.36 -1510.24467414453 0.487769762474352 0.143646234121864 1214.72167382765
"848" 0.32 -1404.15739843057 0.51963525343249 0.153332412407706 1145.55322487171
"849" 0.36 -1254.12221026141 0.562891110767821 0.16480252055386 1066.23122735053
"850" 0.24 -1953.77871391543 0.331893065385787 0.116114819755161 1538.75663215471
"851" 0.28 -1548.85058364444 0.348453690830393 0.116688350294253 1490.85716666101
"852" 0.32 -1211.12893874555 0.54725874747824 0.159214226732721 1094.17461016349
"853" 0.36 -1413.37559749005 0.489376057981049 0.142462833669114 1213.10837926517
"854" 0.32 -2044.6994443349 0.391526918971897 0.121747653627851 1429.35506451419
"855" 0.28 -1250.35181210492 0.395999497005952 0.125355055013956 1394.86749593855
"856" 0.32 -1404.79733237993 0.459511909490763 0.139025491239992 1266.38979585318
"857" 0.32 -1645.5850891669 0.44147725938673 0.137044369392923 1307.17894854432
"858" 0.28 -1981.85932983749 0.257546396319868 0.104098298386726 1685.79728828382
"859" 0.28 -2107.83200009276 0.377969752026079 0.122317702108807 1440.17523101329
"860" 0.2 -2555.65897206279 0.223681392963787 0.0985907757166786 1745.88852054604
"861" 0.44 -2145.01461537203 0.454065131576423 0.134438069416742 1291.53396109095
"862" 0.28 -1486.98104597886 0.446298110331313 0.133520200977804 1306.93477427332
"863" 0.32 -2081.06015859094 0.430643327190476 0.13082484699263 1345.43678559232
"864" 0.32 -2161.41660645823 0.298370769003181 0.108995252176689 1592.01146649891
"865" 0.24 -2473.91077847034 0.299598088746461 0.110146941709725 1601.73996831751
"866" 0.32 -1668.45410674788 0.355338251435134 0.117337043136525 1480.0716528371
"867" 0.28 -1842.85226115692 0.465994498741315 0.139018536353036 1263.46022653283
"868" 0.28 -1908.36891961323 0.310668485073091 0.112337968465937 1574.50434605093
"869" 0.24 -1930.55902282126 0.385600540591108 0.123940311987354 1413.45546811189
"870" 0.36 -2708.94623574162 0.387680593842804 0.123027052785909 1434.94988086351
"871" 0.24 -2415.60695341538 0.271103572105451 0.105130041177109 1662.42809708412
"872" 0.24 -2181.97044460126 0.339340299177942 0.1147664802082 1519.04567301117
"873" 0.32 -1206.03549102713 0.534667073567559 0.157158444571612 1117.1437406318
"874" 0.36 -1649.44158007967 0.32068697031766 0.112200114312297 1555.32049909355
"875" 0.28 -1730.31861324819 0.392820972591608 0.124506609397948 1401.68235089265
"876" 0.32 -1669.93608096462 0.465920095088075 0.137089519954641 1275.36205883272
"877" 0.4 -1246.26185528623 0.504315332376639 0.149234318261504 1181.38565519091
"878" 0.4 -1830.53557216342 0.345975587150246 0.115930495840867 1512.29738838802
"879" 0.28 -1747.84004180572 0.368043677135781 0.118930343237551 1450.00602164078
"880" 0.2 -2042.09203690027 0.282989299735073 0.10703958765789 1627.23728685981
"881" 0.28 -2195.90406863584 0.36314224533857 0.117457250802534 1464.31219311677
"882" 0.28 -1618.93991996796 0.362688597939337 0.119416220994196 1459.76567800042
"883" 0.24 -1617.41859343987 0.354549630876089 0.115986503291512 1483.16789059648
"884" 0.32 -2115.28638572816 0.327067983431637 0.114442150940821 1548.05359078112
"885" 0.36 -1791.67711697328 0.429608103994247 0.131400175378903 1328.07404777654
"886" 0.28 -1982.50498399326 0.490404244943255 0.143595934685531 1226.26590346765
"887" 0.32 -1987.75306851869 0.375025648727807 0.120587614139792 1449.69103698735
"888" 0.28 -1831.49102527666 0.459435989203545 0.137147194841422 1267.27888255795
"889" 0.24 -1996.90054003835 0.354919735242336 0.118257003504293 1491.20530267923
"890" 0.36 -1565.84165509206 0.443070576012836 0.132142427738303 1300.75001126701
"891" 0.4 -1599.50140526485 0.509044794197839 0.1467065672635 1177.4868898457
"892" 0.28 -1664.25968516066 0.378696196336427 0.121196490700838 1442.91472354631
"893" 0.4 -1377.58052314709 0.544877993758145 0.16173532175679 1100.35179246181
"894" 0.32 -2246.21446458605 0.299904822552864 0.108999776425641 1601.48943080805
"895" 0.28 -2093.32391665449 0.306209241273282 0.111615050081369 1576.5248599045
"896" 0.32 -1204.00084938402 0.493981707100919 0.145256296804277 1189.97465097932
"897" 0.28 -1544.41775523581 0.409150596639349 0.126307454395307 1372.72818925344
"898" 0.24 -1720.80031659081 0.331913738332019 0.11454710488387 1530.33753175036
"899" 0.4 -1500.01703901688 0.505078933815824 0.148571592589645 1176.31666287493
"900" 0.32 -1840.887668346 0.475570142044337 0.141588571604744 1248.39150817029
"901" 0.28 -2277.87160864118 0.372223912477612 0.121101412545294 1446.96513479425
"902" 0.36 -2627.01051305312 0.345101608326005 0.115991616114235 1512.09549592802
"903" 0.44 -1246.60524891941 0.574151772548961 0.167381524042812 1039.00919408384
"904" 0.36 -1671.87045982486 0.397833529589579 0.126995365635175 1390.455595947
"905" 0.32 -1715.26715191742 0.434578209370149 0.132055147269412 1322.14742912416
"906" 0.44 -1488.3925597061 0.387625307976352 0.123566637267935 1401.8536329905
"907" 0.36 -2167.82271954365 0.359580258507628 0.117024571446398 1485.4728690961
"908" 0.24 -2736.94826858622 0.249207814170356 0.103495761217591 1702.71998114939
"909" 0.28 -1836.68363507289 0.408407708915471 0.124383075942286 1383.95934281703
"910" 0.32 -1972.17911699237 0.323470672830262 0.113231590226727 1532.14103310481
"911" 0.4 -1912.79621903316 0.502031493708622 0.147128406060107 1189.17274018055
"912" 0.24 -2081.81348841569 0.246166946854642 0.101140393162226 1710.20192462454
"913" 0.32 -1428.18990531835 0.420403555815623 0.129161780110354 1352.68316208402
"914" 0.32 -2190.81486180714 0.343307907769835 0.114096254780388 1507.5467859809
"915" 0.32 -1601.84129618895 0.389930300917515 0.123080636097216 1416.27437521069
"916" 0.4 -1675.39034987443 0.495958701346844 0.143999002613777 1208.04296360685
"917" 0.4 -1084.94799219744 0.533047659164336 0.157651974851907 1118.6455847477
"918" 0.36 -1579.92127702296 0.458444942888464 0.135508104496131 1277.81146430833
"919" 0.24 -1801.05899953359 0.311320175947186 0.110115792019856 1572.00938102283
"920" 0.32 -1855.55993716508 0.337092227009763 0.115018780682367 1511.77142884918
"921" 0.28 -1998.33217550411 0.371019819239957 0.120731029660075 1449.03884995163
"922" 0.28 -1992.15290886036 0.300103799022118 0.108574227700449 1597.59370271817
"923" 0.24 -2215.43219404856 0.199580654619473 0.096033402280247 1787.93032975406
"924" 0.32 -1945.76500901484 0.405095443706516 0.12516429731865 1395.28521892887
"925" 0.32 -2048.971173116 0.474154924016341 0.140030084787248 1264.14837639655
"926" 0.4 -1409.61537948944 0.451058818367865 0.135092198154418 1278.41789820129
"927" 0.36 -1635.07002923485 0.470923531865098 0.137833939379832 1253.3378156165
"928" 0.24 -2256.15856962802 0.335335235021639 0.115825440193344 1526.48259411256
"929" 0.32 -1144.29687547433 0.593419475571394 0.176325016614511 1004.11721371887
"930" 0.32 -1617.75887992994 0.383734190831982 0.122839621605599 1429.68072883385
"931" 0.36 -1845.13986849797 0.442202304140531 0.13399427654231 1305.82724631135
"932" 0.36 -1361.26558746458 0.525373172182255 0.154263103470465 1151.5791631508
"933" 0.4 -1632.95593740258 0.389793140806994 0.123826130627493 1416.88126019513
"934" 0.36 -1763.02036336014 0.498866727597788 0.147412620130764 1194.44434414934
"935" 0.44 -1394.6336370846 0.598339632981088 0.178614877516953 988.583567415092
"936" 0.24 -1910.64347574069 0.423239780292396 0.129048394391982 1345.2443294825
"937" 0.32 -1817.65909562341 0.428371015026832 0.130069291567718 1343.74844607081
"938" 0.32 -2253.65945456834 0.325281704953197 0.112150403356413 1537.90498481723
"939" 0.24 -2000.66903897747 0.352035750526564 0.114764005808219 1506.54205732305
"940" 0.32 -1930.03710999131 0.46543943928753 0.13919334067922 1253.137732183
"941" 0.28 -1890.45575616664 0.49804761556268 0.147706759235175 1197.03261251056
"942" 0.36 -2531.93651774338 0.322029316012355 0.113346246176243 1550.42529190832
"943" 0.28 -1786.72090870868 0.303556794378316 0.112814908837485 1577.41553987765
"944" 0.36 -1400.41403032863 0.506986801001095 0.146848741462486 1174.83854602583
"945" 0.4 -1641.71344619297 0.394137517663293 0.122735660206363 1403.44341209713
"946" 0.28 -1244.70338435725 0.387024250072085 0.122423452464766 1405.13978025557
"947" 0.4 -1928.77881957738 0.495225565829195 0.144001012266282 1200.00095021125
"948" 0.24 -1934.76079966615 0.374262966620777 0.120945756035319 1444.26114179874
"949" 0.32 -2641.29488666816 0.406971779596281 0.124934077972357 1387.18949345498
"950" 0.24 -1584.45267272381 0.295304679177434 0.108729177830772 1610.95881602967
"951" 0.2 -2302.58108326874 0.227776072438072 0.0997555413172356 1732.10040362271
"952" 0.36 -1452.34209344595 0.371984363691123 0.120969809146697 1439.67805505899
"953" 0.32 -1596.4164806112 0.414126477779604 0.127924993045873 1363.92250870227
"954" 0.28 -1912.59047626095 0.283799291964511 0.107024146051836 1630.3950593266
"955" 0.44 -1415.29441771013 0.525743720269621 0.152115220140746 1130.18150557864
"956" 0.36 -1668.34813104146 0.349838629010707 0.118142053389405 1483.34721643978
"957" 0.24 -1788.67693288003 0.352727529228175 0.117958303328424 1469.5282352057
"958" 0.32 -1945.94483698517 0.327073244335209 0.112965468902195 1538.76268321349
"959" 0.32 -1651.84584738039 0.434797303114455 0.131662947437157 1328.17505284673
"960" 0.28 -1351.6945081246 0.501185351990187 0.148748341748981 1189.06891880424
"961" 0.32 -1453.36940779139 0.41435675910225 0.12736430888722 1355.46731638542
"962" 0.32 -1435.4082918428 0.405412838182683 0.126517465917738 1371.73038791891
"963" 0.36 -1732.38325169453 0.382180497456125 0.123864347073287 1418.32615569246
"964" 0.24 -2452.94398660381 0.217680883713858 0.0992873158429106 1761.80116423074
"965" 0.48 -1404.03600334667 0.542979424319877 0.160602974143818 1099.48361250262
"966" 0.32 -1547.23574361655 0.439578113679009 0.132363081876176 1318.26479718257
"967" 0.4 -1095.19601631501 0.574543166055412 0.167686179664944 1034.82294501198
"968" 0.28 -1382.11495420838 0.435019325985657 0.132267201284917 1328.84596607093
"969" 0.32 -1903.74312481688 0.450380489833059 0.133843043928824 1296.3843093683
"970" 0.28 -1458.75181457436 0.359018268162885 0.118293965540183 1475.36857091604
"971" 0.36 -1638.73759203452 0.489638366929172 0.145700076284419 1213.24227742472
"972" 0.32 -1614.11361608276 0.315824683778348 0.111928466746788 1558.2271492617
"973" 0.28 -2969.75773836089 0.292233018799108 0.108093960726517 1622.36940517463
"974" 0.28 -1700.87190479411 0.419180472810742 0.129161655735676 1359.02822220441
"975" 0.48 -1262.44992376877 0.624105002205148 0.187407187174238 946.410532513387
"976" 0.4 -1661.87437628043 0.520211955089384 0.154908292397285 1151.34287125116
"977" 0.28 -2352.78815824607 0.275558711933151 0.105705524194072 1646.05529582315
"978" 0.28 -1766.35986054699 0.284138728101168 0.108238290539213 1621.6044983684
"979" 0.28 -1668.35754424901 0.325245991712457 0.114264619770141 1530.95433944301
"980" 0.28 -1609.18192584901 0.394429572952356 0.124698885584334 1406.44502615855
"981" 0.36 -1763.95490535502 0.444160365202095 0.133114672262792 1297.25929339812
"982" 0.28 -1583.28815499224 0.350220018839451 0.117132417509205 1482.00025711439
"983" 0.36 -1547.48700600162 0.34685042550954 0.118541236458415 1497.87918043456
"984" 0.32 -1785.67850967299 0.39822840510116 0.122922649706339 1403.46093806827
"985" 0.32 -1443.16220197967 0.500189817435106 0.145236328663348 1197.65484666775
"986" 0.4 -1410.44413372434 0.426123326622548 0.131403562735443 1336.30763339178
"987" 0.36 -1787.53406370628 0.522787622539729 0.150322553264626 1154.50064986037
"988" 0.28 -1729.46501260682 0.44557972133472 0.135392577177046 1300.96781478937
"989" 0.32 -1103.35519979146 0.550332699444322 0.164258029965603 1079.83897923024
"990" 0.36 -1383.95570026644 0.41508568059526 0.128378266713254 1346.036456334
"991" 0.32 -2040.9792966021 0.430823679764232 0.131709732022435 1348.82064704345
"992" 0.32 -1738.33755092476 0.430407224287867 0.130725238323524 1330.07132388586
"993" 0.32 -1777.71580103673 0.362450067403428 0.119268392145184 1464.09981330212
"994" 0.36 -2006.92022994352 0.462613865740634 0.135428246074135 1273.25725210785
"995" 0.36 -1386.9320781498 0.412595414988128 0.130862568413709 1353.57490598043
"996" 0.32 -1760.14305757889 0.418593168812245 0.130645613980576 1357.13477388353
"997" 0.32 -1905.36605447019 0.343837777495076 0.115802853422444 1505.11083787614
"998" 0.32 -1806.64966809936 0.403836769814675 0.126158823771218 1381.57381298289
"999" 0.32 -1566.23657312786 0.367266978956552 0.119810083113887 1446.21823898145
"1000" 0.36 -1390.53761195918 0.389118644946497 0.125055075795327 1396.72086850703
