"SCI" "RCI" "GER" "MSM*" "MIG"
"1" 0.5 -693.176026933482 0.221598256710142 0.625726925073112 101.99167363774
"2" 0.5 -30402.1426542868 0.26363987538908 0.576289470810947 106.062199677899
"3" 0.5 -2402.10432391254 0.183162514632426 0.6161494881533 102.146519364696
"4" 0 -1463.91000020129 0.201225393406738 0.605216001475486 107.112739579636
"5" 0 -1088.51856197224 0.114877862355929 0.580845928343905 107.469504145184
"6" 0.5 -1829.5290806742 0.288594148508 0.616448195046787 103.763441537227
"7" 0 -1025.23388913122 0.145265426675572 0.597184883447658 105.69230424636
"8" 0 -1797.53809536764 0.120921938859911 0.59695226557338 104.526880282233
"9" 0.5 -868.517311680069 0.243173800537993 0.600982672538594 105.600221008528
"10" 0.5 -1077.68829171168 0.140750677783715 0.609892039196713 102.942183235846
"11" 0.5 -1930.46144044912 0.399791779727936 0.662857511360286 101.812593778223
"12" 0 -1232.19964148484 0.194502973833253 0.613879751642058 104.889874701179
"13" 0.5 -2298.05916348428 0.189044617769493 0.600616848079869 105.527042539045
"14" 0 -1909.44942480294 0.00761380212987506 0.550500035075432 108.42316727133
"15" 0 -978.744817225321 0.0277831592085874 0.551894755502368 109.075848178566
"16" 0 -1182.62815226695 0.0501084854081063 0.553975893748117 109.735754893348
"17" 0.5 -858.310051119665 0.169022087327059 0.608738425033761 101.877140128706
"18" 0.5 -2074.1654044888 0.185391934270413 0.61861489449519 101.961761720572
"19" 0.5 -1071.33294561448 0.181238552373712 0.607280952311662 104.474340358377
"20" 0.5 -1895.85458723882 0.334756182287532 0.645728062489278 102.486236756481
"21" 0 -630.995162820537 0.121685416416974 0.604794439568856 103.044985411153
"22" 0 -914.64566725317 0.213268853103369 0.625165049959403 103.593655505287
"23" 0 -978.847515531154 0.118496108573022 0.58409533134983 106.987189289462
"24" 0 -1011.20621192501 0.172731262430853 0.619245814298458 102.675491890358
"25" 0 -553.15843644036 0.00423736404234676 0.563713043213913 105.724256608007
"26" 0 -662.809509303477 0.143845328212332 0.595307562747022 106.001895541768
"27" 0 -634.018813022378 0.155003474859769 0.616139741528137 102.421504446818
"28" 0.5 -640.151061197283 0.215648209013198 0.616427210204578 103.005857577827
"29" 0 -634.623520948826 0.050827777322434 0.567485093477675 107.032754058996
"30" 0.5 -1805.44331782002 0.165165559342549 0.60277777848235 104.910440927185
"31" 0 -1158.41380436226 0.274874037191337 0.639721403943631 104.123670723476
"32" 0.5 -836.262934941233 0.157434991757201 0.582818841659984 103.090228813514
"33" 0.5 -4043.84024738919 0.14710145757117 0.599433764688503 104.993696482573
"34" 0 -1196.47014750543 0.0221155545636527 0.534631794704595 112.397866724571
"35" 0 -2912.56872685936 0.141124580475033 0.580837699227099 108.894433881156
"36" 0 -1645.97505659591 0.0305606513900286 0.532498155458835 113.305410467344
"37" 0 -497.475565700011 0.123750037247018 0.594769741560612 105.094886788283
"38" 0.5 -4388.05948102749 0.258075043556937 0.633869887195953 103.104136330914
"39" 0.5 -812.30853961954 0.136609401008355 0.597115921990825 102.00070831487
"40" 0.5 -1170.36740496987 0.165125087664823 0.597581111383284 102.352160312142
"41" 0.5 -739.152578995626 0.256581057889636 0.58542255937312 102.316276225168
"42" 0 -916.334650254681 0.0259300493897459 0.566404372247876 106.130007509608
"43" 0.5 -2291.52692936513 0.311223591490178 0.630332192430999 103.815278819017
"44" 0 -457.366240514966 0.110602058639343 0.602582136156792 102.964072883013
"45" 0.5 -626.414463637242 0.17835931756299 0.585924530534374 103.964352285303
"46" 0.5 -1306.58614704784 0.191136562721932 0.593716922122574 104.969367499836
"47" 0 -1281.20623976729 0.0352899621239328 0.561760241850435 107.450250126934
"48" 0 -657.139386220903 0.113636445016898 0.583268015627249 106.907787330751
"49" 0.5 -3488.36483314636 0.264329388760831 0.604539610541388 103.495380836353
"50" 0 -783.638416585226 0.125880063973888 0.584766290392582 107.232740227808
"51" 0.5 -1195.21170268546 0.113324292658317 0.595962002572729 102.294389414694
"52" 0 -1912.47474534481 0.175603535207025 0.590390825056338 108.821752012381
"53" 0 -542.922827637286 0.125078657411762 0.59796918852871 104.526792103006
"54" 0 -2088.16756898295 0.00388768240655102 0.55217395085329 107.926708743325
"55" 0 -847.426241575687 0.0881811178449798 0.597201496412375 102.990289203427
"56" 0 -1294.33862706551 0.172250336851832 0.606729124038108 105.158914845134
"57" 0 -2096.06919786192 0.2052075564108 0.586088066570304 111.704767048289
"58" 0 -1098.09507984357 0.0143518089715325 0.541359447762891 110.590609316505
"59" 0.5 -832.686060063421 0.082384380016846 0.573286810599818 104.926430315245
"60" 0 -491.610109159038 0.00737266029688288 0.554458268501141 107.633152183471
"61" 0 -1680.73420945351 0.122048619066975 0.578870800376819 108.260727913724
"62" 0 -984.777974219793 0.0924853071885542 0.593848595873278 103.81171446282
"63" 0 -501.355744766169 0.00831464777696955 0.564645046995918 105.717643608991
"64" 0 -948.280649716573 0.237012177938145 0.630371901816182 103.846357913641
"65" 0 -1915.55257026482 0.12682166740188 0.562449794160719 112.121442362643
"66" 0 -2074.88481406862 0.157512634416451 0.616577930206416 102.456305930228
"67" 0 -2834.15886134364 0.240667949517527 0.626999509122799 104.774027319672
"68" 0 -958.85196411118 0.132216513629132 0.610376346842942 102.463500213902
"69" 0.5 -1745.26791498652 0.26532436515292 0.587853232615084 105.478966089338
"70" 0.5 -2359.7340401523 0.194087490172358 0.6117282638799 101.775948962383
"71" 0 -761.81649307427 0.0759401639060752 0.587325328421332 104.318556957133
"72" 0 -632.36711096583 0.00599557917072535 0.551576866410997 108.13768230374
"73" 0 -2084.70273597284 0.231883108094795 0.634183742706593 102.769333182136
"74" 0.5 -559.451464501435 0.143275595003952 0.601052309673332 103.358796286397
"75" 0.5 -840.911748225515 0.174592423478067 0.590181357910353 102.700190368574
"76" 0.5 -711.071294547685 0.180318242499483 0.61176390709563 101.826125989575
"77" 0 -1214.71963237259 0.145263267009762 0.592903162919894 106.571631588833
"78" 0.5 -1250.79586725533 0.276250604755699 0.637712604946016 101.715763621777
"79" 0 -903.891254251148 0.0896298783881926 0.578974433278801 106.583351098374
"80" 0 -1065.93294640154 0.0436619046607729 0.572184135502763 105.793180468818
"81" 0.5 -758.498693529193 0.0980024229337344 0.583187654342798 103.660547990538
"82" 0.5 -1695.56641976527 0.274766538640661 0.632642809331177 103.772964834049
"83" 0 -745.982293795666 0.11246896375559 0.581634879951285 107.182676281966
"84" 0.5 -605.000745722524 0.154618351301827 0.612258553959629 103.025066507142
"85" 0 -1111.65893864392 0.00985873216473709 0.510919973925549 117.014241453819
"86" 0.5 -4461.37658761037 0.147682020393473 0.607717365955343 103.085819734447
"87" 0 -2680.53159771319 0.0581477074982059 0.575210738671417 105.853427270101
"88" 0.5 -489.939022064787 0.136772209401447 0.595228916013229 103.041227816138
"89" 0.5 -960.04147683206 0.263905729585603 0.611095586649528 104.956163539924
"90" 0 -1050.47652171777 0.140909909045514 0.597751118278513 105.354070783849
"91" 0 -676.399675777786 0.0961372853192937 0.568498858858318 109.064038361888
"92" 0 -1854.30083288147 0.0566468866998875 0.56770295674767 107.260629895073
"93" 0 -775.10951172705 0.212255649214794 0.622949200042536 103.993430673098
"94" 0 -1297.61121257765 0.0301425515964846 0.524020742755029 115.170761805191
"95" 0 -779.153145259103 0.133905389122031 0.604035276757178 103.762377343071
"96" 0.5 -796.240868417801 0.192128656556197 0.609469495713423 103.578906719945
"97" 0.5 -1136.06179758415 0.179816964136258 0.569131768731807 105.5987012567
"98" 0 -925.726903083122 0.0794884049609677 0.569322858626622 108.03884317677
"99" 0 -1290.7180990579 0.212691870600003 0.626980988662209 103.191959992051
"100" 0.5 -762.032217460928 0.187066745277066 0.583309492300324 102.778356792312
"101" 0.5 -517.537489961898 0.19920752887735 0.601158881589221 101.912420724146
"102" 0.5 -1046.72072127825 0.239914704878698 0.630709988866422 103.263515463285
"103" 0 -1677.59024462887 0.0257077294244762 0.510423075103705 118.063971531787
"104" 0 -4090.206920868 0.183237209992524 0.581196764089945 111.377665827773
"105" 0 -1328.67618704257 0.00233858140514798 0.552579457925219 107.779103147425
"106" 0 -606.611150247704 0.102892971936902 0.586421567578559 105.739421328437
"107" 0 -1436.97240204358 0.11373611445426 0.553873930502272 113.279869423388
"108" 0 -989.006164020616 0.0981364943417711 0.569837175473517 108.887998456322
"109" 0 -1709.22367581439 0.0696695739576874 0.562359792348475 108.97974205378
"110" 0.5 -1093.27370671045 0.257591068525866 0.580161431151507 104.224957945477
"111" 0 -621.074607702623 0.00706693292830096 0.554977958928933 107.518274655263
"112" 0 -1654.02824962159 0.135868527818579 0.594087844176296 105.838591572782
"113" 0 -897.58526087631 0.0347790750333641 0.564158370080072 106.955487122457
"114" 0 -1195.93829205231 0.0138600566369901 0.551857817097318 108.436440789467
"115" 0 -1243.5323906856 0.0579879760035421 0.553077912206644 110.323663407983
"116" 0.5 -771.762810684962 0.206426069919559 0.601456026212409 102.099404657166
"117" 0.5 -1071.62090525077 0.118607341725338 0.573979429871812 104.16392783029
"118" 0.5 -2367.32552447595 0.266690292221217 0.61985490239032 104.045165846404
"119" 0 -1038.42273078719 0.000883915592986617 0.544271008293727 109.361044983217
"120" 0 -1513.78898032922 0.111680530198613 0.55021371757185 113.997800006229
"121" 0.5 -776.367251526016 0.201746959068246 0.601911813655767 103.89051815439
"122" 0 -3858.6328757487 0.0111609864140012 0.520447465388196 114.922299337247
"123" 0.5 -1625.12219033334 0.231565868140155 0.59614730701272 101.551269972604
"124" 0.5 -1270.8250720763 0.212109238814008 0.629687192212937 101.766686637327
"125" 0 -2092.1396742721 0.255836139567815 0.632735157466049 104.45850749542
"126" 0 -699.528907778921 0.247398522950067 0.630775319277263 104.369718901068
"127" 0.5 -1070.64709819276 0.254318827976823 0.632098380213968 103.099636141583
"128" 0 -921.399473424495 0.0396882460313941 0.57168099192967 105.715738992253
"129" 0 -744.895932228008 0.179547329239667 0.620387661761056 102.78990759349
"130" 0.5 -1019.16379059324 0.205805324918126 0.599021583295504 102.269731279742
"131" 0 -974.803846914313 0.0136933259428701 0.513587403301245 116.618449708726
"132" 0.5 -1447.64812659421 0.13949368789364 0.600881831016434 102.470480700675
"133" 0.5 -634.037954117749 0.155729614417186 0.591436875196933 101.895772952959
"134" 0.5 -911.633588583287 0.207736654344244 0.577519612645036 103.212912457809
"135" 0.5 -977.106464289572 0.177705423456347 0.578168873368999 103.551052905805
"136" 0 -1090.09435105139 0.212136778953138 0.629737533435269 102.605690231128
"137" 0 -1345.90276786977 0.0429892739433143 0.550797869464418 110.040765448869
"138" 0 -645.406068973778 0.168929539766235 0.622418605545888 101.875954172644
"139" 0 -1182.69133784846 0.163838011366344 0.600544380698079 105.983223071415
"140" 0 -980.732056103701 0.154452721989694 0.606845821358141 104.214490985824
"141" 0 -640.607955926817 0.144753861228584 0.600520692198856 104.991239496833
"142" 0 -4531.97792444183 0.0219373790476128 0.56271293617541 106.667357334797
"143" 0.5 -620.199530463887 0.079424316516951 0.584203129402745 102.056910028029
"144" 0 -625.982877617662 0.225164721718309 0.626559855040643 103.966526956554
"145" 0 -679.10115847125 0.143808682043111 0.613198023797369 102.460116649675
"146" 0 -1339.34158571696 0.145260790187752 0.581842301557623 108.912547266204
"147" 0.5 -1635.35100735771 0.177112342500862 0.621665682566072 102.154539368209
"148" 0 -2001.10647804221 0.145296563718564 0.615425417489564 102.104334730445
"149" 0 -761.424540068044 0.0767702371268811 0.577394650545782 106.283405187051
"150" 0.5 -1356.32481862307 0.18540829366711 0.61059829422807 102.314762864728
"151" 0.5 -680.249439792578 0.138318813043178 0.589232092297886 105.542398191802
"152" 0 -626.821956134931 0.0642555034331626 0.555715741141771 110.091050650692
"153" 0.5 -834.792477138011 0.219763761669273 0.577086615952103 103.216535290889
"154" 0.5 -944.72856231793 0.122161003038623 0.600519830021922 101.630315095279
"155" 0.5 -1158.77288697574 0.20296254217539 0.602508465223535 101.953205214627
"156" 0 -1043.62620008355 0.117275335916653 0.573198648117878 109.204955139756
"157" 0 -1217.78145146038 0.150891280583936 0.614652110655792 102.513229317078
"158" 0.5 -1184.15754443492 0.122044636453381 0.593669490955568 103.116085895989
"159" 0 -514.157141198789 0.00253505646398744 0.551907932341153 107.919178318675
"160" 0.5 -955.915384391576 0.146970725124239 0.61055443286656 102.561603903864
"161" 0 -1344.26840765219 0.140650257691015 0.594786762093696 105.942384493747
"162" 0 -4225.36853013881 0.189995981055688 0.588514248541322 110.133211637894
"163" 0 -2719.96492493816 0.122182299045047 0.603096747757172 103.392934696213
"164" 0 -1018.85034752303 0.144204886452978 0.590325691633382 107.051006286591
"165" 0 -1329.76171920028 0.155386702996296 0.588908793599753 107.967102727946
"166" 0.5 -1899.11847077473 0.301996081958729 0.642810459764715 101.899893266987
"167" 0.5 -770.633609959643 0.186109986144667 0.598593690421424 104.55043294942
"168" 0 -626.916805584916 0.126370784393572 0.602508926617719 103.701839815872
"169" 0 -730.488962257421 0.00409791713346486 0.560460459052206 106.334278463968
"170" 0 -934.588429615579 0.052230827917807 0.584386901335681 103.851250725356
"171" 0.5 -875.595785647472 0.193636975421406 0.591836126765473 105.784208383318
"172" 0 -1838.62414164359 0.221343726520685 0.618315578296355 105.484098404273
"173" 0 -640.348146584379 0.0358812128130525 0.547797081457071 110.311357612978
"174" 0.5 -1034.29460760258 0.129862055069884 0.588286941185629 102.142639804631
"175" 0 -1843.53346532233 0.127456225800391 0.556777179034478 113.461826979509
"176" 0 -1961.84077506012 0.0125959280488525 0.556040583023647 107.55431218259
"177" 0.5 -783.627428240093 0.12221899674407 0.607163151289703 102.480389381573
"178" 0.5 -1456.78323866029 0.161817138741493 0.573269682684093 105.858915428352
"179" 0.5 -1213.82359672855 0.271179890863191 0.585852132625158 102.309365322907
"180" 0.5 -621.29012048614 0.217488480579795 0.61014426434576 102.572077529412
"181" 0 -1098.88943773275 0.0289142648774482 0.555942391348453 108.313479928579
"182" 0.5 -438.804238832132 0.131589082388535 0.606514206341525 102.408616870828
"183" 0.5 -1895.71276008047 0.341802470998035 0.64392601937377 102.340826500766
"184" 0.5 -4074.18110531117 0.182795618078536 0.608751097680901 104.093111647386
"185" 0 -1359.29327692749 0.0983600343356021 0.545633095644623 114.236427787878
"186" 0.5 -4176.17430683276 0.271518534297483 0.627766636061871 104.930567148328
"187" 0 -1338.50831732836 0.223009045790582 0.61591516076054 106.099213743606
"188" 0 -677.571725968767 0.0245885707934628 0.549868447684898 109.335828545666
"189" 0 -1046.48787934143 0.0535981399002912 0.530160862749301 115.118988257856
"190" 0 -841.339429473716 0.0758898114748192 0.564058299049835 108.94281569696
"191" 0.5 -588.497475569466 0.142559709486526 0.589035207204627 101.818985356949
"192" 0.5 -808.99438291818 0.216199522414456 0.575844101159177 103.816465424467
"193" 0.5 -721.595434978641 0.0817722438022376 0.566712247972206 105.912276613526
"194" 0.5 -469.640140683968 0.110661125901224 0.581466119265034 104.187924137618
"195" 0.5 -775.23744136847 0.2319615720987 0.62084196187529 102.308258537762
"196" 0 -510.928560106625 0.13755058171021 0.602791092977616 104.181985981553
"197" 0 -670.517433683668 0.137340386363186 0.604339152843914 103.867826942913
"198" 0 -745.057355971452 0.139619584297928 0.600488973961471 104.739998213458
"199" 0.5 -885.064796611964 0.234263353431566 0.633965877130923 101.654144015815
"200" 0.5 -1559.73036711287 0.106385033227999 0.589173032229869 104.578700139467
"201" 0.5 -897.078331176926 0.17825096719726 0.610297352895556 102.67837318778
"202" 0 -1018.53928635657 0.0970425248337519 0.557995629219318 111.372308405465
"203" 0.5 -8677.66279143733 0.373405916992791 0.631874890279665 105.853431042843
"204" 0 -1213.07661322597 0.18874329808692 0.619803403108407 103.374706963217
"205" 0.5 -547.405560206517 0.19092331336816 0.615002644688237 101.903227038402
"206" 0.5 -953.284720807298 0.159863004510974 0.587361813293582 102.15505156666
"207" 0.5 -668.04403028416 0.133171922644671 0.590496153875696 101.655937761907
"208" 0 -502.80728032458 0.0428118912361588 0.560326268213693 108.084800336184
"209" 0.5 -861.424676990465 0.219271336639905 0.588265192520456 102.210204500239
"210" 0.5 -2457.80206054788 0.261297607674975 0.637027281556461 101.659154683165
"211" 0 -1291.1703312266 0.0796647285987737 0.576765411336587 106.545339562953
"212" 0 -797.963971821848 0.0956856314549714 0.55861458524841 111.16029593756
"213" 0.5 -951.700132599182 0.203740883067655 0.608408244039621 104.869888854865
"214" 0 -5870.22851289349 0.0443765648682772 0.571648586283201 105.927894767467
"215" 0 -966.74207484805 0.0430160789555165 0.549459901129696 110.321228749235
"216" 0.5 -1639.0169410991 0.165074031833971 0.610026324117752 102.330399518181
"217" 0 -1085.92282276247 0.071751992356497 0.547021829148992 112.36706050802
"218" 0 -2158.96744263676 0.0776274192879061 0.536471105261905 115.094682514481
"219" 0 -779.448852332761 0.0222923056771969 0.54293194589907 110.652129633515
"220" 0.5 -670.639906558104 0.170988906561214 0.602277003309567 102.977724273969
"221" 0 -1256.58148209053 0.0829970335016496 0.540793027432228 114.420471109985
"222" 0.5 -1362.11458915079 0.190053903204014 0.57219848449906 104.098815254215
"223" 0 -1195.31721218733 0.153348059086947 0.615837630090499 102.401297013299
"224" 0 -584.991850614649 0.00740038922584141 0.543649454152836 109.789074547589
"225" 0 -688.644113914783 0.090371399947036 0.585654501014502 105.296328475862
"226" 0 -1053.72345255896 0.00564812389223812 0.537042638035743 111.0638666888
"227" 0 -1462.19099534193 0.0973601936058469 0.580654905581628 106.623317833361
"228" 0 -1485.25398687273 0.162220422062814 0.595680288517428 106.911362247169
"229" 0.5 -383.482412295145 0.103819584192338 0.579059302161541 102.80189607488
"230" 0 -703.266480157056 0.0739974223911731 0.575129769815755 106.601413057954
"231" 0 -952.348683816689 0.156115149297135 0.614513255205906 102.788853047742
"232" 0.5 -917.20397872554 0.293281135116057 0.650623329817281 102.396946849953
"233" 0.5 -681.505336946499 0.157131658280561 0.584417181771459 104.027571066283
"234" 0.5 -3458.62634209243 0.0854527385750695 0.570286121513337 105.425034656562
"235" 0 -3042.13027535733 0.241217242805682 0.620353447384367 106.248372741975
"236" 0.5 -1985.85152673474 0.325723653917283 0.631434683016199 103.675543020852
"237" 0 -990.013453122667 0.0863621153671674 0.595612249259466 103.209062235313
"238" 0 -2980.71911570346 0.0698288379369274 0.573203094740568 106.787164418679
"239" 0.5 -1016.981239136 0.178723737789054 0.572007258859222 105.862846148573
"240" 0 -811.995415111519 0.0539844157265743 0.571283753611981 106.430285479757
"241" 0 -935.453138604723 0.0556068555275275 0.554397542578508 109.924872230366
"242" 0.5 -677.079640774478 0.165894199537718 0.58872175848711 102.627911612485
"243" 0.5 -799.61738867093 0.237702750749361 0.626185049330744 103.755628634524
"244" 0 -934.76772390865 0.102168153182887 0.558224300847931 111.6137332869
"245" 0 -1733.01624276113 0.287345286927858 0.633600578583281 106.300548182544
"246" 0 -1102.3726107794 0.0348792308902115 0.543048569673719 111.258310186677
"247" 0.5 -744.208152951824 0.172242181130113 0.607029206103206 102.587153124623
"248" 0 -963.847834568661 0.175904899979681 0.617516746779921 103.173977722856
"249" 0 -890.988175889629 0.0913686395761458 0.590999586023573 104.306217378168
"250" 0 -931.393154741763 0.0223052501001653 0.54001531755309 111.263151311176
"251" 0.5 -577.828495149778 0.178033125087419 0.592333449699262 101.971186692454
"252" 0.5 -2764.94988721207 0.163159549556196 0.587247863709778 103.434264451358
"253" 0 -1062.35200833707 0.0391999114987364 0.559434168427814 108.094007854303
"254" 0 -1160.78874587074 0.105743256589335 0.549540252392287 113.786860560393
"255" 0 -1729.71163935586 0.052390864885426 0.545138128250212 111.723649124941
"256" 0 -746.182772960387 0.0010163789321801 0.54649278491485 108.922075810493
"257" 0.5 -530.137676193659 0.158713203538227 0.592477770935657 102.496204601601
"258" 0 -1530.31121251968 0.10793635868873 0.568493590974846 109.700014221622
"259" 0.5 -2342.87481603859 0.343149068382791 0.620014018003114 103.188129118737
"260" 0 -883.726795723428 0.0443602969054968 0.570745332383047 106.101752467966
"261" 0.5 -615.323353185861 0.135612785019194 0.589640232397133 102.831715873256
"262" 0 -952.030703366436 0.193572100003829 0.610989149552241 105.44022744433
"263" 0 -1655.94240517714 0.0675075104114922 0.555641843524862 110.275599603402
"264" 0 -3163.90363256296 0.0274895369163924 0.525066471285463 114.786397964647
"265" 0 -1570.54577739331 0.140325574667256 0.59339790063063 106.209630261152
"266" 0 -681.762875186382 0.158678318734179 0.596978255918067 106.445385071076
"267" 0.5 -1455.37852701864 0.268411145423212 0.61293146316855 106.446523517836
"268" 0.5 -1993.22310897657 0.297958417938895 0.613052641307469 104.41712043751
"269" 0 -389.724535655376 0.0123522632193661 0.564481715650609 105.917446355242
"270" 0 -917.209870886862 0.0334781787127938 0.559483615780321 107.818302103039
"271" 0 -1180.07358646823 0.100377708529406 0.574266912861653 108.080463881604
"272" 0 -1421.32606778731 0.0441366524076154 0.526034402643671 115.513388777571
"273" 0 -1373.46477193119 0.0977715002757104 0.564876007752086 109.920655390224
"274" 0.5 -2315.25986664822 0.332635026621487 0.658492242019805 103.036614548042
"275" 0 -2428.2246090227 0.241108308829103 0.61950463294881 106.428489426407
"276" 0.5 -2085.5345502722 0.290485397950805 0.588606393200304 103.814026311692
"277" 0 -985.685759871206 0.116289234353906 0.573273305225251 109.134982579364
"278" 0.5 -889.31370304043 0.286317111626791 0.623434767156836 101.881592223421
"279" 0 -1191.95864165392 0.223489748967704 0.624944713172811 104.208295517811
"280" 0 -762.648937559898 0.0490132212001521 0.546392096894578 111.276774644759
"281" 0 -1391.68729473014 0.189248252276417 0.60122294388808 107.268855036586
"282" 0 -846.664054661898 0.0292129399417519 0.534188224838706 112.864758178243
"283" 0 -958.932717151503 0.130410872821438 0.610345065212198 102.387239272613
"284" 0 -1428.54962170381 0.140207014614545 0.592783987806608 106.32946329629
"285" 0.5 -1845.80102539118 0.120433311737366 0.594140139499428 103.768509850558
"286" 0.5 -1884.88442727043 0.167199408104268 0.579966460689881 104.258053986728
"287" 0.5 -631.305608293933 0.150130680693856 0.572852453113738 104.059099273197
"288" 0 -573.425837615013 0.037153471285292 0.543844308019585 111.205923437513
"289" 0 -1046.37420445336 0.0644853313186936 0.568812470121595 107.410121072643
"290" 0 -1057.64662714052 0.0239845911083243 0.570221962579496 105.320679964637
"291" 0 -674.576655925965 0.186672660120854 0.612535933656207 104.740412199823
"292" 0 -1087.84607276533 0.213077916484165 0.623462656425278 103.932958580041
"293" 0 -498.77869467453 0.152547491446363 0.616272566079119 102.280119603686
"294" 0.5 -4878.97958053589 0.260636358228296 0.633828087857736 104.416190912575
"295" 0.5 -1616.18882656746 0.234603920218786 0.587719850923778 104.089170692954
"296" 0 -673.65801023107 0.154364713401063 0.598763849968378 105.845058401069
"297" 0.5 -794.208935178118 0.148094303225551 0.581991951875724 105.007507173903
"298" 0 -876.530712157914 0.0691153056340618 0.562035702719153 109.018893718789
"299" 0 -540.956111449902 0.0068710329309517 0.548690036359309 108.749525023135
"300" 0.5 -1554.31384986712 0.317159138319914 0.646623140366526 101.922231284715
"301" 0 -1275.77470456965 0.00913956986227626 0.544149355136995 109.769078838732
"302" 0 -1465.38325339297 0.00106992686558904 0.514778420609846 115.642085322528
"303" 0.5 -791.562816783346 0.193374928996779 0.597095492826415 102.465757312812
"304" 0.5 -2055.40556951767 0.326446304933252 0.633487323794912 101.883776135929
"305" 0 -1049.75578843799 0.170639221389818 0.616964174739088 103.019640655606
"306" 0.5 -1558.39116718615 0.240563021433362 0.577530666264506 105.374530292023
"307" 0.5 -2530.16202966997 0.35782333576273 0.641922717554882 104.087758112792
"308" 0.5 -748.95181996658 0.264550266641012 0.592354750795542 102.244460701197
"309" 0 -578.142940985722 0.0860918012237166 0.571949736468429 107.831232786924
"310" 0 -667.860506447401 0.0841368387114881 0.557176872317768 110.834461573302
"311" 0 -1031.30331545907 0.0090166347242715 0.535769157861604 111.49479159324
"312" 0 -864.041489314348 0.097429297279321 0.582014390597783 106.353626295179
"313" 0 -1650.84338218446 0.00410716275788359 0.515965908324066 115.541203465615
"314" 0.5 -891.894833355758 0.0962911746606598 0.588485889084642 102.506622393616
"315" 0.5 -1310.0430872458 0.273676866412967 0.606049474859645 101.662387295347
"316" 0 -9476.31759418913 0.133743534970781 0.577199712321477 109.262301681889
"317" 0.5 -749.970257054082 0.158578833768034 0.598096337186607 103.097997991089
"318" 0 -1080.87071446537 0.0243020303285333 0.558303455468515 107.633335359884
"319" 0 -601.145610883685 0.0598346280907485 0.575289828685781 105.91429226317
"320" 0 -886.981474700485 0.301875936385759 0.650330200037816 103.526907104626
"321" 0 -1244.02180318387 0.175799006402304 0.602918783140277 106.141809309972
"322" 0 -1064.31180109461 0.015393018177963 0.543663534776003 110.165512788412
"323" 0.5 -1644.71161422079 0.299622519063301 0.632622722142085 102.246915519424
"324" 0 -570.900912444136 0.0571474476753222 0.578439025413962 105.18623619331
"325" 0 -871.288577773451 0.00708310063848272 0.541919153808496 110.127008667961
"326" 0 -1320.3731983193 0.201686630062509 0.62164318770243 103.685816477844
"327" 0 -1900.80184001548 0.126848261355143 0.601931592642355 103.836426425748
"328" 0.5 -3211.79799797667 0.25371184725009 0.619393624351366 105.347198502533
"329" 0 -1131.17338092293 0.0567432977210742 0.552198125049366 110.445147945103
"330" 0 -913.185063175583 0.055549397083945 0.532505948756566 114.69708438206
"331" 0.5 -931.470809048981 0.251173214795683 0.59690353254187 102.181469585095
"332" 0.5 -1581.93912885351 0.26854409308466 0.624843295359924 104.570854054578
"333" 0 -676.047474419542 0.193234276711605 0.613589367063155 104.880306583643
"334" 0 -762.30214520061 0.0716322074009317 0.58765423931134 104.067175287101
"335" 0 -574.39853960143 0.119530201565899 0.580386787703902 107.808602525643
"336" 0 -1243.09226455728 0.100157642679812 0.542779075862269 115.012868817174
"337" 0 -2528.00436234942 0.110991813539484 0.585791039577457 106.262477258546
"338" 0 -597.522500198444 0.142457151670974 0.615513329824045 101.957343028602
"339" 0 -1056.85212548356 0.102022985066649 0.575435767556732 107.923293987662
"340" 0.5 -2178.4378371485 0.221321606176184 0.583058251308129 103.089337759186
"341" 0 -2023.44423121204 0.0731248418037085 0.577100848200058 106.170607882272
"342" 0 -1454.29350972396 0.0497380172289168 0.572150810912051 106.069359365781
"343" 0 -4296.2492222519 0.0985475446066036 0.550799790360792 113.064924309682
"344" 0.5 -883.667474780412 0.22491630811892 0.598863745928176 103.302443019021
"345" 0.5 -667.522621058324 0.165562842416852 0.592194640660546 102.844016113505
"346" 0 -637.249259465622 0.0761462817104739 0.572559732174 107.217949030851
"347" 0 -1404.69158294296 0.151265059315846 0.583422792761917 108.914369413583
"348" 0 -1539.82715481712 0.156646087979996 0.587481427897729 108.345231682621
"349" 0 -3165.15848858005 0.24667901388358 0.607890755744845 109.437038351293
"350" 0 -1515.60057718811 0.00429976693290413 0.528727276847286 112.751381540834
"351" 0 -693.994821071098 0.00507910593862693 0.540311357504958 110.361355791707
"352" 0 -982.392293939954 0.176817977102144 0.610391083669323 104.652655479498
"353" 0 -1056.33134202535 0.162918164348667 0.613786876240224 103.262172635575
"354" 0.5 -1864.19152416041 0.142309113767105 0.57102117266375 104.951163299289
"355" 0 -512.783915010745 0.0119811124477769 0.540894597193329 110.571992785367
"356" 0 -933.122525159704 0.20873710651424 0.620963379299149 104.208995965216
"357" 0.5 -733.478363914401 0.206416124906174 0.594287262174447 104.247728953976
"358" 0 -786.764645165779 0.163642601079907 0.611925164135089 103.665834504575
"359" 0.5 -1514.72035587844 0.28428310679162 0.615293486314539 101.940453544352
"360" 0 -514.318978606362 0.0453485505474731 0.558354330579893 108.603467596555
"361" 0 -1041.03654266714 0.211864125557184 0.614461697867193 105.751058785548
"362" 0.5 -1092.23603315473 0.167260223955405 0.601315142527865 103.628883598279
"363" 0 -613.59014930459 0.0679157909029087 0.571075250599047 107.120628558914
"364" 0 -2451.58807401737 0.236655173536901 0.615392185607502 107.058026206959
"365" 0.5 -883.278900162959 0.26737655300084 0.600486014267309 101.830483564641
"366" 0.5 -838.177766646547 0.257306711450544 0.613159244555449 102.760640482605
"367" 0.5 -1432.92742782496 0.215548581271137 0.608091964550564 103.362299139611
"368" 0 -1103.67793726083 0.118277344579898 0.587811622590483 106.21862167248
"369" 0 -816.694574560989 0.0993675824955732 0.582709999910018 106.30884766141
"370" 0 -1441.12031184335 0.0597545712108032 0.554827839114197 110.046195547516
"371" 0 -1095.48306146391 0.138798654911161 0.592882357583773 106.235761004034
"372" 0.5 -509.566543707867 0.0747372614886297 0.585762114202125 101.6532904502
"373" 0.5 -12401.3346617761 0.134843205520391 0.600084531955105 102.276087707654
"374" 0 -2201.31451223076 0.198101537097843 0.608082165275446 106.31220361772
"375" 0.5 -804.361767647105 0.242233090140637 0.603766713753098 101.951108343154
"376" 0 -973.99549743113 0.0373507353099485 0.538354437767941 112.391699124035
"377" 0.5 -946.902305678476 0.120821960987969 0.576577351371935 103.955851967633
"378" 0 -629.737694315316 0.0086394681656069 0.555392686920915 107.506411279924
"379" 0 -1141.24649091154 0.128930206274017 0.593187475828876 105.668713454134
"380" 0.5 -495.732195576634 0.134142703132203 0.612269359617126 101.798858304042
"381" 0.5 -769.104642215102 0.17082514647057 0.609047829872199 102.529409998655
"382" 0 -1296.47698846742 0.153442428768759 0.597230252741063 106.11199301274
"383" 0 -2305.33203360999 0.0489714281375683 0.54602029158162 111.354015529854
"384" 0.5 -1127.62225015143 0.197580238238534 0.617299184278917 102.15793510545
"385" 0 -1360.75540506766 0.22723949457249 0.608282111683198 108.046771473438
"386" 0 -786.696121395166 0.0619767460026711 0.574032050743852 106.257618729817
"387" 0 -3184.48768690067 0.200847308794801 0.595243253754788 109.298562608403
"388" 0.5 -502.782436527554 0.184877740705513 0.598945693491112 102.23895559907
"389" 0 -792.560920353001 0.0633666174419969 0.550226549567126 111.212426840933
"390" 0 -4249.18887601931 0.215823857158391 0.618164692086131 105.194368959405
"391" 0 -965.727729490288 0.0261788327510173 0.54477481711636 110.460107770748
"392" 0.5 -2354.6320156615 0.114403504616565 0.580076686510297 103.938872242626
"393" 0 -1033.21180549495 0.0234853388416436 0.552714102318073 108.708470703661
"394" 0 -566.424313054589 0.0185648121953064 0.556985678488714 107.634710438713
"395" 0 -2046.20969072419 0.0323896448084096 0.569236538189724 105.866822177125
"396" 0.5 -766.911132577201 0.301945797170042 0.648343905824179 101.756074873544
"397" 0 -2405.50048305042 0.136977296447122 0.590026389279782 106.728126857406
"398" 0.5 -1473.01834526739 0.19162341989211 0.597846359871942 104.686297040246
"399" 0.5 -662.652651519084 0.138323191672162 0.581092628765374 105.248771469016
"400" 0 -689.640655810423 0.0948191970880889 0.586695720331952 105.300683423248
"401" 0.5 -1041.98288606047 0.248005199280951 0.594843009206391 101.577588262875
"402" 0 -1142.68067277511 0.262851725484196 0.642333402754858 102.840618236642
"403" 0.5 -1402.71871621343 0.250658083928863 0.606853161693247 104.019308644068
"404" 0 -571.510103837963 0.10348518625293 0.582234794350283 106.607255502068
"405" 0 -1125.57789610975 0.0220904477297621 0.536205421862228 112.059697484015
"406" 0 -2042.49693028753 0.0381170709753804 0.533847729782821 113.417263866705
"407" 0 -2707.90651580718 0.0095554772344838 0.54834153794801 108.941873322497
"408" 0.5 -1283.62716313674 0.246435125502954 0.601494719246553 103.091213474609
"409" 0 -1607.14055763643 0.119076442672543 0.586690830264114 106.486388453562
"410" 0 -1768.48986302173 0.0509968998387432 0.540789310351077 112.593235380971
"411" 0 -651.84702593361 0.102410037027752 0.585157983933899 105.967596882628
"412" 0.5 -1220.88189493572 0.211846610552384 0.592254870774489 105.145323237311
"413" 0 -1317.19177058006 0.036315837861649 0.561157413766061 107.616604251368
"414" 0.5 -1261.55833343569 0.293901638244704 0.602832960614747 103.033846327849
"415" 0 -985.914587574224 0.142415027886862 0.581408498677333 108.844432205311
"416" 0.5 -1065.21586181136 0.208390833822349 0.617046683091657 103.685580448434
"417" 0.5 -1666.56665954911 0.278160912033515 0.615516173397395 101.884788291249
"418" 0 -673.446534064302 0.146110394559545 0.606795935325836 103.811350494786
"419" 0.5 -758.462704158769 0.182438756228174 0.609141361585854 102.054682413395
"420" 0.5 -1146.55831332968 0.232515395105156 0.585847673712345 102.819358048774
"421" 0 -1308.18417483063 0.0403314980674726 0.537584427436255 112.717663898715
"422" 0.5 -2926.42993664061 0.20615525840504 0.57949955032136 103.713326745853
"423" 0 -814.589354646464 0.00372912176347806 0.516519200180937 115.396323639224
"424" 0 -1426.21680569296 0.16553694639484 0.607567193141222 104.635127842566
"425" 0 -699.539270157031 0.0500221714491162 0.560439912617375 108.40510461058
"426" 0.5 -619.416101669961 0.143521642947373 0.599911308873637 104.094567507133
"427" 0 -1454.56929320559 0.0267839019389885 0.549519345940185 109.51178870385
"428" 0 -1487.98578227656 0.0245820747819562 0.567235139158995 105.9129774153
"429" 0.5 -858.288754837434 0.194890119242386 0.624886996131646 102.162649759185
"430" 0.5 -1512.63458951067 0.165010621410144 0.582722173668489 104.188904907461
"431" 0.5 -3096.65839041245 0.280492236327208 0.618039747686614 103.819607173372
"432" 0 -779.04269760935 0.0709365719091284 0.57753309375796 105.984124967619
"433" 0 -1027.91050919188 0.00545651935435887 0.518953421661771 114.946125752339
"434" 0 -2213.38513250822 0.147965555015754 0.603211184026147 104.613964751991
"435" 0.5 -978.097516019941 0.259097657336724 0.621804819551952 104.587174863741
"436" 0 -709.550551447211 0.0485895148675831 0.569499200637832 106.534191237739
"437" 0 -2667.33475345526 0.181767030517313 0.612601390498597 104.464423114178
"438" 0 -1556.59761472754 0.0638597222161499 0.559899477245598 109.196645342326
"439" 0.5 -1569.94902805153 0.117290476050636 0.599133204358689 102.603920627479
"440" 0 -1764.53957166698 0.0336504530092282 0.529570342355415 114.120299128583
"441" 0.5 -1590.89837655599 0.227679870639459 0.624392497413021 102.475269681681
"442" 0.5 -1268.97613716131 0.296495452142462 0.625662987086338 101.706313784141
"443" 0 -1107.01152278418 0.0512138734866693 0.549968131985912 110.631367284874
"444" 0.5 -829.780857122461 0.219685044098242 0.586896837137083 104.782020452712
"445" 0.5 -2122.99646010123 0.195482360470294 0.564967337933005 105.773165281396
"446" 0 -4979.07980575775 0.117211472480562 0.566829706767864 110.579831521749
"447" 0.5 -800.519603558689 0.144419443439098 0.585335799581852 102.397268153075
"448" 0 -1010.77642387418 0.122303731997116 0.59477663611201 105.022836872772
"449" 0 -497.165200713397 0.00505787941015234 0.554751601273748 107.47446604108
"450" 0 -924.517721377028 0.106415942059712 0.593364327999146 104.5415978848
"451" 0 -953.9493719937 0.123709412288874 0.582877276008628 107.510591897811
"452" 0.5 -2279.02561815743 0.118493047894303 0.600020422279101 102.485759046581
"453" 0 -1260.00955308915 0.0919272900771854 0.556522024256113 111.407650594017
"454" 0.5 -889.138400259117 0.266685886373413 0.617292935295603 102.625060122646
"455" 0 -2175.48890329364 0.0471159908573727 0.534361057781247 113.799555500434
"456" 0 -1152.97219937339 0.13709574932029 0.586218407808253 107.52723300152
"457" 0 -3313.1066626752 0.074637573019994 0.551234182714731 111.603797350498
"458" 0.5 -1660.60447839064 0.279354105242498 0.612107811504252 103.456387474388
"459" 0 -674.574548400997 0.0325069181781302 0.540425243873256 111.694175627804
"460" 0 -480.613159417025 0.0990148375696472 0.588008232500394 105.240802812204
"461" 0.5 -798.08424139062 0.0630549732380958 0.570345395591988 104.503953456692
"462" 0 -3294.7969879427 0.208937618096835 0.613956395632319 105.688541866885
"463" 0 -1533.7139294194 0.0981873005432131 0.556955484932126 111.666493106214
"464" 0 -1039.03343985192 0.123147567205749 0.584664689968172 107.110851180134
"465" 0 -1427.79107692026 0.047550820210162 0.525106470906639 115.927460371866
"466" 0.5 -1342.16668729138 0.151811331529013 0.579598242545321 102.953888614569
"467" 0.5 -932.822548776617 0.211775827636173 0.631939991052675 101.607146126963
"468" 0 -484.119391475372 0.000513718724491796 0.53722498382798 110.778866643552
"469" 0 -887.675868173037 0.0339301298639216 0.558454246408558 108.044248058042
"470" 0 -1128.3653448543 0.0209686613164035 0.515463958829605 116.603764708899
"471" 0 -627.94849276502 0.108785661529462 0.575414263231005 108.280090531986
"472" 0.5 -1184.99008809054 0.295356377397774 0.627033801372339 103.739508289006
"473" 0.5 -899.605058067931 0.171171060115313 0.587224799563455 102.594318179879
"474" 0 -1283.81945424539 0.0479622947171059 0.566058717401508 107.182478461741
"475" 0.5 -1083.31542306467 0.244678883922646 0.588206568998968 103.755510935653
"476" 0 -11141.1816138677 0.0366972916916602 0.528229327076795 114.589847496524
"477" 0 -1589.09441398109 0.110387094036085 0.564736004577534 110.650065825973
"478" 0 -764.524008336839 0.116393427061441 0.578063024338362 108.128124425584
"479" 0.5 -1349.94849809532 0.105371510690446 0.586994063080281 102.905607708264
"480" 0 -1265.62746399009 0.174309556355538 0.614818746029372 103.629398607812
"481" 0 -936.94196582607 0.0387122878525011 0.541359596802131 111.815921324864
"482" 0 -598.093949244557 0.0369708554525983 0.55253304229012 109.386285420577
"483" 0.5 -841.396893306822 0.215225473489486 0.618372153172964 104.869118733238
"484" 0 -1178.75458254759 0.00428498015031642 0.523155768241869 113.956351659913
"485" 0 -694.785210286343 0.0295497181028392 0.577133843382509 104.258693662798
"486" 0 -1775.95151866116 0.0744240613041384 0.568057197201604 108.046016753465
"487" 0.5 -671.867485168065 0.162001298057974 0.602849198673552 104.317306610942
"488" 0.5 -2148.79582106787 0.171817306082648 0.596741086314537 105.470156960748
"489" 0 -759.383327534553 0.0248224086348402 0.565917873523018 106.175438814028
"490" 0.5 -2037.91577644972 0.184705234944311 0.603377735360967 103.989841134753
"491" 0.5 -748.472500245945 0.16320252858478 0.618391218923886 101.921418408956
"492" 0 -982.639459918218 0.00359543769862292 0.556405772530027 107.090384666366
"493" 0 -2396.84977165519 0.183692051584441 0.577484033324631 112.275781860692
"494" 0 -1320.97666149097 0.00697745810505801 0.547747305699125 108.94274716361
"495" 0 -2161.91177051435 0.179219071634046 0.607989711908681 105.274031310692
"496" 0.5 -1065.76512240329 0.124921291548707 0.586906972476703 104.418021634035
"497" 0 -1083.56764529354 0.044360175207926 0.535867566608287 113.312784930714
"498" 0.5 -1522.99941112549 0.222810174724419 0.617114224392562 104.388303767331
"499" 0.5 -3523.63511028409 0.226084545230994 0.614240812486327 104.206536840927
"500" 0 -903.083352171689 0.0744738831739885 0.579449753892543 105.772203808604
"501" 0 -1228.13401485006 0.00214853824107275 0.555720215624885 107.160498375352
"502" 0 -1414.96730963727 0.157856320900576 0.596562876191908 106.487395977904
"503" 0 -1577.66734192151 0.0705986718500903 0.560584832889225 109.396009176923
"504" 0.5 -1400.70754503457 0.172405390581218 0.619572242159329 101.914069669414
"505" 0 -1367.28069597956 0.0146509008522969 0.555582637763365 107.735465375567
"506" 0 -3642.9138111132 0.0823416148921787 0.548083993781423 112.730226483056
"507" 0.5 -1142.35898929104 0.232091601249997 0.581825611650168 105.060302618984
"508" 0 -539.5125786505 0.13482468180528 0.600375609607084 104.525725657633
"509" 0 -1815.301004465 0.105320911195226 0.552670548532391 113.044603463216
"510" 0 -2103.73616105029 0.210322120006864 0.587735323075326 111.667003161111
"511" 0.5 -2426.69067654078 0.126872292622744 0.593695370907934 103.463784465939
"512" 0 -1299.15954367827 0.0191771569288093 0.545052157802636 110.061964194779
"513" 0.5 -1067.42502262913 0.14446587544248 0.596284864081099 102.758005531132
"514" 0.5 -2303.33979781227 0.211650042080548 0.605959759364732 104.913219318632
"515" 0.5 -2083.44054248143 0.298266626798069 0.618715684251702 102.767434991151
"516" 0.5 -3660.93540257189 0.225704765253967 0.617105719056943 104.98506543627
"517" 0 -680.878500362475 0.0133361330165369 0.535506669054582 111.764892384084
"518" 0 -646.149119983863 0.113593606605115 0.583698204153564 106.81775174744
"519" 0.5 -618.865167835428 0.169077138444992 0.593546031131708 103.537240111455
"520" 0 -985.750175933527 0.107999081886737 0.576897538624125 107.92985953649
"521" 0.5 -1090.76258085297 0.20683424365242 0.611218300588755 102.675653203856
"522" 0 -2450.6956372222 0.0230580434147117 0.541111523575146 111.070433042268
"523" 0 -1399.12808942349 0.205229674014477 0.627444252241963 102.702610871894
"524" 0.5 -384.775235552167 0.0894296732107128 0.583690540018291 103.722072268091
"525" 0.5 -908.101469676471 0.176951038418236 0.625214167654471 101.707990870159
"526" 0.5 -1004.23637757968 0.234207579600656 0.613068391808872 102.254102933034
"527" 0.5 -674.470234451205 0.177409494464887 0.613673272474906 101.971472648624
"528" 0 -2356.45809305555 0.0982172950407065 0.546009611389769 114.140683542681
"529" 0 -636.609529473008 0.104835527668846 0.591905990772418 104.75178680208
"530" 0 -841.006443007121 0.0113119377966807 0.537110680077963 111.326771546365
"531" 0 -1667.27373993597 0.112948437351841 0.582524641712974 107.024776257272
"532" 0 -2236.13736472466 0.0329089158183127 0.557492753819767 108.188945641764
"533" 0 -2709.54629909556 0.277729569689234 0.644771520734052 103.213537689555
"534" 0 -816.896746084349 0.106444480733349 0.60031599043424 103.207250602683
"535" 0 -2807.04598088381 0.034875835778607 0.557558370515304 108.267583790468
"536" 0.5 -1677.080455524 0.272528148340754 0.614338642962358 101.781941397209
"537" 0 -962.79214328463 0.0372579121634254 0.56398553673117 107.101320925029
"538" 0.5 -690.493618518031 0.215938258365771 0.5934054321096 102.241070213635
"539" 0 -1279.3921421203 0.265448305638749 0.619830921574792 107.958206862235
"540" 0 -813.911297277008 0.015211153634539 0.533958179913838 112.188177519105
"541" 0 -608.840874555348 0.0347275422434473 0.564666114573949 106.853891325672
"542" 0.5 -1334.559687582 0.210587877754954 0.611643924013123 103.72762050936
"543" 0 -904.522362333583 0.0633029290914663 0.56763751835527 107.589533317927
"544" 0 -603.748348069427 0.0355927036150032 0.542253895277514 111.46349852304
"545" 0 -930.396449639338 0.0377476870748232 0.574734668801393 105.05065646132
"546" 0.5 -634.945249159055 0.146931719020876 0.58658285813545 102.750513993297
"547" 0 -878.176625933792 0.160931440901315 0.580928001278004 110.034504493419
"548" 0.5 -778.661110563605 0.128117089390027 0.581426730891137 103.110649642628
"549" 0 -722.210327865288 0.23833416192037 0.632687683542947 103.438770552096
"550" 0.5 -1673.02014163285 0.191598685628289 0.601861514001498 103.413572777063
"551" 0 -748.986886726004 0.145723870199201 0.587732862928805 107.678616543021
"552" 0 -795.05248299712 0.140154639604308 0.604992178919752 103.875865724613
"553" 0 -703.362692084137 0.0557748380958472 0.558879213294565 109.004137963499
"554" 0 -772.896758260791 0.0915495439192021 0.557735594364954 111.121302463627
"555" 0.5 -2617.89229720815 0.195680746206525 0.61185042298847 102.243521475978
"556" 0.5 -1227.30887969381 0.209558139414228 0.62247831214632 103.066234380379
"557" 0.5 -565.903983314196 0.104792104658056 0.594380433293453 102.197292318847
"558" 0 -1228.24015444496 0.0690191537364198 0.561948503180925 109.032106003258
"559" 0 -1271.92401967679 0.0556348944297206 0.569593701785367 106.838460584544
"560" 0 -2269.33275360212 0.151086581925926 0.602424642447989 104.929921535333
"561" 0 -3557.93978681596 0.188540485607504 0.603032175289406 106.838573725428
"562" 0 -1619.0662540106 0.0616537912297219 0.555205455098081 110.064338472253
"563" 0.5 -860.826093160977 0.194692954165351 0.606392115084475 103.754076681193
"564" 0 -1885.12352395393 0.000628595532123244 0.526687525528598 113.002146447543
"565" 0 -1626.8546543812 0.0255253088329878 0.5291550459496 113.769251769595
"566" 0.5 -1048.85623759238 0.246564884052403 0.626560912026562 102.572043648642
"567" 0.5 -2873.58690791379 0.170358417537574 0.606007773685374 103.860327425506
"568" 0 -5891.54911982003 0.231761154197253 0.591884533777878 112.195415402134
"569" 0.5 -2167.80257114575 0.327792324255526 0.63106700260134 101.531532280985
"570" 0.5 -1160.71283997308 0.113999946644381 0.591148540793407 103.815903081652
"571" 0 -751.903615797965 0.123687170308326 0.580991559617444 107.903018867038
"572" 0 -1200.50017919436 0.129898395864051 0.583081323890388 107.797626045253
"573" 0.5 -1876.23890998544 0.132153645540608 0.601916724526505 103.097243238334
"574" 0 -772.601018471659 0.105682616001596 0.578014579793232 107.579119957681
"575" 0 -1151.32454234922 0.0615846055360492 0.530279474599033 115.563938403712
"576" 0.5 -2747.57980953769 0.268544384157515 0.623925018947137 102.674552690238
"577" 0.5 -5074.01333659698 0.313312166419983 0.626202327552817 104.386605539732
"578" 0 -747.893525713265 0.0861334638049452 0.586489012642619 104.937909166887
"579" 0.5 -693.625382677752 0.202035156026708 0.596097013079098 101.553914104961
"580" 0.5 -1307.32223101493 0.172291616694947 0.600968569652581 105.271018951573
"581" 0 -4697.09226765765 0.147650613681267 0.584740345301632 108.423684619693
"582" 0.5 -1318.32800338425 0.155708742429442 0.586293504298592 104.300260257628
"583" 0 -1041.98380808444 0.0306500537612433 0.547761725461167 110.06044532971
"584" 0.5 -1212.38476550574 0.101074562928909 0.585841842340214 103.251428195834
"585" 0 -1112.01524068259 0.151639401248456 0.585153981064611 108.561120026489
"586" 0 -1536.11014437332 0.174298859389681 0.607812863253628 105.045894441591
"587" 0.5 -1930.59962461406 0.197734789100513 0.614261865712531 102.967108183075
"588" 0.5 -1488.68333017141 0.22583164676888 0.627235314908391 103.309195687529
"589" 0.5 -820.800576635703 0.221701734440607 0.63337366260728 102.157301671617
"590" 0 -747.153211997715 0.178474570792907 0.607308969941203 105.374387040618
"591" 0.5 -1542.47686853407 0.316684788954642 0.629878387932665 103.432487907168
"592" 0.5 -974.808552318477 0.167055602018713 0.58718719345235 106.00608965857
"593" 0.5 -611.738063111192 0.249387335727658 0.614699421413954 102.569413560629
"594" 0 -921.793597251536 0.109541297156459 0.579819934402168 107.405500899954
"595" 0.5 -1453.48754652177 0.134231535170193 0.596485131907349 104.855004270002
"596" 0 -3577.99196469428 0.0997995107833486 0.549264717277914 113.489053661074
"597" 0 -1376.63355775882 0.163610316929719 0.609457195466704 104.155873258738
"598" 0 -704.109020995682 0.0135469680711661 0.551551506376304 108.4831581929
"599" 0.5 -1809.24332636416 0.217899379124353 0.631058054566131 101.604235712625
"600" 0 -5063.58875091018 0.26010114469758 0.603879966650391 111.370096107316
"601" 0 -816.893650676449 0.177798050376698 0.595751669451396 107.78144226009
"602" 0 -729.759118431019 0.0312449074053225 0.557912601547192 108.02795512171
"603" 0 -609.87448355778 0.0236153878513286 0.556425926054861 107.973398126476
"604" 0 -1935.94823073256 0.04047727251963 0.52638948599769 115.22078051127
"605" 0.5 -1090.89022743296 0.212586362503715 0.601637812646445 103.140568514168
"606" 0 -1512.58813206648 0.261159945554307 0.624592648765008 106.584125254652
"607" 0 -2614.89234293904 0.189409366759384 0.61006547474163 105.401555432309
"608" 0 -3543.71963675856 0.100864369019401 0.57795848642827 107.34524075943
"609" 0 -800.176929005019 0.240947224274606 0.628383866821383 104.495494052302
"610" 0 -1005.97539609522 0.15075401753194 0.612093083231058 103.001158008911
"611" 0 -913.291321229131 0.0476592646011034 0.569871506085678 106.419366887305
"612" 0.5 -657.257878732125 0.127454197866214 0.574438108935839 104.021898181457
"613" 0.5 -1028.12370331161 0.162538166048911 0.581357297001504 104.803900935967
"614" 0 -1219.27085018668 0.217585761948006 0.622631965985358 104.356705104979
"615" 0 -1815.42651985515 0.243473613818041 0.625550221721574 105.254693621607
"616" 0.5 -1081.76291076763 0.286007334507738 0.618097955296934 101.973076371104
"617" 0 -760.135065666388 0.103863616085995 0.594547478897409 104.193812053441
"618" 0 -2529.90692708592 0.205079187752925 0.588704247249699 111.080041693081
"619" 0 -642.059873594779 0.0683047919427173 0.572957284397856 106.764083216386
"620" 0 -12824.6354914811 0.00728591876537399 0.505565326686874 118.113932546461
"621" 0 -2203.08192704073 0.14414330544876 0.604718601927997 104.124380055047
"622" 0 -586.266867373733 0.168023564017216 0.615808198349885 103.117249412369
"623" 0 -412.578418847752 0.0331225466345547 0.566366903860883 106.451617699
"624" 0 -819.184437195825 0.146644526165464 0.587296501406644 107.821875721891
"625" 0.5 -1143.51966072322 0.167279459046228 0.594015569287206 103.160952255316
"626" 0 -2277.42404332663 0.195202319865608 0.611323550854696 105.461460465263
"627" 0.5 -734.628724012495 0.0882751575781853 0.575400931180615 103.970735160168
"628" 0 -806.598730533886 0.0898697447989112 0.57737617466515 106.916235608119
"629" 0.5 -5915.2127697329 0.242951340965102 0.595925338888893 103.558433406148
"630" 0.5 -1393.57741043575 0.227188226354128 0.620454140643146 103.449739295803
"631" 0.5 -1434.05184688144 0.196276421349977 0.604879917751199 104.244780309964
"632" 0 -962.053918371977 0.00136262697883793 0.548580229339334 108.522727274289
"633" 0 -2777.90421897053 0.163795866355826 0.588230108405724 108.596198406885
"634" 0 -1362.64346818702 0.0672255125513945 0.589187824088225 103.58921715715
"635" 0 -2130.35820376188 0.126976025047274 0.571649980026678 110.083352372167
"636" 0.5 -1629.77809442132 0.23297918357136 0.621410779950198 103.227056340314
"637" 0.5 -1840.22474731377 0.206979219768547 0.610094531777622 101.568895215634
"638" 0.5 -727.035509682735 0.119316039582514 0.603859416921006 102.284718561452
"639" 0.5 -623.298012252408 0.137378587583966 0.606659338692532 101.507464694977
"640" 0 -2037.26465427599 0.151868169938951 0.584525109236932 108.710103888181
"641" 0 -1617.04028269076 0.0511886197559563 0.515852312348744 118.339107853244
"642" 0.5 -849.671158752728 0.146053631967682 0.583357000227741 102.075301726628
"643" 0.5 -1248.32428195611 0.212198638024805 0.594681217767058 103.509981841687
"644" 0.5 -2811.58207504142 0.243220042659852 0.593565246504355 102.654601769149
"645" 0 -5129.95514816153 0.0594449392873121 0.535094965238481 114.33435641143
"646" 0 -3843.75153691529 0.0900891336440471 0.544901835223092 113.903395752329
"647" 0.5 -902.272424233575 0.217632697770889 0.605856146827281 104.032457674854
"648" 0 -1867.00081330345 0.082067889715469 0.581734962592021 105.6768106465
"649" 0 -450.459589794498 0.0378034538853997 0.567700264403265 106.400477532134
"650" 0 -1694.89091781159 0.182217252697295 0.586852513910576 110.01730079921
"651" 0 -862.43893541093 0.0114008557487297 0.554721722120446 107.759757858375
"652" 0.5 -925.327988761706 0.159395389149246 0.576084836759474 103.459457292035
"653" 0.5 -695.578323179566 0.118394775720325 0.59184737331845 102.325065271556
"654" 0.5 -648.170180184662 0.132507123357701 0.593977668048253 101.660937171988
"655" 0.5 -1305.98277627977 0.243766901467622 0.617100939216316 104.656450242829
"656" 0 -847.274383802877 0.0695338923683765 0.550393932843342 111.507924512192
"657" 0 -1242.94132283636 0.0412448356088742 0.54141916935158 111.935674697906
"658" 0 -2582.0236231814 0.145563512138998 0.556651344712855 114.668630516389
"659" 0.5 -1432.94337997707 0.304426228064575 0.621369025427801 101.906564966217
"660" 0 -501.735368892055 0.141547134458388 0.610281269377649 102.914179199515
"661" 0 -697.440236941945 0.0280188448199766 0.531039793049421 113.488857361581
"662" 0 -1120.12705487886 0.141201280729715 0.599268624433457 105.063336056704
"663" 0 -640.252872124772 0.135862642731143 0.605428578359013 103.584431952378
"664" 0.5 -513.352505260407 0.133815648187939 0.606317594659161 102.137322310731
"665" 0.5 -913.366452228253 0.115659599837815 0.58597564831215 104.198248911276
"666" 0.5 -1695.62623862808 0.250873175952844 0.603365724266846 101.780745425634
"667" 0 -1585.5628706507 0.0448875043316763 0.568786265415873 106.50611470649
"668" 0 -1880.79856556742 0.149565174241354 0.569750433355732 111.859632802033
"669" 0 -739.525026349178 0.191410942830699 0.600867793137809 107.47326154816
"670" 0 -1442.19852404641 0.0210159863435825 0.535336206981413 112.190336949681
"671" 0 -1707.01014203975 0.21435069426724 0.610523683388287 106.746987791429
"672" 0.5 -730.857676993816 0.197816213753319 0.60550119244511 103.329227257054
"673" 0.5 -644.887766584737 0.130342584967109 0.598418907174093 102.113565651979
"674" 0 -959.401063841694 0.0520192251779633 0.558918064317258 108.811706897267
"675" 0.5 -2864.700060209 0.245292529230396 0.611926911854086 104.517483750265
"676" 0 -612.306337191817 0.0478309286554741 0.562503631663294 107.884623161051
"677" 0 -570.297656044909 0.0125663780315124 0.548168834047182 109.115496829082
"678" 0 -2032.54826307514 0.135148890841185 0.608607959573384 102.936393406498
"679" 0.5 -1386.3336587195 0.203961181997767 0.572052557417829 104.906983555853
"680" 0 -1366.29289424039 0.28639967140582 0.649559442291361 102.721565322671
"681" 0.5 -1189.30578585529 0.14844164401667 0.581615175514055 104.870026833285
"682" 0.5 -529.352453633727 0.120808031842964 0.611174750617158 101.64739597952
"683" 0 -1507.50240965863 0.00784834616891505 0.53680250747154 111.221093962248
"684" 0 -2804.13630949261 0.0797391296940826 0.550194716836827 112.114538671263
"685" 0 -499.702593004658 0.090401001261014 0.590902627781611 104.281053945748
"686" 0 -5097.21964642605 0.144188283752816 0.57443165538256 110.475388047565
"687" 0 -825.047769234159 0.205916687799454 0.612187963025032 105.889696230437
"688" 0 -579.326668245356 0.0350896988095365 0.564746760898411 106.854375417577
"689" 0.5 -639.327048016246 0.131349850374238 0.585671890346417 101.726074200962
"690" 0.5 -1227.30883125394 0.212795938446094 0.594986187413814 103.839005694073
"691" 0 -1689.73187935019 0.156526693056581 0.595784462504026 106.577627087012
"692" 0 -513.005343125524 0.0773440015704551 0.580017903077535 105.793789644563
"693" 0.5 -924.338735987325 0.0657612869343226 0.58160581564295 102.572129336093
"694" 0.5 -801.238109128142 0.174952447321003 0.616310152227772 102.70725386627
"695" 0 -1110.19228257001 0.0555098647635769 0.531975496273049 114.815645697899
"696" 0 -1242.06349385253 0.0529946701730166 0.576501573028959 105.374632098177
"697" 0 -843.794240666772 0.105586550253788 0.583076131126628 106.541666032141
"698" 0 -636.997569424244 0.142957078636288 0.596288630974304 105.755487993406
"699" 0 -804.082298117143 0.0283449127806045 0.554907642112594 108.494366198103
"700" 0 -1484.85712027662 0.156583058816502 0.589479258436895 107.91262276473
"701" 0 -609.522268535539 0.159406086111673 0.607235644141494 104.386936262506
"702" 0 -3363.22910100667 0.00553116320233205 0.515775075209262 115.662340326398
"703" 0 -906.149622319828 0.165314698970575 0.608820037889291 104.370912422426
"704" 0 -1267.13220483015 0.172284233163129 0.602316508654249 106.074077414768
"705" 0 -2682.89963404549 0.18784211014957 0.590519486080385 109.543022070895
"706" 0 -691.119675619851 0.0928774575916647 0.583813251012725 105.776420605974
"707" 0 -1789.51206557423 0.179329625931427 0.603307595052708 106.256494585052
"708" 0 -983.069804741764 0.0813540876041851 0.555845147662334 110.970556790358
"709" 0 -1334.53718797882 0.021277353112845 0.515617232486964 116.586196835572
"710" 0 -3426.92172046758 0.209424755804328 0.58225161882693 112.920263947896
"711" 0.5 -2053.14625794134 0.37211186850263 0.648949840367803 103.705627346877
"712" 0 -965.751175309964 0.0774926035352157 0.570088419980995 107.783670840785
"713" 0 -738.833308683022 0.251194855683118 0.633184903694591 104.083057549433
"714" 0.5 -624.25214756355 0.122218150285836 0.584110100286389 102.064101175498
"715" 0 -2512.34003199661 0.169313119922989 0.604509178942317 105.458288943279
"716" 0 -918.530865023198 0.139415709884494 0.600592764801218 104.709179377952
"717" 0 -2468.70070746869 0.153455866025896 0.59552447840171 106.465941829351
"718" 0 -742.935566033025 0.226190972485159 0.630426490867266 103.22482186656
"719" 0 -501.367278525291 0.056100221422993 0.574214343823478 105.954620698048
"720" 0 -661.020043738806 0.0212563893592806 0.571573539279292 104.952848658687
"721" 0 -1245.29960597857 0.183874588780823 0.591444185481262 109.090244561317
"722" 0.5 -834.617154836072 0.222195316682061 0.611338118551588 102.585934300721
"723" 0 -1248.70633615672 0.0791127146422479 0.53477113506677 115.581692473055
"724" 0 -1253.24900654853 0.0157618258111071 0.53383389513141 112.242708919104
"725" 0 -1830.69290496409 4.96537787552098e-05 0.528887524649432 112.502778291516
"726" 0.5 -766.555360966407 0.237581289149937 0.619528184741413 103.042676100414
"727" 0.5 -1633.65642417314 0.258409326477477 0.617897836740806 104.513025296852
"728" 0 -2424.78031728807 0.0492088234641092 0.557617416883301 108.940536344098
"729" 0.5 -555.023232732069 0.208936268801989 0.61277735465126 102.505491343234
"730" 0 -1858.45495903769 0.183705895273575 0.60087094087095 107.022239859425
"731" 0 -808.199329862545 0.0252297630807392 0.554812819820677 108.368709081062
"732" 0 -2783.96316791283 0.123349916819734 0.578460662781213 108.4175557676
"733" 0 -802.533480723407 0.0648735081351658 0.558792835561083 109.477902681893
"734" 0 -2228.1580930579 0.089069908490072 0.556362571191853 111.282900148025
"735" 0.5 -796.854380873435 0.180669703062069 0.597336411077749 102.281821469869
"736" 0 -1468.48594167551 0.132358260229539 0.577481593600495 109.123430219502
"737" 0 -609.644958092553 0.168988319126271 0.613328195844227 103.656215512007
"738" 0 -1203.0361858534 0.0387992138822272 0.558630479272339 108.236436274042
"739" 0 -1148.3585955123 0.0997896004758474 0.591469428199623 104.601346178725
"740" 0 -661.471869187043 0.151587594355013 0.616743659215537 102.145035657706
"741" 0.5 -1139.82846519204 0.257052904746875 0.597436565305291 103.365069600847
"742" 0 -1359.45076361339 0.169642695359067 0.577920490223524 111.255527040013
"743" 0.5 -1946.24004815507 0.229370935653714 0.616052114335879 105.425909145828
"744" 0 -976.766167816496 0.0977393969134095 0.584433954889959 105.88594248849
"745" 0.5 -736.52503442725 0.201875139137075 0.624361048004216 101.791854842287
"746" 0 -1346.299011501 0.1126146974609 0.566235609956345 110.448643130413
"747" 0 -1733.18248170444 0.0387351535091947 0.561196199728101 107.72054412351
"748" 0 -1318.72381270361 0.0309010052581075 0.53595517213126 112.570676628361
"749" 0.5 -1509.38010670521 0.171004389061968 0.605304858745666 104.538998310547
"750" 0 -757.937340478033 0.100135597017956 0.599094073656348 103.157492992538
"751" 0 -491.325699260806 0.0472571448481072 0.579524616489791 104.551673001307
"752" 0.5 -1856.04792895873 0.235833244391368 0.591946696865162 102.656363595836
"753" 0.5 -798.408416270824 0.138042419436874 0.598428670898715 102.09176411489
"754" 0.5 -928.601773554381 0.293296641431026 0.645635701772618 102.89368492309
"755" 0 -3582.99098334874 0.165578200268009 0.602913292951571 105.587174345925
"756" 0.5 -739.485023675981 0.180024525855838 0.580893970045962 102.77190532051
"757" 0 -4737.66055561149 0.182972578081298 0.572924208562556 113.31119271894
"758" 0.5 -2559.25000838868 0.25431362068682 0.626461708003679 104.296238266118
"759" 0 -1416.09956728254 0.174986614219631 0.611819899863505 104.266497407877
"760" 0.5 -629.388866101277 0.237130631270842 0.628281246163492 102.691399903223
"761" 0 -719.694531867756 0.0516369737150041 0.567709840776759 107.025734238978
"762" 0 -1234.59407789164 0.180389630981837 0.604764274464948 106.009551989124
"763" 0.5 -876.526159884009 0.179810685593057 0.580590417703115 104.282058526948
"764" 0 -942.306924571939 0.0152487190505299 0.552538654289328 108.364220792614
"765" 0 -732.469092306364 0.18282940856824 0.611280206743279 104.791313225776
"766" 0 -479.040230515932 0.0387828057317473 0.553718455119453 109.231380662532
"767" 0.5 -4007.30182195339 0.199228525089459 0.579933054156944 105.115634412132
"768" 0 -744.886413243832 0.168094011417601 0.614109015109323 103.456191311451
"769" 0.5 -2773.34302932335 0.275846852185971 0.584476612091977 104.398382925987
"770" 0 -600.163151956947 0.0882160992037502 0.57214870493154 107.897134082322
"771" 0.5 -2973.82154461823 0.124900820959714 0.577503975376382 103.689054376353
"772" 0 -819.34925946692 0.164754089949974 0.599647200471213 106.219278723025
"773" 0.5 -818.04076280501 0.116587580650259 0.58955575119058 101.776351250522
"774" 0 -1177.90046401133 0.131851595160081 0.585822807986745 107.328874395904
"775" 0 -849.370212075101 0.165996880103801 0.586446602294892 109.116142618493
"776" 0 -1149.76107228026 0.0211241748507196 0.567239288870522 105.764654845092
"777" 0 -2877.66041069327 0.230972198403674 0.605352301614138 108.956909127743
"778" 0 -811.451817936639 0.0865074428699697 0.562267100448033 109.871741437027
"779" 0.5 -1445.50289312809 0.330225618982472 0.648377899869275 103.822595801391
"780" 0 -1209.98985905639 0.0926473660635426 0.576689254222134 107.192202888127
"781" 0 -1527.12492253394 0.142082793559495 0.60411367661897 104.142675090558
"782" 0 -1560.21883218424 0.11002852078146 0.563309867612143 110.942152396333
"783" 0.5 -1236.60166405981 0.308929163159948 0.641194610190021 104.854025396146
"784" 0 -702.203796392133 0.140136373008283 0.597894830425069 105.285833247984
"785" 0.5 -1052.05889485075 0.114623777715926 0.583845566625777 102.384624417219
"786" 0 -1696.39931428603 0.0343462112088848 0.562531449191826 107.255221727234
"787" 0 -1560.4094744999 0.121927048277876 0.598896501993292 104.194324152335
"788" 0 -1584.70954090994 0.0417936939915581 0.572341816851614 105.680960772885
"789" 0.5 -784.928414524151 0.203905964833259 0.607851351358371 104.843471208122
"790" 0 -1744.15704271071 0.0946070759167891 0.590914284595412 104.470086984243
"791" 0 -971.186356300745 0.0285853587630736 0.556001341168894 108.286428384297
"792" 0 -1997.95559119127 0.0152785051867284 0.556470319321685 107.589194657654
"793" 0.5 -1288.7180940374 0.21548324673964 0.607638352993491 105.809639948793
"794" 0 -1000.52792196758 0.10493987282601 0.578855651826725 107.368267574464
"795" 0 -843.699435220371 0.0450620721789327 0.544044910917635 111.572193580889
"796" 0 -960.585695682095 0.169349599548573 0.605659323078036 105.223871369008
"797" 0 -526.355677061177 0.0139802530620041 0.566757050299145 105.555278724921
"798" 0 -924.989283849935 0.119378532701672 0.598525876996016 104.14595014269
"799" 0.5 -580.82773268538 0.103596255072475 0.589552968207046 103.193408817612
"800" 0.5 -1057.05390487104 0.23227621677293 0.625801445023503 102.571505710296
"801" 0 -1584.21894616182 0.00141612445824224 0.510429494735739 116.647829926363
"802" 0 -4211.18669944548 0.00670525452937176 0.520503800544339 114.668870403594
"803" 0 -1509.48284934541 0.0391269782534075 0.537977553283886 112.567718200991
"804" 0 -1537.82878658329 0.0174520576276996 0.562261505357745 106.559414166282
"805" 0.5 -746.218301024594 0.199283488752684 0.599743193244166 101.77087142095
"806" 0.5 -737.155151919202 0.132258600061198 0.592576663587754 104.050506695081
"807" 0 -1285.42624399129 0.0624764283740031 0.542454632745594 112.858413121407
"808" 0 -845.148570217765 0.209623091143027 0.620103976788594 104.43614431771
"809" 0.5 -1352.35314597878 0.280876818804113 0.586948762199942 102.77409137236
"810" 0 -813.101790389887 0.032666473849591 0.542659315405881 111.228007984464
"811" 0 -992.605167675233 0.0343349445129942 0.544768685465636 110.867711403663
"812" 0 -1153.14446508564 0.255920580275096 0.634789141693948 104.02400463419
"813" 0 -1329.65985612344 0.124981178610454 0.575085790643923 109.226420260477
"814" 0 -1232.22367518025 0.246075964147264 0.615148309174761 107.723162559583
"815" 0 -630.404273695706 0.00231015845976967 0.53991319629052 110.31173132367
"816" 0 -542.746661540106 0.047021643873803 0.575335885155992 105.336013611709
"817" 0.5 -1083.24950768673 0.235218708065477 0.615976566154905 103.920404955186
"818" 0 -571.8288648854 0.0447287848449401 0.565172455595733 107.208663108433
"819" 0 -669.972896370801 0.142915062555785 0.591899391822811 106.65473177908
"820" 0.5 -970.677005701548 0.240360836996208 0.626812587140861 104.220529655926
"821" 0.5 -1852.83646625712 0.237695458558015 0.57956302492629 104.777587970439
"822" 0 -1580.25814697376 0.0297343613188439 0.552030116058006 109.141075818054
"823" 0.5 -576.088138533783 0.146813085866836 0.601498554639301 103.894141974207
"824" 0 -721.29040572744 0.0196923662148334 0.556271215273314 107.826106624585
"825" 0 -950.023642241251 0.0361504416065671 0.551568641908592 109.54432273081
"826" 0 -2002.49003892696 0.0137027212154839 0.563203795954981 106.217836764175
"827" 0 -779.88422191254 0.107335511581883 0.598908797401245 103.515193328657
"828" 0.5 -1226.70889675131 0.185114789750863 0.600966751394824 103.842505933344
"829" 0.5 -3204.00531869001 0.120795811020005 0.597574787954452 103.550177035108
"830" 0.5 -1211.91051414236 0.297254838038985 0.636934311591219 104.88557045022
"831" 0 -1716.73893998513 0.067153346286026 0.55463403636783 110.470847698953
"832" 0 -4243.12835227335 0.139913821252682 0.573122495008886 110.512318197056
"833" 0 -1268.4358480055 0.192883799231108 0.610728318224623 105.456357070175
"834" 0 -917.994639645178 0.0981332166223 0.555318742996685 112.026234696177
"835" 0.5 -939.517112592267 0.134083712640149 0.596686517815216 103.913425215054
"836" 0.5 -713.10276872207 0.154367424434041 0.610082227136788 101.547328991536
"837" 0 -730.327381918243 0.14288843611092 0.612740142637774 102.504867488309
"838" 0 -462.643244185564 0.0134581298231815 0.552894546562763 108.21233358027
"839" 0 -3581.36920395993 0.000160805995235713 0.534830494435295 111.257982577081
"840" 0 -1516.67389371521 0.0370482898088131 0.558516187855021 108.177208690625
"841" 0 -902.396103515428 0.27479430502656 0.639921136019309 104.075427105161
"842" 0 -1431.67274151146 0.21871127051293 0.613354972796633 106.39497540032
"843" 0.5 -1074.03730869091 0.192618020416271 0.599269332479779 103.10774353845
"844" 0.5 -927.92376227319 0.238963156437868 0.611762494198379 102.132235376537
"845" 0.5 -986.77048975014 0.249271352757147 0.627737405139564 101.724553621002
"846" 0.5 -589.78104363464 0.150971208170179 0.597367186183615 101.938400445227
"847" 0.5 -359.799854771392 0.0886309977515529 0.578637494524724 102.921542835515
"848" 0 -1052.99008235941 0.165935585081392 0.592464669312855 107.804411373381
"849" 0 -1387.54550130057 0.0649548481723959 0.537488443029457 114.110637303954
"850" 0.5 -555.889337028336 0.178424060638529 0.620713460939648 101.826377659384
"851" 0.5 -1546.37036677568 0.206453347625121 0.603488529421812 104.590578963421
"852" 0.5 -783.432279863504 0.222839435030807 0.630818083605546 102.178300431557
"853" 0 -1169.61603208422 0.170115964606216 0.600883814090106 106.254388146335
"854" 0.5 -1019.66265647481 0.202529413488406 0.615975882722015 104.638885368686
"855" 0 -2732.12855422633 0.219883829847093 0.597503715352087 110.026290891669
"856" 0 -1064.02102732213 0.0981523880067248 0.556954136915129 111.664798142971
"857" 0 -2653.32343788796 0.248110264805272 0.605835078692843 110.021911577601
"858" 0 -894.686329820305 0.0045085700745543 0.522131491023326 114.192636110564
"859" 0.5 -657.425839331772 0.0629198601001076 0.580109886503871 102.700355660822
"860" 0 -652.188225959109 0.151305966410727 0.602662786608794 104.893139524665
"861" 0 -1087.10040994433 0.0576485867309496 0.571767935045652 106.503071752959
"862" 0 -681.07982806565 0.0850361440602432 0.556493228833578 111.031571908481
"863" 0.5 -981.799406013987 0.230548014348437 0.599170758478654 103.339615892526
"864" 0.5 -1125.43540562579 0.240384184078765 0.606637938535091 101.934857288375
"865" 0 -1272.97755328393 0.0314615172310845 0.533166117201168 113.207421105774
"866" 0 -459.699799832177 0.0471353757136166 0.580197137909029 104.420049976534
"867" 0.5 -794.573953067032 0.122256512396488 0.56664577570366 105.321752318833
"868" 0 -1511.32945165502 0.24239951017894 0.6346441843536 103.263629513746
"869" 0.5 -548.937049443525 0.14335988776955 0.593903676138883 105.105363764893
"870" 0 -2474.39983025374 0.0969735726998179 0.546323670814991 113.992507041129
"871" 0 -1109.76629369974 0.0176940310110721 0.545546023550988 109.889492745022
"872" 0 -2887.50828795446 0.209373199712974 0.613992536787518 105.70609823789
"873" 0.5 -5672.28266117084 0.183825903068837 0.576559891681432 103.394803436939
"874" 0 -1870.3026935794 0.0436047572168422 0.56131141504332 107.924586806051
"875" 0 -812.827915715481 0.0131905110340839 0.569038911397169 105.094222461991
"876" 0 -926.821372832423 0.133797570431406 0.591533009485544 106.252623284585
"877" 0.5 -1128.94324415126 0.179320535036719 0.617244249420073 102.898811254092
"878" 0.5 -1864.88965547892 0.214012431087887 0.600497081741699 102.787043015938
"879" 0.5 -475.44374716228 0.140301917193814 0.603413384006756 103.220764090214
"880" 0 -849.41356110489 0.155972807335841 0.616029492292721 102.488772795745
"881" 0.5 -652.821557852033 0.158627331943471 0.615228455401173 102.013062175456
"882" 0.5 -630.664250676196 0.141288809973564 0.582363686863882 103.827115220577
"883" 0 -1044.2721426837 0.000460122803807361 0.527086506826716 112.908012591675
"884" 0 -806.381668757447 0.164270062614768 0.587756712465454 108.727095989301
"885" 0 -1769.19266632727 0.0240651077228666 0.527373746227894 114.083762233984
"886" 0 -1727.10992967811 0.131380414611982 0.560906954189452 112.753434402379
"887" 0.5 -1402.00747020571 0.229654477976399 0.601827093153293 101.985852438584
"888" 0 -1206.91494190811 0.250432301778303 0.641756697762249 102.249183046538
"889" 0.5 -2456.74668489602 0.231297064900442 0.634342708106358 102.288419794664
"890" 0.5 -554.383887498982 0.135739325291207 0.576104342837283 104.442995681986
"891" 0 -4326.95525040756 0.0411449729840127 0.535806354779951 113.15079240154
"892" 0 -1225.08831020908 0.201103933228137 0.597996654039425 108.695840854431
"893" 0.5 -655.499222745369 0.203730102921338 0.619031928288391 102.336198316608
"894" 0 -883.414124536118 0.0169740584778909 0.54202506965924 110.580179991643
"895" 0 -760.887274105473 0.161322167276208 0.603236937756425 105.295261135674
"896" 0 -1789.2465682386 0.0993493094007452 0.569512605417636 109.02039831474
"897" 0.5 -1053.0804491744 0.0729373867794486 0.588883574597286 101.607998657413
"898" 0 -1387.93749068217 0.194044775557913 0.607504964129439 106.201510995277
"899" 0 -1919.3001779882 0.0859529604957832 0.56179154953441 109.943319540541
"900" 0 -3823.87448772427 0.230120541220357 0.615090183623983 106.71410748777
"901" 0.5 -780.434707066422 0.17616559868426 0.591876259404132 103.224807603471
"902" 0 -547.355285098352 0.0676682585416288 0.556872928989603 110.023829593207
"903" 0 -1425.42230110487 0.136809172655602 0.592502660088444 106.210162177868
"904" 0 -3112.02932318906 0.117587436274246 0.584394254279808 106.879229050991
"905" 0 -1548.32907354613 0.0445690098537178 0.539164669296136 112.600650474778
"906" 0 -418.812979456113 0.0883281661226528 0.588506615594382 104.648014991358
"907" 0 -760.213916704321 0.0502036029168388 0.553609048954006 109.816779329954
"908" 0 -1254.51285574261 0.0416937726730136 0.536438535859196 113.041734817019
"909" 0 -956.473823167778 0.0369989979830335 0.542468609294048 111.490175078227
"910" 0.5 -1059.95511216108 0.228883325034261 0.617697718263392 102.084016281087
"911" 0.5 -2643.52803819661 0.310856051223723 0.626541575062321 104.100147665385
"912" 0 -2655.06595754563 0.122823381165929 0.548658610902597 115.073704883899
"913" 0.5 -8488.85020598412 0.258607946797959 0.632153189792465 102.823791923374
"914" 0.5 -2575.15339588831 0.321952814058275 0.635936165594454 103.163448072132
"915" 0.5 -749.132458592809 0.101556565504964 0.583431573410405 102.246939279791
"916" 0 -1865.8361084229 0.055418812861156 0.545355276103827 111.838275713148
"917" 0 -838.568347894216 0.0959366486438404 0.584586985599782 105.76917373701
"918" 0 -1189.56344861781 0.1264907758545 0.607611313506079 102.727744264482
"919" 0.5 -785.696236788212 0.172188545254926 0.597541957542374 104.714298389014
"920" 0.5 -1049.01533030218 0.251158046804309 0.621929701960014 101.61370687345
"921" 0 -817.834626366548 0.0274326818962914 0.554442960326144 108.545115377731
"922" 0.5 -948.609724359803 0.170403855323393 0.607571047716547 102.658545067534
"923" 0.5 -1674.20112654802 0.143296077224234 0.602437436209824 104.472009873763
"924" 0 -1434.79266561358 0.0706282059661002 0.565540110910257 108.37263641376
"925" 0 -1563.43033670362 0.162897243867075 0.585789837589535 109.076659446047
"926" 0 -1387.3188658752 0.201192603828818 0.603823482525328 107.413956726389
"927" 0 -907.684028022094 0.111431736255384 0.578230406130241 107.832011051592
"928" 0 -1127.58160733414 0.000754162777031553 0.528952963527098 112.52418661085
"929" 0 -488.549056382111 0.216336939067833 0.631815694827446 102.41043700492
"930" 0.5 -1007.14563062745 0.129694413587131 0.590812837719104 101.685178451426
"931" 0.5 -701.907678059434 0.170444743558925 0.610412289406039 104.104423798993
"932" 0 -1361.56228887193 0.0726417285651294 0.561882502427375 109.229785418813
"933" 0 -2136.5088200298 0.0754541223818624 0.538260407837657 114.551144880615
"934" 0.5 -680.52809606146 0.211229049510266 0.609589891646325 101.652994885761
"935" 0 -494.350333694839 0.0107452488628568 0.556513237452199 107.380434297211
"936" 0 -5667.82589773719 0.232271893096124 0.607752719552728 108.494163648039
"937" 0 -728.541764763708 0.0955079275494626 0.590187484640118 104.652030453412
"938" 0 -1977.50102337576 0.236390367202139 0.629772826189016 103.936071650055
"939" 0.5 -839.584354711109 0.249056173576264 0.586661677534092 103.698488671985
"940" 0.5 -1430.79617512204 0.218512356788688 0.618636118776399 102.393376642
"941" 0 -1030.7434869389 0.0161671775457394 0.541188171315101 110.714486901788
"942" 0 -2094.1475863101 0.190191533132877 0.624838317045926 102.447884600563
"943" 0 -1771.88408073481 0.0272106723378552 0.520895266554612 115.71495546503
"944" 0 -1179.75673081279 0.195904264654923 0.618598923828228 103.9958931664
"945" 0 -5722.38083948597 0.0950445362189738 0.560500481106003 110.713972163573
"946" 0.5 -1885.14143763391 0.258172100543331 0.636282283117102 102.131339381263
"947" 0.5 -902.371835905237 0.154202818046236 0.580827139452421 102.589008525386
"948" 0 -1622.95380508013 0.0306586595578477 0.563459337835778 106.907517672516
"949" 0 -1080.74081367572 0.0605861629123129 0.570912590530652 106.807708156342
"950" 0.5 -702.571880108351 0.205370875743967 0.613215248243807 102.524403795227
"951" 0 -793.318347475605 0.0104009565343633 0.531555581569736 112.456421271199
"952" 0 -853.127682255298 0.175404284630559 0.61322795248488 104.004296698631
"953" 0 -868.094857053116 0.144505215148515 0.614975814363142 102.15332536893
"954" 0.5 -684.632492666803 0.196903938467745 0.603112920458899 104.569213618245
"955" 0 -911.783106722617 0.119647203889099 0.563713138916403 111.409524692223
"956" 0 -2060.85498781593 0.221161823381939 0.635463054182251 101.934980893531
"957" 0.5 -1218.20823773282 0.287866218540914 0.629130486110452 101.966564149037
"958" 0.5 -2051.77830455283 0.268734527306333 0.624415663358526 101.582191117574
"959" 0.5 -2531.16808159844 0.269576643449513 0.612852194648538 103.175094916206
"960" 0.5 -969.279003532497 0.105998387288243 0.583541793903365 105.625286506955
"961" 0 -533.15062174052 0.13328151254752 0.598607869488584 104.800497324904
"962" 0.5 -652.508184379298 0.205181623003525 0.616318823357287 102.16625130903
"963" 0.5 -1823.25193789751 0.207394482179359 0.62154644075849 103.842445006315
"964" 0.5 -1972.60782446861 0.261760319320708 0.585919338136418 103.054413870722
"965" 0 -2515.54739586869 0.0182467757558432 0.528894385388687 113.437820926029
"966" 0.5 -1499.09848697788 0.199766280279704 0.601582339379981 102.438371016737
"967" 0 -2437.16449790015 0.248065283719559 0.635465722838224 103.417953997455
"968" 0 -812.007501113383 0.0630154188396356 0.566394439736476 107.826244278578
"969" 0 -498.226767688827 0.0275651734088208 0.568848131318891 105.733173021418
"970" 0.5 -809.997417787037 0.127665866959224 0.585986354927599 102.908467634395
"971" 0.5 -1574.2289554922 0.216327286565609 0.583447845404268 103.183406275697
"972" 0.5 -807.838633175178 0.287647007629548 0.642417980405565 103.38787299972
"973" 0 -737.519650177316 0.201695740015637 0.615724319320841 104.905025663204
"974" 0 -1633.72918565677 0.0125204580849655 0.53301355643192 112.252915611281
"975" 0.5 -1306.94363775462 0.308041956778726 0.644949667880126 101.613077370822
"976" 0 -1650.48663580067 0.0315016984686413 0.571493850434955 105.398346814676
"977" 0.5 -881.722279872861 0.130191910258213 0.603189079885114 102.63822128484
"978" 0 -1357.6344427891 0.0273016536053696 0.518839068027881 116.191315172496
"979" 0 -1089.08395290403 0.122103504097827 0.563093965502193 111.693017846206
"980" 0 -983.286093773903 0.149994867836108 0.607037477635617 103.954515453894
"981" 0.5 -636.00607174086 0.157004452355919 0.607275660593854 103.381714434829
"982" 0 -1159.97308388162 0.00874532039129372 0.548789683217349 108.815065044235
"983" 0 -996.184309502734 0.126216804198903 0.598361272744021 104.5045525525
"984" 0.5 -995.795237949261 0.280020155806303 0.622465671263964 101.917810333334
"985" 0 -1066.03297286848 0.100849838273376 0.570312483994715 108.931398535706
"986" 0.5 -2711.99272619172 0.331698269574074 0.622695735756425 103.930715083983
"987" 0.5 -1814.53470160951 0.218390499662642 0.633545505356177 101.82085411679
"988" 0.5 -534.438402582378 0.0925680290424903 0.578852376338291 102.852957779542
"989" 0 -4905.03948649336 0.22235623441088 0.615066413204881 106.243690600572
"990" 0 -1311.85000115246 0.197915659628239 0.585875366669146 111.260207711044
"991" 0 -4432.19669007632 0.147099693226373 0.56177672711246 113.552533196309
"992" 0 -2285.83216203119 0.0227959083533716 0.533458233135102 112.685858920799
"993" 0 -784.809711905458 0.170456201190531 0.605968808412209 105.219287323859
"994" 0 -880.065672432914 0.0373973408093418 0.526655090710892 114.984664253728
"995" 0.5 -1906.70995669352 0.210533511758132 0.629333231527232 102.176232142746
"996" 0 -10711.0353202817 0.267315721485652 0.608626414327453 110.753062690585
"997" 0 -1373.64946640833 0.064655985431529 0.54341122446969 112.768354369537
"998" 0 -399.19934823625 0.0142937874263714 0.559620705439486 106.932127373875
"999" 0 -4115.42146210775 0.0611356295880694 0.529860102453674 115.634312286461
"1000" 0 -1060.57425242203 0.0473751900460754 0.544775277104013 111.536880474794
