"SCI" "RCI" "GER" "MSM*" "MIG"
"1" 0.5 -241.020190872329 0.741420146240347 0.445117615729855 87.6345449801302
"2" 0.125 -678.790818905288 0.358301833511805 0.218550181755018 155.235846796934
"3" 0.125 -570.763227984163 0.4944936848594 0.286339328586684 139.144206698216
"4" 0.375 -682.79345450959 0.48460814572272 0.26391325242673 133.944032669137
"5" 0.375 -459.168247674076 0.492899756260805 0.280492283164276 134.126676688995
"6" 0.375 -719.2917844048 0.537150979597261 0.303748729898304 130.373114378378
"7" 0.25 -1529.3071029693 0.39658679243375 0.220256068485288 159.031647713808
"8" 0.25 -368.744510097054 0.562205192617875 0.313463705639461 123.850639144261
"9" 0.5 -458.444344215092 0.478477331633181 0.251891647424011 134.136252446007
"10" 0.125 -230.312432475103 0.529511537816181 0.288384894570219 124.031947777723
"11" 0.125 -783.636949515797 0.276282168963131 0.209070429245496 180.299235739
"12" 0.375 -566.345248564784 0.584175081460363 0.334844503220839 121.164456120599
"13" 0.375 -513.868894151898 0.496813945233491 0.25737020794928 129.897926682397
"14" 0.375 -471.12599907526 0.536018344800302 0.295614295242493 131.571692181518
"15" 0.25 -693.292987124678 0.28052267874739 0.202321004878464 173.248068868113
"16" 0.125 -743.153678487169 0.273873458646059 0.203365838657778 181.832028127322
"17" 0.125 -927.109919150476 0.280293977984172 0.197251438396209 182.157433294831
"18" 0.5 -489.826826392686 0.703661342647244 0.359503337318417 93.3538835526909
"19" 0.375 -249.154681802225 0.546735649888559 0.274837745764335 116.381363972765
"20" 0.125 -564.27222369695 0.149281004509475 0.166537764395416 201.51070161073
"21" 0.25 -757.46239948091 0.311086435412176 0.223328285298609 167.897313080635
"22" 0.375 -527.876280531433 0.490285547078552 0.241906248062195 126.285372912534
"23" 0.25 -565.441297768326 0.390751741532486 0.229138487649397 152.738375366363
"24" 0.5 -230.572854604829 0.633756457694667 0.356477801047911 107.960888277902
"25" 0.375 -339.340323278407 0.511081955822289 0.263415477721186 125.047945591481
"26" 0.375 -450.525080199935 0.508795307302046 0.271983678206704 130.34428811681
"27" 0.375 -380.459739348223 0.487825017294413 0.259860387380938 132.967527242587
"28" 0.25 -552.704092110063 0.52923070417027 0.300546264671158 128.623594050971
"29" 0.5 -642.891402489845 0.529599569002151 0.295212730507189 124.441896670847
"30" 0.125 -525.277560827372 0.270418404401606 0.21751349962952 172.522930503287
"31" 0.125 -679.796540106142 0.196833387407849 0.186775892942595 188.082274709619
"32" 0.25 -419.685982112205 0.417838991780875 0.230318629511981 145.178600258147
"33" 0.375 -392.444042860396 0.601193188937774 0.325908321023064 110.009433109779
"34" 0.25 -336.274994151315 0.627049138964454 0.379158530143509 111.917976361397
"35" 0 -1013.34640534268 0.184966966261545 0.194073504300659 196.907088645012
"36" 0.375 -557.975310634295 0.761185211303614 0.490852320897464 87.3123206522782
"37" 0.375 -425.738666499241 0.613400956155362 0.340198740972146 114.783478722069
"38" 0.25 -495.872640471023 0.708207395659953 0.399428619042465 95.3542197905481
"39" 0.375 -459.361118712557 0.472221097891981 0.255665155152805 140.263024572492
"40" 0.25 -483.638399716688 0.503395076264453 0.248252347911719 127.323251733207
"41" 0.125 -1174.75352918829 0.353329621161055 0.241385609116888 165.485491549713
"42" 0.375 -419.574545143866 0.585802120360194 0.301910420515465 115.262040529423
"43" 0.125 -1130.58334969123 0.202581869260123 0.170665392016032 191.378632343095
"44" 0.125 -599.686239478294 0.314403388861299 0.209738897891154 167.236592945713
"45" 0.5 -549.603919573437 0.547427583206465 0.27281673606382 120.991665977659
"46" 0.25 -517.873288454528 0.508775167876986 0.268914379119673 132.212751197116
"47" 0.125 -424.227236502472 0.485689627981643 0.298748539238458 137.175775289768
"48" 0.25 -533.973150416762 0.448882970821868 0.230517101997917 141.741945753992
"49" 0.25 -427.129348771 0.403014157477154 0.232737626063902 151.736663179006
"50" 0.125 -557.15666644949 0.165946874609517 0.165271417807392 190.041108260024
"51" 0.25 -806.165094080643 0.480350802048151 0.293598860619237 137.158497716091
"52" 0.25 -652.88316051668 0.404924465573684 0.228346311813858 149.968632385088
"53" 0.25 -419.98552662656 0.525644991034277 0.284985812248727 124.339990640175
"54" 0.25 -788.449198766629 0.364514545276273 0.212008734374125 161.248928131559
"55" 0.125 -960.000000157698 0.122757741396473 0.158685004182601 198.689530954487
"56" 0.25 -928.14871977326 0.607947322197279 0.310388027772272 114.905752517586
"57" 0.375 -412.454826911335 0.477083254522813 0.257336263229944 136.065439414908
"58" 0.25 -334.876716397468 0.527325822911759 0.284392282808112 124.251968278061
"59" 0.625 -348.541461759359 0.682531156649052 0.345877287174216 95.2713018807349
"60" 0.375 -524.073239207522 0.463936764520748 0.258000469030178 137.02588299911
"61" 0.375 -259.765716715554 0.636147396023661 0.35665381258626 107.783244397468
"62" 0.125 -723.83057887294 0.340917293256052 0.224170234225188 163.376644464186
"63" 0.375 -450.33605925236 0.53917308162249 0.267278520390553 120.519759338768
"64" 0.25 -561.457191649157 0.223031189663621 0.183063710141441 181.004888235382
"65" 0.375 -651.431149086623 0.525214298768433 0.261407700582079 122.977870200179
"66" 0.25 -557.868307744116 0.348159395012485 0.22796349571828 164.211113481782
"67" 0.25 -908.359799374133 0.256876471000396 0.187565223425444 181.415735930856
"68" 0.375 -310.571630214444 0.616672325807416 0.304404211086136 104.370666938135
"69" 0.5 -730.574944400121 0.490049900698994 0.259905404662824 128.543337202887
"70" 0 -551.510871587294 0.394078859789706 0.261933697134064 159.877298534708
"71" 0.25 -761.694823022072 0.347732869862518 0.204188311936906 161.985557385511
"72" 0.125 -722.104078196553 0.141201391870292 0.169025482765592 197.636869935994
"73" 0.375 -695.751400278779 0.487349507741617 0.259856111520898 137.356942864601
"74" 0.125 -931.192947864533 0.320976495567531 0.210441467480477 164.499570526136
"75" 0.125 -532.72884113124 0.137568438758773 0.158866254052302 199.007688236469
"76" 0.25 -492.427613196732 0.42468703174265 0.235208763657323 148.994064005162
"77" 0.25 -450.603312594041 0.460481198346873 0.276154786419548 143.266793162282
"78" 0.25 -666.511217053624 0.329159007175445 0.211351528840635 156.70722775755
"79" 0.25 -442.336291662933 0.3621652448112 0.222164003600876 155.14947545093
"80" 0.375 -567.460635917029 0.453316890341833 0.258087630281572 140.761802499578
"81" 0.5 -346.988787223249 0.573501238378607 0.297910785637006 116.77659219089
"82" 0.25 -641.502627693516 0.515186027249115 0.274733338819828 132.174602472922
"83" 0.375 -439.063103583162 0.635935846542347 0.370982248968228 111.267661677604
"84" 0.5 -216.215881032407 0.699968323544389 0.422368195206243 97.1539314270251
"85" 0.25 -564.628939099555 0.590045961248117 0.309889674967469 113.675030843844
"86" 0.25 -646.116069391343 0.354930574089519 0.206021280866368 159.594969988614
"87" 0.25 -814.666261405479 0.317136267707936 0.206903274710692 163.400124929706
"88" 0.375 -252.696603819615 0.59122176927009 0.306329555883249 111.334321216168
"89" 0 -650.221603234378 0.215266895766054 0.196408642010925 181.243345009582
"90" 0.25 -425.179694820114 0.497272022753559 0.311261222509975 138.142284518597
"91" 0.375 -189.001984808687 0.690590552338057 0.366057990275168 91.0458407950588
"92" 0.125 -422.193890568055 0.299502371486018 0.233801983561848 167.466433505132
"93" 0.375 -520.95171410238 0.590218375776902 0.326285046084985 121.288381746667
"94" 0.375 -475.403493102048 0.385280776640007 0.208202030007478 148.522597949346
"95" 0.5 -571.58808989474 0.50789830930649 0.245354090203078 126.309134962782
"96" 0.5 -263.243487364309 0.721861090894715 0.430300050084527 92.4123710790183
"97" 0.375 -377.467488054983 0.38165012653853 0.221027559581598 149.78123872804
"98" 0.375 -328.431498741798 0.626526623538478 0.337101650722893 109.094500170043
"99" 0.25 -481.372326745918 0.50024295292634 0.282509206410673 137.901494966284
"100" 0.25 -523.453719074366 0.451259421764226 0.245020724457571 138.150877906592
"101" 0.375 -677.862092914233 0.499475806721123 0.281380825147622 138.79423130136
"102" 0.25 -675.584910474028 0.738328390917043 0.457773542019671 94.1535078300163
"103" 0.625 -563.23104328489 0.638483914541743 0.329573196798813 108.495877625002
"104" 0.375 -750.847224885127 0.485323197314205 0.283331449299286 135.304687067354
"105" 0.25 -1043.97099494988 0.621848191086816 0.374066973233486 115.772373160697
"106" 0.5 -301.743670158616 0.64620511414372 0.342577739718076 101.81718855747
"107" 0.125 -687.260994844996 0.315820833673544 0.225867800719238 172.48555965079
"108" 0.375 -635.930980603206 0.456855872249888 0.248303854369683 147.072152790078
"109" 0.25 -765.684622570427 0.535491431899068 0.264324268847504 121.468942375295
"110" 0.125 -701.362709099477 0.329639708083175 0.213044647196344 170.305988672934
"111" 0.375 -557.599656869725 0.441539218300666 0.252859837855002 139.845472199656
"112" 0.5 -358.483294029846 0.704485157259238 0.364204839908621 87.8224707250716
"113" 0.5 -259.228113237769 0.575079020921867 0.30143025762764 114.123543064692
"114" 0.25 -888.55542715791 0.202245014711424 0.178996536602391 189.270484599308
"115" 0.25 -645.379317590327 0.407155039149445 0.236690166737049 158.224610903719
"116" 0.375 -549.088577354111 0.575833221582012 0.304510005949902 118.60205086316
"117" 0.25 -217.456906900919 0.529211361849213 0.266531218803355 117.329705266631
"118" 0.375 -704.569149872706 0.427022297742405 0.262664031182662 146.015923715336
"119" 0.25 -1969.70936873006 0.374507107454361 0.21748276043962 152.107702220301
"120" 0.25 -460.928833294394 0.343777218841264 0.21253845938138 156.468708199332
"121" 0.125 -498.989620286048 0.237895085092227 0.190833801727969 179.006362079433
"122" 0.25 -256.081132409031 0.604874440912598 0.2845697788236 109.526929726778
"123" 0.375 -299.911177205802 0.626982943818514 0.353308576278974 111.202977420157
"124" 0.5 -354.082733149953 0.482451104160808 0.250514178217815 132.417733682343
"125" 0.375 -417.209021265946 0.687934719395928 0.414999318783496 102.829840873624
"126" 0.25 -676.579745361753 0.48928854716137 0.25703333960858 133.842584130075
"127" 0.25 -634.582743728169 0.216968902401865 0.181162478494178 183.231209584349
"128" 0.375 -503.836937372774 0.411651076349779 0.224690841136138 152.302842481621
"129" 0.5 -409.681054091797 0.607797979008736 0.326568447639547 113.748740969459
"130" 0.375 -851.575478285493 0.354029635828783 0.211088593374759 158.818017535284
"131" 0.25 -473.34766962202 0.374299951003008 0.231558445306971 153.471015483164
"132" 0.25 -565.604649276951 0.481116332240175 0.300315814784828 139.377610093332
"133" 0.25 -416.304073472207 0.368155839870156 0.20646596497864 151.871221440053
"134" 0.125 -689.52736020016 0.541947953813172 0.317125839687013 131.023288333695
"135" 0.25 -774.78255193229 0.591353557174493 0.317690658912704 117.537541218451
"136" 0.25 -479.741054671313 0.437735623791095 0.26351344082566 143.294942663191
"137" 0.25 -325.595284617081 0.750351860765933 0.418170186329826 84.0898800422438
"138" 0.5 -500.989578628072 0.481964727759275 0.258074810923665 138.85341973498
"139" 0.375 -453.307990796373 0.523185129483366 0.296081018502359 130.304556008708
"140" 0.5 -567.618807172502 0.559100541147961 0.285660965613461 117.453594765556
"141" 0.25 -503.973910019932 0.523196364979436 0.309904517955409 130.428063553129
"142" 0.375 -567.242418122505 0.564793659031806 0.331426283135291 123.804110713093
"143" 0.375 -440.692812229236 0.647234174159845 0.36607787712145 105.762535321992
"144" 0.25 -893.567150758966 0.281174408768053 0.197826234552111 173.502354922308
"145" 0.5 -173.742055244091 0.691196108410208 0.365982593614753 92.9551033194874
"146" 0.5 -264.091290963756 0.622842960710446 0.318465849190091 102.318502594135
"147" 0.25 -416.812440582293 0.349188692167241 0.219648589663016 154.822418724606
"148" 0.5 -217.162007500733 0.598411137368337 0.306141384129994 108.588072459213
"149" 0.375 -285.747471474906 0.596104628995551 0.326263534710812 114.80233592242
"150" 0.375 -554.669638336754 0.334848002017535 0.214434703288575 161.008074365347
"151" 0.25 -1096.59880638194 0.299397348751748 0.195395634428335 164.745546274143
"152" 0.125 -506.836017550918 0.10273441176499 0.156557549180969 203.942368995771
"153" 0.375 -344.139926286418 0.667234871847639 0.394258504198671 104.020268901065
"154" 0.25 -587.938499387759 0.453239241789789 0.240769089925085 141.750184648461
"155" 0.125 -800.257681706673 0.391206657000775 0.253753275540664 161.858114060946
"156" 0.25 -745.543779044064 0.436948770920149 0.251521037816632 144.139410097944
"157" 0.25 -466.3563168133 0.490194825004937 0.306125648291841 137.979711795924
"158" 0.125 -696.461991797056 0.275548341383919 0.209220454028354 179.219051297335
"159" 0.375 -747.565409857669 0.56931890005742 0.328602650610464 125.449193021702
"160" 0.25 -854.47092271866 0.29087373164244 0.195978532303114 172.394707709504
"161" 0.375 -451.926868170266 0.686977800891971 0.393086167395891 99.1556774483295
"162" 0.25 -607.788846184337 0.522395267475953 0.310074661813652 137.413793536718
"163" 0.125 -788.470394842151 0.0772694950402069 0.148415333421673 213.237149133324
"164" 0.25 -712.573489826257 0.35548858950023 0.223412302117914 157.331039514602
"165" 0.125 -455.014639372946 0.185741655816034 0.176574675451453 186.657099198271
"166" 0.25 -795.235542236368 0.428183759769956 0.238698461425847 146.736344570224
"167" 0.125 -559.913130363273 0.222777093060727 0.19208334230218 183.215873113414
"168" 0.375 -710.940531074415 0.465790514548336 0.267419518801893 141.225951069151
"169" 0.375 -524.712215304225 0.352252866486869 0.207910033690706 156.24365204554
"170" 0.625 -324.097110898905 0.640040637073831 0.327441463724414 102.708772419649
"171" 0.25 -782.467771290422 0.547502717371226 0.320338784258607 127.7122031454
"172" 0.25 -481.938275909989 0.224283008413154 0.181293162132496 174.951355371787
"173" 0.25 -356.934094308699 0.381892032460979 0.24553433635278 155.430957078864
"174" 0.25 -808.298753612719 0.601780203757112 0.338129236137615 119.708105562814
"175" 0.375 -412.211631133417 0.468053497924906 0.252974211732103 140.57903238812
"176" 0.5 -664.310834214143 0.514035195834516 0.259579583391446 124.66548005545
"177" 0 -609.867174708762 0.0232855647394451 0.140527391231906 215.745175115741
"178" 0.25 -426.885113971593 0.558236209064471 0.326928935155592 128.652608697
"179" 0.25 -1220.95659111846 0.441391936373305 0.267474292716154 151.710736581706
"180" 0.125 -363.168360380355 0.473713556507624 0.265000480409349 134.617436807277
"181" 0.125 -568.942075646278 0.21747858112199 0.188404795079177 181.894760860107
"182" 0.125 -507.559061412851 0.199291603314665 0.190293752566098 182.438142174692
"183" 0.25 -602.472460376555 0.324422417040633 0.196242049288124 161.054277149076
"184" 0.5 -419.185819753618 0.628180330110641 0.330625060939704 104.156329642399
"185" 0.375 -1506.06056268871 0.408533450421423 0.23406788123969 155.874767553783
"186" 0.25 -847.431284704762 0.4175693235044 0.230910510799729 152.327713702596
"187" 0.375 -504.70013704205 0.412806603569614 0.229119812928696 149.179272070154
"188" 0.375 -498.039719867846 0.637182761465211 0.387336649320718 113.006287123356
"189" 0.375 -379.174297787447 0.490917436749118 0.256480841887748 135.824498756928
"190" 0.25 -1145.05682434762 0.296449181484344 0.195023925716318 179.455012750789
"191" 0.125 -731.605318874634 0.397925195453049 0.257696176639179 160.001136260014
"192" 0.25 -889.176110579302 0.500779637201775 0.28420232868326 137.611187813431
"193" 0.125 -713.89499436765 0.404417397921307 0.245951985548785 154.099756276375
"194" 0.125 -701.094202935445 0.227081810853637 0.189054858305523 177.923796029971
"195" 0.375 -479.422130419901 0.609395409525529 0.344682428128491 116.186598627339
"196" 0.375 -243.507941812671 0.646756312535137 0.304972715863638 97.5409154762747
"197" 0.25 -473.84546990759 0.676567193393799 0.400994680826707 105.972038504272
"198" 0.25 -447.615999629732 0.640593862035593 0.382318090556997 114.456235249643
"199" 0.25 -423.846009366943 0.592406733800698 0.35007318740757 118.498275019275
"200" 0.375 -986.817335199303 0.453821268053929 0.26086660660279 148.583930073096
"201" 0.125 -1009.16624496015 0.397710653514053 0.226191745601436 152.833312510373
"202" 0.25 -403.907110041136 0.390172831296362 0.252433526964766 152.580242198799
"203" 0.25 -652.303333569831 0.51488353635798 0.309836637697407 138.198502867692
"204" 0.125 -647.350873823243 0.191029999165684 0.178888129379024 195.154324594955
"205" 0.375 -830.840972849983 0.408250880042735 0.220958594489508 150.619156185561
"206" 0.25 -673.60339553947 0.373929712348199 0.241766635681758 160.041382667818
"207" 0.625 -959.189653839831 0.655620339619707 0.351851064727205 108.190701301978
"208" 0.5 -642.840663159889 0.568557940777062 0.303957017777851 127.03486851193
"209" 0.125 -419.282757214596 0.411908496568393 0.236286738550823 145.490892309323
"210" 0.25 -435.17562965987 0.469278053490614 0.278180371777633 141.319012376736
"211" 0.375 -367.80652511134 0.621505089459151 0.313848875081744 108.465158806182
"212" 0.125 -527.191496558682 0.255507565026034 0.195859772336964 179.931094103097
"213" 0.5 -277.164610708018 0.644031162184042 0.331258366105095 99.8437425096286
"214" 0 -1088.1126022372 0.0378946597587795 0.15590416622416 222.497920052428
"215" 0.25 -611.675235759428 0.358541275995983 0.230690660383216 155.815292355511
"216" 0.375 -606.840667902382 0.646815086554033 0.3494127720565 109.244689902058
"217" 0.25 -612.719696737294 0.566843982274512 0.316237162079222 125.788111609174
"218" 0.5 -154.254707041601 0.800243543605162 0.512091261030548 78.0156019053189
"219" 0.25 -979.873208093495 0.335069124566858 0.207843470834412 164.612799477717
"220" 0 -710.59100750817 0.0808588823744619 0.171032924663403 205.835446842248
"221" 0.375 -400.15866880529 0.356108780126394 0.210250449754448 155.271783923148
"222" 0.125 -624.63885076792 0.468260095419726 0.284179305363611 140.799013951188
"223" 0.375 -719.347927660181 0.643987752020686 0.336256717719909 107.074881611997
"224" 0.25 -722.599663619472 0.586804901609651 0.317922073865615 122.56573182072
"225" 0.375 -754.960731493182 0.531305205783947 0.260311552428224 127.305400911625
"226" 0.375 -544.924267544962 0.572896902473179 0.326850257874164 122.387450337294
"227" 0.125 -793.475684468195 0.328165253707877 0.196687624095718 158.539697943022
"228" 0.25 -462.611959507737 0.461344536502044 0.24239140710263 137.978633649181
"229" 0.375 -755.498543362732 0.430522474411867 0.25908902630584 146.389545500535
"230" 0.375 -975.527845891246 0.309582997412221 0.199028837206982 166.492091000802
"231" 0.25 -469.476192707216 0.317709775487943 0.19773780753148 163.521568438434
"232" 0.25 -303.755505633879 0.544925910998956 0.304589055741076 122.168790139933
"233" 0.25 -473.914475155602 0.397045432452349 0.237853565806043 146.84279041728
"234" 0.125 -1110.85231070471 0.304396701247973 0.209758190837535 175.160866253194
"235" 0.375 -757.800339620115 0.633480886655067 0.368370630938332 111.908735990594
"236" 0.375 -1006.41489394829 0.526438863873574 0.280025038117396 130.378829491488
"237" 0.25 -730.957691644981 0.382507784596609 0.231969395240846 160.799909910397
"238" 0.25 -765.591735807081 0.376482380071731 0.212851794556179 152.344993331726
"239" 0.25 -758.544414361301 0.445761489654287 0.264190387242539 144.70304027244
"240" 0.5 -446.257257434566 0.720490097674097 0.433236517061823 95.8009579909266
"241" 0.25 -473.356963223579 0.362800535640102 0.204329274706124 151.645357900066
"242" 0.375 -315.573244951073 0.682339844050036 0.38486181235488 99.5491532556013
"243" 0.375 -578.226207927794 0.585167678185035 0.338917339958955 118.814638264896
"244" 0.125 -447.710270234998 0.288286321166665 0.208337732315995 173.91803344416
"245" 0.375 -779.356357418162 0.424576511031294 0.219462349391534 147.350490410346
"246" 0.25 -655.889207535318 0.527999220049637 0.289290071785529 121.954355118005
"247" 0.25 -519.071609304593 0.211109494629015 0.164882515746533 183.959742057882
"248" 0.375 -628.050744946007 0.350506313513996 0.226341963966628 158.895655028219
"249" 0.375 -363.746306994111 0.536157022133371 0.278522789393703 123.395555435959
"250" 0.5 -242.090122836958 0.664168144907012 0.38841472686237 104.328730721865
"251" 0.375 -600.6493488369 0.371835490442585 0.232538480708507 160.347376915347
"252" 0.25 -1118.69376167496 0.496602146376337 0.245075524201833 128.976942902734
"253" 0.25 -560.702810119203 0.455000268783125 0.233829865894726 140.602640972496
"254" 0.125 -846.854214669813 0.337686956029236 0.239041033555247 160.82855780765
"255" 0.25 -550.079467083307 0.369373540153531 0.218468776008361 156.700668847328
"256" 0.125 -439.220186906464 0.458179035965666 0.270748194156357 143.065866536181
"257" 0.25 -844.173158725027 0.29881842129771 0.193478585877887 172.365913739242
"258" 0.25 -592.665470903277 0.683289773071438 0.421264642430147 104.526278439537
"259" 0.375 -657.106350505113 0.615817613171698 0.356360436536063 115.287293701153
"260" 0.125 -720.277643793353 0.239408920051653 0.203525036832126 182.81017791233
"261" 0.125 -492.892591943361 0.361794223685278 0.244402615555939 158.644454320869
"262" 0.375 -359.265711770289 0.590576775224442 0.333898925702963 117.182074348396
"263" 0.25 -560.43333944344 0.469782889343469 0.273336094635451 140.317008726415
"264" 0.25 -422.819974529995 0.43058879242261 0.252799907691172 142.060112371086
"265" 0.5 -647.054123458684 0.46656926427626 0.239946315975298 145.030113737029
"266" 0.125 -2028.85783489616 0.326728691959232 0.195852037880617 168.159391641105
"267" 0.375 -415.500608176119 0.643899165369125 0.373053328889693 109.707863550307
"268" 0.25 -501.72539746636 0.278403263867497 0.193543312301666 171.483030505804
"269" 0.25 -505.671450274495 0.457178209350146 0.28160203450985 142.481930034887
"270" 0.375 -375.599037573479 0.430615637003377 0.246239442204549 141.029804460937
"271" 0.125 -645.041348663915 0.278552921664052 0.188210329639335 171.168587693525
"272" 0.375 -445.527976761998 0.60424730607914 0.35237335611062 115.272277733614
"273" 0.375 -776.239718230015 0.525125879347553 0.295966802789371 128.563064288464
"274" 0.125 -1991.57878114199 0.309716309198946 0.21030303001124 180.127563251252
"275" 0.375 -204.85059102698 0.581571285503796 0.336534262814337 117.386953038769
"276" 0.375 -726.078332332965 0.409659069583993 0.22654830296805 148.49462757092
"277" 0.25 -621.638098137514 0.497778251193668 0.292143196651356 138.146952963248
"278" 0.375 -733.173001738304 0.345587251687492 0.212431141602542 162.870826619724
"279" 0.25 -512.523617877633 0.502088531693313 0.281844756198668 132.80901391278
"280" 0.5 -583.308611570618 0.619492835503155 0.352736086438361 114.93493691301
"281" 0.5 -565.338723782205 0.68509820855675 0.368708345556436 92.3995435311924
"282" 0.25 -403.369076183366 0.4425156834025 0.234343218068247 145.140668560192
"283" 0.375 -561.316366376221 0.572801336229698 0.334038407791249 126.116043883469
"284" 0.25 -866.811108987751 0.428005478402753 0.234870092755366 143.814597943332
"285" 0.25 -700.101333153904 0.59111827268025 0.342580415568824 118.829681178671
"286" 0.25 -741.627878792165 0.227137986705001 0.17907564390524 174.906012175348
"287" 0.25 -547.66567561533 0.559906366614668 0.286591586236545 119.443679601396
"288" 0.375 -813.302328771532 0.438994783022878 0.234767869999321 145.677205556584
"289" 0.125 -837.661892137357 0.338656535406145 0.214219341134757 164.0445101802
"290" 0.375 -289.956518097233 0.640434513956542 0.37522015402068 108.740242701257
"291" 0.375 -1339.01006064053 0.412241253619496 0.226648130535861 148.804402891896
"292" 0.5 -399.056438503555 0.701498781883471 0.377805144830217 93.0306963146663
"293" 0.5 -239.087227932683 0.74134600650022 0.42205195622228 84.1281124609289
"294" 0.25 -1161.85458926878 0.525786637051423 0.306423895481974 130.579906956665
"295" 0.25 -1507.0960048593 0.436085915384753 0.252624143972006 146.455654688412
"296" 0.5 -558.805776654649 0.475396859331637 0.254428755693722 133.243619044218
"297" 0.375 -459.546869967094 0.618988668260596 0.352762147794807 115.042681860202
"298" 0.5 -527.673076060879 0.70674086605135 0.424775347875628 101.910768168396
"299" 0.375 -597.246391119507 0.49225389532228 0.296228738011604 135.480199800432
"300" 0.375 -444.094323903027 0.724212197477813 0.438209666111303 93.6435465211514
"301" 0.375 -622.145690385059 0.538268582576268 0.273821665457018 128.643050396489
"302" 0.25 -468.728102753217 0.565674531854097 0.347473133235108 125.983118830086
"303" 0.125 -794.370918875739 0.37410768041246 0.217842756225495 157.609953422495
"304" 0.375 -440.095488752618 0.618609218024437 0.348797109497734 114.162137897406
"305" 0.5 -779.045025775598 0.524744159910016 0.298262155067719 129.854395155772
"306" 0.125 -381.424347492097 0.646610191283687 0.385358654151987 110.24104361909
"307" 0.25 -561.945372816669 0.459987437658748 0.249050022954413 138.807511494472
"308" 0.25 -394.511547016586 0.553804217744719 0.291755982073716 122.416580622387
"309" 0.125 -858.178503806753 0.323518436314594 0.221390584041202 172.075796355959
"310" 0.5 -306.643594392071 0.570885201869622 0.288343383944074 117.12715374832
"311" 0.5 -882.033982542487 0.605401353803334 0.302678919408075 109.591937523661
"312" 0.25 -603.448593837923 0.232259880220055 0.177354523540363 180.59490005488
"313" 0.375 -497.320275543872 0.414424720965384 0.237430529104319 144.129221809423
"314" 0.125 -695.128737082028 0.235878595695823 0.186014986764035 186.2358888607
"315" 0.375 -556.12847283863 0.568000997346973 0.323024627995881 122.243706552498
"316" 0.375 -670.192834871532 0.417607335272046 0.220866334758617 140.414397902857
"317" 0.375 -540.585737480781 0.571846305054014 0.286266246094629 116.018606637162
"318" 0.25 -1793.71813349505 0.453523685531452 0.249890848335898 143.900799600454
"319" 0.25 -609.997637589166 0.287009535515036 0.205983799861863 170.282779882825
"320" 0.25 -442.356080037378 0.531449167770512 0.308801620155355 128.594076910242
"321" 0.25 -642.600539465742 0.3186408097201 0.206101470920761 166.253609679616
"322" 0.5 -731.550369672397 0.622790927702063 0.351967489042659 119.029337566881
"323" 0.375 -1023.01978365554 0.448350239887731 0.248536907205947 144.434115229361
"324" 0.125 -851.701060718081 0.380420165116083 0.230943240136912 166.244751125481
"325" 0.25 -636.525987172947 0.377004008665692 0.218511417010058 153.45534761739
"326" 0.375 -603.25776737513 0.435131419934517 0.240463677806714 138.848555006692
"327" 0.375 -501.456184527147 0.397220799334521 0.249142534985685 158.440327323275
"328" 0.375 -347.904392144742 0.690492632300907 0.373974555114346 97.1445806510048
"329" 0.5 -548.255833541539 0.619845514388271 0.359012463227487 119.077134990063
"330" 0.375 -650.962013864091 0.467883263129926 0.251845513680548 141.618463710137
"331" 0.375 -701.526444726435 0.48126989536397 0.250107401764783 134.564542566799
"332" 0.125 -885.65321114089 0.148957725719159 0.164608928889797 196.441389879072
"333" 0.5 -423.676042488917 0.558224320651062 0.304171885265352 119.293251468334
"334" 0.25 -380.02933393431 0.505329132405555 0.26542637570464 127.133308380633
"335" 0.375 -546.45292126896 0.445116677931383 0.250987164707872 143.857944892859
"336" 0.375 -629.565207332033 0.646452257526052 0.362132565532408 107.446155098989
"337" 0.375 -310.177954728489 0.580854154416487 0.331524393167756 118.819789942121
"338" 0.25 -547.670777410205 0.409241694471868 0.244748366365106 144.647727264324
"339" 0.625 -487.483789198226 0.699534539295838 0.371937109869793 93.4145850053522
"340" 0.5 -284.68384547776 0.701101636725061 0.41060496179798 95.738814868452
"341" 0.25 -797.710000129786 0.319627469751412 0.197449234787299 169.085399217997
"342" 0.125 -933.381244109544 0.228432805339319 0.197071815154467 182.230963986227
"343" 0.375 -458.483118265971 0.624841730640198 0.334749209685862 109.870333920792
"344" 0.25 -436.909779192353 0.47150209871581 0.265163407801652 136.606367622362
"345" 0.375 -412.605232213934 0.779928830276622 0.498580939568294 81.5203242756426
"346" 0.25 -707.588807100109 0.42698131905371 0.255005852887758 148.722957910923
"347" 0.125 -404.436009441886 0.303896036867803 0.220839394743731 163.223568338761
"348" 0.25 -566.746515922538 0.363479830112015 0.232882116292283 161.257478331937
"349" 0.375 -620.772485244021 0.691333004251949 0.416647427975248 103.979762811563
"350" 0.25 -867.343663700852 0.422435381002879 0.233658712518848 145.275034891697
"351" 0.25 -723.733381603812 0.258488420998925 0.199361473850533 175.57234383563
"352" 0.25 -462.587363863222 0.425448930599179 0.241266426883487 146.818068719632
"353" 0.125 -808.840831405849 0.363278259579214 0.247235560637555 156.63759267875
"354" 0.125 -1061.94170820647 0.213213783169438 0.178767048409153 193.878345550504
"355" 0.25 -453.479338397999 0.331977397105417 0.20635949929381 160.337668656721
"356" 0.5 -446.826146593082 0.534600941533502 0.283205611367035 123.317427579802
"357" 0.25 -587.284422099468 0.357353802795023 0.228083831227408 163.087330456101
"358" 0.5 -263.246813153533 0.611204104711117 0.326550287321284 107.232160393544
"359" 0.125 -885.369834454647 0.397913808484939 0.232550276154414 153.376277680485
"360" 0.25 -1105.00189608718 0.323532353328684 0.209452230881777 165.29961248422
"361" 0.375 -374.52583576542 0.610363344904371 0.328116511575708 113.253077906812
"362" 0.125 -598.712873216635 0.301197897181526 0.219033426988649 169.657776428712
"363" 0.5 -559.150143591747 0.669497053901229 0.361305142699545 100.647203509998
"364" 0.375 -383.757806754964 0.54519198008596 0.281226060296658 126.963483123132
"365" 0.25 -517.489006688867 0.335025921860426 0.210183853943878 160.889413290657
"366" 0.5 -518.000148309355 0.447402381536177 0.243839665310612 140.909523094515
"367" 0.25 -505.967476285788 0.603326076387287 0.328935661005754 114.948661032878
"368" 0.25 -516.502285554771 0.54290612524371 0.287449300615417 124.980267420108
"369" 0.25 -720.795586087566 0.365340393280723 0.220964621871729 157.690322333132
"370" 0.25 -741.383667198291 0.28352884104964 0.199040975975877 171.805387245095
"371" 0.5 -466.408604651331 0.644266462795957 0.375366427349785 106.549130310444
"372" 0.375 -685.657001640104 0.582525123017546 0.337462625054431 123.221539346222
"373" 0.25 -468.325385441032 0.28986855004688 0.197942137560807 167.413421911374
"374" 0.125 -749.611310742691 0.278324452124326 0.203484953454846 168.877899080608
"375" 0.25 -548.295240501138 0.611181511976451 0.314145356895831 111.54693613546
"376" 0.5 -225.929158369764 0.679921702633862 0.371453855373388 95.2006750341039
"377" 0.375 -428.038835296602 0.560164677281551 0.327718851493829 124.864190903283
"378" 0.25 -1349.49270586629 0.405158035006347 0.243336117367309 159.145830672351
"379" 0.125 -721.423392887647 0.282580736998533 0.201617527276082 174.748633419373
"380" 0.375 -491.286073648385 0.289058969212724 0.191348482862642 170.90003485484
"381" 0.125 -441.346274124626 0.361272211416599 0.242610519452495 156.280487726256
"382" 0.25 -818.234101898298 0.397537572515753 0.237048110192717 146.370706495386
"383" 0.25 -668.877924333758 0.343400146099416 0.212914070652156 161.319031515229
"384" 0.25 -365.152020353077 0.443095719451957 0.233465185615141 139.117393840873
"385" 0.375 -419.142529057793 0.619637762803723 0.318169354503809 104.949225167627
"386" 0.25 -451.548511971728 0.446916212960989 0.241120951569015 142.581478675455
"387" 0.375 -448.971704100081 0.574493029358578 0.286327346652421 111.839536184212
"388" 0.375 -409.086009890146 0.491841242284014 0.239436746051638 132.593878746708
"389" 0.5 -518.736003981005 0.563988048711192 0.304849082804178 119.556802911079
"390" 0.375 -290.436398381824 0.537214033227684 0.290325689148198 126.146026556822
"391" 0.125 -568.633179624172 0.448570181303701 0.283714650689217 148.670374705759
"392" 0.375 -523.471180998884 0.548685231272026 0.29150585339726 121.543592002033
"393" 0.125 -793.286387186499 0.517781252391707 0.334521298951125 135.614447819488
"394" 0.25 -1195.36883140963 0.507649892103478 0.273036934206104 133.144384698826
"395" 0.125 -1275.04530453 0.502575881884743 0.276512787891249 136.242272051982
"396" 0.375 -434.435765724859 0.523482530227853 0.277063791521075 125.142372284993
"397" 0.25 -680.533023873077 0.442264404006705 0.2592225489643 143.410384211084
"398" 0.375 -535.478201982924 0.497464601303228 0.274272447132612 132.231163861929
"399" 0.375 -927.851085424313 0.300197399226327 0.190012329628405 169.928525226167
"400" 0.25 -521.075243271059 0.38490137197361 0.241808862256539 155.075469736382
"401" 0.25 -653.229159671055 0.618208843077746 0.354931797358429 114.795004563592
"402" 0.25 -544.256782868324 0.318681620348919 0.222771045286316 170.149233951396
"403" 0.125 -917.361018608036 0.342728507902184 0.227110046423818 165.401715624263
"404" 0.125 -604.40262412029 0.394441447980531 0.251867727163144 150.392302892357
"405" 0.5 -326.073639824725 0.555755102078269 0.277942863016228 119.928637395287
"406" 0.25 -623.761851016708 0.477493169309649 0.254797596641367 135.489886657568
"407" 0.375 -1013.19172473583 0.36037368458739 0.224587039161779 161.359258669498
"408" 0.25 -902.26081163524 0.276666646113182 0.192824240347951 180.878759155492
"409" 0.5 -479.254229212073 0.464793109855568 0.240227158195301 137.969669374428
"410" 0.375 -643.754809066855 0.545773830696135 0.294169612272093 125.406178558501
"411" 0.125 -761.241730245614 0.264661728260723 0.215813630394246 176.051433606423
"412" 0.5 -279.417610922214 0.618820655107705 0.361903714046525 112.076807154715
"413" 0.5 -433.954980533151 0.657888323756055 0.355275919710945 103.689696806879
"414" 0.5 -584.450313258737 0.743761134862251 0.467035804402172 92.5659030471462
"415" 0.25 -604.289988314804 0.372607119755209 0.233157377294586 156.068865617854
"416" 0.25 -536.423525017568 0.577269346622848 0.330729031586243 122.936273987894
"417" 0.25 -567.081082691447 0.420611814088352 0.255690457084202 147.445789223816
"418" 0.375 -630.25409539038 0.554442479639369 0.275750356582378 120.790751453349
"419" 0.25 -810.178506607673 0.414760728828026 0.260583935713381 150.292641105317
"420" 0.125 -1065.96599876696 0.250373701136414 0.202409715780588 185.067594166612
"421" 0.375 -607.951365048175 0.410867653497774 0.248915545194881 151.427157141687
"422" 0.375 -859.838871210927 0.584333622352308 0.292590835493392 118.274252574681
"423" 0.375 -289.061768314028 0.667588473399458 0.373333102180211 98.587354969792
"424" 0.375 -1130.36935168161 0.489871625214115 0.264454493868859 145.012467503361
"425" 0.5 -899.199236497132 0.476723017655388 0.258314883876271 137.545762439165
"426" 0.5 -575.773285303883 0.584451130071113 0.291133299469594 116.975070216344
"427" 0.375 -297.340675674976 0.466558569102631 0.258274205912198 133.271473362786
"428" 0.125 -814.175696833201 0.336568990231046 0.214039764163373 165.842603449826
"429" 0.25 -1245.36055557885 0.320560285248758 0.206423637633077 167.733075767336
"430" 0.25 -962.140157072793 0.193601790637175 0.186687683462338 193.921183130052
"431" 0.375 -612.099911959761 0.391929074070218 0.2275355991873 153.07689132425
"432" 0.375 -492.041601711386 0.594683027629562 0.345878029114928 117.981739471946
"433" 0.375 -331.811044409754 0.561213341625499 0.300424607817406 118.944711500942
"434" 0.375 -515.169640912374 0.42850075650683 0.234645476729817 148.542741527338
"435" 0.375 -779.048480442231 0.63878279911394 0.377578231912869 112.093934517587
"436" 0.125 -512.926853235972 0.411988159975716 0.264017054704472 151.901894158893
"437" 0.5 -474.665725458535 0.782835231163165 0.500417923159614 84.6700559582096
"438" 0.25 -831.128473071366 0.398238829069774 0.234851541386117 153.031578093558
"439" 0.25 -391.31304721679 0.434031404676647 0.228939668563597 143.215636016987
"440" 0.125 -757.916316346422 0.323817517301344 0.222325072232606 173.609218905494
"441" 0.25 -585.854957679636 0.385633818224495 0.240561410391037 155.290756931598
"442" 0.25 -371.539604274136 0.658523856183181 0.334143067262568 101.443280082731
"443" 0.125 -765.878289288526 0.310421719545258 0.215963650557086 165.551852136594
"444" 0.125 -1287.43237839343 0.297925068202142 0.185206067009987 172.241513475659
"445" 0.375 -443.039146243208 0.451849500635689 0.251387443935057 139.174971742788
"446" 0.25 -482.612212397198 0.405250836985295 0.235821394479605 151.732628322788
"447" 0.375 -567.734506013322 0.483763533978024 0.256071726664276 133.679253058764
"448" 0.5 -626.657312244326 0.636739767627849 0.341028982043698 108.94042600817
"449" 0.25 -705.777188701278 0.425348648653978 0.23273505590745 145.846234303107
"450" 0.25 -1246.80835940965 0.45527464438915 0.26911795611236 148.383450935641
"451" 0.375 -405.383337834751 0.599222469528306 0.291693201008349 111.402453919197
"452" 0.25 -439.165822947097 0.352674749418862 0.210927785273073 153.971452707145
"453" 0.375 -488.017148377103 0.534396021455255 0.310111485422891 130.270230162586
"454" 0.5 -320.691205081428 0.460491905745409 0.250455086857008 134.748338637617
"455" 0.125 -1571.30218260643 0.245842277910081 0.199103664879663 189.999731643638
"456" 0.25 -635.589171110933 0.494381315154892 0.292466488846861 133.094665012578
"457" 0.125 -569.935455592997 0.180017536190677 0.184915134019814 194.223633022816
"458" 0.375 -296.232101996818 0.617054212492347 0.339585963082262 110.62256261073
"459" 0.5 -174.136631730702 0.713022477689788 0.387723228745979 88.9683103584917
"460" 0.125 -907.802897847956 0.139544020546445 0.168865630994072 198.856423443207
"461" 0.25 -1746.60366971448 0.456055919656691 0.275538882894224 154.518193526426
"462" 0.25 -868.650659462486 0.46643266077278 0.275883999700821 144.066402657842
"463" 0.125 -1148.82068615191 0.214417632952121 0.185388212292511 189.594374399469
"464" 0.25 -664.618644546368 0.377883169742368 0.231565778765682 154.192556491517
"465" 0.25 -665.855607867572 0.407638721878043 0.240310060672125 149.478657461982
"466" 0.375 -552.370582494566 0.319529890695757 0.196603885218087 162.995194538636
"467" 0.375 -594.498223511318 0.488348773754002 0.24261896552258 135.004165179678
"468" 0.125 -544.033542079182 0.437838216475824 0.246812592624421 149.921268495545
"469" 0.25 -1158.13758663104 0.438359505892672 0.254717079495453 150.042794725089
"470" 0.25 -471.979156731863 0.456819950175884 0.239756773302884 133.493005264783
"471" 0.5 -681.461537340345 0.698517824644644 0.409253812753821 102.546675914596
"472" 0.375 -558.372455218237 0.655178278919199 0.373585890858511 109.034837877681
"473" 0.125 -738.83023134211 0.382117308738425 0.242242533517698 149.235049910098
"474" 0.25 -2316.57417870921 0.455245492492295 0.276597319049501 144.642804593057
"475" 0.25 -525.828066511201 0.42521959364358 0.261149603163521 148.106562477583
"476" 0.5 -438.554885283215 0.657291002303742 0.362559500692228 101.984659147053
"477" 0.375 -379.15461032474 0.428953454114235 0.238274271728969 138.937777018314
"478" 0.375 -624.500890482285 0.514605181681728 0.267472612345256 125.489646253828
"479" 0.25 -614.970102855657 0.396390554716889 0.214449562372755 147.232670110534
"480" 0.375 -716.682764140649 0.42197197183409 0.24072776015907 146.973001996125
"481" 0.25 -518.589007787895 0.479663272751251 0.303129236483413 143.000753259798
"482" 0.25 -713.717175079032 0.464792066815513 0.256226496290541 139.533108266257
"483" 0.25 -554.856091393608 0.393407046533744 0.228685579931287 151.493186906632
"484" 0.25 -282.612745090892 0.561102069764295 0.33585237409808 121.072451281594
"485" 0.25 -637.69054061265 0.517665540651125 0.315983779322881 136.308749926253
"486" 0.375 -868.818231666833 0.785277348466564 0.480427723981819 83.8499069276498
"487" 0.375 -198.692934629129 0.593873762445057 0.297735009560099 107.773034906806
"488" 0.5 -207.395239766421 0.737235629607429 0.394871158066603 82.7794484629528
"489" 0.375 -697.764160252335 0.442609601201019 0.264454132463461 144.928602369409
"490" 0.25 -683.063544739336 0.509167816468744 0.273784212091722 131.031973174168
"491" 0.5 -201.389413036084 0.740364009167466 0.396865757145817 83.3040637334809
"492" 0.5 -374.856008500515 0.585122183960358 0.293647150479389 118.744645754131
"493" 0.125 -711.341025154803 0.190528315380594 0.18880434941552 187.496617653663
"494" 0 -1184.72796946886 0.445412608451604 0.277518231945714 153.775169003149
"495" 0.375 -644.815360980393 0.48212953372079 0.243737951906818 130.860708269896
"496" 0.375 -379.966663778727 0.640666955016122 0.321378193560686 103.281237627147
"497" 0.25 -1374.41440447953 0.381008973764171 0.214386437191121 150.068460679194
"498" 0.25 -636.565837988228 0.442310439554422 0.240026216886373 145.164094689186
"499" 0.25 -924.363297043668 0.257992098800345 0.185276423522413 174.972932004859
"500" 0.5 -647.53548404824 0.546509906960873 0.286281926462744 123.082223837217
"501" 0.25 -987.57525415989 0.333157285957088 0.196604974395117 159.335498180636
"502" 0.125 -557.650179233999 0.359457319955602 0.211216794244434 156.430625673989
"503" 0.125 -1039.51273230422 0.176095583362546 0.173992882984989 199.513606817974
"504" 0.25 -752.996527115898 0.406873534464625 0.22649362392467 151.382443487504
"505" 0.25 -771.36172697251 0.462304923015829 0.280611402175809 144.482809882099
"506" 0.125 -972.823565453744 0.294213533477636 0.212750880524697 169.521979703056
"507" 0.375 -694.22353789949 0.534136667695278 0.320261107530457 128.829035166418
"508" 0.25 -556.157054223972 0.299034773381431 0.208491109397916 172.352708117873
"509" 0.375 -662.459840954117 0.297463787164869 0.202988280110504 169.964670150378
"510" 0.25 -689.540619931239 0.391496300143267 0.238933809435663 156.467749354895
"511" 0.125 -900.562427749485 0.206280105709591 0.187919904427829 192.089189632167
"512" 0.25 -747.426466411084 0.414317465490805 0.258612636742304 155.17365320106
"513" 0.125 -610.306834723389 0.164580085668104 0.172800887620579 199.708569272305
"514" 0.375 -466.34805013711 0.582748726058741 0.33026274290952 115.032407957991
"515" 0.125 -580.755272823689 0.396732211021676 0.22699594568098 145.787823678716
"516" 0.375 -456.026485878093 0.575836455354211 0.312311558102325 121.680339541612
"517" 0.25 -363.856417301395 0.492317585909578 0.249646451347365 131.8208393106
"518" 0.375 -339.760095135982 0.660456369578256 0.329217743457103 95.986894916906
"519" 0.375 -327.821465745378 0.569419038067783 0.285832866221304 118.849669466098
"520" 0.375 -429.408298020253 0.5316472541391 0.285489586911187 120.558598322049
"521" 0.375 -582.464978384149 0.574868852187276 0.315753311564431 125.117080139439
"522" 0.25 -609.503674492824 0.448392799495594 0.251735656905884 142.462643695809
"523" 0.375 -591.378716815969 0.555129616091589 0.312316942368179 128.862914606882
"524" 0.25 -357.854764546559 0.425369586443285 0.245071650712658 145.658226062008
"525" 0.125 -584.29420887946 0.312578115850491 0.214969340001827 173.157014537114
"526" 0.125 -1339.5743495885 0.0910178354518705 0.151393689119225 206.939106714656
"527" 0.25 -495.706814956599 0.397857306215024 0.245061731334622 150.259741525026
"528" 0.375 -495.299253481962 0.485521690837142 0.264926736232371 138.888399402937
"529" 0.375 -649.078370066083 0.582291322617392 0.324131698144812 121.69725772948
"530" 0.5 -722.033274825353 0.661942884751487 0.36621072102624 104.04779685135
"531" 0.375 -474.273532110094 0.576344218368349 0.345437024547711 124.723439413961
"532" 0.5 -220.194844854927 0.749754647741889 0.4370709480376 84.6808397845365
"533" 0.375 -1157.62048064196 0.646930355305595 0.387534982451035 112.14008281792
"534" 0.375 -651.893244198766 0.511357154223277 0.258027217520262 129.216678245738
"535" 0.25 -778.445349961055 0.35733996062256 0.236889636550514 160.29645075195
"536" 0.25 -717.770221598334 0.295839919008525 0.193272922674875 164.762586283963
"537" 0.125 -529.228202065846 0.434684775757716 0.282539487146736 146.79673550583
"538" 0.25 -595.533803682837 0.401000614314665 0.217255041437166 154.744610709418
"539" 0.375 -331.611583332199 0.46615937542541 0.232187403313974 129.848355315835
"540" 0.375 -246.103175097821 0.550724827054565 0.289265401585241 117.678332873806
"541" 0.375 -651.807664564819 0.60244140471427 0.330845917510113 117.558007568074
"542" 0.5 -427.384632694383 0.649516087866832 0.362774630061947 108.138347768784
"543" 0.25 -470.358012514722 0.567475138567606 0.309542130606716 118.544826159347
"544" 0.25 -421.866921955654 0.443510237608341 0.248050723035413 139.265455131628
"545" 0.25 -380.949246530097 0.5721157974063 0.338408445635491 121.288604019117
"546" 0.375 -500.790325715814 0.523459733317481 0.29358048513363 131.131813067291
"547" 0.25 -621.665882917749 0.253244134376364 0.196215780468323 172.640231252741
"548" 0.25 -437.181125466748 0.24199735886739 0.184622700008874 180.132221546606
"549" 0.375 -314.985382471797 0.612307492221287 0.296671642065404 107.690270290477
"550" 0.375 -754.034629787236 0.512226679753427 0.260395727183206 129.336459455383
"551" 0.5 -435.292802401681 0.578900225054973 0.316217475299282 117.208388677589
"552" 0.375 -774.952537978412 0.585499715921738 0.340021504995698 123.348704037978
"553" 0.375 -591.380250280621 0.405263839009243 0.250881806057898 151.760897549591
"554" 0.375 -509.007276240398 0.427834636797367 0.236505862563106 139.990181349544
"555" 0 -891.896456377137 0.217001725487202 0.194827199522369 190.727902161679
"556" 0.125 -1461.3939005136 0.132415598286847 0.168373794684445 209.537104981951
"557" 0.5 -347.804645725606 0.503731196128618 0.268918834912321 130.208248964115
"558" 0.625 -614.631532875834 0.601653852642353 0.322230469630094 114.316787455953
"559" 0.25 -698.417183973556 0.44791806899178 0.247424638348247 144.667338185455
"560" 0.125 -820.807847799805 0.296458392260456 0.206863095004519 173.634401730355
"561" 0.125 -580.740438463445 0.301142971237234 0.216588817693807 175.116052851337
"562" 0.5 -509.536958727755 0.568415366982996 0.296077709422158 116.510928836651
"563" 0.375 -640.65961333061 0.504223224794656 0.273182496456673 133.720964549575
"564" 0.5 -411.724526866318 0.588089966846735 0.322834117572984 114.369920323347
"565" 0.375 -254.943720265207 0.674126607316841 0.403643384447428 101.824759276141
"566" 0.25 -644.031555073184 0.375721660798276 0.233644721591956 157.47802508655
"567" 0.25 -848.92638363783 0.410909706353792 0.236058449699058 152.234471545415
"568" 0.125 -336.089400390823 0.661507537662522 0.339282105271212 100.737123616342
"569" 0.125 -1539.23945141036 0.147298554142818 0.170327592118633 203.188825283106
"570" 0.375 -344.413088180995 0.607233134184125 0.32097092989108 108.791347948718
"571" 0.375 -520.109435416662 0.379590006185189 0.212562765078588 148.952305805916
"572" 0.125 -755.587567148745 0.285265126587913 0.216221084652962 174.260495902365
"573" 0.375 -469.947761194348 0.566985835798612 0.3026340251627 117.421986397193
"574" 0.125 -575.19572830614 0.331182237949324 0.218291411434167 164.851295021223
"575" 0.25 -582.547115016861 0.340534940265213 0.213705585527055 159.926973593165
"576" 0.5 -660.061823484957 0.592199367918748 0.322824130652413 119.777001411025
"577" 0.5 -440.077194329461 0.693622324175478 0.396272652307506 101.70413875822
"578" 0.125 -684.685474021712 0.402850108960264 0.246316708073129 155.400594533048
"579" 0.375 -538.635912020914 0.592666675558982 0.341025364760044 114.269899478811
"580" 0.375 -516.137756349599 0.525400251684699 0.289184313143184 128.54518983881
"581" 0.25 -773.420576024512 0.371170263975445 0.20583681837137 151.889325800375
"582" 0.375 -572.063092948316 0.452963119151068 0.257486095512828 144.848750850372
"583" 0.375 -327.844176283983 0.587059346897096 0.30147042204943 116.825826891698
"584" 0.25 -679.997413376574 0.502713381379122 0.296925337673349 138.670415943768
"585" 0 -498.123565438918 0.208596205005158 0.210327727620917 187.356352766836
"586" 0.25 -441.518719038599 0.447261916496409 0.240381573329565 143.196997585543
"587" 0.25 -1798.47703233058 0.505151473203426 0.289317254663944 136.373194903252
"588" 0.375 -580.688964881323 0.555035702935739 0.307432587418001 129.06593183463
"589" 0.375 -565.999523061239 0.507552338281712 0.278569009745692 127.547703638975
"590" 0.375 -452.008116477962 0.541749010365101 0.267510500680792 119.768143018149
"591" 0.25 -290.666438161481 0.693768098603833 0.417809277242449 98.547706371406
"592" 0.5 -457.090792148909 0.612380853518324 0.309943570779864 109.833446406014
"593" 0.5 -273.238191404428 0.669797126459287 0.336964983579689 96.4940850282321
"594" 0.5 -473.221493540993 0.689718188823942 0.400973951970636 102.113331725984
"595" 0.5 -665.586117209391 0.643242334043052 0.343855010186979 108.577417052491
"596" 0.125 -540.012356209296 0.423931783959596 0.252739502367944 153.581349125714
"597" 0.25 -967.264943194493 0.310141847704557 0.201203684180825 165.558622472337
"598" 0.125 -1061.83710216308 0.267844859678871 0.20685867368649 182.434284028481
"599" 0.125 -531.357533802235 0.16134642250116 0.166997209120732 190.7795895488
"600" 0.5 -355.764845767856 0.560541724499342 0.311613522953913 122.402487283619
"601" 0.375 -962.631856477596 0.399039723091561 0.225222389234249 151.859723238368
"602" 0.125 -603.77099318783 0.271865696658712 0.200550113972886 173.362155793235
"603" 0.375 -577.24979726169 0.333381449258399 0.215864323983516 168.099556604004
"604" 0.25 -526.013833043127 0.516916144393125 0.301909579089117 129.708694028249
"605" 0.125 -619.463254741562 0.372556141474419 0.240792196562667 160.534922509268
"606" 0.25 -300.496535314916 0.629070765237716 0.319395941172235 104.712475759559
"607" 0.5 -306.10634351771 0.686942343130324 0.409538997849671 99.6108120186487
"608" 0.25 -459.178425832734 0.23763717516414 0.190456165601732 175.4693111056
"609" 0.125 -769.021925636829 0.203684069837785 0.1832013895626 190.827042244375
"610" 0.5 -707.597636040804 0.568984586480121 0.324020412412333 122.355273036123
"611" 0.25 -412.255545556204 0.420972023341206 0.254820435974326 148.120242251758
"612" 0.125 -599.296743057714 0.227830137543372 0.198143086268461 180.173075139965
"613" 0.25 -537.024486986684 0.441621498283295 0.257881634815838 142.484611167759
"614" 0.25 -459.203700686011 0.291803403313958 0.194830326575976 173.920083466405
"615" 0.375 -1265.24292089146 0.676635868784016 0.337494116328839 97.9337333907838
"616" 0.125 -874.522376183046 0.129585154157905 0.165431156366378 200.164435409894
"617" 0.375 -329.089887363971 0.457079333863262 0.256072161614306 137.548294098699
"618" 0.5 -422.299447345581 0.669625859325189 0.384012248264927 106.100255731959
"619" 0.125 -840.837059353311 0.485263818698597 0.255284093603611 136.440085096867
"620" 0.125 -1272.79086892455 0.28894721628515 0.205733559074931 184.610552240256
"621" 0.25 -436.261466424258 0.553652676183584 0.305734021405222 125.796056689648
"622" 0.25 -367.860285582636 0.581461515478464 0.309881077489271 119.373514465592
"623" 0.5 -582.181033909734 0.652319089058037 0.332917683000243 101.01170349149
"624" 0.25 -397.607186581038 0.403590583828168 0.242932278484471 149.063904596935
"625" 0.375 -544.710957596567 0.640757039289024 0.367320654300636 112.088260847237
"626" 0 -626.898508953838 0.226477274831151 0.197782121240532 181.492267508758
"627" 0.5 -157.332089706875 0.776740530678109 0.475346155090048 80.3724015334621
"628" 0.375 -333.549294433939 0.513003382893824 0.298377128997361 132.798458710127
"629" 0.5 -477.896616554386 0.711429393477242 0.412090228132654 95.5175174366217
"630" 0.125 -1505.41016312455 0.0896434021872541 0.158919997477561 218.687866509403
"631" 0.375 -1051.23638301923 0.525104875381304 0.264828737506437 128.588146743295
"632" 0.25 -957.577364017697 0.357992571898953 0.202356972573104 164.866587644164
"633" 0.125 -846.699250068758 0.215842481998318 0.182862107401052 180.614332390879
"634" 0.25 -960.280373782783 0.412012347393525 0.252225461355 155.800034115184
"635" 0.25 -400.820943054013 0.31426028263868 0.219471477324019 164.067651272635
"636" 0.25 -483.828847640205 0.429823680152653 0.24360105362922 139.618270590645
"637" 0.375 -632.356652465933 0.590252296723858 0.337059134965052 119.788169795345
"638" 0.25 -985.557895572009 0.46043783062237 0.250336569724824 143.512140401243
"639" 0.375 -759.161004702581 0.455844819415536 0.238739649918473 142.196490452648
"640" 0.375 -503.019377848549 0.43293274090178 0.231619541645314 143.645106027485
"641" 0.125 -685.612733900381 0.305778730258559 0.224081632230053 174.325782636902
"642" 0 -1154.6373836797 0.294869552014776 0.229595684537656 181.593880540482
"643" 0.375 -891.879352320107 0.347597934256673 0.217873990666822 159.923133835243
"644" 0.375 -414.161422732805 0.440002064512324 0.237139119439872 144.430332569568
"645" 0.25 -347.689551610984 0.404360388091181 0.225889497551253 144.390835377807
"646" 0.25 -754.1718876917 0.344059825910328 0.219951721707403 164.860988751217
"647" 0.625 -285.51589437669 0.7061663707718 0.413894466145661 95.8984225864988
"648" 0.375 -335.066967064785 0.480998653248539 0.243754041484329 130.747455854481
"649" 0.375 -505.990071196896 0.517847298158628 0.266447208956977 132.397914981376
"650" 0.5 -316.20624278603 0.663931043110965 0.369470817232355 106.591752808751
"651" 0.25 -873.566917151545 0.293593404473578 0.192137842335859 175.906573438086
"652" 0.375 -589.622122527336 0.510796386611134 0.292382416491536 132.013391346321
"653" 0.5 -339.436845050795 0.731832172987165 0.397206588069008 84.6923162396531
"654" 0.5 -539.526850091868 0.587138596124933 0.316051160901617 117.086631858186
"655" 0.25 -912.374100807105 0.311544113040132 0.211212488502925 172.575530316029
"656" 0.5 -395.304098710454 0.569786771978984 0.314631166227355 116.644352296507
"657" 0.375 -428.411642430235 0.694601169743091 0.3788298595694 93.9526098574977
"658" 0.25 -577.810084678297 0.45308854186138 0.26084083104535 144.034105255292
"659" 0.25 -761.333647277307 0.420980481699737 0.245848922479252 154.072430750611
"660" 0.5 -369.884011027165 0.503893413806371 0.271661233711149 126.958526602993
"661" 0.25 -694.143893074697 0.537556092984 0.330450019983736 134.487645841064
"662" 0.125 -657.363014194321 0.292339905590246 0.213624764780693 166.772251571505
"663" 0.375 -227.538560426001 0.723655637920812 0.439101156774402 92.7717983175534
"664" 0.5 -266.103854476412 0.695602490194028 0.354268686906383 91.4009920818964
"665" 0.25 -467.510596706082 0.5314378992213 0.290673441273325 127.743833985412
"666" 0.375 -423.518235583911 0.548682279401851 0.322551001472649 126.194872005144
"667" 0.125 -530.794705193755 0.462632624293881 0.288598383878262 144.957773241447
"668" 0 -721.739781961075 0.43175223707464 0.285887983008021 156.490641319216
"669" 0.125 -731.905908498401 0.276541256861692 0.188372755383174 172.625746575324
"670" 0.125 -902.937768159551 0.23328482501445 0.19035044693284 183.397699656128
"671" 0.125 -1876.68121166973 0.0951793274110911 0.150394054456582 207.647048778902
"672" 0.375 -407.524874609847 0.643932544738211 0.370032706473656 105.066746346815
"673" 0.25 -296.284489291832 0.4622772815084 0.242049011013364 134.139094466693
"674" 0.25 -601.424537470682 0.543486805525234 0.323007476037444 129.060464561079
"675" 0.25 -1083.38278750989 0.4461481791851 0.268928564239072 152.693536189827
"676" 0.375 -540.405368903964 0.391263069814406 0.227977004322617 150.784744460741
"677" 0.125 -743.662888790708 0.175735811063626 0.164492032385383 192.739733035001
"678" 0.375 -388.063117934844 0.640669260052613 0.381408612062809 114.626086420403
"679" 0.25 -811.619543421175 0.369881293466463 0.228768866467342 162.048548018932
"680" 0.25 -476.824043257922 0.598340008823535 0.319809663736725 115.604265874578
"681" 0.5 -335.532024893837 0.655619422139172 0.370169026319758 102.36459915482
"682" 0.375 -815.472174002617 0.520335335528741 0.255548272323634 124.917345758784
"683" 0.125 -584.881648995944 0.472164187154614 0.274739814513035 139.231909307977
"684" 0.375 -699.455351306373 0.637686838464866 0.382203481202851 115.82977569541
"685" 0.25 -565.297194528534 0.434383601413683 0.240742663682423 143.985897125816
"686" 0.25 -413.327715584111 0.407964824150266 0.247873273023591 152.650664319913
"687" 0.375 -488.333944244454 0.663063429714123 0.347623063999364 101.890557580371
"688" 0.375 -431.132001622713 0.690242180295156 0.391540925969069 100.500027865451
"689" 0.375 -416.692109810991 0.617002633723461 0.328790266912422 112.347307322873
"690" 0.25 -414.46747302823 0.607078657833076 0.332216505863379 112.98154947944
"691" 0.625 -771.421992318298 0.732261268501749 0.429493416220423 94.0241109739057
"692" 0.375 -497.662131208217 0.557755954605276 0.286724276345605 119.57458287091
"693" 0.5 -380.440575687193 0.471505488575649 0.231937253788165 133.908594971243
"694" 0.25 -546.787672264787 0.466332728302237 0.23942076310587 135.475531040458
"695" 0.25 -584.857397259758 0.538382440030251 0.312100099624779 130.527013264084
"696" 0.375 -704.169394470699 0.45399563566372 0.241705778072014 136.617119417735
"697" 0.125 -694.730491362779 0.303992724558456 0.194248601997791 165.312840295467
"698" 0.25 -567.328112382902 0.243241235881854 0.189577281219156 175.55807165911
"699" 0 -991.922790867268 0.0271333309895156 0.152409491987299 224.401000207011
"700" 0.25 -781.406856482965 0.324469244172877 0.20011084127844 159.382800366729
"701" 0.375 -703.847859687363 0.57380750521997 0.300336574809666 120.777530824672
"702" 0.125 -778.652403547887 0.360250080715831 0.231132301311379 162.862802157272
"703" 0.25 -684.233538645178 0.274871688921698 0.188615540781453 172.053951801546
"704" 0.25 -807.335548839029 0.22189462602436 0.18032696940125 186.338192017632
"705" 0.25 -661.618725282139 0.509009630239747 0.308848037639497 133.9288443072
"706" 0.375 -1209.04603992667 0.375439191305178 0.217546816203285 159.366350378282
"707" 0.25 -631.27294307201 0.480677638299279 0.263032306099626 137.031186477211
"708" 0.25 -335.659266603123 0.738648111462857 0.448905190668596 89.8327348478604
"709" 0.25 -401.384927806295 0.415202605219356 0.230679207448139 144.252522685123
"710" 0.25 -1176.90631566178 0.39326393085517 0.249292492501061 159.126819567685
"711" 0.25 -397.901604262231 0.493577879237881 0.249236480741324 128.053233791259
"712" 0.25 -835.209589483072 0.362698364460286 0.216043427830723 156.156406152737
"713" 0.25 -594.360508847017 0.296335566817074 0.187479231352645 163.113887167326
"714" 0.25 -1617.85137564524 0.392707124332478 0.240784057896442 158.241980885738
"715" 0.5 -1020.21388008805 0.672657514630346 0.345672222344604 103.234735832736
"716" 0.25 -492.921121833059 0.423194240648414 0.247313972665819 149.139101823163
"717" 0.25 -317.568613587817 0.505041550412289 0.298263411777614 131.509065171983
"718" 0.375 -368.630549771394 0.79273854574415 0.519620791213194 85.6041941343341
"719" 0.375 -614.739169861637 0.462090052800522 0.249214747020803 142.76295565553
"720" 0.25 -413.028697568555 0.36677349189774 0.234410664244818 155.300189317739
"721" 0.5 -403.695295772437 0.638638247534455 0.368080108273589 112.680542547279
"722" 0.5 -568.135966160657 0.557244397640995 0.282271000264865 120.214549806272
"723" 0.5 -305.57771769826 0.59341197374452 0.310095491212518 112.671459201723
"724" 0.375 -473.121393727029 0.512463683273723 0.27320910430941 131.98644652362
"725" 0.375 -449.738437366104 0.755296429237285 0.467942395884463 90.2530493564438
"726" 0.125 -910.788714757189 0.41826812554031 0.282242640293226 157.228962160437
"727" 0.5 -331.483338536323 0.603357864496824 0.296429579483794 106.841534646554
"728" 0.5 -677.523671331286 0.565537484276034 0.287369149354603 121.4347966325
"729" 0.375 -789.169448589003 0.397562530614818 0.235982936682045 152.560591130191
"730" 0.25 -922.925055159156 0.360207882825823 0.217928515848264 162.874121476011
"731" 0.25 -691.434193513853 0.269758271443993 0.191484297964351 180.033549721981
"732" 0.25 -582.538370030466 0.250160534432549 0.181727366903453 180.175829022191
"733" 0.25 -1242.31349150866 0.38858336799229 0.24720071166276 151.84468356003
"734" 0.5 -446.896099170496 0.607333307123254 0.315472805146322 111.490329412906
"735" 0.375 -615.499483856463 0.540361954070192 0.307293715074374 126.518340422539
"736" 0.375 -569.599138118897 0.531907599578121 0.258957535586273 124.848154289601
"737" 0.375 -417.508972019313 0.489180162551694 0.235767981235276 133.305977532104
"738" 0.25 -393.543749737583 0.57260447792044 0.315607944452197 118.90560958446
"739" 0.375 -909.194590833236 0.338455952961427 0.210179515871933 168.259669289738
"740" 0.25 -424.918745923224 0.40529034061984 0.232709850543258 145.089348127879
"741" 0.5 -651.870883213225 0.511657858212036 0.245932644193279 128.068507470726
"742" 0.125 -585.324349136125 0.366158571852986 0.227806686409517 154.95181564996
"743" 0.25 -438.4639686061 0.548868154883555 0.310362196498221 124.332752480497
"744" 0.375 -658.116824734426 0.467303059086456 0.237315160253251 131.98787459943
"745" 0.375 -431.887162879746 0.527501989959035 0.267858045971881 128.339153257594
"746" 0.125 -531.264658365637 0.229343470298254 0.189843798987433 181.779498372669
"747" 0.25 -485.66663806127 0.447382516449988 0.231192524124301 142.350200394355
"748" 0.375 -604.928339251203 0.497332490607602 0.27488897728036 130.890986463008
"749" 0.25 -450.579303650672 0.465537308474879 0.272198023731642 141.495302488166
"750" 0.25 -334.177298309634 0.558421885177097 0.299727565876593 118.479395576613
"751" 0.375 -447.736553133782 0.670626239935547 0.355642034724794 99.2500495765125
"752" 0.25 -344.802623429328 0.623358919005158 0.347817724825712 112.118402444618
"753" 0.25 -509.534142934079 0.615157493159364 0.360017530457566 113.119518959592
"754" 0.25 -554.468079157712 0.390595048857063 0.230940402167237 151.085756889242
"755" 0.375 -322.172568729512 0.505540840903261 0.298764159265708 129.346221507876
"756" 0.125 -1060.74405539971 0.124705756185097 0.16598662801181 210.999262875761
"757" 0.5 -280.621864467449 0.559286953479784 0.293653766778182 120.112901724665
"758" 0.25 -633.366159057947 0.337420469854635 0.221011705096272 170.647815213981
"759" 0.125 -1397.05011661707 0.159182017858186 0.180838643573634 203.846209286991
"760" 0.5 -440.786673361962 0.608570507504418 0.324191985015047 111.828070042911
"761" 0.5 -471.854136205504 0.504214800188826 0.255108044286842 126.832092321943
"762" 0.375 -477.963253125776 0.519149314619985 0.2740103101878 124.676987174712
"763" 0.125 -420.378558676163 0.275888555197789 0.19303618434822 168.974840282486
"764" 0.5 -734.550736059729 0.647323641129033 0.363126061718768 106.039470314281
"765" 0.25 -543.86222256501 0.512322541371258 0.295376203473893 132.182361076144
"766" 0.125 -699.639318485113 0.510667767658816 0.297243344122077 139.347264877032
"767" 0.25 -339.466999124692 0.450090643542961 0.246728050627906 140.51508789775
"768" 0.5 -390.702248680505 0.543660059660742 0.268513828499079 121.465159064089
"769" 0.5 -240.054745576701 0.69160407521162 0.378939726404598 96.169815553259
"770" 0.375 -970.010275553418 0.366662719380063 0.228343271719937 161.684501253045
"771" 0.25 -494.313923610669 0.428884683317702 0.251586262266343 148.664565706882
"772" 0.375 -501.821582554169 0.289113381180491 0.192910867863494 171.532463679695
"773" 0.375 -833.621937401037 0.499953410403508 0.272802380473765 135.300448026601
"774" 0.25 -1114.20297829587 0.348223051473607 0.232631936083714 165.623910253658
"775" 0.125 -691.76450335398 0.0960496809443383 0.160998363761757 214.270901950123
"776" 0.375 -567.055742663355 0.633376958878231 0.371208373789355 110.394041129341
"777" 0.375 -1015.24545835791 0.313961226831662 0.206967717278837 172.356060207728
"778" 0.375 -251.587357411783 0.641985781290454 0.332995183292486 101.738153983792
"779" 0.5 -330.851691249778 0.611588428687234 0.351645820304377 113.926975523564
"780" 0.25 -825.652637117751 0.378095537445335 0.232795657960234 157.9347848946
"781" 0.25 -458.789222155847 0.297007607302033 0.198214363564123 164.905376321473
"782" 0.25 -330.359425286476 0.517457473372314 0.280768839416422 128.927614592155
"783" 0.375 -529.983311706658 0.565240965529849 0.318347787383769 124.543839427223
"784" 0.25 -631.269605963143 0.416942038089173 0.233090030478926 146.596572811156
"785" 0.5 -512.266091471319 0.489068377839709 0.259499378329913 129.797765490017
"786" 0.125 -824.33396624115 0.0995373963886921 0.161108830031009 210.527501995885
"787" 0.5 -1135.24471440873 0.724404422391655 0.393360958706378 93.0340802456718
"788" 0.5 -330.136743210347 0.67610864470714 0.366782997169677 99.8431014478439
"789" 0.5 -473.794712560424 0.698018845437267 0.381115709788738 98.6054282157914
"790" 0.125 -692.418486146153 0.150307203270991 0.164930712437899 194.406717752665
"791" 0.25 -912.083022693823 0.412847187286276 0.25618720415605 150.990162597108
"792" 0.375 -467.662926425389 0.571673006059732 0.289918775340112 122.625323572569
"793" 0.25 -342.689626153374 0.68007152541976 0.393779941868419 102.466406806023
"794" 0.25 -540.887344301602 0.567033074038558 0.321234024107437 122.253185670427
"795" 0.25 -378.443504178038 0.490522769690921 0.25906559508401 134.027887510112
"796" 0.625 -657.43192495953 0.565467564971284 0.278184080686628 119.759304381651
"797" 0.375 -566.873708290879 0.557274358404134 0.302667583822575 126.665132664447
"798" 0.125 -285.747294954646 0.451514240977623 0.240989883028081 133.11561181983
"799" 0.25 -884.943253704381 0.241177316395591 0.18838095823682 181.877756491536
"800" 0.375 -684.80038391911 0.497502240310467 0.258898951454112 132.920047689765
"801" 0.25 -304.960455540888 0.636224980053214 0.344583870672651 103.985165245226
"802" 0.25 -665.282729361521 0.395128926213826 0.247700532241734 147.870214703633
"803" 0.25 -722.056883510328 0.455569431114359 0.246477578885638 134.401191494195
"804" 0.5 -374.087418010043 0.547089381051673 0.28364549225983 119.354880635953
"805" 0.125 -631.019952105053 0.127180984295463 0.173954573788149 202.80566437114
"806" 0.25 -482.168154201088 0.388276463523548 0.230878558691716 152.201628808537
"807" 0.375 -220.626970851697 0.747731821758854 0.453749190306739 88.4137663388625
"808" 0.25 -1112.09973091949 0.422679309350078 0.252835583565348 155.697339588823
"809" 0.375 -382.264458773809 0.581822120484027 0.297136041026122 112.889090023702
"810" 0.375 -206.868370194823 0.806958404302865 0.501228975974603 73.6919328036718
"811" 0.5 -493.890677735116 0.727691667184333 0.437832704087317 92.6127882077824
"812" 0.375 -327.573262275256 0.656974750651797 0.372620588423404 105.956231726147
"813" 0.25 -475.675448142708 0.403269834226371 0.240137838384609 147.670188115816
"814" 0.125 -1905.00423309549 0.328084525837511 0.217202998234851 168.526047755009
"815" 0.25 -428.152300556771 0.429368142712728 0.248283507082401 144.027253004885
"816" 0.25 -316.902236621243 0.527638882740108 0.257318755057981 121.420106254425
"817" 0.125 -1237.34641932226 0.418917289666655 0.270620660771517 159.951004991541
"818" 0.25 -380.708968342889 0.434890798706721 0.229881947426848 142.231336197886
"819" 0.25 -784.430688170743 0.539202967017137 0.291262747948969 127.564776013652
"820" 0.25 -920.069188631391 0.237398124507743 0.19279258551445 182.717347001075
"821" 0.375 -1215.30411220679 0.546318195772048 0.297993888641364 126.804266457353
"822" 0.375 -489.439830780599 0.649812024786024 0.394998298230648 107.921283032047
"823" 0.25 -373.187672256507 0.493424455554767 0.267495950775629 126.363775833533
"824" 0.375 -604.723236793233 0.73778064266608 0.444542701709934 90.6301873586839
"825" 0.125 -661.052405013478 0.226606684136964 0.193937312675828 185.609503114689
"826" 0.375 -443.917867992468 0.419740683700117 0.246313694363309 146.655158761609
"827" 0.25 -642.150076158691 0.525659427694437 0.291792584337542 134.083499065367
"828" 0.25 -491.730656686223 0.467455847744574 0.243955855375832 139.579852714599
"829" 0.375 -447.122317183055 0.52893667971145 0.299448445311618 126.759167227475
"830" 0.375 -348.30592327035 0.582758141741199 0.313274934410562 119.19262599803
"831" 0.375 -603.602115995124 0.37988005821727 0.217999534336562 151.057165866392
"832" 0.25 -956.008649425643 0.54579841291 0.320251181888366 130.072398484079
"833" 0.375 -642.729026191007 0.303591500382279 0.193804852350938 160.490889340523
"834" 0.375 -335.395839537851 0.416818477949832 0.231663193958987 142.079362424067
"835" 0.375 -931.269058753996 0.537003181111366 0.295519386362951 127.351109170238
"836" 0.5 -480.096139077778 0.656693381410465 0.369823244847839 105.171474859235
"837" 0.5 -543.632517107234 0.491089517184463 0.269755835207564 135.475146736554
"838" 0.125 -872.804793549333 0.256327060694684 0.183595556604634 177.670513835223
"839" 0.125 -1046.49401324907 0.305799628389929 0.194860000796308 168.980340956803
"840" 0.25 -708.611428383919 0.233180465133388 0.176221671934412 181.140379275498
"841" 0.25 -1415.28032433616 0.241517359506962 0.177839380957667 185.412711732834
"842" 0.375 -208.120077507543 0.686309800332253 0.356116487299441 91.1151365594473
"843" 0.125 -471.274031172931 0.416018102701675 0.232318186989301 143.417269477737
"844" 0.25 -463.709233155944 0.383184518082466 0.243495073302479 154.515267953323
"845" 0.375 -558.25881717487 0.521400625679815 0.278844925036366 131.180710310186
"846" 0.375 -277.253861797573 0.713142771914801 0.421484950488126 93.1335574385942
"847" 0.25 -406.526472620543 0.567068391912152 0.311152912009451 121.039792588283
"848" 0.25 -446.521157261557 0.616872032055721 0.349895065356336 113.433548248257
"849" 0.5 -426.878651177525 0.700088779856162 0.370076038142494 91.9291957028675
"850" 0.125 -362.163371991812 0.600203147541989 0.332658684559673 113.074654387124
"851" 0.375 -636.240636364886 0.64640651949905 0.343238278044427 104.694701570435
"852" 0.25 -795.823956830725 0.358660030229707 0.227774523886945 155.778220664291
"853" 0.25 -1284.66443495589 0.479884704007244 0.285496353602263 143.02754158196
"854" 0.25 -299.884069572135 0.500609278226753 0.26579961366876 129.072796602966
"855" 0.625 -465.361899910819 0.631172925709073 0.333687581562104 112.034106703871
"856" 0.375 -792.40851046659 0.491342336938672 0.258223568118591 131.160076322802
"857" 0.125 -633.141757804947 0.325468738920586 0.216443453227849 168.056671670242
"858" 0.375 -826.511888187094 0.608693642927091 0.319695960088973 115.080935744499
"859" 0.25 -687.537984834708 0.595274018289602 0.333215484774188 117.07294165059
"860" 0.25 -487.067497105861 0.365551954038888 0.215662322296698 155.40262741826
"861" 0.25 -554.589498446089 0.328001569653954 0.223875569924061 163.7152745598
"862" 0.25 -1102.79553905997 0.611277919672904 0.344852361034384 122.279000869254
"863" 0.125 -464.212365302545 0.367629681721776 0.225386461028345 153.468631538446
"864" 0.375 -389.119566470312 0.426323686027602 0.234469339007874 142.885984045826
"865" 0.375 -405.835626315649 0.544153717654648 0.297465645034757 127.128233970958
"866" 0.125 -624.876996354521 0.558674368539318 0.325003844087165 130.870039568585
"867" 0.125 -765.979505769025 0.200774736013544 0.168764204963946 187.096857169247
"868" 0.25 -717.741066631588 0.279507680841844 0.203121363265187 172.425607438455
"869" 0.25 -560.16151608194 0.342705925085287 0.232121455430063 163.2471154019
"870" 0.375 -435.347155160579 0.581075403743018 0.328714934401607 120.207866891776
"871" 0.125 -790.781936760208 0.216228284074819 0.192853535020143 190.283996514254
"872" 0.25 -1214.50557188068 0.577921289817959 0.34616771691926 128.010902018962
"873" 0.5 -299.069536653485 0.639066581209794 0.364171388760895 108.931619519298
"874" 0.125 -881.523024954039 0.414195275404344 0.24847103275489 146.337966857664
"875" 0.125 -672.211885018775 0.21850384778384 0.189488583156968 189.949973121635
"876" 0.5 -271.524503650399 0.708824780726169 0.406730563740818 93.2616058104671
"877" 0.5 -701.4037308277 0.611544297892978 0.345638594315415 116.158203881816
"878" 0.25 -829.642936242976 0.477740851652496 0.271109869484329 137.069390115794
"879" 0.25 -941.91417410961 0.301933193106877 0.210145552760578 176.927185835061
"880" 0.25 -450.498522107694 0.449490239570737 0.277306655954525 144.70342793942
"881" 0.25 -348.211651995805 0.431735064355973 0.239398555138562 140.353437546152
"882" 0.375 -386.921847351497 0.484433133085013 0.271138633948218 130.889390493766
"883" 0.25 -341.203870026381 0.368585931149884 0.217366051457559 149.290296209277
"884" 0.375 -352.183023216452 0.521641546578526 0.255739906722656 125.827808206156
"885" 0.125 -677.330107239813 0.353959287123655 0.239834464052355 161.723923713365
"886" 0.25 -564.70767280493 0.296938286434949 0.199255609150982 177.050425006566
"887" 0.25 -498.905641852983 0.587905435380089 0.339772693764021 121.091174383997
"888" 0.25 -1294.92894754738 0.327340813944484 0.205806531720298 174.219576176768
"889" 0.25 -395.667596419711 0.56614617154548 0.327016439307372 124.59301837082
"890" 0.375 -412.661131305473 0.715094705689194 0.399428648850619 92.5909499360947
"891" 0 -663.52904180539 0.132414989376296 0.170026140764092 197.845814586687
"892" 0.25 -873.357412147004 0.363971429922605 0.197458289418033 157.304433724587
"893" 0.375 -489.09341951749 0.736947618948985 0.453456915656165 92.986531867506
"894" 0.375 -1058.43350622549 0.408133400534178 0.223519846115413 150.167293317383
"895" 0.25 -569.93872242719 0.377397764541816 0.219704324222892 153.23822246776
"896" 0.375 -394.040033236649 0.505155720492215 0.281210465393738 132.534319828474
"897" 0.25 -469.962088660355 0.469788347391416 0.253931720543687 134.829699022276
"898" 0.125 -556.941226278635 0.420115586099698 0.253858421001883 151.231259230175
"899" 0.125 -1004.59060893597 0.366772253072578 0.217880765673211 167.006996118557
"900" 0.375 -738.548714900269 0.498113925608232 0.268700936597796 134.86091872293
"901" 0.25 -1344.86125211222 0.569971478702032 0.324715238732144 128.533770636003
"902" 0.125 -1138.43218016115 0.372489730477181 0.247480827094957 161.045878064679
"903" 0.125 -477.889651058434 0.48647033461876 0.289452830154747 137.433252444793
"904" 0.375 -278.369467243457 0.596313162024003 0.284692679025164 113.117058064532
"905" 0.25 -432.641141185791 0.417328690881724 0.24472931691137 149.366160737234
"906" 0.125 -1041.94005151751 0.338628627310541 0.23326060443726 172.031847055024
"907" 0.375 -660.305309741115 0.478555202920571 0.279406402223284 139.78152189753
"908" 0.5 -423.397964169581 0.639926451850052 0.370285553940238 112.078166480549
"909" 0.25 -369.27638783253 0.372005141166385 0.216827352447793 150.872165642772
"910" 0.375 -477.152649611384 0.592303327197267 0.315777707559096 113.863102422515
"911" 0.5 -232.995807143392 0.556182783452934 0.297292128867127 118.804780052509
"912" 0.375 -570.255161380555 0.576579853446245 0.290700954698816 115.741848386009
"913" 0.125 -578.211274085634 0.271801918270335 0.217949601367593 176.300931829121
"914" 0.25 -311.872148131515 0.562388016585391 0.323866581883714 121.672514744149
"915" 0.375 -736.31543807275 0.538984015745204 0.308861550171354 131.355013898062
"916" 0.25 -522.764501809724 0.576332914742198 0.316955923773712 120.173793490487
"917" 0.25 -698.225386989247 0.373893853939608 0.230193657197726 166.017007556884
"918" 0.125 -716.71065563038 0.102510603774642 0.160633765333584 198.465748736984
"919" 0.625 -172.234657321393 0.72378042631571 0.400165981470036 88.3311104550957
"920" 0.5 -313.08338892011 0.601712942844065 0.331383169842557 111.408395172912
"921" 0.375 -907.88672161869 0.503132559565182 0.264664890007852 132.21291975542
"922" 0.25 -609.091757699132 0.391857485057527 0.223273095613684 146.951491190074
"923" 0.125 -563.920450043833 0.347684217548479 0.223336415783756 160.821996865887
"924" 0.25 -462.527734715213 0.488802958627315 0.24895941950067 134.138354135305
"925" 0.25 -380.74658108773 0.492191817105199 0.25499268674803 133.608420768683
"926" 0.375 -553.880285628557 0.401410135909654 0.227714920106484 151.201369453454
"927" 0.25 -516.054978587917 0.310686192509166 0.20409815015984 163.75453303901
"928" 0.5 -613.869468767733 0.544871138941132 0.285166662994855 123.600059935031
"929" 0.125 -813.608031983416 0.14858179736091 0.170859445940935 197.138188894861
"930" 0.125 -661.497483536887 0.209646028075233 0.178440372613496 189.294458057918
"931" 0.375 -325.95849743509 0.49141787376371 0.241906672790076 126.522902833298
"932" 0.125 -454.930679431249 0.257886888737895 0.193022484783774 174.94633715474
"933" 0.25 -612.809211965931 0.519990791860857 0.260659073853506 134.227231106698
"934" 0.125 -623.597109166827 0.357590845428493 0.216674557871098 155.247940200195
"935" 0.375 -456.991197440858 0.659946489879978 0.382219778535618 104.084248210723
"936" 0.25 -673.133834855246 0.47819754442096 0.279881680956573 138.41236821895
"937" 0.375 -565.113434120166 0.626680888851028 0.320976330613871 109.208175241225
"938" 0.25 -396.952614790898 0.571349056992877 0.322054075377598 120.617594107334
"939" 0.5 -341.080859325794 0.569825239952748 0.296158546194952 116.572876828606
"940" 0 -1142.78529320867 0.15404693667552 0.179198528485232 201.012049101363
"941" 0.375 -421.183859484031 0.557857497288928 0.304079853342792 119.303624282125
"942" 0.5 -578.507609268308 0.650175083670327 0.337229934616753 107.033321430813
"943" 0.375 -490.628754057864 0.457358282263253 0.25105619167112 140.76553578754
"944" 0.125 -703.462150735961 0.18319152252666 0.172596569913392 197.404250332876
"945" 0.125 -410.055490804751 0.354523208144996 0.229920000420907 156.10828251713
"946" 0.375 -553.163292969161 0.381684066588787 0.209168413551977 149.574895499158
"947" 0.25 -1066.28526956043 0.424252789251592 0.237529182703152 144.181638297741
"948" 0.25 -378.130020310982 0.479959126489758 0.242759644182774 130.859484377038
"949" 0.5 -423.472886872721 0.482142764964977 0.254693550123044 137.523563544732
"950" 0.5 -355.389837072562 0.564097927562599 0.266333421354185 116.250290858932
"951" 0.125 -525.964481223867 0.298510833327657 0.209695283535984 168.278762646648
"952" 0.375 -606.000252183965 0.573556936186281 0.316579697002962 127.081726382486
"953" 0.25 -569.770748544407 0.502275228227908 0.302109279545544 140.233101596776
"954" 0.25 -821.435076683656 0.364626050368329 0.224839759102366 153.368616354326
"955" 0.25 -727.782620783653 0.471728401131399 0.284658243834722 138.360183625412
"956" 0.25 -928.634214968889 0.436977189753354 0.268527069675952 149.358944655489
"957" 0.5 -579.503831444844 0.614053105956773 0.308554591203009 111.175129629485
"958" 0.25 -800.408677174161 0.258484456537239 0.18787125556386 184.21693150294
"959" 0.125 -914.329296469509 0.315203220231649 0.207002904986248 174.117178452061
"960" 0.25 -1675.6578122948 0.524789852546209 0.308438844532031 140.924189382116
"961" 0.5 -483.419799479077 0.565372681082527 0.29790847324365 122.157569638151
"962" 0.375 -537.454848010407 0.607014238850986 0.357762930091635 119.616622653697
"963" 0.25 -535.431993110067 0.416553401109877 0.242769305082827 145.737093856512
"964" 0.25 -600.912594286264 0.444119526290916 0.247851030710415 140.125916352263
"965" 0.25 -300.756338704412 0.66265605032603 0.367467345003367 103.883755442034
"966" 0.125 -523.092246202632 0.447018736623231 0.27939082722058 149.682597040688
"967" 0.25 -538.864250042497 0.367798619080838 0.232818587651435 156.527282503503
"968" 0.125 -586.651346196055 0.31564938934392 0.215874743733195 165.020909806434
"969" 0.125 -597.35189839229 0.187286986902709 0.169487503956381 192.134873498022
"970" 0.125 -1169.2770620802 0.299984307994338 0.196174892634564 177.599569582124
"971" 0.375 -356.759562009657 0.50465694893889 0.279913791726279 129.39098743978
"972" 0.25 -581.712838006532 0.474292078281864 0.294192581197291 140.938107556314
"973" 0.125 -633.686135747616 0.303042452962394 0.202257581595425 171.403419154836
"974" 0.25 -520.65697853413 0.722112220735158 0.424711409833927 93.7964505315991
"975" 0.25 -796.91180593698 0.317323803423935 0.197797123495231 162.869642614853
"976" 0.25 -321.439969568008 0.506154551229744 0.274172808660242 131.701593130082
"977" 0.125 -708.574208596554 0.236142048731494 0.202202864712584 186.571893459442
"978" 0.25 -458.324775668516 0.580491544738434 0.282623594105987 113.880984328291
"979" 0.5 -686.620953008663 0.410565467987342 0.228240309721737 150.222743906779
"980" 0.125 -534.009512786691 0.455432360255926 0.296471383925284 147.992616043636
"981" 0.125 -874.607275273559 0.275402012538787 0.207078552001685 183.933525093016
"982" 0.125 -712.978891507936 0.256820953505573 0.196084232769459 180.61711713043
"983" 0.25 -453.971604229831 0.338728869292432 0.204003300724268 156.394375521946
"984" 0.25 -641.15934303167 0.677748442271826 0.378238983674362 105.67881199359
"985" 0.125 -524.468886181558 0.415328181013494 0.21818022596794 147.554417320364
"986" 0.25 -708.243972218741 0.482407943043729 0.240235822160098 133.292954654456
"987" 0.25 -1013.05049432023 0.488604979044188 0.252480360543948 132.833682584367
"988" 0.5 -472.146981464107 0.577209660473098 0.291733972506568 120.065353001771
"989" 0.125 -594.351566750048 0.200260591169155 0.175350366789108 184.797833061335
"990" 0 -812.394456868998 0.0640712449312435 0.15306473423004 215.69710138829
"991" 0.375 -548.967115818811 0.658419124909815 0.350933746636946 102.174512265227
"992" 0.375 -394.785833642021 0.510990506188441 0.272820601635469 129.662279509264
"993" 0.5 -790.010568132101 0.509228504925411 0.285213991564787 136.561144630285
"994" 0.125 -716.972934452314 0.55161540523487 0.327595095544233 129.553224638151
"995" 0.25 -557.674415285409 0.568015379104339 0.281806836592087 120.149355089874
"996" 0.125 -776.116194998058 0.276880913823116 0.214592437461559 176.862688819645
"997" 0.25 -703.111569044968 0.355944204598578 0.242282427469587 166.17340364859
"998" 0.25 -1411.2901714211 0.328103611382977 0.213770256516192 170.689482672117
"999" 0.25 -314.99288386461 0.458312027085838 0.264046044970836 138.039234359865
"1000" 0.25 -316.423926850949 0.272196934663737 0.191552266575662 170.926931446814
