"SRL" "MIG" "GMax" "GMin" "SCI" "RCI" "GER" "MSM*"
"1" 37.95 193.8 261.8 71 0.666666666666667 -410.671936758893 0.356394129979036 0.366357069143447
"2" 37.95 222.8 261.8 71 0.833333333333333 -487.088274044795 0.20440251572327 0.31867145421903
"3" 37.95 222.8 261.8 71 0.833333333333333 -487.088274044795 0.20440251572327 0.31867145421903
"4" 37.95 211.2 261.8 71 0.666666666666667 -456.521739130434 0.265199161425577 0.336174242424242
"5" 37.95 200.8 261.8 71 0.666666666666667 -429.117259552042 0.319706498951782 0.353585657370518
"6" 37.95 211.2 261.8 71 0.666666666666667 -456.521739130434 0.265199161425577 0.336174242424242
"7" 37.95 211.8 261.8 71 0.666666666666667 -458.102766798419 0.262054507337526 0.335221907459868
"8" 37.95 142.7 261.8 71 0.5 -276.021080368906 0.624213836477988 0.497547302032236
"9" 37.95 181.2 261.8 71 0.666666666666667 -377.470355731225 0.422431865828092 0.391832229580574
"10" 37.95 138.1 261.8 71 0.333333333333333 -263.899868247694 0.64832285115304 0.514120202751629
"11" 37.95 178.2 261.8 71 0.5 -369.565217391304 0.438155136268344 0.398428731762065
"12" 37.95 108.6 261.8 71 0.5 -186.166007905138 0.80293501048218 0.653775322283609
"13" 37.95 222.8 261.8 71 0.833333333333333 -487.088274044795 0.20440251572327 0.31867145421903
"14" 37.95 222.8 261.8 71 0.833333333333333 -487.088274044795 0.20440251572327 0.31867145421903
"15" 37.95 87 261.8 71 0.5 -129.249011857707 0.916142557651991 0.816091954022988
"16" 37.95 189.8 261.8 71 0.666666666666667 -400.131752305665 0.377358490566038 0.374077976817703
"17" 37.95 178.8 261.8 71 0.5 -371.146245059288 0.435010482180294 0.397091722595078
"18" 37.95 211.8 261.8 71 0.666666666666667 -458.102766798419 0.262054507337526 0.335221907459868
"19" 37.95 193.8 261.8 71 0.666666666666667 -410.671936758893 0.356394129979036 0.366357069143447
"20" 37.95 91.8 261.8 71 0.166666666666667 -141.897233201581 0.890985324947589 0.773420479302832
"21" 37.95 222.8 261.8 71 0.833333333333333 -487.088274044795 0.20440251572327 0.31867145421903
"22" 37.95 189.8 261.8 71 0.666666666666667 -400.131752305665 0.377358490566038 0.374077976817703
"23" 37.95 202 261.8 71 0.666666666666667 -432.27931488801 0.313417190775681 0.351485148514851
"24" 37.95 195 261.8 71 0.5 -413.833992094861 0.350104821802935 0.364102564102564
"25" 37.95 165.5 261.8 71 0.666666666666667 -336.100131752306 0.504716981132075 0.429003021148036
"26" 37.95 160.4 261.8 71 0.666666666666667 -322.66139657444 0.531446540880503 0.442643391521197
"27" 37.95 205.4 261.8 71 0.666666666666667 -441.238471673254 0.29559748427673 0.345666991236611
"28" 37.95 222.8 261.8 71 0.833333333333333 -487.088274044795 0.20440251572327 0.31867145421903
"29" 37.95 222.8 261.8 71 0.833333333333333 -487.088274044795 0.20440251572327 0.31867145421903
"30" 37.95 148.5 261.8 71 0.5 -291.304347826087 0.593815513626835 0.478114478114478
"31" 37.95 222.8 261.8 71 0.833333333333333 -487.088274044795 0.20440251572327 0.31867145421903
"32" 37.95 158.6 261.8 71 0.333333333333333 -317.918313570487 0.540880503144654 0.447667087011349
"33" 37.95 222.8 261.8 71 0.833333333333333 -487.088274044795 0.20440251572327 0.31867145421903
"34" 37.95 184 261.8 71 0.5 -384.848484848485 0.407756813417191 0.385869565217391
"35" 37.95 179.4 261.8 71 0.333333333333333 -372.727272727272 0.431865828092243 0.395763656633222
"36" 37.95 193.8 261.8 71 0.666666666666667 -410.671936758893 0.356394129979036 0.366357069143447
"37" 37.95 222.8 261.8 71 0.833333333333333 -487.088274044795 0.20440251572327 0.31867145421903
"38" 37.95 181.2 261.8 71 0.666666666666667 -377.470355731225 0.422431865828092 0.391832229580574
"39" 37.95 211.8 261.8 71 0.666666666666667 -458.102766798419 0.262054507337526 0.335221907459868
"40" 37.95 222.8 261.8 71 0.833333333333333 -487.088274044795 0.20440251572327 0.31867145421903
"41" 37.95 222.8 261.8 71 0.833333333333333 -487.088274044795 0.20440251572327 0.31867145421903
"42" 37.95 222.8 261.8 71 0.833333333333333 -487.088274044795 0.20440251572327 0.31867145421903
"43" 37.95 191 261.8 71 0.5 -403.293807641633 0.371069182389937 0.371727748691099
"44" 37.95 137.5 261.8 71 0.333333333333333 -262.31884057971 0.65146750524109 0.516363636363636
"45" 37.95 222.8 261.8 71 0.833333333333333 -487.088274044795 0.20440251572327 0.31867145421903
"46" 37.95 211.8 261.8 71 0.666666666666667 -458.102766798419 0.262054507337526 0.335221907459868
"47" 37.95 222.8 261.8 71 0.833333333333333 -487.088274044795 0.20440251572327 0.31867145421903
"48" 37.95 222.8 261.8 71 0.833333333333333 -487.088274044795 0.20440251572327 0.31867145421903
"49" 37.95 143.5 261.8 71 0.5 -278.129117259552 0.620020964360587 0.494773519163763
"50" 37.95 199.6 261.8 71 0.666666666666667 -425.955204216073 0.325995807127883 0.355711422845691
"51" 37.95 142.9 261.8 71 0.333333333333333 -276.548089591568 0.623165618448637 0.496850944716585
"52" 37.95 98 261.8 71 0.5 -158.234519104084 0.858490566037736 0.724489795918367
"53" 37.95 222.8 261.8 71 0.833333333333333 -487.088274044795 0.20440251572327 0.31867145421903
"54" 37.95 165.9 261.8 71 0.666666666666667 -337.154150197628 0.502620545073375 0.427968655816757
"55" 37.95 154.5 261.8 71 0.5 -307.114624505929 0.562368972746331 0.459546925566343
"56" 37.95 196.2 261.8 71 0.5 -416.99604743083 0.343815513626834 0.361875637104995
"57" 37.95 217 261.8 71 0.666666666666667 -471.805006587615 0.234800838574423 0.327188940092166
"58" 37.95 154.6 261.8 71 0.5 -307.378129117259 0.561844863731656 0.459249676584735
"59" 37.95 189.8 261.8 71 0.666666666666667 -400.131752305665 0.377358490566038 0.374077976817703
"60" 37.95 222.8 261.8 71 0.833333333333333 -487.088274044795 0.20440251572327 0.31867145421903
"61" 37.95 194.4 261.8 71 0.5 -412.252964426877 0.353249475890985 0.36522633744856
"62" 37.95 217 261.8 71 0.666666666666667 -471.805006587615 0.234800838574423 0.327188940092166
"63" 37.95 154.5 261.8 71 0.5 -307.114624505929 0.562368972746331 0.459546925566343
"64" 37.95 222.8 261.8 71 0.833333333333333 -487.088274044795 0.20440251572327 0.31867145421903
"65" 37.95 222.8 261.8 71 0.833333333333333 -487.088274044795 0.20440251572327 0.31867145421903
"66" 37.95 211.2 261.8 71 0.666666666666667 -456.521739130434 0.265199161425577 0.336174242424242
"67" 37.95 189.2 261.8 71 0.5 -398.550724637681 0.380503144654088 0.375264270613108
"68" 37.95 217 261.8 71 0.666666666666667 -471.805006587615 0.234800838574423 0.327188940092166
"69" 37.95 149.1 261.8 71 0.333333333333333 -292.885375494071 0.590670859538784 0.476190476190476
"70" 37.95 211.2 261.8 71 0.666666666666667 -456.521739130434 0.265199161425577 0.336174242424242
"71" 37.95 193.8 261.8 71 0.666666666666667 -410.671936758893 0.356394129979036 0.366357069143447
"72" 37.95 184.6 261.8 71 0.5 -386.429512516469 0.404612159329141 0.384615384615385
"73" 37.95 199.6 261.8 71 0.666666666666667 -425.955204216073 0.325995807127883 0.355711422845691
"74" 37.95 222.8 261.8 71 0.833333333333333 -487.088274044795 0.20440251572327 0.31867145421903
"75" 37.95 205.4 261.8 71 0.666666666666667 -441.238471673254 0.29559748427673 0.345666991236611
"76" 37.95 222.8 261.8 71 0.833333333333333 -487.088274044795 0.20440251572327 0.31867145421903
"77" 37.95 183.4 261.8 71 0.5 -383.2674571805 0.410901467505241 0.387131952017448
"78" 37.95 193.8 261.8 71 0.666666666666667 -410.671936758893 0.356394129979036 0.366357069143447
"79" 37.95 199.6 261.8 71 0.666666666666667 -425.955204216073 0.325995807127883 0.355711422845691
"80" 37.95 222.8 261.8 71 0.833333333333333 -487.088274044795 0.20440251572327 0.31867145421903
"81" 37.95 109 261.8 71 0.666666666666667 -187.220026350461 0.80083857442348 0.651376146788991
"82" 37.95 188.6 261.8 71 0.5 -396.969696969697 0.383647798742139 0.376458112407211
"83" 37.95 205.4 261.8 71 0.666666666666667 -441.238471673254 0.29559748427673 0.345666991236611
"84" 37.95 184.6 261.8 71 0.5 -386.429512516469 0.404612159329141 0.384615384615385
"85" 37.95 154.9 261.8 71 0.5 -308.168642951251 0.560272536687631 0.458360232408005
"86" 37.95 200.2 261.8 71 0.5 -427.536231884058 0.322851153039832 0.354645354645355
"87" 37.95 134.1 261.8 71 0.333333333333333 -253.359683794466 0.669287211740042 0.529455630126771
"88" 37.95 193.8 261.8 71 0.666666666666667 -410.671936758893 0.356394129979036 0.366357069143447
"89" 37.95 174.2 261.8 71 0.333333333333333 -359.025032938076 0.459119496855346 0.407577497129736
"90" 37.95 178.2 261.8 71 0.5 -369.565217391304 0.438155136268344 0.398428731762065
"91" 37.95 222.8 261.8 71 0.833333333333333 -487.088274044795 0.20440251572327 0.31867145421903
"92" 37.95 165.9 261.8 71 0.666666666666667 -337.154150197628 0.502620545073375 0.427968655816757
"93" 37.95 222.8 261.8 71 0.833333333333333 -487.088274044795 0.20440251572327 0.31867145421903
"94" 37.95 153.9 261.8 71 0.5 -305.533596837944 0.565513626834382 0.46133853151397
"95" 37.95 200.8 261.8 71 0.666666666666667 -429.117259552042 0.319706498951782 0.353585657370518
"96" 37.95 188.6 261.8 71 0.5 -396.969696969697 0.383647798742139 0.376458112407211
"97" 37.95 109 261.8 71 0.666666666666667 -187.220026350461 0.80083857442348 0.651376146788991
"98" 37.95 184 261.8 71 0.5 -384.848484848485 0.407756813417191 0.385869565217391
"99" 37.95 175.4 261.8 71 0.5 -362.187088274044 0.452830188679245 0.40478905359179
"100" 37.95 222.8 261.8 71 0.833333333333333 -487.088274044795 0.20440251572327 0.31867145421903
"101" 37.95 211.8 261.8 71 0.666666666666667 -458.102766798419 0.262054507337526 0.335221907459868
"102" 37.95 217 261.8 71 0.666666666666667 -471.805006587615 0.234800838574423 0.327188940092166
"103" 37.95 200.2 261.8 71 0.5 -427.536231884058 0.322851153039832 0.354645354645355
"104" 37.95 211.2 261.8 71 0.666666666666667 -456.521739130434 0.265199161425577 0.336174242424242
"105" 37.95 143.3 261.8 71 0.333333333333333 -277.60210803689 0.621069182389937 0.49546406140963
"106" 37.95 193.8 261.8 71 0.666666666666667 -410.671936758893 0.356394129979036 0.366357069143447
"107" 37.95 165.9 261.8 71 0.666666666666667 -337.154150197628 0.502620545073375 0.427968655816757
"108" 37.95 199.6 261.8 71 0.666666666666667 -425.955204216073 0.325995807127883 0.355711422845691
"109" 37.95 199.6 261.8 71 0.666666666666667 -425.955204216073 0.325995807127883 0.355711422845691
"110" 37.95 217 261.8 71 0.666666666666667 -471.805006587615 0.234800838574423 0.327188940092166
"111" 37.95 222.8 261.8 71 0.833333333333333 -487.088274044795 0.20440251572327 0.31867145421903
"112" 37.95 190.4 261.8 71 0.5 -401.712779973649 0.374213836477988 0.372899159663866
"113" 37.95 180 261.8 71 0.5 -374.308300395257 0.428721174004193 0.394444444444444
"114" 37.95 217 261.8 71 0.666666666666667 -471.805006587615 0.234800838574423 0.327188940092166
"115" 37.95 200.8 261.8 71 0.666666666666667 -429.117259552042 0.319706498951782 0.353585657370518
"116" 37.95 196.2 261.8 71 0.5 -416.99604743083 0.343815513626834 0.361875637104995
"117" 37.95 189.8 261.8 71 0.666666666666667 -400.131752305665 0.377358490566038 0.374077976817703
"118" 37.95 202 261.8 71 0.666666666666667 -432.27931488801 0.313417190775681 0.351485148514851
"119" 37.95 222.8 261.8 71 0.833333333333333 -487.088274044795 0.20440251572327 0.31867145421903
"120" 37.95 138.1 261.8 71 0.333333333333333 -263.899868247694 0.64832285115304 0.514120202751629
"121" 37.95 222.8 261.8 71 0.833333333333333 -487.088274044795 0.20440251572327 0.31867145421903
"122" 37.95 205.4 261.8 71 0.666666666666667 -441.238471673254 0.29559748427673 0.345666991236611
"123" 37.95 222.8 261.8 71 0.833333333333333 -487.088274044795 0.20440251572327 0.31867145421903
"124" 37.95 200.2 261.8 71 0.5 -427.536231884058 0.322851153039832 0.354645354645355
"125" 37.95 196.2 261.8 71 0.5 -416.99604743083 0.343815513626834 0.361875637104995
"126" 37.95 193.8 261.8 71 0.666666666666667 -410.671936758893 0.356394129979036 0.366357069143447
"127" 37.95 142.3 261.8 71 0.5 -274.967061923583 0.626310272536688 0.498945888966971
"128" 37.95 222.8 261.8 71 0.833333333333333 -487.088274044795 0.20440251572327 0.31867145421903
"129" 37.95 217 261.8 71 0.666666666666667 -471.805006587615 0.234800838574423 0.327188940092166
"130" 37.95 217 261.8 71 0.666666666666667 -471.805006587615 0.234800838574423 0.327188940092166
"131" 37.95 222.8 261.8 71 0.833333333333333 -487.088274044795 0.20440251572327 0.31867145421903
"132" 37.95 222.8 261.8 71 0.833333333333333 -487.088274044795 0.20440251572327 0.31867145421903
"133" 37.95 222.8 261.8 71 0.833333333333333 -487.088274044795 0.20440251572327 0.31867145421903
"134" 37.95 108.6 261.8 71 0.5 -186.166007905138 0.80293501048218 0.653775322283609
"135" 37.95 211.8 261.8 71 0.666666666666667 -458.102766798419 0.262054507337526 0.335221907459868
"136" 37.95 139.3 261.8 71 0.333333333333333 -267.061923583662 0.642033542976939 0.509691313711414
"137" 37.95 189.8 261.8 71 0.666666666666667 -400.131752305665 0.377358490566038 0.374077976817703
"138" 37.95 222.8 261.8 71 0.833333333333333 -487.088274044795 0.20440251572327 0.31867145421903
"139" 37.95 143.5 261.8 71 0.5 -278.129117259552 0.620020964360587 0.494773519163763
"140" 37.95 205.4 261.8 71 0.666666666666667 -441.238471673254 0.29559748427673 0.345666991236611
"141" 37.95 217 261.8 71 0.666666666666667 -471.805006587615 0.234800838574423 0.327188940092166
"142" 37.95 217 261.8 71 0.666666666666667 -471.805006587615 0.234800838574423 0.327188940092166
"143" 37.95 222.8 261.8 71 0.833333333333333 -487.088274044795 0.20440251572327 0.31867145421903
"144" 37.95 189.2 261.8 71 0.5 -398.550724637681 0.380503144654088 0.375264270613108
"145" 37.95 222.8 261.8 71 0.833333333333333 -487.088274044795 0.20440251572327 0.31867145421903
"146" 37.95 189.8 261.8 71 0.666666666666667 -400.131752305665 0.377358490566038 0.374077976817703
"147" 37.95 217 261.8 71 0.666666666666667 -471.805006587615 0.234800838574423 0.327188940092166
"148" 37.95 163.8 261.8 71 0.5 -331.620553359683 0.513626834381552 0.433455433455434
"149" 37.95 222.8 261.8 71 0.833333333333333 -487.088274044795 0.20440251572327 0.31867145421903
"150" 37.95 200.2 261.8 71 0.5 -427.536231884058 0.322851153039832 0.354645354645355
"151" 37.95 205.4 261.8 71 0.666666666666667 -441.238471673254 0.29559748427673 0.345666991236611
"152" 37.95 199.6 261.8 71 0.666666666666667 -425.955204216073 0.325995807127883 0.355711422845691
"153" 37.95 211.8 261.8 71 0.666666666666667 -458.102766798419 0.262054507337526 0.335221907459868
"154" 37.95 222.8 261.8 71 0.833333333333333 -487.088274044795 0.20440251572327 0.31867145421903
"155" 37.95 91.6 261.8 71 0.5 -141.370223978919 0.892033542976939 0.775109170305677
"156" 37.95 180 261.8 71 0.5 -374.308300395257 0.428721174004193 0.394444444444444
"157" 37.95 222.8 261.8 71 0.833333333333333 -487.088274044795 0.20440251572327 0.31867145421903
"158" 37.95 193.8 261.8 71 0.666666666666667 -410.671936758893 0.356394129979036 0.366357069143447
"159" 37.95 199.6 261.8 71 0.666666666666667 -425.955204216073 0.325995807127883 0.355711422845691
"160" 37.95 222.8 261.8 71 0.833333333333333 -487.088274044795 0.20440251572327 0.31867145421903
"161" 37.95 158.6 261.8 71 0.333333333333333 -317.918313570487 0.540880503144654 0.447667087011349
"162" 37.95 222.8 261.8 71 0.833333333333333 -487.088274044795 0.20440251572327 0.31867145421903
"163" 37.95 189.2 261.8 71 0.5 -398.550724637681 0.380503144654088 0.375264270613108
"164" 37.95 222.8 261.8 71 0.833333333333333 -487.088274044795 0.20440251572327 0.31867145421903
"165" 37.95 222.8 261.8 71 0.833333333333333 -487.088274044795 0.20440251572327 0.31867145421903
"166" 37.95 222.8 261.8 71 0.833333333333333 -487.088274044795 0.20440251572327 0.31867145421903
"167" 37.95 178.8 261.8 71 0.666666666666667 -371.146245059288 0.435010482180293 0.397091722595078
"168" 37.95 222.8 261.8 71 0.833333333333333 -487.088274044795 0.20440251572327 0.31867145421903
"169" 37.95 173 261.8 71 0.5 -355.862977602108 0.465408805031447 0.410404624277457
"170" 37.95 222.8 261.8 71 0.833333333333333 -487.088274044795 0.20440251572327 0.31867145421903
"171" 37.95 222.8 261.8 71 0.833333333333333 -487.088274044795 0.20440251572327 0.31867145421903
"172" 37.95 211.2 261.8 71 0.666666666666667 -456.521739130434 0.265199161425577 0.336174242424242
"173" 37.95 179.4 261.8 71 0.333333333333333 -372.727272727272 0.431865828092243 0.395763656633222
"174" 37.95 211.2 261.8 71 0.666666666666667 -456.521739130434 0.265199161425577 0.336174242424242
"175" 37.95 188.6 261.8 71 0.5 -396.969696969697 0.383647798742139 0.376458112407211
"176" 37.95 211.2 261.8 71 0.666666666666667 -456.521739130434 0.265199161425577 0.336174242424242
"177" 37.95 222.8 261.8 71 0.833333333333333 -487.088274044795 0.20440251572327 0.31867145421903
"178" 37.95 211.8 261.8 71 0.666666666666667 -458.102766798419 0.262054507337526 0.335221907459868
"179" 37.95 205.4 261.8 71 0.666666666666667 -441.238471673254 0.29559748427673 0.345666991236611
"180" 37.95 211.8 261.8 71 0.666666666666667 -458.102766798419 0.262054507337526 0.335221907459868
"181" 37.95 222.8 261.8 71 0.833333333333333 -487.088274044795 0.20440251572327 0.31867145421903
"182" 37.95 193.8 261.8 71 0.666666666666667 -410.671936758893 0.356394129979036 0.366357069143447
"183" 37.95 199.6 261.8 71 0.666666666666667 -425.955204216073 0.325995807127883 0.355711422845691
"184" 37.95 189.8 261.8 71 0.666666666666667 -400.131752305665 0.377358490566038 0.374077976817703
"185" 37.95 154.3 261.8 71 0.5 -306.587615283267 0.563417190775682 0.460142579390797
"186" 37.95 222.8 261.8 71 0.833333333333333 -487.088274044795 0.20440251572327 0.31867145421903
"187" 37.95 211.8 261.8 71 0.666666666666667 -458.102766798419 0.262054507337526 0.335221907459868
"188" 37.95 222.8 261.8 71 0.833333333333333 -487.088274044795 0.20440251572327 0.31867145421903
"189" 37.95 205.4 261.8 71 0.666666666666667 -441.238471673254 0.29559748427673 0.345666991236611
"190" 37.95 173 261.8 71 0.5 -355.862977602108 0.465408805031447 0.410404624277457
"191" 37.95 165.5 261.8 71 0.666666666666667 -336.100131752306 0.504716981132075 0.429003021148036
"192" 37.95 122.5 261.8 71 0.166666666666667 -222.793148880105 0.730083857442348 0.579591836734694
"193" 37.95 222.8 261.8 71 0.833333333333333 -487.088274044795 0.20440251572327 0.31867145421903
"194" 37.95 200.8 261.8 71 0.666666666666667 -429.117259552042 0.319706498951782 0.353585657370518
"195" 37.95 190.4 261.8 71 0.5 -401.712779973649 0.374213836477988 0.372899159663866
"196" 37.95 222.8 261.8 71 0.833333333333333 -487.088274044795 0.20440251572327 0.31867145421903
"197" 37.95 211.2 261.8 71 0.666666666666667 -456.521739130434 0.265199161425577 0.336174242424242
"198" 37.95 163.8 261.8 71 0.5 -331.620553359683 0.513626834381552 0.433455433455434
"199" 37.95 193.8 261.8 71 0.666666666666667 -410.671936758893 0.356394129979036 0.366357069143447
"200" 37.95 148.8 261.8 71 0.5 -292.094861660079 0.592243186582809 0.477150537634409
"201" 37.95 76.2 261.8 71 0.166666666666667 -100.790513833992 0.972746331236897 0.931758530183727
"202" 37.95 222.8 261.8 71 0.833333333333333 -487.088274044795 0.20440251572327 0.31867145421903
"203" 37.95 160.4 261.8 71 0.666666666666667 -322.66139657444 0.531446540880503 0.442643391521197
"204" 37.95 165.5 261.8 71 0.666666666666667 -336.100131752306 0.504716981132075 0.429003021148036
"205" 37.95 217 261.8 71 0.666666666666667 -471.805006587615 0.234800838574423 0.327188940092166
"206" 37.95 193.8 261.8 71 0.666666666666667 -410.671936758893 0.356394129979036 0.366357069143447
"207" 37.95 144.7 261.8 71 0.5 -281.29117259552 0.613731656184486 0.490670352453352
"208" 37.95 222.8 261.8 71 0.833333333333333 -487.088274044795 0.20440251572327 0.31867145421903
"209" 37.95 222.8 261.8 71 0.833333333333333 -487.088274044795 0.20440251572327 0.31867145421903
"210" 37.95 200.8 261.8 71 0.666666666666667 -429.117259552042 0.319706498951782 0.353585657370518
"211" 37.95 222.8 261.8 71 0.833333333333333 -487.088274044795 0.20440251572327 0.31867145421903
"212" 37.95 189.8 261.8 71 0.666666666666667 -400.131752305665 0.377358490566038 0.374077976817703
"213" 37.95 205.4 261.8 71 0.666666666666667 -441.238471673254 0.29559748427673 0.345666991236611
"214" 37.95 222.8 261.8 71 0.833333333333333 -487.088274044795 0.20440251572327 0.31867145421903
"215" 37.95 188.6 261.8 71 0.5 -396.969696969697 0.383647798742139 0.376458112407211
"216" 37.95 160.1 261.8 71 0.5 -321.870882740448 0.533018867924528 0.443472829481574
"217" 37.95 137.5 261.8 71 0.333333333333333 -262.31884057971 0.65146750524109 0.516363636363636
"218" 37.95 211.2 261.8 71 0.666666666666667 -456.521739130434 0.265199161425577 0.336174242424242
"219" 37.95 178.8 261.8 71 0.5 -371.146245059288 0.435010482180294 0.397091722595078
"220" 37.95 158.6 261.8 71 0.333333333333333 -317.918313570487 0.540880503144654 0.447667087011349
"221" 37.95 222.8 261.8 71 0.833333333333333 -487.088274044795 0.20440251572327 0.31867145421903
"222" 37.95 195 261.8 71 0.5 -413.833992094861 0.350104821802935 0.364102564102564
"223" 37.95 217 261.8 71 0.666666666666667 -471.805006587615 0.234800838574423 0.327188940092166
"224" 37.95 196.2 261.8 71 0.5 -416.99604743083 0.343815513626834 0.361875637104995
"225" 37.95 122.7 261.8 71 0.333333333333333 -223.320158102767 0.729035639412998 0.578647106764466
"226" 37.95 184 261.8 71 0.5 -384.848484848485 0.407756813417191 0.385869565217391
"227" 37.95 222.8 261.8 71 0.833333333333333 -487.088274044795 0.20440251572327 0.31867145421903
"228" 37.95 137.5 261.8 71 0.333333333333333 -262.31884057971 0.65146750524109 0.516363636363636
"229" 37.95 178.8 261.8 71 0.666666666666667 -371.146245059288 0.435010482180293 0.397091722595078
"230" 37.95 193.8 261.8 71 0.666666666666667 -410.671936758893 0.356394129979036 0.366357069143447
"231" 37.95 211.2 261.8 71 0.666666666666667 -456.521739130434 0.265199161425577 0.336174242424242
"232" 37.95 193.8 261.8 71 0.666666666666667 -410.671936758893 0.356394129979036 0.366357069143447
"233" 37.95 202 261.8 71 0.666666666666667 -432.27931488801 0.313417190775681 0.351485148514851
"234" 37.95 222.8 261.8 71 0.833333333333333 -487.088274044795 0.20440251572327 0.31867145421903
"235" 37.95 222.8 261.8 71 0.833333333333333 -487.088274044795 0.20440251572327 0.31867145421903
"236" 37.95 211.2 261.8 71 0.666666666666667 -456.521739130434 0.265199161425577 0.336174242424242
"237" 37.95 206 261.8 71 0.5 -442.819499341238 0.292452830188679 0.344660194174757
"238" 37.95 178.8 261.8 71 0.666666666666667 -371.146245059288 0.435010482180293 0.397091722595078
"239" 37.95 200.8 261.8 71 0.666666666666667 -429.117259552042 0.319706498951782 0.353585657370518
"240" 37.95 169 261.8 71 0.5 -345.32279314888 0.486373165618449 0.420118343195266
"241" 37.95 193.8 261.8 71 0.666666666666667 -410.671936758893 0.356394129979036 0.366357069143447
"242" 37.95 170.2 261.8 71 0.5 -348.484848484848 0.480083857442348 0.417156286721504
"243" 37.95 191 261.8 71 0.5 -403.293807641633 0.371069182389937 0.371727748691099
"244" 37.95 222.8 261.8 71 0.833333333333333 -487.088274044795 0.20440251572327 0.31867145421903
"245" 37.95 148.5 261.8 71 0.5 -291.304347826087 0.593815513626835 0.478114478114478
"246" 37.95 211.2 261.8 71 0.666666666666667 -456.521739130434 0.265199161425577 0.336174242424242
"247" 37.95 149.4 261.8 71 0.5 -293.675889328063 0.589098532494759 0.475234270414993
"248" 37.95 165.9 261.8 71 0.666666666666667 -337.154150197628 0.502620545073375 0.427968655816757
"249" 37.95 222.8 261.8 71 0.833333333333333 -487.088274044795 0.20440251572327 0.31867145421903
"250" 37.95 205.4 261.8 71 0.666666666666667 -441.238471673254 0.29559748427673 0.345666991236611
"251" 37.95 191 261.8 71 0.5 -403.293807641633 0.371069182389937 0.371727748691099
"252" 37.95 200.8 261.8 71 0.666666666666667 -429.117259552042 0.319706498951782 0.353585657370518
"253" 37.95 222.8 261.8 71 0.833333333333333 -487.088274044795 0.20440251572327 0.31867145421903
"254" 37.95 109 261.8 71 0.666666666666667 -187.220026350461 0.80083857442348 0.651376146788991
"255" 37.95 164.4 261.8 71 0.333333333333333 -333.201581027668 0.510482180293501 0.431873479318735
"256" 37.95 222.8 261.8 71 0.833333333333333 -487.088274044795 0.20440251572327 0.31867145421903
"257" 37.95 145.1 261.8 71 0.5 -282.345191040843 0.611635220125786 0.489317711922812
"258" 37.95 190.4 261.8 71 0.5 -401.712779973649 0.374213836477988 0.372899159663866
"259" 37.95 189.8 261.8 71 0.666666666666667 -400.131752305665 0.377358490566038 0.374077976817703
"260" 37.95 178.8 261.8 71 0.5 -371.146245059288 0.435010482180294 0.397091722595078
"261" 37.95 211.2 261.8 71 0.666666666666667 -456.521739130434 0.265199161425577 0.336174242424242
"262" 37.95 222.8 261.8 71 0.833333333333333 -487.088274044795 0.20440251572327 0.31867145421903
"263" 37.95 217 261.8 71 0.666666666666667 -471.805006587615 0.234800838574423 0.327188940092166
"264" 37.95 193.8 261.8 71 0.666666666666667 -410.671936758893 0.356394129979036 0.366357069143447
"265" 37.95 202 261.8 71 0.666666666666667 -432.27931488801 0.313417190775681 0.351485148514851
"266" 37.95 193.8 261.8 71 0.666666666666667 -410.671936758893 0.356394129979036 0.366357069143447
"267" 37.95 222.8 261.8 71 0.833333333333333 -487.088274044795 0.20440251572327 0.31867145421903
"268" 37.95 181.2 261.8 71 0.666666666666667 -377.470355731225 0.422431865828092 0.391832229580574
"269" 37.95 159.7 261.8 71 0.5 -320.816864295125 0.535115303983229 0.444583594239198
"270" 37.95 222.8 261.8 71 0.833333333333333 -487.088274044795 0.20440251572327 0.31867145421903
"271" 37.95 200.2 261.8 71 0.5 -427.536231884058 0.322851153039832 0.354645354645355
"272" 37.95 211.8 261.8 71 0.666666666666667 -458.102766798419 0.262054507337526 0.335221907459868
"273" 37.95 217 261.8 71 0.666666666666667 -471.805006587615 0.234800838574423 0.327188940092166
"274" 37.95 200.8 261.8 71 0.666666666666667 -429.117259552042 0.319706498951782 0.353585657370518
"275" 37.95 217 261.8 71 0.666666666666667 -471.805006587615 0.234800838574423 0.327188940092166
"276" 37.95 199.6 261.8 71 0.666666666666667 -425.955204216073 0.325995807127883 0.355711422845691
"277" 37.95 211.8 261.8 71 0.666666666666667 -458.102766798419 0.262054507337526 0.335221907459868
"278" 37.95 222.8 261.8 71 0.833333333333333 -487.088274044795 0.20440251572327 0.31867145421903
"279" 37.95 188.6 261.8 71 0.5 -396.969696969697 0.383647798742139 0.376458112407211
"280" 37.95 160.4 261.8 71 0.666666666666667 -322.66139657444 0.531446540880503 0.442643391521197
"281" 37.95 194.4 261.8 71 0.5 -412.252964426877 0.353249475890985 0.36522633744856
"282" 37.95 154.6 261.8 71 0.5 -307.378129117259 0.561844863731656 0.459249676584735
"283" 37.95 222.8 261.8 71 0.833333333333333 -487.088274044795 0.20440251572327 0.31867145421903
"284" 37.95 183.4 261.8 71 0.5 -383.2674571805 0.410901467505241 0.387131952017448
"285" 37.95 211.2 261.8 71 0.666666666666667 -456.521739130434 0.265199161425577 0.336174242424242
"286" 37.95 206 261.8 71 0.5 -442.819499341238 0.292452830188679 0.344660194174757
"287" 37.95 222.8 261.8 71 0.833333333333333 -487.088274044795 0.20440251572327 0.31867145421903
"288" 37.95 160.1 261.8 71 0.5 -321.870882740448 0.533018867924528 0.443472829481574
"289" 37.95 178.8 261.8 71 0.5 -371.146245059288 0.435010482180294 0.397091722595078
"290" 37.95 211.8 261.8 71 0.666666666666667 -458.102766798419 0.262054507337526 0.335221907459868
"291" 37.95 222.8 261.8 71 0.833333333333333 -487.088274044795 0.20440251572327 0.31867145421903
"292" 37.95 178.8 261.8 71 0.666666666666667 -371.146245059288 0.435010482180293 0.397091722595078
"293" 37.95 222.8 261.8 71 0.833333333333333 -487.088274044795 0.20440251572327 0.31867145421903
"294" 37.95 188.6 261.8 71 0.5 -396.969696969697 0.383647798742139 0.376458112407211
"295" 37.95 222.8 261.8 71 0.833333333333333 -487.088274044795 0.20440251572327 0.31867145421903
"296" 37.95 194.4 261.8 71 0.5 -412.252964426877 0.353249475890985 0.36522633744856
"297" 37.95 178.8 261.8 71 0.5 -371.146245059288 0.435010482180294 0.397091722595078
"298" 37.95 199.6 261.8 71 0.666666666666667 -425.955204216073 0.325995807127883 0.355711422845691
"299" 37.95 222.8 261.8 71 0.833333333333333 -487.088274044795 0.20440251572327 0.31867145421903
"300" 37.95 217 261.8 71 0.666666666666667 -471.805006587615 0.234800838574423 0.327188940092166
"301" 37.95 217 261.8 71 0.666666666666667 -471.805006587615 0.234800838574423 0.327188940092166
"302" 37.95 196.2 261.8 71 0.5 -416.99604743083 0.343815513626834 0.361875637104995
"303" 37.95 160.1 261.8 71 0.5 -321.870882740448 0.533018867924528 0.443472829481574
"304" 37.95 202 261.8 71 0.666666666666667 -432.27931488801 0.313417190775681 0.351485148514851
"305" 37.95 222.8 261.8 71 0.833333333333333 -487.088274044795 0.20440251572327 0.31867145421903
"306" 37.95 189.2 261.8 71 0.5 -398.550724637681 0.380503144654088 0.375264270613108
"307" 37.95 222.8 261.8 71 0.833333333333333 -487.088274044795 0.20440251572327 0.31867145421903
"308" 37.95 142.7 261.8 71 0.5 -276.021080368906 0.624213836477988 0.497547302032236
"309" 37.95 199.6 261.8 71 0.666666666666667 -425.955204216073 0.325995807127883 0.355711422845691
"310" 37.95 132.9 261.8 71 0.5 -250.197628458498 0.675576519916143 0.534236267870579
"311" 37.95 170.2 261.8 71 0.5 -348.484848484848 0.480083857442348 0.417156286721504
"312" 37.95 222.8 261.8 71 0.833333333333333 -487.088274044795 0.20440251572327 0.31867145421903
"313" 37.95 154.9 261.8 71 0.5 -308.168642951251 0.560272536687631 0.458360232408005
"314" 37.95 217 261.8 71 0.666666666666667 -471.805006587615 0.234800838574423 0.327188940092166
"315" 37.95 191 261.8 71 0.5 -403.293807641633 0.371069182389937 0.371727748691099
"316" 37.95 211.2 261.8 71 0.666666666666667 -456.521739130434 0.265199161425577 0.336174242424242
"317" 37.95 188.6 261.8 71 0.5 -396.969696969697 0.383647798742139 0.376458112407211
"318" 37.95 138.9 261.8 71 0.333333333333333 -266.00790513834 0.644129979035639 0.511159107271418
"319" 37.95 206 261.8 71 0.5 -442.819499341238 0.292452830188679 0.344660194174757
"320" 37.95 222.8 261.8 71 0.833333333333333 -487.088274044795 0.20440251572327 0.31867145421903
"321" 37.95 222.8 261.8 71 0.833333333333333 -487.088274044795 0.20440251572327 0.31867145421903
"322" 37.95 217 261.8 71 0.666666666666667 -471.805006587615 0.234800838574423 0.327188940092166
"323" 37.95 188.6 261.8 71 0.5 -396.969696969697 0.383647798742139 0.376458112407211
"324" 37.95 199.6 261.8 71 0.666666666666667 -425.955204216073 0.325995807127883 0.355711422845691
"325" 37.95 217 261.8 71 0.666666666666667 -471.805006587615 0.234800838574423 0.327188940092166
"326" 37.95 202 261.8 71 0.666666666666667 -432.27931488801 0.313417190775681 0.351485148514851
"327" 37.95 97.4 261.8 71 0.5 -156.6534914361 0.861635220125786 0.728952772073922
"328" 37.95 222.8 261.8 71 0.833333333333333 -487.088274044795 0.20440251572327 0.31867145421903
"329" 37.95 222.8 261.8 71 0.833333333333333 -487.088274044795 0.20440251572327 0.31867145421903
"330" 37.95 154.5 261.8 71 0.5 -307.114624505929 0.562368972746331 0.459546925566343
"331" 37.95 178.8 261.8 71 0.5 -371.146245059288 0.435010482180294 0.397091722595078
"332" 37.95 222.8 261.8 71 0.833333333333333 -487.088274044795 0.20440251572327 0.31867145421903
"333" 37.95 211.8 261.8 71 0.666666666666667 -458.102766798419 0.262054507337526 0.335221907459868
"334" 37.95 194.4 261.8 71 0.5 -412.252964426877 0.353249475890985 0.36522633744856
"335" 37.95 211.2 261.8 71 0.666666666666667 -456.521739130434 0.265199161425577 0.336174242424242
"336" 37.95 148.1 261.8 71 0.5 -290.250329380764 0.595911949685535 0.479405806887238
"337" 37.95 149.4 261.8 71 0.5 -293.675889328063 0.589098532494759 0.475234270414993
"338" 37.95 173 261.8 71 0.5 -355.862977602108 0.465408805031447 0.410404624277457
"339" 37.95 200.2 261.8 71 0.5 -427.536231884058 0.322851153039832 0.354645354645355
"340" 37.95 170.2 261.8 71 0.5 -348.484848484848 0.480083857442348 0.417156286721504
"341" 37.95 211.8 261.8 71 0.666666666666667 -458.102766798419 0.262054507337526 0.335221907459868
"342" 37.95 165.9 261.8 71 0.666666666666667 -337.154150197628 0.502620545073375 0.427968655816757
"343" 37.95 205.4 261.8 71 0.666666666666667 -441.238471673254 0.29559748427673 0.345666991236611
"344" 37.95 173 261.8 71 0.5 -355.862977602108 0.465408805031447 0.410404624277457
"345" 37.95 202 261.8 71 0.666666666666667 -432.27931488801 0.313417190775681 0.351485148514851
"346" 37.95 222.8 261.8 71 0.833333333333333 -487.088274044795 0.20440251572327 0.31867145421903
"347" 37.95 154.5 261.8 71 0.5 -307.114624505929 0.562368972746331 0.459546925566343
"348" 37.95 222.8 261.8 71 0.833333333333333 -487.088274044795 0.20440251572327 0.31867145421903
"349" 37.95 222.8 261.8 71 0.833333333333333 -487.088274044795 0.20440251572327 0.31867145421903
"350" 37.95 193.8 261.8 71 0.666666666666667 -410.671936758893 0.356394129979036 0.366357069143447
"351" 37.95 222.8 261.8 71 0.833333333333333 -487.088274044795 0.20440251572327 0.31867145421903
"352" 37.95 217 261.8 71 0.666666666666667 -471.805006587615 0.234800838574423 0.327188940092166
"353" 37.95 195 261.8 71 0.5 -413.833992094861 0.350104821802935 0.364102564102564
"354" 37.95 199.6 261.8 71 0.666666666666667 -425.955204216073 0.325995807127883 0.355711422845691
"355" 37.95 189.8 261.8 71 0.666666666666667 -400.131752305665 0.377358490566038 0.374077976817703
"356" 37.95 163.8 261.8 71 0.5 -331.620553359683 0.513626834381552 0.433455433455434
"357" 37.95 222.8 261.8 71 0.833333333333333 -487.088274044795 0.20440251572327 0.31867145421903
"358" 37.95 222.8 261.8 71 0.833333333333333 -487.088274044795 0.20440251572327 0.31867145421903
"359" 37.95 211.2 261.8 71 0.666666666666667 -456.521739130434 0.265199161425577 0.336174242424242
"360" 37.95 222.8 261.8 71 0.833333333333333 -487.088274044795 0.20440251572327 0.31867145421903
"361" 37.95 205.4 261.8 71 0.666666666666667 -441.238471673254 0.29559748427673 0.345666991236611
"362" 37.95 199.6 261.8 71 0.666666666666667 -425.955204216073 0.325995807127883 0.355711422845691
"363" 37.95 181.2 261.8 71 0.666666666666667 -377.470355731225 0.422431865828092 0.391832229580574
"364" 37.95 217 261.8 71 0.666666666666667 -471.805006587615 0.234800838574423 0.327188940092166
"365" 37.95 183.4 261.8 71 0.5 -383.2674571805 0.410901467505241 0.387131952017448
"366" 37.95 194.4 261.8 71 0.5 -412.252964426877 0.353249475890985 0.36522633744856
"367" 37.95 178.2 261.8 71 0.5 -369.565217391304 0.438155136268344 0.398428731762065
"368" 37.95 222.8 261.8 71 0.833333333333333 -487.088274044795 0.20440251572327 0.31867145421903
"369" 37.95 164.4 261.8 71 0.333333333333333 -333.201581027668 0.510482180293501 0.431873479318735
"370" 37.95 222.8 261.8 71 0.833333333333333 -487.088274044795 0.20440251572327 0.31867145421903
"371" 37.95 145.1 261.8 71 0.5 -282.345191040843 0.611635220125786 0.489317711922812
"372" 37.95 217 261.8 71 0.666666666666667 -471.805006587615 0.234800838574423 0.327188940092166
"373" 37.95 199.6 261.8 71 0.666666666666667 -425.955204216073 0.325995807127883 0.355711422845691
"374" 37.95 178.8 261.8 71 0.666666666666667 -371.146245059288 0.435010482180293 0.397091722595078
"375" 37.95 217 261.8 71 0.666666666666667 -471.805006587615 0.234800838574423 0.327188940092166
"376" 37.95 159.7 261.8 71 0.5 -320.816864295125 0.535115303983229 0.444583594239198
"377" 37.95 217 261.8 71 0.666666666666667 -471.805006587615 0.234800838574423 0.327188940092166
"378" 37.95 178.8 261.8 71 0.5 -371.146245059288 0.435010482180294 0.397091722595078
"379" 37.95 202 261.8 71 0.666666666666667 -432.27931488801 0.313417190775681 0.351485148514851
"380" 37.95 189.8 261.8 71 0.666666666666667 -400.131752305665 0.377358490566038 0.374077976817703
"381" 37.95 211.2 261.8 71 0.666666666666667 -456.521739130434 0.265199161425577 0.336174242424242
"382" 37.95 159.2 261.8 71 0.5 -319.499341238471 0.537735849056604 0.445979899497487
"383" 37.95 205.4 261.8 71 0.666666666666667 -441.238471673254 0.29559748427673 0.345666991236611
"384" 37.95 222.8 261.8 71 0.833333333333333 -487.088274044795 0.20440251572327 0.31867145421903
"385" 37.95 196.2 261.8 71 0.5 -416.99604743083 0.343815513626834 0.361875637104995
"386" 37.95 222.8 261.8 71 0.833333333333333 -487.088274044795 0.20440251572327 0.31867145421903
"387" 37.95 191 261.8 71 0.5 -403.293807641633 0.371069182389937 0.371727748691099
"388" 37.95 193.8 261.8 71 0.666666666666667 -410.671936758893 0.356394129979036 0.366357069143447
"389" 37.95 211.8 261.8 71 0.666666666666667 -458.102766798419 0.262054507337526 0.335221907459868
"390" 37.95 109 261.8 71 0.666666666666667 -187.220026350461 0.80083857442348 0.651376146788991
"391" 37.95 222.8 261.8 71 0.833333333333333 -487.088274044795 0.20440251572327 0.31867145421903
"392" 37.95 195 261.8 71 0.5 -413.833992094861 0.350104821802935 0.364102564102564
"393" 37.95 222.8 261.8 71 0.833333333333333 -487.088274044795 0.20440251572327 0.31867145421903
"394" 37.95 211.8 261.8 71 0.666666666666667 -458.102766798419 0.262054507337526 0.335221907459868
"395" 37.95 206 261.8 71 0.5 -442.819499341238 0.292452830188679 0.344660194174757
"396" 37.95 222.8 261.8 71 0.833333333333333 -487.088274044795 0.20440251572327 0.31867145421903
"397" 37.95 193.8 261.8 71 0.666666666666667 -410.671936758893 0.356394129979036 0.366357069143447
"398" 37.95 211.2 261.8 71 0.666666666666667 -456.521739130434 0.265199161425577 0.336174242424242
"399" 37.95 222.8 261.8 71 0.833333333333333 -487.088274044795 0.20440251572327 0.31867145421903
"400" 37.95 205.4 261.8 71 0.666666666666667 -441.238471673254 0.29559748427673 0.345666991236611
"401" 37.95 97.4 261.8 71 0.5 -156.6534914361 0.861635220125786 0.728952772073922
"402" 37.95 194.4 261.8 71 0.5 -412.252964426877 0.353249475890985 0.36522633744856
"403" 37.95 217 261.8 71 0.666666666666667 -471.805006587615 0.234800838574423 0.327188940092166
"404" 37.95 184.6 261.8 71 0.5 -386.429512516469 0.404612159329141 0.384615384615385
"405" 37.95 222.8 261.8 71 0.833333333333333 -487.088274044795 0.20440251572327 0.31867145421903
"406" 37.95 202 261.8 71 0.666666666666667 -432.27931488801 0.313417190775681 0.351485148514851
"407" 37.95 169.6 261.8 71 0.5 -346.903820816864 0.483228511530398 0.418632075471698
"408" 37.95 175.4 261.8 71 0.5 -362.187088274044 0.452830188679245 0.40478905359179
"409" 37.95 222.8 261.8 71 0.833333333333333 -487.088274044795 0.20440251572327 0.31867145421903
"410" 37.95 202 261.8 71 0.666666666666667 -432.27931488801 0.313417190775681 0.351485148514851
"411" 37.95 211.8 261.8 71 0.666666666666667 -458.102766798419 0.262054507337526 0.335221907459868
"412" 37.95 127.3 261.8 71 0.333333333333333 -235.441370223979 0.704926624737946 0.557737627651218
"413" 37.95 113.3 261.8 71 0.333333333333333 -198.550724637681 0.778301886792453 0.626654898499559
"414" 37.95 211.8 261.8 71 0.666666666666667 -458.102766798419 0.262054507337526 0.335221907459868
"415" 37.95 190.4 261.8 71 0.5 -401.712779973649 0.374213836477988 0.372899159663866
"416" 37.95 124.3 261.8 71 0.5 -227.536231884058 0.720649895178197 0.571198712791633
"417" 37.95 148.5 261.8 71 0.5 -291.304347826087 0.593815513626835 0.478114478114478
"418" 37.95 199.6 261.8 71 0.666666666666667 -425.955204216073 0.325995807127883 0.355711422845691
"419" 37.95 211.8 261.8 71 0.666666666666667 -458.102766798419 0.262054507337526 0.335221907459868
"420" 37.95 189.2 261.8 71 0.5 -398.550724637681 0.380503144654088 0.375264270613108
"421" 37.95 211.8 261.8 71 0.666666666666667 -458.102766798419 0.262054507337526 0.335221907459868
"422" 37.95 211.2 261.8 71 0.666666666666667 -456.521739130434 0.265199161425577 0.336174242424242
"423" 37.95 181.2 261.8 71 0.666666666666667 -377.470355731225 0.422431865828092 0.391832229580574
"424" 37.95 154.9 261.8 71 0.5 -308.168642951251 0.560272536687631 0.458360232408005
"425" 37.95 205.4 261.8 71 0.666666666666667 -441.238471673254 0.29559748427673 0.345666991236611
"426" 37.95 200.8 261.8 71 0.666666666666667 -429.117259552042 0.319706498951782 0.353585657370518
"427" 37.95 144.7 261.8 71 0.5 -281.29117259552 0.613731656184486 0.490670352453352
"428" 37.95 222.8 261.8 71 0.833333333333333 -487.088274044795 0.20440251572327 0.31867145421903
"429" 37.95 159.2 261.8 71 0.5 -319.499341238471 0.537735849056604 0.445979899497487
"430" 37.95 165.9 261.8 71 0.666666666666667 -337.154150197628 0.502620545073375 0.427968655816757
"431" 37.95 165.9 261.8 71 0.666666666666667 -337.154150197628 0.502620545073375 0.427968655816757
"432" 37.95 211.8 261.8 71 0.666666666666667 -458.102766798419 0.262054507337526 0.335221907459868
"433" 37.95 222.8 261.8 71 0.833333333333333 -487.088274044795 0.20440251572327 0.31867145421903
"434" 37.95 189.2 261.8 71 0.5 -398.550724637681 0.380503144654088 0.375264270613108
"435" 37.95 199.6 261.8 71 0.666666666666667 -425.955204216073 0.325995807127883 0.355711422845691
"436" 37.95 142.7 261.8 71 0.5 -276.021080368906 0.624213836477988 0.497547302032236
"437" 37.95 205.4 261.8 71 0.666666666666667 -441.238471673254 0.29559748427673 0.345666991236611
"438" 37.95 202 261.8 71 0.666666666666667 -432.27931488801 0.313417190775681 0.351485148514851
"439" 37.95 222.8 261.8 71 0.833333333333333 -487.088274044795 0.20440251572327 0.31867145421903
"440" 37.95 222.8 261.8 71 0.833333333333333 -487.088274044795 0.20440251572327 0.31867145421903
"441" 37.95 169.6 261.8 71 0.5 -346.903820816864 0.483228511530398 0.418632075471698
"442" 37.95 222.8 261.8 71 0.833333333333333 -487.088274044795 0.20440251572327 0.31867145421903
"443" 37.95 200.2 261.8 71 0.5 -427.536231884058 0.322851153039832 0.354645354645355
"444" 37.95 222.8 261.8 71 0.833333333333333 -487.088274044795 0.20440251572327 0.31867145421903
"445" 37.95 222.8 261.8 71 0.833333333333333 -487.088274044795 0.20440251572327 0.31867145421903
"446" 37.95 199.6 261.8 71 0.666666666666667 -425.955204216073 0.325995807127883 0.355711422845691
"447" 37.95 160.1 261.8 71 0.5 -321.870882740448 0.533018867924528 0.443472829481574
"448" 37.95 222.8 261.8 71 0.833333333333333 -487.088274044795 0.20440251572327 0.31867145421903
"449" 37.95 193.8 261.8 71 0.666666666666667 -410.671936758893 0.356394129979036 0.366357069143447
"450" 37.95 184.6 261.8 71 0.5 -386.429512516469 0.404612159329141 0.384615384615385
"451" 37.95 206 261.8 71 0.5 -442.819499341238 0.292452830188679 0.344660194174757
"452" 37.95 181.2 261.8 71 0.666666666666667 -377.470355731225 0.422431865828092 0.391832229580574
"453" 37.95 183.4 261.8 71 0.5 -383.2674571805 0.410901467505241 0.387131952017448
"454" 37.95 211.8 261.8 71 0.666666666666667 -458.102766798419 0.262054507337526 0.335221907459868
"455" 37.95 222.8 261.8 71 0.833333333333333 -487.088274044795 0.20440251572327 0.31867145421903
"456" 37.95 97.6 261.8 71 0.333333333333333 -157.180500658761 0.860587002096436 0.727459016393442
"457" 37.95 211.2 261.8 71 0.666666666666667 -456.521739130434 0.265199161425577 0.336174242424242
"458" 37.95 222.8 261.8 71 0.833333333333333 -487.088274044795 0.20440251572327 0.31867145421903
"459" 37.95 222.8 261.8 71 0.833333333333333 -487.088274044795 0.20440251572327 0.31867145421903
"460" 37.95 193.8 261.8 71 0.666666666666667 -410.671936758893 0.356394129979036 0.366357069143447
"461" 37.95 202 261.8 71 0.666666666666667 -432.27931488801 0.313417190775681 0.351485148514851
"462" 37.95 184 261.8 71 0.5 -384.848484848485 0.407756813417191 0.385869565217391
"463" 37.95 184 261.8 71 0.5 -384.848484848485 0.407756813417191 0.385869565217391
"464" 37.95 92.2 261.8 71 0.333333333333333 -142.951251646904 0.888888888888889 0.770065075921909
"465" 37.95 165.9 261.8 71 0.666666666666667 -337.154150197628 0.502620545073375 0.427968655816757
"466" 37.95 193.8 261.8 71 0.666666666666667 -410.671936758893 0.356394129979036 0.366357069143447
"467" 37.95 211.8 261.8 71 0.666666666666667 -458.102766798419 0.262054507337526 0.335221907459868
"468" 37.95 222.8 261.8 71 0.833333333333333 -487.088274044795 0.20440251572327 0.31867145421903
"469" 37.95 205.4 261.8 71 0.666666666666667 -441.238471673254 0.29559748427673 0.345666991236611
"470" 37.95 160.1 261.8 71 0.5 -321.870882740448 0.533018867924528 0.443472829481574
"471" 37.95 222.8 261.8 71 0.833333333333333 -487.088274044795 0.20440251572327 0.31867145421903
"472" 37.95 145.1 261.8 71 0.5 -282.345191040843 0.611635220125786 0.489317711922812
"473" 37.95 77.2 261.8 71 0.333333333333333 -103.425559947299 0.967505241090147 0.919689119170984
"474" 37.95 195 261.8 71 0.5 -413.833992094861 0.350104821802935 0.364102564102564
"475" 37.95 200.8 261.8 71 0.666666666666667 -429.117259552042 0.319706498951782 0.353585657370518
"476" 37.95 202 261.8 71 0.666666666666667 -432.27931488801 0.313417190775681 0.351485148514851
"477" 37.95 131.9 261.8 71 0.333333333333333 -247.562582345191 0.680817610062893 0.538286580742987
"478" 37.95 217 261.8 71 0.666666666666667 -471.805006587615 0.234800838574423 0.327188940092166
"479" 37.95 222.8 261.8 71 0.833333333333333 -487.088274044795 0.20440251572327 0.31867145421903
"480" 37.95 193.8 261.8 71 0.666666666666667 -410.671936758893 0.356394129979036 0.366357069143447
"481" 37.95 211.8 261.8 71 0.666666666666667 -458.102766798419 0.262054507337526 0.335221907459868
"482" 37.95 211.8 261.8 71 0.666666666666667 -458.102766798419 0.262054507337526 0.335221907459868
"483" 37.95 108.6 261.8 71 0.5 -186.166007905138 0.80293501048218 0.653775322283609
"484" 37.95 211.2 261.8 71 0.666666666666667 -456.521739130434 0.265199161425577 0.336174242424242
"485" 37.95 200.8 261.8 71 0.666666666666667 -429.117259552042 0.319706498951782 0.353585657370518
"486" 37.95 211.8 261.8 71 0.666666666666667 -458.102766798419 0.262054507337526 0.335221907459868
"487" 37.95 211.8 261.8 71 0.666666666666667 -458.102766798419 0.262054507337526 0.335221907459868
"488" 37.95 195 261.8 71 0.5 -413.833992094861 0.350104821802935 0.364102564102564
"489" 37.95 222.8 261.8 71 0.833333333333333 -487.088274044795 0.20440251572327 0.31867145421903
"490" 37.95 175.4 261.8 71 0.5 -362.187088274044 0.452830188679245 0.40478905359179
"491" 37.95 211.2 261.8 71 0.666666666666667 -456.521739130434 0.265199161425577 0.336174242424242
"492" 37.95 154.9 261.8 71 0.5 -308.168642951251 0.560272536687631 0.458360232408005
"493" 37.95 222.8 261.8 71 0.833333333333333 -487.088274044795 0.20440251572327 0.31867145421903
"494" 37.95 173 261.8 71 0.5 -355.862977602108 0.465408805031447 0.410404624277457
"495" 37.95 174.2 261.8 71 0.333333333333333 -359.025032938076 0.459119496855346 0.407577497129736
"496" 37.95 222.8 261.8 71 0.833333333333333 -487.088274044795 0.20440251572327 0.31867145421903
"497" 37.95 142.9 261.8 71 0.333333333333333 -276.548089591568 0.623165618448637 0.496850944716585
"498" 37.95 211.2 261.8 71 0.666666666666667 -456.521739130434 0.265199161425577 0.336174242424242
"499" 37.95 222.8 261.8 71 0.833333333333333 -487.088274044795 0.20440251572327 0.31867145421903
"500" 37.95 211.8 261.8 71 0.666666666666667 -458.102766798419 0.262054507337526 0.335221907459868
"501" 37.95 199.6 261.8 71 0.666666666666667 -425.955204216073 0.325995807127883 0.355711422845691
"502" 37.95 189.8 261.8 71 0.666666666666667 -400.131752305665 0.377358490566038 0.374077976817703
"503" 37.95 217 261.8 71 0.666666666666667 -471.805006587615 0.234800838574423 0.327188940092166
"504" 37.95 193.8 261.8 71 0.666666666666667 -410.671936758893 0.356394129979036 0.366357069143447
"505" 37.95 194.4 261.8 71 0.5 -412.252964426877 0.353249475890985 0.36522633744856
"506" 37.95 222.8 261.8 71 0.833333333333333 -487.088274044795 0.20440251572327 0.31867145421903
"507" 37.95 222.8 261.8 71 0.833333333333333 -487.088274044795 0.20440251572327 0.31867145421903
"508" 37.95 178.2 261.8 71 0.5 -369.565217391304 0.438155136268344 0.398428731762065
"509" 37.95 183.4 261.8 71 0.5 -383.2674571805 0.410901467505241 0.387131952017448
"510" 37.95 217 261.8 71 0.666666666666667 -471.805006587615 0.234800838574423 0.327188940092166
"511" 37.95 222.8 261.8 71 0.833333333333333 -487.088274044795 0.20440251572327 0.31867145421903
"512" 37.95 222.8 261.8 71 0.833333333333333 -487.088274044795 0.20440251572327 0.31867145421903
"513" 37.95 184 261.8 71 0.5 -384.848484848485 0.407756813417191 0.385869565217391
"514" 37.95 199.6 261.8 71 0.666666666666667 -425.955204216073 0.325995807127883 0.355711422845691
"515" 37.95 163.8 261.8 71 0.5 -331.620553359683 0.513626834381552 0.433455433455434
"516" 37.95 189.8 261.8 71 0.666666666666667 -400.131752305665 0.377358490566038 0.374077976817703
"517" 37.95 196.2 261.8 71 0.5 -416.99604743083 0.343815513626834 0.361875637104995
"518" 37.95 211.8 261.8 71 0.666666666666667 -458.102766798419 0.262054507337526 0.335221907459868
"519" 37.95 116.9 261.8 71 0.166666666666667 -208.036890645586 0.759433962264151 0.607356715141146
"520" 37.95 217 261.8 71 0.666666666666667 -471.805006587615 0.234800838574423 0.327188940092166
"521" 37.95 217 261.8 71 0.666666666666667 -471.805006587615 0.234800838574423 0.327188940092166
"522" 37.95 205.4 261.8 71 0.666666666666667 -441.238471673254 0.29559748427673 0.345666991236611
"523" 37.95 205.4 261.8 71 0.666666666666667 -441.238471673254 0.29559748427673 0.345666991236611
"524" 37.95 142.7 261.8 71 0.5 -276.021080368906 0.624213836477988 0.497547302032236
"525" 37.95 200.8 261.8 71 0.666666666666667 -429.117259552042 0.319706498951782 0.353585657370518
"526" 37.95 165.9 261.8 71 0.666666666666667 -337.154150197628 0.502620545073375 0.427968655816757
"527" 37.95 165.9 261.8 71 0.666666666666667 -337.154150197628 0.502620545073375 0.427968655816757
"528" 37.95 142.9 261.8 71 0.333333333333333 -276.548089591568 0.623165618448637 0.496850944716585
"529" 37.95 183.4 261.8 71 0.5 -383.2674571805 0.410901467505241 0.387131952017448
"530" 37.95 189.8 261.8 71 0.666666666666667 -400.131752305665 0.377358490566038 0.374077976817703
"531" 37.95 178.8 261.8 71 0.666666666666667 -371.146245059288 0.435010482180293 0.397091722595078
"532" 37.95 202 261.8 71 0.666666666666667 -432.27931488801 0.313417190775681 0.351485148514851
"533" 37.95 200.8 261.8 71 0.666666666666667 -429.117259552042 0.319706498951782 0.353585657370518
"534" 37.95 145.1 261.8 71 0.5 -282.345191040843 0.611635220125786 0.489317711922812
"535" 37.95 222.8 261.8 71 0.833333333333333 -487.088274044795 0.20440251572327 0.31867145421903
"536" 37.95 222.8 261.8 71 0.833333333333333 -487.088274044795 0.20440251572327 0.31867145421903
"537" 37.95 189.8 261.8 71 0.666666666666667 -400.131752305665 0.377358490566038 0.374077976817703
"538" 37.95 200.2 261.8 71 0.5 -427.536231884058 0.322851153039832 0.354645354645355
"539" 37.95 217 261.8 71 0.666666666666667 -471.805006587615 0.234800838574423 0.327188940092166
"540" 37.95 222.8 261.8 71 0.833333333333333 -487.088274044795 0.20440251572327 0.31867145421903
"541" 37.95 153.4 261.8 71 0.333333333333333 -304.216073781291 0.568134171907757 0.462842242503259
"542" 37.95 222.8 261.8 71 0.833333333333333 -487.088274044795 0.20440251572327 0.31867145421903
"543" 37.95 165.5 261.8 71 0.666666666666667 -336.100131752306 0.504716981132075 0.429003021148036
"544" 37.95 160.4 261.8 71 0.666666666666667 -322.66139657444 0.531446540880503 0.442643391521197
"545" 37.95 193.8 261.8 71 0.666666666666667 -410.671936758893 0.356394129979036 0.366357069143447
"546" 37.95 165.9 261.8 71 0.666666666666667 -337.154150197628 0.502620545073375 0.427968655816757
"547" 37.95 149.4 261.8 71 0.5 -293.675889328063 0.589098532494759 0.475234270414993
"548" 37.95 165.9 261.8 71 0.666666666666667 -337.154150197628 0.502620545073375 0.427968655816757
"549" 37.95 163.8 261.8 71 0.5 -331.620553359683 0.513626834381552 0.433455433455434
"550" 37.95 205.4 261.8 71 0.666666666666667 -441.238471673254 0.29559748427673 0.345666991236611
"551" 37.95 179.4 261.8 71 0.333333333333333 -372.727272727272 0.431865828092243 0.395763656633222
"552" 37.95 189.8 261.8 71 0.666666666666667 -400.131752305665 0.377358490566038 0.374077976817703
"553" 37.95 211.2 261.8 71 0.666666666666667 -456.521739130434 0.265199161425577 0.336174242424242
"554" 37.95 222.8 261.8 71 0.833333333333333 -487.088274044795 0.20440251572327 0.31867145421903
"555" 37.95 117.3 261.8 71 0.166666666666667 -209.090909090909 0.757337526205451 0.605285592497869
"556" 37.95 211.2 261.8 71 0.666666666666667 -456.521739130434 0.265199161425577 0.336174242424242
"557" 37.95 222.8 261.8 71 0.833333333333333 -487.088274044795 0.20440251572327 0.31867145421903
"558" 37.95 178.8 261.8 71 0.666666666666667 -371.146245059288 0.435010482180293 0.397091722595078
"559" 37.95 222.8 261.8 71 0.833333333333333 -487.088274044795 0.20440251572327 0.31867145421903
"560" 37.95 199.6 261.8 71 0.666666666666667 -425.955204216073 0.325995807127883 0.355711422845691
"561" 37.95 217 261.8 71 0.666666666666667 -471.805006587615 0.234800838574423 0.327188940092166
"562" 37.95 200.8 261.8 71 0.666666666666667 -429.117259552042 0.319706498951782 0.353585657370518
"563" 37.95 158.6 261.8 71 0.333333333333333 -317.918313570487 0.540880503144654 0.447667087011349
"564" 37.95 222.8 261.8 71 0.833333333333333 -487.088274044795 0.20440251572327 0.31867145421903
"565" 37.95 173 261.8 71 0.5 -355.862977602108 0.465408805031447 0.410404624277457
"566" 37.95 205.4 261.8 71 0.666666666666667 -441.238471673254 0.29559748427673 0.345666991236611
"567" 37.95 193.8 261.8 71 0.666666666666667 -410.671936758893 0.356394129979036 0.366357069143447
"568" 37.95 193.8 261.8 71 0.666666666666667 -410.671936758893 0.356394129979036 0.366357069143447
"569" 37.95 165.9 261.8 71 0.666666666666667 -337.154150197628 0.502620545073375 0.427968655816757
"570" 37.95 217 261.8 71 0.666666666666667 -471.805006587615 0.234800838574423 0.327188940092166
"571" 37.95 211.2 261.8 71 0.666666666666667 -456.521739130434 0.265199161425577 0.336174242424242
"572" 37.95 206 261.8 71 0.5 -442.819499341238 0.292452830188679 0.344660194174757
"573" 37.95 181.2 261.8 71 0.666666666666667 -377.470355731225 0.422431865828092 0.391832229580574
"574" 37.95 165.9 261.8 71 0.666666666666667 -337.154150197628 0.502620545073375 0.427968655816757
"575" 37.95 222.8 261.8 71 0.833333333333333 -487.088274044795 0.20440251572327 0.31867145421903
"576" 37.95 165.5 261.8 71 0.666666666666667 -336.100131752306 0.504716981132075 0.429003021148036
"577" 37.95 205.4 261.8 71 0.666666666666667 -441.238471673254 0.29559748427673 0.345666991236611
"578" 37.95 202 261.8 71 0.666666666666667 -432.27931488801 0.313417190775681 0.351485148514851
"579" 37.95 206 261.8 71 0.5 -442.819499341238 0.292452830188679 0.344660194174757
"580" 37.95 222.8 261.8 71 0.833333333333333 -487.088274044795 0.20440251572327 0.31867145421903
"581" 37.95 144.7 261.8 71 0.5 -281.29117259552 0.613731656184486 0.490670352453352
"582" 37.95 222.8 261.8 71 0.833333333333333 -487.088274044795 0.20440251572327 0.31867145421903
"583" 37.95 202 261.8 71 0.666666666666667 -432.27931488801 0.313417190775681 0.351485148514851
"584" 37.95 193.8 261.8 71 0.666666666666667 -410.671936758893 0.356394129979036 0.366357069143447
"585" 37.95 138.1 261.8 71 0.333333333333333 -263.899868247694 0.64832285115304 0.514120202751629
"586" 37.95 211.2 261.8 71 0.666666666666667 -456.521739130434 0.265199161425577 0.336174242424242
"587" 37.95 217 261.8 71 0.666666666666667 -471.805006587615 0.234800838574423 0.327188940092166
"588" 37.95 206 261.8 71 0.5 -442.819499341238 0.292452830188679 0.344660194174757
"589" 37.95 184 261.8 71 0.5 -384.848484848485 0.407756813417191 0.385869565217391
"590" 37.95 222.8 261.8 71 0.833333333333333 -487.088274044795 0.20440251572327 0.31867145421903
"591" 37.95 178.8 261.8 71 0.5 -371.146245059288 0.435010482180294 0.397091722595078
"592" 37.95 153.9 261.8 71 0.5 -305.533596837944 0.565513626834382 0.46133853151397
"593" 37.95 222.8 261.8 71 0.833333333333333 -487.088274044795 0.20440251572327 0.31867145421903
"594" 37.95 159.7 261.8 71 0.5 -320.816864295125 0.535115303983229 0.444583594239198
"595" 37.95 222.8 261.8 71 0.833333333333333 -487.088274044795 0.20440251572327 0.31867145421903
"596" 37.95 205.4 261.8 71 0.666666666666667 -441.238471673254 0.29559748427673 0.345666991236611
"597" 37.95 222.8 261.8 71 0.833333333333333 -487.088274044795 0.20440251572327 0.31867145421903
"598" 37.95 222.8 261.8 71 0.833333333333333 -487.088274044795 0.20440251572327 0.31867145421903
"599" 37.95 142.7 261.8 71 0.5 -276.021080368906 0.624213836477988 0.497547302032236
"600" 37.95 222.8 261.8 71 0.833333333333333 -487.088274044795 0.20440251572327 0.31867145421903
"601" 37.95 211.2 261.8 71 0.666666666666667 -456.521739130434 0.265199161425577 0.336174242424242
"602" 37.95 222.8 261.8 71 0.833333333333333 -487.088274044795 0.20440251572327 0.31867145421903
"603" 37.95 178.8 261.8 71 0.5 -371.146245059288 0.435010482180294 0.397091722595078
"604" 37.95 222.8 261.8 71 0.833333333333333 -487.088274044795 0.20440251572327 0.31867145421903
"605" 37.95 211.2 261.8 71 0.666666666666667 -456.521739130434 0.265199161425577 0.336174242424242
"606" 37.95 132.9 261.8 71 0.5 -250.197628458498 0.675576519916143 0.534236267870579
"607" 37.95 222.8 261.8 71 0.833333333333333 -487.088274044795 0.20440251572327 0.31867145421903
"608" 37.95 222.8 261.8 71 0.833333333333333 -487.088274044795 0.20440251572327 0.31867145421903
"609" 37.95 222.8 261.8 71 0.833333333333333 -487.088274044795 0.20440251572327 0.31867145421903
"610" 37.95 200.8 261.8 71 0.666666666666667 -429.117259552042 0.319706498951782 0.353585657370518
"611" 37.95 91.6 261.8 71 0.5 -141.370223978919 0.892033542976939 0.775109170305677
"612" 37.95 217 261.8 71 0.666666666666667 -471.805006587615 0.234800838574423 0.327188940092166
"613" 37.95 160.1 261.8 71 0.5 -321.870882740448 0.533018867924528 0.443472829481574
"614" 37.95 178.2 261.8 71 0.5 -369.565217391304 0.438155136268344 0.398428731762065
"615" 37.95 222.8 261.8 71 0.833333333333333 -487.088274044795 0.20440251572327 0.31867145421903
"616" 37.95 222.8 261.8 71 0.833333333333333 -487.088274044795 0.20440251572327 0.31867145421903
"617" 37.95 200.8 261.8 71 0.666666666666667 -429.117259552042 0.319706498951782 0.353585657370518
"618" 37.95 199.6 261.8 71 0.666666666666667 -425.955204216073 0.325995807127883 0.355711422845691
"619" 37.95 222.8 261.8 71 0.833333333333333 -487.088274044795 0.20440251572327 0.31867145421903
"620" 37.95 173 261.8 71 0.5 -355.862977602108 0.465408805031447 0.410404624277457
"621" 37.95 137.5 261.8 71 0.333333333333333 -262.31884057971 0.65146750524109 0.516363636363636
"622" 37.95 222.8 261.8 71 0.833333333333333 -487.088274044795 0.20440251572327 0.31867145421903
"623" 37.95 188.6 261.8 71 0.5 -396.969696969697 0.383647798742139 0.376458112407211
"624" 37.95 222.8 261.8 71 0.833333333333333 -487.088274044795 0.20440251572327 0.31867145421903
"625" 37.95 127.3 261.8 71 0.333333333333333 -235.441370223979 0.704926624737946 0.557737627651218
"626" 37.95 199.6 261.8 71 0.666666666666667 -425.955204216073 0.325995807127883 0.355711422845691
"627" 37.95 222.8 261.8 71 0.833333333333333 -487.088274044795 0.20440251572327 0.31867145421903
"628" 37.95 199.6 261.8 71 0.666666666666667 -425.955204216073 0.325995807127883 0.355711422845691
"629" 37.95 217 261.8 71 0.666666666666667 -471.805006587615 0.234800838574423 0.327188940092166
"630" 37.95 202 261.8 71 0.666666666666667 -432.27931488801 0.313417190775681 0.351485148514851
"631" 37.95 222.8 261.8 71 0.833333333333333 -487.088274044795 0.20440251572327 0.31867145421903
"632" 37.95 211.2 261.8 71 0.666666666666667 -456.521739130434 0.265199161425577 0.336174242424242
"633" 37.95 153.9 261.8 71 0.5 -305.533596837944 0.565513626834382 0.46133853151397
"634" 37.95 196.2 261.8 71 0.5 -416.99604743083 0.343815513626834 0.361875637104995
"635" 37.95 189.2 261.8 71 0.5 -398.550724637681 0.380503144654088 0.375264270613108
"636" 37.95 222.8 261.8 71 0.833333333333333 -487.088274044795 0.20440251572327 0.31867145421903
"637" 37.95 181.2 261.8 71 0.666666666666667 -377.470355731225 0.422431865828092 0.391832229580574
"638" 37.95 189.8 261.8 71 0.666666666666667 -400.131752305665 0.377358490566038 0.374077976817703
"639" 37.95 194.4 261.8 71 0.5 -412.252964426877 0.353249475890985 0.36522633744856
"640" 37.95 97.4 261.8 71 0.5 -156.6534914361 0.861635220125786 0.728952772073922
"641" 37.95 211.2 261.8 71 0.666666666666667 -456.521739130434 0.265199161425577 0.336174242424242
"642" 37.95 189.8 261.8 71 0.666666666666667 -400.131752305665 0.377358490566038 0.374077976817703
"643" 37.95 173.6 261.8 71 0.333333333333333 -357.444005270092 0.462264150943396 0.408986175115207
"644" 37.95 116.9 261.8 71 0.166666666666667 -208.036890645586 0.759433962264151 0.607356715141146
"645" 37.95 149.4 261.8 71 0.5 -293.675889328063 0.589098532494759 0.475234270414993
"646" 37.95 222.8 261.8 71 0.833333333333333 -487.088274044795 0.20440251572327 0.31867145421903
"647" 37.95 222.8 261.8 71 0.833333333333333 -487.088274044795 0.20440251572327 0.31867145421903
"648" 37.95 181.2 261.8 71 0.666666666666667 -377.470355731225 0.422431865828092 0.391832229580574
"649" 37.95 205.4 261.8 71 0.666666666666667 -441.238471673254 0.29559748427673 0.345666991236611
"650" 37.95 165.9 261.8 71 0.666666666666667 -337.154150197628 0.502620545073375 0.427968655816757
"651" 37.95 163.8 261.8 71 0.5 -331.620553359683 0.513626834381552 0.433455433455434
"652" 37.95 88.2 261.8 71 0.5 -132.411067193676 0.909853249475891 0.804988662131519
"653" 37.95 222.8 261.8 71 0.833333333333333 -487.088274044795 0.20440251572327 0.31867145421903
"654" 37.95 222.8 261.8 71 0.833333333333333 -487.088274044795 0.20440251572327 0.31867145421903
"655" 37.95 175.4 261.8 71 0.5 -362.187088274044 0.452830188679245 0.40478905359179
"656" 37.95 188.6 261.8 71 0.5 -396.969696969697 0.383647798742139 0.376458112407211
"657" 37.95 211.2 261.8 71 0.666666666666667 -456.521739130434 0.265199161425577 0.336174242424242
"658" 37.95 160.1 261.8 71 0.5 -321.870882740448 0.533018867924528 0.443472829481574
"659" 37.95 200.8 261.8 71 0.666666666666667 -429.117259552042 0.319706498951782 0.353585657370518
"660" 37.95 139.3 261.8 71 0.333333333333333 -267.061923583662 0.642033542976939 0.509691313711414
"661" 37.95 222.8 261.8 71 0.833333333333333 -487.088274044795 0.20440251572327 0.31867145421903
"662" 37.95 222.8 261.8 71 0.833333333333333 -487.088274044795 0.20440251572327 0.31867145421903
"663" 37.95 222.8 261.8 71 0.833333333333333 -487.088274044795 0.20440251572327 0.31867145421903
"664" 37.95 143.9 261.8 71 0.5 -279.183135704875 0.617924528301887 0.493398193189715
"665" 37.95 211.8 261.8 71 0.666666666666667 -458.102766798419 0.262054507337526 0.335221907459868
"666" 37.95 211.2 261.8 71 0.666666666666667 -456.521739130434 0.265199161425577 0.336174242424242
"667" 37.95 175.4 261.8 71 0.5 -362.187088274044 0.452830188679245 0.40478905359179
"668" 37.95 222.8 261.8 71 0.833333333333333 -487.088274044795 0.20440251572327 0.31867145421903
"669" 37.95 165.5 261.8 71 0.666666666666667 -336.100131752306 0.504716981132075 0.429003021148036
"670" 37.95 122.5 261.8 71 0.166666666666667 -222.793148880105 0.730083857442348 0.579591836734694
"671" 37.95 158.6 261.8 71 0.333333333333333 -317.918313570487 0.540880503144654 0.447667087011349
"672" 37.95 200.2 261.8 71 0.5 -427.536231884058 0.322851153039832 0.354645354645355
"673" 37.95 211.2 261.8 71 0.666666666666667 -456.521739130434 0.265199161425577 0.336174242424242
"674" 37.95 222.8 261.8 71 0.833333333333333 -487.088274044795 0.20440251572327 0.31867145421903
"675" 37.95 199.6 261.8 71 0.666666666666667 -425.955204216073 0.325995807127883 0.355711422845691
"676" 37.95 200.8 261.8 71 0.666666666666667 -429.117259552042 0.319706498951782 0.353585657370518
"677" 37.95 196.2 261.8 71 0.5 -416.99604743083 0.343815513626834 0.361875637104995
"678" 37.95 202 261.8 71 0.666666666666667 -432.27931488801 0.313417190775681 0.351485148514851
"679" 37.95 154.5 261.8 71 0.5 -307.114624505929 0.562368972746331 0.459546925566343
"680" 37.95 202 261.8 71 0.666666666666667 -432.27931488801 0.313417190775681 0.351485148514851
"681" 37.95 178.8 261.8 71 0.666666666666667 -371.146245059288 0.435010482180293 0.397091722595078
"682" 37.95 211.8 261.8 71 0.666666666666667 -458.102766798419 0.262054507337526 0.335221907459868
"683" 37.95 184.6 261.8 71 0.5 -386.429512516469 0.404612159329141 0.384615384615385
"684" 37.95 211.2 261.8 71 0.666666666666667 -456.521739130434 0.265199161425577 0.336174242424242
"685" 37.95 205.4 261.8 71 0.666666666666667 -441.238471673254 0.29559748427673 0.345666991236611
"686" 37.95 154.9 261.8 71 0.5 -308.168642951251 0.560272536687631 0.458360232408005
"687" 37.95 193.8 261.8 71 0.666666666666667 -410.671936758893 0.356394129979036 0.366357069143447
"688" 37.95 217 261.8 71 0.666666666666667 -471.805006587615 0.234800838574423 0.327188940092166
"689" 37.95 211.8 261.8 71 0.666666666666667 -458.102766798419 0.262054507337526 0.335221907459868
"690" 37.95 211.2 261.8 71 0.666666666666667 -456.521739130434 0.265199161425577 0.336174242424242
"691" 37.95 165.5 261.8 71 0.666666666666667 -336.100131752306 0.504716981132075 0.429003021148036
"692" 37.95 148.5 261.8 71 0.5 -291.304347826087 0.593815513626835 0.478114478114478
"693" 37.95 217 261.8 71 0.666666666666667 -471.805006587615 0.234800838574423 0.327188940092166
"694" 37.95 199.6 261.8 71 0.666666666666667 -425.955204216073 0.325995807127883 0.355711422845691
"695" 37.95 165.9 261.8 71 0.666666666666667 -337.154150197628 0.502620545073375 0.427968655816757
"696" 37.95 222.8 261.8 71 0.833333333333333 -487.088274044795 0.20440251572327 0.31867145421903
"697" 37.95 222.8 261.8 71 0.833333333333333 -487.088274044795 0.20440251572327 0.31867145421903
"698" 37.95 205.4 261.8 71 0.666666666666667 -441.238471673254 0.29559748427673 0.345666991236611
"699" 37.95 222.8 261.8 71 0.833333333333333 -487.088274044795 0.20440251572327 0.31867145421903
"700" 37.95 211.2 261.8 71 0.666666666666667 -456.521739130434 0.265199161425577 0.336174242424242
"701" 37.95 142.7 261.8 71 0.5 -276.021080368906 0.624213836477988 0.497547302032236
"702" 37.95 222.8 261.8 71 0.833333333333333 -487.088274044795 0.20440251572327 0.31867145421903
"703" 37.95 205.4 261.8 71 0.666666666666667 -441.238471673254 0.29559748427673 0.345666991236611
"704" 37.95 211.2 261.8 71 0.666666666666667 -456.521739130434 0.265199161425577 0.336174242424242
"705" 37.95 222.8 261.8 71 0.833333333333333 -487.088274044795 0.20440251572327 0.31867145421903
"706" 37.95 189.2 261.8 71 0.5 -398.550724637681 0.380503144654088 0.375264270613108
"707" 37.95 211.8 261.8 71 0.666666666666667 -458.102766798419 0.262054507337526 0.335221907459868
"708" 37.95 211.2 261.8 71 0.666666666666667 -456.521739130434 0.265199161425577 0.336174242424242
"709" 37.95 205.4 261.8 71 0.666666666666667 -441.238471673254 0.29559748427673 0.345666991236611
"710" 37.95 206 261.8 71 0.5 -442.819499341238 0.292452830188679 0.344660194174757
"711" 37.95 189.2 261.8 71 0.5 -398.550724637681 0.380503144654088 0.375264270613108
"712" 37.95 211.8 261.8 71 0.666666666666667 -458.102766798419 0.262054507337526 0.335221907459868
"713" 37.95 142.3 261.8 71 0.5 -274.967061923583 0.626310272536688 0.498945888966971
"714" 37.95 189.8 261.8 71 0.666666666666667 -400.131752305665 0.377358490566038 0.374077976817703
"715" 37.95 217 261.8 71 0.666666666666667 -471.805006587615 0.234800838574423 0.327188940092166
"716" 37.95 222.8 261.8 71 0.833333333333333 -487.088274044795 0.20440251572327 0.31867145421903
"717" 37.95 217 261.8 71 0.666666666666667 -471.805006587615 0.234800838574423 0.327188940092166
"718" 37.95 217 261.8 71 0.666666666666667 -471.805006587615 0.234800838574423 0.327188940092166
"719" 37.95 154.9 261.8 71 0.5 -308.168642951251 0.560272536687631 0.458360232408005
"720" 37.95 178.2 261.8 71 0.5 -369.565217391304 0.438155136268344 0.398428731762065
"721" 37.95 193.8 261.8 71 0.666666666666667 -410.671936758893 0.356394129979036 0.366357069143447
"722" 37.95 222.8 261.8 71 0.833333333333333 -487.088274044795 0.20440251572327 0.31867145421903
"723" 37.95 175.4 261.8 71 0.5 -362.187088274044 0.452830188679245 0.40478905359179
"724" 37.95 173.6 261.8 71 0.333333333333333 -357.444005270092 0.462264150943396 0.408986175115207
"725" 37.95 222.8 261.8 71 0.833333333333333 -487.088274044795 0.20440251572327 0.31867145421903
"726" 37.95 173 261.8 71 0.5 -355.862977602108 0.465408805031447 0.410404624277457
"727" 37.95 222.8 261.8 71 0.833333333333333 -487.088274044795 0.20440251572327 0.31867145421903
"728" 37.95 222.8 261.8 71 0.833333333333333 -487.088274044795 0.20440251572327 0.31867145421903
"729" 37.95 200.8 261.8 71 0.666666666666667 -429.117259552042 0.319706498951782 0.353585657370518
"730" 37.95 202 261.8 71 0.666666666666667 -432.27931488801 0.313417190775681 0.351485148514851
"731" 37.95 211.2 261.8 71 0.666666666666667 -456.521739130434 0.265199161425577 0.336174242424242
"732" 37.95 222.8 261.8 71 0.833333333333333 -487.088274044795 0.20440251572327 0.31867145421903
"733" 37.95 202 261.8 71 0.666666666666667 -432.27931488801 0.313417190775681 0.351485148514851
"734" 37.95 202 261.8 71 0.666666666666667 -432.27931488801 0.313417190775681 0.351485148514851
"735" 37.95 217 261.8 71 0.666666666666667 -471.805006587615 0.234800838574423 0.327188940092166
"736" 37.95 199.6 261.8 71 0.666666666666667 -425.955204216073 0.325995807127883 0.355711422845691
"737" 37.95 92.2 261.8 71 0.333333333333333 -142.951251646904 0.888888888888889 0.770065075921909
"738" 37.95 222.8 261.8 71 0.833333333333333 -487.088274044795 0.20440251572327 0.31867145421903
"739" 37.95 149.1 261.8 71 0.333333333333333 -292.885375494071 0.590670859538784 0.476190476190476
"740" 37.95 222.8 261.8 71 0.833333333333333 -487.088274044795 0.20440251572327 0.31867145421903
"741" 37.95 138.9 261.8 71 0.333333333333333 -266.00790513834 0.644129979035639 0.511159107271418
"742" 37.95 193.8 261.8 71 0.666666666666667 -410.671936758893 0.356394129979036 0.366357069143447
"743" 37.95 97 261.8 71 0.333333333333333 -155.599472990777 0.863731656184486 0.731958762886598
"744" 37.95 206 261.8 71 0.5 -442.819499341238 0.292452830188679 0.344660194174757
"745" 37.95 131.9 261.8 71 0.333333333333333 -247.562582345191 0.680817610062893 0.538286580742987
"746" 37.95 200.8 261.8 71 0.666666666666667 -429.117259552042 0.319706498951782 0.353585657370518
"747" 37.95 142.7 261.8 71 0.5 -276.021080368906 0.624213836477988 0.497547302032236
"748" 37.95 165.9 261.8 71 0.666666666666667 -337.154150197628 0.502620545073375 0.427968655816757
"749" 37.95 148.7 261.8 71 0.333333333333333 -291.831357048748 0.592767295597484 0.477471418964358
"750" 37.95 169.6 261.8 71 0.5 -346.903820816864 0.483228511530398 0.418632075471698
"751" 37.95 174.2 261.8 71 0.333333333333333 -359.025032938076 0.459119496855346 0.407577497129736
"752" 37.95 173 261.8 71 0.5 -355.862977602108 0.465408805031447 0.410404624277457
"753" 37.95 196.2 261.8 71 0.5 -416.99604743083 0.343815513626834 0.361875637104995
"754" 37.95 191 261.8 71 0.5 -403.293807641633 0.371069182389937 0.371727748691099
"755" 37.95 211.8 261.8 71 0.666666666666667 -458.102766798419 0.262054507337526 0.335221907459868
"756" 37.95 143.3 261.8 71 0.333333333333333 -277.60210803689 0.621069182389937 0.49546406140963
"757" 37.95 165.9 261.8 71 0.666666666666667 -337.154150197628 0.502620545073375 0.427968655816757
"758" 37.95 165.9 261.8 71 0.666666666666667 -337.154150197628 0.502620545073375 0.427968655816757
"759" 37.95 222.8 261.8 71 0.833333333333333 -487.088274044795 0.20440251572327 0.31867145421903
"760" 37.95 199.6 261.8 71 0.666666666666667 -425.955204216073 0.325995807127883 0.355711422845691
"761" 37.95 205.4 261.8 71 0.666666666666667 -441.238471673254 0.29559748427673 0.345666991236611
"762" 37.95 190.4 261.8 71 0.5 -401.712779973649 0.374213836477988 0.372899159663866
"763" 37.95 222.8 261.8 71 0.833333333333333 -487.088274044795 0.20440251572327 0.31867145421903
"764" 37.95 153.4 261.8 71 0.333333333333333 -304.216073781291 0.568134171907757 0.462842242503259
"765" 37.95 158.6 261.8 71 0.333333333333333 -317.918313570487 0.540880503144654 0.447667087011349
"766" 37.95 200.8 261.8 71 0.666666666666667 -429.117259552042 0.319706498951782 0.353585657370518
"767" 37.95 205.4 261.8 71 0.666666666666667 -441.238471673254 0.29559748427673 0.345666991236611
"768" 37.95 154.9 261.8 71 0.5 -308.168642951251 0.560272536687631 0.458360232408005
"769" 37.95 109 261.8 71 0.666666666666667 -187.220026350461 0.80083857442348 0.651376146788991
"770" 37.95 222.8 261.8 71 0.833333333333333 -487.088274044795 0.20440251572327 0.31867145421903
"771" 37.95 193.8 261.8 71 0.666666666666667 -410.671936758893 0.356394129979036 0.366357069143447
"772" 37.95 217 261.8 71 0.666666666666667 -471.805006587615 0.234800838574423 0.327188940092166
"773" 37.95 139.3 261.8 71 0.333333333333333 -267.061923583662 0.642033542976939 0.509691313711414
"774" 37.95 189.8 261.8 71 0.666666666666667 -400.131752305665 0.377358490566038 0.374077976817703
"775" 37.95 200.8 261.8 71 0.666666666666667 -429.117259552042 0.319706498951782 0.353585657370518
"776" 37.95 211.8 261.8 71 0.666666666666667 -458.102766798419 0.262054507337526 0.335221907459868
"777" 37.95 222.8 261.8 71 0.833333333333333 -487.088274044795 0.20440251572327 0.31867145421903
"778" 37.95 189.8 261.8 71 0.666666666666667 -400.131752305665 0.377358490566038 0.374077976817703
"779" 37.95 202 261.8 71 0.666666666666667 -432.27931488801 0.313417190775681 0.351485148514851
"780" 37.95 211.2 261.8 71 0.666666666666667 -456.521739130434 0.265199161425577 0.336174242424242
"781" 37.95 163.8 261.8 71 0.5 -331.620553359683 0.513626834381552 0.433455433455434
"782" 37.95 80.8 261.8 71 0.166666666666667 -112.911725955204 0.948637316561845 0.878712871287129
"783" 37.95 153.9 261.8 71 0.5 -305.533596837944 0.565513626834382 0.46133853151397
"784" 37.95 206 261.8 71 0.5 -442.819499341238 0.292452830188679 0.344660194174757
"785" 37.95 206 261.8 71 0.5 -442.819499341238 0.292452830188679 0.344660194174757
"786" 37.95 188.6 261.8 71 0.5 -396.969696969697 0.383647798742139 0.376458112407211
"787" 37.95 196.2 261.8 71 0.5 -416.99604743083 0.343815513626834 0.361875637104995
"788" 37.95 163.2 261.8 71 0.333333333333333 -330.039525691699 0.516771488469602 0.435049019607843
"789" 37.95 183.4 261.8 71 0.5 -383.2674571805 0.410901467505241 0.387131952017448
"790" 37.95 154.3 261.8 71 0.5 -306.587615283267 0.563417190775682 0.460142579390797
"791" 37.95 189.8 261.8 71 0.666666666666667 -400.131752305665 0.377358490566038 0.374077976817703
"792" 37.95 175.4 261.8 71 0.5 -362.187088274044 0.452830188679245 0.40478905359179
"793" 37.95 195 261.8 71 0.5 -413.833992094861 0.350104821802935 0.364102564102564
"794" 37.95 200.2 261.8 71 0.5 -427.536231884058 0.322851153039832 0.354645354645355
"795" 37.95 222.8 261.8 71 0.833333333333333 -487.088274044795 0.20440251572327 0.31867145421903
"796" 37.95 222.8 261.8 71 0.833333333333333 -487.088274044795 0.20440251572327 0.31867145421903
"797" 37.95 184.6 261.8 71 0.5 -386.429512516469 0.404612159329141 0.384615384615385
"798" 37.95 91.2 261.8 71 0.333333333333333 -140.316205533597 0.89412997903564 0.778508771929825
"799" 37.95 200.8 261.8 71 0.666666666666667 -429.117259552042 0.319706498951782 0.353585657370518
"800" 37.95 222.8 261.8 71 0.833333333333333 -487.088274044795 0.20440251572327 0.31867145421903
"801" 37.95 181.2 261.8 71 0.666666666666667 -377.470355731225 0.422431865828092 0.391832229580574
"802" 37.95 181.2 261.8 71 0.666666666666667 -377.470355731225 0.422431865828092 0.391832229580574
"803" 37.95 211.2 261.8 71 0.666666666666667 -456.521739130434 0.265199161425577 0.336174242424242
"804" 37.95 193.8 261.8 71 0.666666666666667 -410.671936758893 0.356394129979036 0.366357069143447
"805" 37.95 222.8 261.8 71 0.833333333333333 -487.088274044795 0.20440251572327 0.31867145421903
"806" 37.95 222.8 261.8 71 0.833333333333333 -487.088274044795 0.20440251572327 0.31867145421903
"807" 37.95 217 261.8 71 0.666666666666667 -471.805006587615 0.234800838574423 0.327188940092166
"808" 37.95 165.9 261.8 71 0.666666666666667 -337.154150197628 0.502620545073375 0.427968655816757
"809" 37.95 193.8 261.8 71 0.666666666666667 -410.671936758893 0.356394129979036 0.366357069143447
"810" 37.95 202 261.8 71 0.666666666666667 -432.27931488801 0.313417190775681 0.351485148514851
"811" 37.95 200.8 261.8 71 0.666666666666667 -429.117259552042 0.319706498951782 0.353585657370518
"812" 37.95 200.8 261.8 71 0.666666666666667 -429.117259552042 0.319706498951782 0.353585657370518
"813" 37.95 194.4 261.8 71 0.5 -412.252964426877 0.353249475890985 0.36522633744856
"814" 37.95 217 261.8 71 0.666666666666667 -471.805006587615 0.234800838574423 0.327188940092166
"815" 37.95 205.4 261.8 71 0.666666666666667 -441.238471673254 0.29559748427673 0.345666991236611
"816" 37.95 196.2 261.8 71 0.5 -416.99604743083 0.343815513626834 0.361875637104995
"817" 37.95 193.8 261.8 71 0.666666666666667 -410.671936758893 0.356394129979036 0.366357069143447
"818" 37.95 181.2 261.8 71 0.666666666666667 -377.470355731225 0.422431865828092 0.391832229580574
"819" 37.95 184 261.8 71 0.5 -384.848484848485 0.407756813417191 0.385869565217391
"820" 37.95 165.9 261.8 71 0.666666666666667 -337.154150197628 0.502620545073375 0.427968655816757
"821" 37.95 113.3 261.8 71 0.333333333333333 -198.550724637681 0.778301886792453 0.626654898499559
"822" 37.95 222.8 261.8 71 0.833333333333333 -487.088274044795 0.20440251572327 0.31867145421903
"823" 37.95 222.8 261.8 71 0.833333333333333 -487.088274044795 0.20440251572327 0.31867145421903
"824" 37.95 154.9 261.8 71 0.5 -308.168642951251 0.560272536687631 0.458360232408005
"825" 37.95 211.2 261.8 71 0.666666666666667 -456.521739130434 0.265199161425577 0.336174242424242
"826" 37.95 189.8 261.8 71 0.666666666666667 -400.131752305665 0.377358490566038 0.374077976817703
"827" 37.95 217 261.8 71 0.666666666666667 -471.805006587615 0.234800838574423 0.327188940092166
"828" 37.95 154.3 261.8 71 0.5 -306.587615283267 0.563417190775682 0.460142579390797
"829" 37.95 158.6 261.8 71 0.333333333333333 -317.918313570487 0.540880503144654 0.447667087011349
"830" 37.95 184.6 261.8 71 0.5 -386.429512516469 0.404612159329141 0.384615384615385
"831" 37.95 191 261.8 71 0.5 -403.293807641633 0.371069182389937 0.371727748691099
"832" 37.95 222.8 261.8 71 0.833333333333333 -487.088274044795 0.20440251572327 0.31867145421903
"833" 37.95 154.9 261.8 71 0.5 -308.168642951251 0.560272536687631 0.458360232408005
"834" 37.95 206 261.8 71 0.5 -442.819499341238 0.292452830188679 0.344660194174757
"835" 37.95 196.2 261.8 71 0.5 -416.99604743083 0.343815513626834 0.361875637104995
"836" 37.95 154.5 261.8 71 0.5 -307.114624505929 0.562368972746331 0.459546925566343
"837" 37.95 222.8 261.8 71 0.833333333333333 -487.088274044795 0.20440251572327 0.31867145421903
"838" 37.95 193.8 261.8 71 0.666666666666667 -410.671936758893 0.356394129979036 0.366357069143447
"839" 37.95 154.9 261.8 71 0.5 -308.168642951251 0.560272536687631 0.458360232408005
"840" 37.95 217 261.8 71 0.666666666666667 -471.805006587615 0.234800838574423 0.327188940092166
"841" 37.95 193.8 261.8 71 0.666666666666667 -410.671936758893 0.356394129979036 0.366357069143447
"842" 37.95 222.8 261.8 71 0.833333333333333 -487.088274044795 0.20440251572327 0.31867145421903
"843" 37.95 189.8 261.8 71 0.666666666666667 -400.131752305665 0.377358490566038 0.374077976817703
"844" 37.95 222.8 261.8 71 0.833333333333333 -487.088274044795 0.20440251572327 0.31867145421903
"845" 37.95 179.4 261.8 71 0.333333333333333 -372.727272727272 0.431865828092243 0.395763656633222
"846" 37.95 217 261.8 71 0.666666666666667 -471.805006587615 0.234800838574423 0.327188940092166
"847" 37.95 211.8 261.8 71 0.666666666666667 -458.102766798419 0.262054507337526 0.335221907459868
"848" 37.95 222.8 261.8 71 0.833333333333333 -487.088274044795 0.20440251572327 0.31867145421903
"849" 37.95 202 261.8 71 0.666666666666667 -432.27931488801 0.313417190775681 0.351485148514851
"850" 37.95 211.2 261.8 71 0.666666666666667 -456.521739130434 0.265199161425577 0.336174242424242
"851" 37.95 193.8 261.8 71 0.666666666666667 -410.671936758893 0.356394129979036 0.366357069143447
"852" 37.95 108.6 261.8 71 0.5 -186.166007905138 0.80293501048218 0.653775322283609
"853" 37.95 200.8 261.8 71 0.666666666666667 -429.117259552042 0.319706498951782 0.353585657370518
"854" 37.95 205.4 261.8 71 0.666666666666667 -441.238471673254 0.29559748427673 0.345666991236611
"855" 37.95 180 261.8 71 0.5 -374.308300395257 0.428721174004193 0.394444444444444
"856" 37.95 183.4 261.8 71 0.5 -383.2674571805 0.410901467505241 0.387131952017448
"857" 37.95 193.8 261.8 71 0.666666666666667 -410.671936758893 0.356394129979036 0.366357069143447
"858" 37.95 222.8 261.8 71 0.833333333333333 -487.088274044795 0.20440251572327 0.31867145421903
"859" 37.95 222.8 261.8 71 0.833333333333333 -487.088274044795 0.20440251572327 0.31867145421903
"860" 37.95 178.8 261.8 71 0.666666666666667 -371.146245059288 0.435010482180293 0.397091722595078
"861" 37.95 193.8 261.8 71 0.666666666666667 -410.671936758893 0.356394129979036 0.366357069143447
"862" 37.95 222.8 261.8 71 0.833333333333333 -487.088274044795 0.20440251572327 0.31867145421903
"863" 37.95 199.6 261.8 71 0.666666666666667 -425.955204216073 0.325995807127883 0.355711422845691
"864" 37.95 199.6 261.8 71 0.666666666666667 -425.955204216073 0.325995807127883 0.355711422845691
"865" 37.95 222.8 261.8 71 0.833333333333333 -487.088274044795 0.20440251572327 0.31867145421903
"866" 37.95 142.7 261.8 71 0.5 -276.021080368906 0.624213836477988 0.497547302032236
"867" 37.95 199.6 261.8 71 0.666666666666667 -425.955204216073 0.325995807127883 0.355711422845691
"868" 37.95 193.8 261.8 71 0.666666666666667 -410.671936758893 0.356394129979036 0.366357069143447
"869" 37.95 205.4 261.8 71 0.666666666666667 -441.238471673254 0.29559748427673 0.345666991236611
"870" 37.95 200.8 261.8 71 0.666666666666667 -429.117259552042 0.319706498951782 0.353585657370518
"871" 37.95 202 261.8 71 0.666666666666667 -432.27931488801 0.313417190775681 0.351485148514851
"872" 37.95 80.8 261.8 71 0.166666666666667 -112.911725955204 0.948637316561845 0.878712871287129
"873" 37.95 222.8 261.8 71 0.833333333333333 -487.088274044795 0.20440251572327 0.31867145421903
"874" 37.95 188.6 261.8 71 0.5 -396.969696969697 0.383647798742139 0.376458112407211
"875" 37.95 211.2 261.8 71 0.666666666666667 -456.521739130434 0.265199161425577 0.336174242424242
"876" 37.95 137.1 261.8 71 0.333333333333333 -261.264822134387 0.65356394129979 0.517870167760759
"877" 37.95 222.8 261.8 71 0.833333333333333 -487.088274044795 0.20440251572327 0.31867145421903
"878" 37.95 173 261.8 71 0.5 -355.862977602108 0.465408805031447 0.410404624277457
"879" 37.95 165.5 261.8 71 0.666666666666667 -336.100131752306 0.504716981132075 0.429003021148036
"880" 37.95 222.8 261.8 71 0.833333333333333 -487.088274044795 0.20440251572327 0.31867145421903
"881" 37.95 222.8 261.8 71 0.833333333333333 -487.088274044795 0.20440251572327 0.31867145421903
"882" 37.95 181.2 261.8 71 0.666666666666667 -377.470355731225 0.422431865828092 0.391832229580574
"883" 37.95 205.4 261.8 71 0.666666666666667 -441.238471673254 0.29559748427673 0.345666991236611
"884" 37.95 194.4 261.8 71 0.5 -412.252964426877 0.353249475890985 0.36522633744856
"885" 37.95 184.6 261.8 71 0.5 -386.429512516469 0.404612159329141 0.384615384615385
"886" 37.95 211.8 261.8 71 0.666666666666667 -458.102766798419 0.262054507337526 0.335221907459868
"887" 37.95 211.8 261.8 71 0.666666666666667 -458.102766798419 0.262054507337526 0.335221907459868
"888" 37.95 142.7 261.8 71 0.5 -276.021080368906 0.624213836477988 0.497547302032236
"889" 37.95 217 261.8 71 0.666666666666667 -471.805006587615 0.234800838574423 0.327188940092166
"890" 37.95 178.8 261.8 71 0.666666666666667 -371.146245059288 0.435010482180293 0.397091722595078
"891" 37.95 178.2 261.8 71 0.5 -369.565217391304 0.438155136268344 0.398428731762065
"892" 37.95 222.8 261.8 71 0.833333333333333 -487.088274044795 0.20440251572327 0.31867145421903
"893" 37.95 193.8 261.8 71 0.666666666666667 -410.671936758893 0.356394129979036 0.366357069143447
"894" 37.95 181.2 261.8 71 0.666666666666667 -377.470355731225 0.422431865828092 0.391832229580574
"895" 37.95 211.2 261.8 71 0.666666666666667 -456.521739130434 0.265199161425577 0.336174242424242
"896" 37.95 222.8 261.8 71 0.833333333333333 -487.088274044795 0.20440251572327 0.31867145421903
"897" 37.95 217 261.8 71 0.666666666666667 -471.805006587615 0.234800838574423 0.327188940092166
"898" 37.95 211.2 261.8 71 0.666666666666667 -456.521739130434 0.265199161425577 0.336174242424242
"899" 37.95 189.2 261.8 71 0.5 -398.550724637681 0.380503144654088 0.375264270613108
"900" 37.95 165.9 261.8 71 0.666666666666667 -337.154150197628 0.502620545073375 0.427968655816757
"901" 37.95 193.8 261.8 71 0.666666666666667 -410.671936758893 0.356394129979036 0.366357069143447
"902" 37.95 98 261.8 71 0.5 -158.234519104084 0.858490566037736 0.724489795918367
"903" 37.95 222.8 261.8 71 0.833333333333333 -487.088274044795 0.20440251572327 0.31867145421903
"904" 37.95 217 261.8 71 0.666666666666667 -471.805006587615 0.234800838574423 0.327188940092166
"905" 37.95 211.8 261.8 71 0.666666666666667 -458.102766798419 0.262054507337526 0.335221907459868
"906" 37.95 211.8 261.8 71 0.666666666666667 -458.102766798419 0.262054507337526 0.335221907459868
"907" 37.95 222.8 261.8 71 0.833333333333333 -487.088274044795 0.20440251572327 0.31867145421903
"908" 37.95 145.1 261.8 71 0.5 -282.345191040843 0.611635220125786 0.489317711922812
"909" 37.95 184.6 261.8 71 0.5 -386.429512516469 0.404612159329141 0.384615384615385
"910" 37.95 113.3 261.8 71 0.333333333333333 -198.550724637681 0.778301886792453 0.626654898499559
"911" 37.95 205.4 261.8 71 0.666666666666667 -441.238471673254 0.29559748427673 0.345666991236611
"912" 37.95 194.4 261.8 71 0.5 -412.252964426877 0.353249475890985 0.36522633744856
"913" 37.95 188.6 261.8 71 0.5 -396.969696969697 0.383647798742139 0.376458112407211
"914" 37.95 184 261.8 71 0.5 -384.848484848485 0.407756813417191 0.385869565217391
"915" 37.95 143.5 261.8 71 0.5 -278.129117259552 0.620020964360587 0.494773519163763
"916" 37.95 200.8 261.8 71 0.666666666666667 -429.117259552042 0.319706498951782 0.353585657370518
"917" 37.95 191 261.8 71 0.5 -403.293807641633 0.371069182389937 0.371727748691099
"918" 37.95 200.8 261.8 71 0.666666666666667 -429.117259552042 0.319706498951782 0.353585657370518
"919" 37.95 222.8 261.8 71 0.833333333333333 -487.088274044795 0.20440251572327 0.31867145421903
"920" 37.95 183.4 261.8 71 0.5 -383.2674571805 0.410901467505241 0.387131952017448
"921" 37.95 222.8 261.8 71 0.833333333333333 -487.088274044795 0.20440251572327 0.31867145421903
"922" 37.95 123.1 261.8 71 0.333333333333333 -224.374176548089 0.726939203354298 0.57676685621446
"923" 37.95 217 261.8 71 0.666666666666667 -471.805006587615 0.234800838574423 0.327188940092166
"924" 37.95 118.5 261.8 71 0.333333333333333 -212.252964426877 0.75104821802935 0.59915611814346
"925" 37.95 222.8 261.8 71 0.833333333333333 -487.088274044795 0.20440251572327 0.31867145421903
"926" 37.95 222.8 261.8 71 0.833333333333333 -487.088274044795 0.20440251572327 0.31867145421903
"927" 37.95 174.2 261.8 71 0.333333333333333 -359.025032938076 0.459119496855346 0.407577497129736
"928" 37.95 205.4 261.8 71 0.666666666666667 -441.238471673254 0.29559748427673 0.345666991236611
"929" 37.95 211.2 261.8 71 0.666666666666667 -456.521739130434 0.265199161425577 0.336174242424242
"930" 37.95 200.8 261.8 71 0.666666666666667 -429.117259552042 0.319706498951782 0.353585657370518
"931" 37.95 211.2 261.8 71 0.666666666666667 -456.521739130434 0.265199161425577 0.336174242424242
"932" 37.95 202 261.8 71 0.666666666666667 -432.27931488801 0.313417190775681 0.351485148514851
"933" 37.95 165.9 261.8 71 0.666666666666667 -337.154150197628 0.502620545073375 0.427968655816757
"934" 37.95 123.1 261.8 71 0.333333333333333 -224.374176548089 0.726939203354298 0.57676685621446
"935" 37.95 222.8 261.8 71 0.833333333333333 -487.088274044795 0.20440251572327 0.31867145421903
"936" 37.95 205.4 261.8 71 0.666666666666667 -441.238471673254 0.29559748427673 0.345666991236611
"937" 37.95 154.9 261.8 71 0.5 -308.168642951251 0.560272536687631 0.458360232408005
"938" 37.95 126.7 261.8 71 0.333333333333333 -233.860342555995 0.708071278825996 0.560378847671665
"939" 37.95 181.2 261.8 71 0.666666666666667 -377.470355731225 0.422431865828092 0.391832229580574
"940" 37.95 165.9 261.8 71 0.666666666666667 -337.154150197628 0.502620545073375 0.427968655816757
"941" 37.95 165.9 261.8 71 0.666666666666667 -337.154150197628 0.502620545073375 0.427968655816757
"942" 37.95 217 261.8 71 0.666666666666667 -471.805006587615 0.234800838574423 0.327188940092166
"943" 37.95 222.8 261.8 71 0.833333333333333 -487.088274044795 0.20440251572327 0.31867145421903
"944" 37.95 217 261.8 71 0.666666666666667 -471.805006587615 0.234800838574423 0.327188940092166
"945" 37.95 189.2 261.8 71 0.5 -398.550724637681 0.380503144654088 0.375264270613108
"946" 37.95 205.4 261.8 71 0.666666666666667 -441.238471673254 0.29559748427673 0.345666991236611
"947" 37.95 189.8 261.8 71 0.666666666666667 -400.131752305665 0.377358490566038 0.374077976817703
"948" 37.95 211.2 261.8 71 0.666666666666667 -456.521739130434 0.265199161425577 0.336174242424242
"949" 37.95 170.2 261.8 71 0.5 -348.484848484848 0.480083857442348 0.417156286721504
"950" 37.95 190.4 261.8 71 0.5 -401.712779973649 0.374213836477988 0.372899159663866
"951" 37.95 217 261.8 71 0.666666666666667 -471.805006587615 0.234800838574423 0.327188940092166
"952" 37.95 222.8 261.8 71 0.833333333333333 -487.088274044795 0.20440251572327 0.31867145421903
"953" 37.95 211.8 261.8 71 0.666666666666667 -458.102766798419 0.262054507337526 0.335221907459868
"954" 37.95 222.8 261.8 71 0.833333333333333 -487.088274044795 0.20440251572327 0.31867145421903
"955" 37.95 165.9 261.8 71 0.666666666666667 -337.154150197628 0.502620545073375 0.427968655816757
"956" 37.95 183.4 261.8 71 0.5 -383.2674571805 0.410901467505241 0.387131952017448
"957" 37.95 199.6 261.8 71 0.666666666666667 -425.955204216073 0.325995807127883 0.355711422845691
"958" 37.95 199.6 261.8 71 0.666666666666667 -425.955204216073 0.325995807127883 0.355711422845691
"959" 37.95 217 261.8 71 0.666666666666667 -471.805006587615 0.234800838574423 0.327188940092166
"960" 37.95 222.8 261.8 71 0.833333333333333 -487.088274044795 0.20440251572327 0.31867145421903
"961" 37.95 222.8 261.8 71 0.833333333333333 -487.088274044795 0.20440251572327 0.31867145421903
"962" 37.95 222.8 261.8 71 0.833333333333333 -487.088274044795 0.20440251572327 0.31867145421903
"963" 37.95 193.8 261.8 71 0.666666666666667 -410.671936758893 0.356394129979036 0.366357069143447
"964" 37.95 222.8 261.8 71 0.833333333333333 -487.088274044795 0.20440251572327 0.31867145421903
"965" 37.95 222.8 261.8 71 0.833333333333333 -487.088274044795 0.20440251572327 0.31867145421903
"966" 37.95 217 261.8 71 0.666666666666667 -471.805006587615 0.234800838574423 0.327188940092166
"967" 37.95 175.4 261.8 71 0.5 -362.187088274044 0.452830188679245 0.40478905359179
"968" 37.95 217 261.8 71 0.666666666666667 -471.805006587615 0.234800838574423 0.327188940092166
"969" 37.95 222.8 261.8 71 0.833333333333333 -487.088274044795 0.20440251572327 0.31867145421903
"970" 37.95 222.8 261.8 71 0.833333333333333 -487.088274044795 0.20440251572327 0.31867145421903
"971" 37.95 202 261.8 71 0.666666666666667 -432.27931488801 0.313417190775681 0.351485148514851
"972" 37.95 181.2 261.8 71 0.666666666666667 -377.470355731225 0.422431865828092 0.391832229580574
"973" 37.95 199.6 261.8 71 0.666666666666667 -425.955204216073 0.325995807127883 0.355711422845691
"974" 37.95 222.8 261.8 71 0.833333333333333 -487.088274044795 0.20440251572327 0.31867145421903
"975" 37.95 181.2 261.8 71 0.666666666666667 -377.470355731225 0.422431865828092 0.391832229580574
"976" 37.95 178.2 261.8 71 0.5 -369.565217391304 0.438155136268344 0.398428731762065
"977" 37.95 222.8 261.8 71 0.833333333333333 -487.088274044795 0.20440251572327 0.31867145421903
"978" 37.95 137.5 261.8 71 0.333333333333333 -262.31884057971 0.65146750524109 0.516363636363636
"979" 37.95 211.8 261.8 71 0.666666666666667 -458.102766798419 0.262054507337526 0.335221907459868
"980" 37.95 71.4 261.8 71 0.166666666666667 -88.1422924901185 0.9979035639413 0.994397759103641
"981" 37.95 217 261.8 71 0.666666666666667 -471.805006587615 0.234800838574423 0.327188940092166
"982" 37.95 222.8 261.8 71 0.833333333333333 -487.088274044795 0.20440251572327 0.31867145421903
"983" 37.95 193.8 261.8 71 0.666666666666667 -410.671936758893 0.356394129979036 0.366357069143447
"984" 37.95 222.8 261.8 71 0.833333333333333 -487.088274044795 0.20440251572327 0.31867145421903
"985" 37.95 222.8 261.8 71 0.833333333333333 -487.088274044795 0.20440251572327 0.31867145421903
"986" 37.95 217 261.8 71 0.666666666666667 -471.805006587615 0.234800838574423 0.327188940092166
"987" 37.95 222.8 261.8 71 0.833333333333333 -487.088274044795 0.20440251572327 0.31867145421903
"988" 37.95 142.7 261.8 71 0.5 -276.021080368906 0.624213836477988 0.497547302032236
"989" 37.95 143.3 261.8 71 0.333333333333333 -277.60210803689 0.621069182389937 0.49546406140963
"990" 37.95 202 261.8 71 0.666666666666667 -432.27931488801 0.313417190775681 0.351485148514851
"991" 37.95 202 261.8 71 0.666666666666667 -432.27931488801 0.313417190775681 0.351485148514851
"992" 37.95 190.4 261.8 71 0.5 -401.712779973649 0.374213836477988 0.372899159663866
"993" 37.95 202 261.8 71 0.666666666666667 -432.27931488801 0.313417190775681 0.351485148514851
"994" 37.95 193.8 261.8 71 0.666666666666667 -410.671936758893 0.356394129979036 0.366357069143447
"995" 37.95 222.8 261.8 71 0.833333333333333 -487.088274044795 0.20440251572327 0.31867145421903
"996" 37.95 178.8 261.8 71 0.666666666666667 -371.146245059288 0.435010482180293 0.397091722595078
"997" 37.95 178.2 261.8 71 0.5 -369.565217391304 0.438155136268344 0.398428731762065
"998" 37.95 200.2 261.8 71 0.5 -427.536231884058 0.322851153039832 0.354645354645355
"999" 37.95 200.8 261.8 71 0.666666666666667 -429.117259552042 0.319706498951782 0.353585657370518
"1000" 37.95 211.8 261.8 71 0.666666666666667 -458.102766798419 0.262054507337526 0.335221907459868
