"SCI" "RCI" "GER" "MSM*" "MIG"
"1" 0.625 -1615.22276901804 0.51559462288222 0.289566643545358 304.045911998094
"2" 0.125 -1176.91056564418 0.593334895220975 0.32056799548562 264.896252246365
"3" 0.625 -1533.22187144677 0.76175019965754 0.44997271857794 190.890935688381
"4" 0.375 -2337.91070458595 0.503186895666423 0.278896596538412 307.546882309423
"5" 0.25 -2564.24767614865 0.440698450213047 0.253527616123871 330.696149184521
"6" 0.375 -2947.6077583748 0.395188891695726 0.248101085723159 356.123491507719
"7" 0.25 -3504.99134297814 0.299603582103217 0.222879109446795 401.427472851166
"8" 0.375 -3653.66373283889 0.371980733240888 0.237557575016722 362.931373383205
"9" 0.25 -4429.1240556105 0.265296492433867 0.20585920948663 412.590012525385
"10" 0.125 -2600.51974329099 0.604437744962219 0.335967517792213 262.631597938071
"11" 0.125 -3494.79133919034 0.260873081272677 0.211865140902588 417.074621259437
"12" 0.375 -2537.31587986601 0.367871185083515 0.234073203937018 361.024089838242
"13" 0.5 -2929.07883895544 0.474351202858277 0.268406280202719 313.823850232451
"14" 0.125 -3021.24377152552 0.025819156881824 0.165841649929645 510.619054825387
"15" 0.375 -2796.12088786172 0.356749257273852 0.230580872071702 364.892366054817
"16" 0.5 -1867.02262613916 0.461498680597315 0.261484453109922 323.412019484925
"17" 0.375 -2547.86235567983 0.395822117633324 0.242699727512439 349.586575794711
"18" 0.25 -2667.17336700383 0.112055061483846 0.176836400845985 475.055392188134
"19" 0.375 -2633.18492736012 0.265647721037618 0.208213013165727 412.238895640152
"20" 0.5 -2736.24644948709 0.428697202261358 0.258243423482705 341.557053431761
"21" 0.375 -2315.76758014069 0.207681793257426 0.194748453650263 430.207981290066
"22" 0.375 -2017.03810033751 0.262162246713971 0.209213276892767 409.681093331228
"23" 0.125 -1933.71032642958 0.153934541250535 0.184340237010358 454.242178775958
"24" 0.375 -2543.72008813186 0.387287703003261 0.24307508576527 356.265813115775
"25" 0.25 -2634.24040323764 0.443192627497066 0.263918334195253 334.366130631105
"26" 0.25 -1691.65356683905 0.200567706997891 0.197228263807476 435.78062367719
"27" 0.375 -1839.95860324351 0.309964268632153 0.219770339600918 382.511175655503
"28" 0.5 -4365.4217957149 0.42606531364737 0.251830329647502 334.197977078627
"29" 0.5 -2421.71382626372 0.396387168916352 0.242557237687856 346.414656011023
"30" 0.5 -1761.79162108576 0.471150553912337 0.266935794619551 314.643184719931
"31" 0.375 -1946.52743248624 0.417547067651161 0.248415280510701 337.571522649593
"32" 0.625 -1983.76152266836 0.638224833018848 0.34851933652764 242.9522135071
"33" 0.125 -4021.06549180893 0.160298517744766 0.186396971164454 454.073810540605
"34" 0.25 -1273.88673529285 0.687539072960251 0.383475301143883 218.932619944448
"35" 0.125 -2208.38869633053 0.0757414779264356 0.172457235518572 488.335515302774
"36" 0.375 -1881.0628829688 0.361399614077874 0.235182711912112 361.656198483405
"37" 0.25 -7339.31126990217 0.283310477505247 0.215589692674832 407.542621559433
"38" 0.125 -2694.37112447571 0.566170853812167 0.307169311524087 274.227751597011
"39" 0.375 -2902.16573906565 0.246297600966475 0.205792531031336 411.16527696499
"40" 0.375 -1929.12072319678 0.697347149808233 0.391145176556958 220.016209881647
"41" 0.25 -2220.33304222255 0.124186377290451 0.179819098678116 470.377113469973
"42" 0.5 -1606.46295882792 0.499159772797415 0.279181325923469 300.906643497045
"43" 0.5 -8366.44591712444 0.400299184068417 0.243893679225241 348.919684118162
"44" 0.5 -1233.86586723112 0.606173249867619 0.326943987481447 257.651770526078
"45" 0.125 -2941.11716215189 0.0318172193389947 0.163100152029625 517.09566492057
"46" 0.625 -988.732160731132 0.608567290410078 0.32763476166057 255.578128014295
"47" 0.125 -4062.37437700433 0.119638277623779 0.183807767623938 476.767600892406
"48" 0.5 -2522.90764410956 0.58336400123666 0.324263438061485 272.358123050158
"49" 0.25 -1874.48135943135 0.185861302799075 0.191563237421767 438.550081515757
"50" 0.25 -2519.87988734485 0.19339172800585 0.192500299139016 435.358295005032
"51" 0.25 -8894.63249423334 0.187160468829437 0.193303957053412 442.570582822094
"52" 0.25 -5498.04975244861 0.402219015554216 0.245972753840248 348.597252856632
"53" 0.25 -2470.50827018997 0.224327787946585 0.198678008584598 423.244249925888
"54" 0.375 -4231.52905288824 0.161878392626561 0.193364237777074 459.691185469371
"55" 0.375 -3147.05321072585 0.149635236727326 0.187037491874399 462.011557366966
"56" 0.25 -4769.99763767458 0.37239809581304 0.239455003259022 360.948195351341
"57" 0.25 -3290.38523386722 0.296893518266114 0.216322625958064 397.81994329962
"58" 0.25 -1362.9584127498 0.578204009450692 0.315656428643381 267.937355129531
"59" 0.25 -2733.63575577827 0.334410119061997 0.22889318490027 375.268478130879
"60" 0.375 -2305.63737207872 0.367915034790523 0.232867274710266 361.139852514902
"61" 0.5 -2398.28397980671 0.514015261946956 0.286517532808125 299.895449482428
"62" 0.375 -4129.18615829233 0.328846259030823 0.221668524505216 381.148520452151
"63" 0.625 -1527.28989016333 0.495552395294746 0.275783455049251 305.173449977704
"64" 0.375 -1708.65803464785 0.430625835251024 0.253091980770963 333.068486461448
"65" 0.375 -3854.18273222451 0.310037392150619 0.220971057644527 395.520873904388
"66" 0.375 -3344.52338234299 0.460823014569181 0.271355705274144 325.13135038154
"67" 0.375 -2018.52792516253 0.469377087636759 0.263230713196034 318.141106522023
"68" 0.5 -4154.25627328637 0.430474241342688 0.257292128735014 341.127474761335
"69" 0.5 -1326.81831453717 0.798123704773786 0.493731672864702 175.113262466082
"70" 0.625 -1154.05216502919 0.6243435028031 0.340367877208608 248.88175290615
"71" 0.625 -1272.33726272352 0.695988068340081 0.38951522447287 216.260423528687
"72" 0.375 -2659.19072507882 0.422234018456492 0.251608609562013 338.342791384736
"73" 0.625 -1163.37497501118 0.65905482566637 0.367614530482699 236.269515349111
"74" 0.375 -2115.22027951207 0.40002431391575 0.240520091825557 351.181731458934
"75" 0.125 -2162.2835140166 0.0635423504303528 0.170664730593652 496.287316825154
"76" 0.25 -2997.54132731723 0.341647050411114 0.226383516029996 371.626864430841
"77" 0.25 -2563.82637574587 0.296119227416323 0.215314049789931 396.371982230348
"78" 0.25 -4904.67749547133 0.158114918428299 0.184484351388009 454.250978024945
"79" 0.375 -1852.8199171452 0.183702071294056 0.191543234688971 436.641346472575
"80" 0.375 -2163.92016809044 0.352435189755573 0.228300298462321 370.815369002957
"81" 0.25 -1307.64342609407 0.614193791737509 0.33829547718572 257.683195078438
"82" 0.25 -2530.99758342363 0.17063189183038 0.188508987634973 448.064594899388
"83" 0.375 -3009.88980647189 0.381189497817808 0.240777957241244 360.974846712116
"84" 0.375 -1821.52790448333 0.64789835007103 0.351916533552154 241.609504814363
"85" 0.25 -2426.7966982412 0.425981324741701 0.250819776406808 337.350113156239
"86" 0.375 -719.444509654625 0.791264610796865 0.487067087584691 178.105453303871
"87" 0.375 -1768.43468153426 0.541707251867024 0.293972807045456 286.159730998481
"88" 0.25 -3014.88145976534 0.247466568778446 0.209686654922385 422.466995849408
"89" 0.25 -2905.11367892455 0.130941267068837 0.182349595970346 470.255364172041
"90" 0.5 -2294.96308411059 0.73836354112756 0.427664651964144 202.38852831743
"91" 0.375 -1160.70282225848 0.542894642776157 0.299150734054029 280.599595552172
"92" 0.375 -2090.97888449535 0.548946583581356 0.300437257495054 285.329808988678
"93" 0.375 -4488.92546432835 0.259125904292894 0.210747343725435 411.781735669982
"94" 0.25 -3184.66858166258 0.233797775264266 0.202407085438313 424.197132394543
"95" 0.25 -1562.79441398724 0.37882360214036 0.237807681857184 352.092648633968
"96" 0.5 -3580.95564793329 0.413342034530622 0.245503077607719 345.043618592958
"97" 0.25 -2025.80045131264 0.363589917045416 0.233685891281138 367.769732323593
"98" 0.375 -787.747681506544 0.730586861012429 0.422302726237016 202.156768145598
"99" 0.25 -2360.79082347843 0.115713075750378 0.181336263301219 474.379713247287
"100" 0.25 -6661.86420824887 0.115327832406154 0.176568389973205 475.470282864324
"101" 0.375 -1472.34772993635 0.534196916947706 0.291499540286439 291.614972766515
"102" 0.375 -2019.06159848536 0.307610062227079 0.219312139174632 391.659276969175
"103" 0.375 -3668.81639182585 0.462244650939888 0.262484024674219 329.779574945613
"104" 0.5 -1755.46235509661 0.537274522672854 0.291572122084462 288.454266930278
"105" 0.25 -4201.50160262357 0.116683597135188 0.18054641432217 470.007894176159
"106" 0.375 -2162.3971747892 0.269545866132171 0.210756827037383 403.470731701862
"107" 0.25 -2553.61418881782 0.0824739570896993 0.172545271155983 487.942987367218
"108" 0.375 -1543.15901092929 0.5845825499858 0.314072126971329 267.860055806555
"109" 0.5 -1383.47229922885 0.585716296553568 0.318592448477997 265.271657480284
"110" 0.375 -1881.72511505547 0.288503824499892 0.213144310029244 399.488231675688
"111" 0.5 -2693.79638734508 0.360494900232179 0.233504807299694 363.880749294115
"112" 0.25 -6031.08160108076 0.28704670004883 0.220354337173583 401.799336177489
"113" 0.25 -2577.69111006305 0.161336107874034 0.187873030996045 448.795039745955
"114" 0.375 -3708.02943721927 0.250471330869047 0.204963722438546 415.069418162037
"115" 0 -2136.60843432038 0.0268143982988757 0.166707150651197 510.262742228601
"116" 0.125 -7644.16012793315 0.0721812729513241 0.168607630145027 497.957393163488
"117" 0.25 -1708.65607463408 0.184167060244995 0.189380212924264 444.011816458413
"118" 0.125 -2848.35386597178 0.0587441717197517 0.171859580861045 496.106033200566
"119" 0.5 -2232.55320582209 0.395062039034798 0.242330758895351 352.683421249937
"120" 0.375 -3070.54580080208 0.39429178762596 0.241841147886844 347.886223428182
"121" 0.375 -806.377603425265 0.753039305684185 0.438157593204735 193.385505884504
"122" 0.5 -968.285365909426 0.735488487755784 0.419488883436011 200.697926361542
"123" 0.25 -1324.34928996673 0.393708752120109 0.242226037186205 346.728312313613
"124" 0.25 -1745.64528575552 0.376159412989408 0.234543363866318 358.16090015951
"125" 0.25 -3760.83236736065 0.0922394206783059 0.180208092069066 486.775148239118
"126" 0.375 -1645.74125442103 0.510656831545121 0.277859143134223 302.083576212837
"127" 0.25 -2748.99167638212 0.0512856298401697 0.167725633824684 500.198918141196
"128" 0.25 -1710.77484014664 0.0208214208017941 0.165606737852855 505.089906902487
"129" 0.25 -2559.64836491566 0.229089666508082 0.198425005897556 427.045008114623
"130" 0.375 -1557.08169677478 0.70018458771747 0.400087470865026 220.468938328393
"131" 0.5 -1767.18490008047 0.389386863218981 0.240339344510931 351.552056303156
"132" 0.375 -1951.75429827483 0.613848827993175 0.33547271100404 254.850359871878
"133" 0.125 -2357.43930826724 0.218410179752287 0.199039891618043 428.917317978428
"134" 0.125 -2647.46362426288 0.160544616258571 0.18588716764212 454.811054191668
"135" 0.375 -1497.79066659897 0.38521669965353 0.237461113574344 355.702546824259
"136" 0.375 -2243.42764565361 0.279349074941814 0.21033376263703 399.035959299766
"137" 0 -5032.78592697891 0.070350830866697 0.175510619809048 498.475040240782
"138" 0.5 -2577.03297767392 0.366350054488147 0.235186075794791 359.072365093105
"139" 0.5 -2056.19244942141 0.378519379177307 0.236961056123712 354.129685775354
"140" 0.125 -3659.19846997083 0.22252001500767 0.204666412683207 431.20483074092
"141" 0.375 -2554.77882409906 0.441721547414753 0.262818963458603 332.918172825004
"142" 0.625 -3340.53464450289 0.70287819997 0.392911478223787 213.25949429106
"143" 0.5 -2345.90900637117 0.421892671182664 0.251078530431929 337.142142038648
"144" 0.25 -4333.66800323506 0.783893981031754 0.467654023644399 181.884646971499
"145" 0.25 -3867.67396588061 0.244580885267622 0.203762205931177 411.019459763809
"146" 0.5 -1588.74861489746 0.631626210297138 0.349745220294741 248.09455170521
"147" 0.375 -2218.20731733669 0.247124365068614 0.201933055579138 418.191095664934
"148" 0.25 -1956.93993001078 0.180124119657857 0.19292648412074 439.649298254226
"149" 0.25 -2342.81442988598 0.254170380136709 0.202452614669959 414.137244826559
"150" 0.625 -2316.916291453 0.575625503876365 0.313962177901031 271.543781238026
"151" 0.5 -4720.31602682818 0.621910123373065 0.35281877814879 263.768651573898
"152" 0.5 -1392.87109887381 0.608148484766145 0.330513944230597 254.007345107073
"153" 0.25 -2208.20625589267 0.426521087053221 0.253893144827341 339.857562890931
"154" 0.5 -2133.89502822331 0.458671356401835 0.261353064088354 325.696874485512
"155" 0.25 -2598.58229070908 0.217740760317123 0.196840582760691 427.876741018002
"156" 0.25 -2949.81175282034 0.104688138248617 0.176111133373547 479.475406331459
"157" 0.25 -2861.43992589889 0.0926793171712754 0.178801034878157 486.08817578783
"158" 0.25 -1732.55740505358 0.430616682809696 0.254057516175528 336.927355374912
"159" 0.5 -2501.14761818657 0.511222686816541 0.286595305844582 301.076413482662
"160" 0.375 -2730.18984070109 0.238103679117569 0.199323040629929 421.449365185636
"161" 0.25 -2459.84420541263 0.0442269216471133 0.16826988559147 497.923275439789
"162" 0.625 -3862.32438057224 0.493979554703773 0.278309151799223 309.82642244798
"163" 0.375 -2075.64066509002 0.277787788828966 0.212695747685377 396.165648641914
"164" 0.375 -2342.03091434307 0.384571962509177 0.239774254622207 349.839800879312
"165" 0.375 -1899.6942827997 0.28059666753881 0.211496025601379 397.458157475046
"166" 0.375 -1484.79056393149 0.361911923679487 0.234576040296485 360.726149702074
"167" 0.25 -1304.02282625157 0.200038955852261 0.196515990853373 426.893008184349
"168" 0.5 -1632.45467505913 0.748301609873586 0.431598635818228 194.177382917071
"169" 0.25 -1518.16497519561 0.429940788540807 0.254853957938434 333.635383746494
"170" 0.5 -3152.60409593676 0.35435613965159 0.232861728519483 371.375684661483
"171" 0.25 -1968.03388893433 0.566422075566773 0.305130204382717 274.819116891016
"172" 0.25 -1658.95181516268 0.210656974849433 0.196770758983989 426.943127422842
"173" 0.375 -2431.47542673757 0.105156385487316 0.17755894103177 474.446631182274
"174" 0.25 -2632.88664139958 0.0821667251203425 0.172174692252978 487.536039655328
"175" 0.25 -2961.71067763317 0.218722099356196 0.203082647008482 430.311835899727
"176" 0.25 -3122.46942036988 0.244278886077529 0.206755842234112 419.608799008708
"177" 0.625 -1005.84182028047 0.707351136332187 0.395348453119245 212.759583707077
"178" 0.375 -1907.61834624093 0.413346246797192 0.248054440528522 338.087312000501
"179" 0.375 -2073.99937877554 0.388745581802466 0.245950872943756 354.178168981709
"180" 0.25 -1981.82909478039 0.171570325101187 0.188456506402322 450.578401836242
"181" 0.375 -4953.46322580854 0.303048489754477 0.223113484614668 398.356286003184
"182" 0.25 -2748.49786557444 0.238714765624338 0.201057950166806 418.435314465449
"183" 0.25 -1017.21844899906 0.629543361389648 0.340710451527675 246.440545968051
"184" 0.375 -1821.7376232765 0.542309271403674 0.296313675748689 282.756702419449
"185" 0.25 -3611.61967583171 0.251102885851712 0.208283512499502 419.047443421887
"186" 0.375 -3328.60801979408 0.21590419659481 0.201145086253803 430.284447894458
"187" 0.25 -1928.47772173172 0.406653181203637 0.248845017210485 345.035925768452
"188" 0.375 -2343.92649857565 0.367070490514865 0.233556983138717 362.361451537395
"189" 0.5 -946.668687715927 0.795788249690187 0.487145440500551 173.184274139438
"190" 0.375 -6400.47795275949 0.328915586914094 0.230163202498123 384.113280604691
"191" 0.375 -2800.45237742271 0.310803179548226 0.219243904282249 392.37540621623
"192" 0.25 -2984.62626978879 0.248669616414993 0.20880648682292 416.608038786834
"193" 0.375 -2071.45483954607 0.271928652261752 0.212158588416747 407.853735079218
"194" 0.125 -2336.84456447983 0.00921014016747579 0.163168724363313 513.373107489836
"195" 0.625 -918.071316623705 0.683903335778527 0.380885267097404 223.646772367488
"196" 0.25 -1149.16456249853 0.568226787602385 0.307513391747596 273.637922238064
"197" 0.25 -1529.59345542186 0.53494397188949 0.296292109983101 290.233338904987
"198" 0.375 -1916.47308426115 0.381841805022312 0.238528000717276 352.947290634464
"199" 0.375 -3521.59883297659 0.533407069512451 0.291605354898605 289.00680629938
"200" 0.5 -2927.61563540815 0.354324211342884 0.229202767832171 372.443538744482
"201" 0.25 -3616.71847738468 0.629070034543102 0.349184473186914 254.760424585282
"202" 0.5 -2871.43888741088 0.470140730327015 0.267420701002849 313.86207280319
"203" 0.375 -2509.86133208475 0.373044836682605 0.233999220244919 362.255028977712
"204" 0.625 -1762.20193176088 0.664508935714868 0.368430480189652 236.9946197588
"205" 0.25 -3359.68787197424 0.245081180263051 0.206324316047936 421.766021838735
"206" 0.25 -3586.77918556375 0.225310328615643 0.19960422666774 420.22470684323
"207" 0.375 -2886.10888520633 0.390790198314095 0.240833482741516 360.442402274657
"208" 0.5 -2035.85792272522 0.436101542084387 0.256510132331874 337.225926864553
"209" 0.25 -1770.78630552001 0.330711672905645 0.222667188881162 378.386397813159
"210" 0.25 -4925.86257959359 0.34749361131907 0.235979046776936 381.879997555953
"211" 0.25 -1845.06725535047 0.308473945885784 0.221893159457234 391.755984095483
"212" 0.625 -2016.22768187508 0.620577364656514 0.338105637251145 252.817548538681
"213" 0.25 -3051.46643817159 0.272962638630016 0.214987888790122 406.179007248155
"214" 0.125 -5689.99532050675 0.241614150944696 0.20810805846672 417.962700838828
"215" 0.375 -1916.79511275235 0.674846408338251 0.379500709517266 233.608940217149
"216" 0.375 -1690.85121617777 0.454806928975269 0.26602989855876 328.896868310869
"217" 0.75 -1415.39323769293 0.64782590408314 0.354213008174695 239.86304375506
"218" 0.375 -3587.11916774121 0.349401466538887 0.23422664138925 375.578321110517
"219" 0.5 -1891.08032730042 0.746301785255727 0.442584583028807 200.077830776586
"220" 0.125 -1844.53558106897 0.204361710821067 0.195986239472868 430.413592699167
"221" 0.375 -1374.40273463853 0.457867127066449 0.264284419357552 325.334287466706
"222" 0.25 -3214.03879963449 0.426577335397791 0.251937544821472 337.609085313352
"223" 0.25 -3106.12624714303 0.30357224745561 0.218234017779436 384.66068493065
"224" 0.5 -1709.97977507735 0.543268916327653 0.29661004124575 282.207379922019
"225" 0.375 -2149.93108290279 0.590829393341505 0.326110416062865 269.513973219114
"226" 0.25 -2523.67686435163 0.23759966232014 0.203198835337701 420.010969398091
"227" 0.375 -2535.27895952019 0.362335934229262 0.237422769062475 367.578678402685
"228" 0.5 -1241.51007972725 0.735871386602861 0.42209631701867 198.718158658244
"229" 0.625 -912.749812396904 0.748659502440387 0.438556508487033 197.210670821798
"230" 0.25 -4930.28391197425 0.218076328177399 0.197847461638317 436.058968567951
"231" 0.5 -5659.36616998541 0.452362457948834 0.265665859315262 327.288227348728
"232" 0.25 -2668.09611991142 0.420707945128181 0.248961791647328 339.33095547109
"233" 0.375 -1943.65494460838 0.306510685596771 0.216074158964883 388.944175550466
"234" 0.5 -2050.59464342314 0.40081556711552 0.242210110292044 347.510416426975
"235" 0.25 -5386.5487688288 0.114627537506165 0.177314939536161 479.960272977483
"236" 0.25 -2844.28255856848 0.0897959677835248 0.1748805189548 482.713596939873
"237" 0.125 -4397.52983112663 0.238294132861464 0.201882460759009 418.70300958538
"238" 0.5 -4798.83540665404 0.45727486056377 0.26615186344415 325.674377397959
"239" 0.25 -3429.00031753502 0.0981187513190218 0.177451010196645 483.83027941386
"240" 0.5 -1802.8959979598 0.468693599298292 0.265919090964219 317.090430702199
"241" 0.625 -1866.55796511964 0.52990532125144 0.287322570568051 291.096899523224
"242" 0.375 -2037.23457333963 0.469800478220032 0.272730147969696 322.00017387213
"243" 0.375 -4675.60047283237 0.316873349199004 0.220117095510574 394.537368388323
"244" 0.375 -2491.86723525828 0.457161397488547 0.261162369988121 321.928125915253
"245" 0.5 -3196.3974255572 0.57808114588394 0.312718567836689 275.15629248837
"246" 0.375 -1616.00448762976 0.108237277945852 0.178766629037892 470.63397162192
"247" 0.125 -6213.65225359977 0.208859386043051 0.198513600010514 440.670257301154
"248" 0.375 -1883.69477983574 0.48485553232853 0.27659110979348 316.449512185976
"249" 0.5 -1559.97814845024 0.492455411918313 0.276780613934147 305.59460366745
"250" 0.5 -2571.56591991813 0.403375104533867 0.248291508962869 346.779708645664
"251" 0.375 -2006.40828900869 0.245257349468206 0.204946019722013 413.403027731012
"252" 0.25 -2091.1334096538 0.425544291857669 0.252860386614642 333.641955391034
"253" 0.25 -2118.2637874748 0.364764197409732 0.238409712338725 366.541102276513
"254" 0.5 -1697.17128346129 0.5691417420506 0.312239423229099 275.069521019128
"255" 0.375 -4495.74786423552 0.396205927149938 0.243782893355133 344.230824311007
"256" 0.625 -1526.96188268795 0.512981125681188 0.285609648781337 294.543670965777
"257" 0.375 -5022.25084044597 0.310570585915352 0.221641162408446 395.676099188485
"258" 0.25 -4439.45453872414 0.37095622203776 0.238004665857106 370.326321981322
"259" 0.75 -1219.49464641789 0.628316136720622 0.34092528137561 245.499681479088
"260" 0.5 -1569.95357740663 0.599483899996977 0.330810709497013 262.363929248035
"261" 0.25 -1613.13545449431 0.243680842426519 0.203630559975365 413.544565839665
"262" 0.25 -9023.84408662238 0.0369315443508472 0.166179205371697 503.931501727738
"263" 0.5 -2424.24685138312 0.441099974766733 0.257024883966805 335.033585541389
"264" 0.25 -2973.25506157635 0.215593423469395 0.199071918905546 432.807213055326
"265" 0.25 -6398.04445530869 0.25929931667358 0.211716964796854 415.03375483538
"266" 0.125 -3108.63827407362 0.0273643114798198 0.162200628359238 517.779561187207
"267" 0.25 -3731.92044702418 0.372526254106201 0.23897583436483 361.355351959451
"268" 0.5 -1399.27367986224 0.628862717588122 0.34703381000007 251.567782721627
"269" 0.375 -998.578693320943 0.699371888129348 0.392369977899647 216.94661440591
"270" 0.25 -2232.86818926382 0.59428948987701 0.31956826157304 262.090854677076
"271" 0.5 -1382.36585525153 0.495731332881988 0.277168406943269 306.947760435895
"272" 0.375 -5469.50042284845 0.372710349224632 0.243911999510638 371.35387468662
"273" 0.25 -1939.79713387966 0.354423503614856 0.231921680645244 364.830263052152
"274" 0.25 -1237.27167913161 0.575376505272001 0.313004551145089 270.067045742381
"275" 0.5 -2618.68045967314 0.406185988142006 0.242198786029462 346.034138902239
"276" 0.375 -817.457822187061 0.792710279638628 0.483505084686615 173.389931110337
"277" 0.375 -2458.88993453153 0.277222307678982 0.210786589792599 400.514488983562
"278" 0.5 -3101.33920644735 0.390784235311845 0.239313482416752 350.628444564655
"279" 0.375 -1812.4309229254 0.383004739923471 0.243114611819851 357.314049147009
"280" 0.375 -4052.50917701907 0.306527697767662 0.215561400010471 391.52487049317
"281" 0.25 -2379.09481961334 0.155838712034651 0.190912510629125 459.588907051421
"282" 0.5 -2354.17706461321 0.261370541262516 0.205771760967854 408.477919437872
"283" 0.375 -3306.34520179986 0.378151696921685 0.240880971609526 362.867920291417
"284" 0.375 -2413.57768178928 0.618870771599668 0.337853542598208 251.163560910315
"285" 0.5 -2605.49904173089 0.411793629564746 0.247291299535403 349.541121458334
"286" 0.25 -3654.4319522711 0.210078636758887 0.194229071474819 435.181298766309
"287" 0.5 -792.866260952314 0.799806043456641 0.488379455252738 171.740454306104
"288" 0.625 -1905.69632251935 0.519356326331686 0.287889167410761 295.520089787059
"289" 0.25 -2464.40224007527 0.129695423127161 0.180051285129918 468.173933190075
"290" 0.5 -1187.51866276718 0.441819022270437 0.261297372585782 328.539005814819
"291" 0.25 -1078.39262600659 0.79415503323258 0.485323318116285 174.643626013366
"292" 0.375 -1353.29210255635 0.592294653597677 0.318650102486923 262.724452550605
"293" 0.375 -6373.93005954111 0.196934344341838 0.192965462613092 435.449520628652
"294" 0.25 -1762.73297819349 0.19753927139977 0.194566166786941 430.20920690277
"295" 0.25 -4112.14281011927 0.251788984749712 0.203132704500568 412.880761863471
"296" 0.375 -1572.08228397672 0.436724906891027 0.253993066410354 329.983136060287
"297" 0.125 -1100.99602405166 0.44445215468669 0.258260047472064 326.426747095271
"298" 0.125 -3233.38376924544 0.0539541208316753 0.170441268854906 495.990934281541
"299" 0.375 -2217.99079162177 0.52665352792607 0.286447203708271 292.806947323261
"300" 0.25 -2025.00476289669 0.391719207381031 0.240061611183796 348.929291460137
"301" 0.125 -4889.65325280653 0.262528748837581 0.213732682506531 413.04747215969
"302" 0.375 -2716.52548723534 0.234152850107869 0.20272696000005 423.049744679903
"303" 0.25 -1993.74406761342 0.398153611212504 0.243313244907545 348.807353246511
"304" 0.375 -1347.31571088391 0.677063086590975 0.37240193542841 225.018284777448
"305" 0.375 -1626.37909630304 0.572102604478446 0.312654919486519 271.474170273356
"306" 0.25 -2049.39324532103 0.354404221341067 0.231544108768977 365.544872510464
"307" 0.625 -1190.45660246174 0.731404607909353 0.419397441093627 204.510850403386
"308" 0.375 -2234.18321038746 0.171617107259836 0.190220688005449 440.889294116009
"309" 0.25 -2693.44613750503 0.358184251396527 0.230088858482555 370.829900073196
"310" 0.25 -4718.68355813202 0.174855276829806 0.189747702941507 446.064707026036
"311" 0.125 -7130.58679972964 0.123174452710452 0.186763373230523 478.721871456061
"312" 0.25 -2269.56349556772 0.166525208504901 0.188621435856563 446.390962885313
"313" 0.125 -3254.38252291671 0.0645807114798814 0.171783605490947 491.69215251944
"314" 0.25 -5649.27873415553 0.469057167203956 0.264194013241838 319.012932925283
"315" 0.125 -2568.6644761511 0.455463028230714 0.262744112055031 322.544423123878
"316" 0.5 -1686.39868949401 0.446590506233712 0.259092592437034 327.797408200637
"317" 0.375 -1568.28887035339 0.53639947550306 0.290393841347043 289.212891355831
"318" 0.375 -2288.70216531339 0.278836750873156 0.211126881489507 402.050450360609
"319" 0.5 -2382.74423927983 0.748159815908799 0.431330591459886 195.197106378432
"320" 0.125 -2177.47678655368 0.162182191737342 0.189702288435056 445.744249510623
"321" 0.125 -2363.00643480827 0.196165950707634 0.195035898787835 430.317447030333
"322" 0 -3277.8846668006 0.00517923029220635 0.16210249508117 517.463742336409
"323" 0.125 -5773.23125927864 0.192247695388226 0.19547388098179 441.152837053616
"324" 0.25 -2029.74094765416 0.439945384269072 0.261352098160432 333.522267170446
"325" 0.25 -1866.29813217026 0.384046876881284 0.238143021405549 353.101528743829
"326" 0.375 -1864.7437549517 0.579386092613896 0.31283575470497 268.273796508552
"327" 0.5 -1319.03152008379 0.567862366425685 0.307123718478898 272.542511300954
"328" 0.25 -875.507409721883 0.717936388730033 0.407095053508919 208.340946326106
"329" 0.625 -1638.88637086928 0.455344958296031 0.25950693336581 322.351860749302
"330" 0.375 -2026.29056570218 0.547892421641952 0.301524062641472 285.925170764349
"331" 0.125 -2809.59781679184 0.0578026091516294 0.16825949833569 501.589469683522
"332" 0.25 -2148.72652068265 0.441172052802632 0.25997352953402 331.065024032932
"333" 0.25 -5519.79286130335 0.369206458559456 0.236019262803457 366.79101554973
"334" 0.375 -1574.03401666047 0.276091026434943 0.211688839127917 395.840571283726
"335" 0.125 -2983.57018116765 0.0563487223552135 0.169382714609162 501.700305858236
"336" 0 -3611.16978043241 0.00639969627081827 0.163298911690777 514.065244793101
"337" 0.375 -3314.92365781913 0.314940115607735 0.22447779992261 386.424165265553
"338" 0.5 -1139.05128453051 0.560373086096827 0.310270427592851 279.206081048981
"339" 0.5 -1048.13656594691 0.663610282164369 0.366220192075084 232.788941790317
"340" 0.75 -1235.43091552921 0.859137327569216 0.584406399812862 148.068455104921
"341" 0.125 -2473.47034513451 0.455897202595129 0.264348651473719 322.883718905612
"342" 0.375 -2010.33153397756 0.247088037849364 0.20332120681314 413.634601006703
"343" 0.25 -2319.20470255531 0.118093149764575 0.179779675214487 473.106738922483
"344" 0.375 -5349.56861750004 0.389273381384753 0.238199289564289 354.833774849276
"345" 0.125 -5265.30543008323 0.42033047022149 0.254557433532017 341.012126523952
"346" 0.375 -1500.42017391051 0.471342436472688 0.27039343116661 313.673753883228
"347" 0.5 -3274.4534225254 0.377123253887367 0.237037984416445 359.307733670121
"348" 0.25 -2319.32736265176 0.398776253488143 0.243353174092677 354.284200013204
"349" 0.375 -3517.78277902981 0.370068738181712 0.234866664585338 365.917480791987
"350" 0.5 -1140.83102765488 0.823946435456466 0.522835698610127 162.920353359262
"351" 0.375 -2077.14174967874 0.688092709703082 0.386103873727848 225.933311021219
"352" 0.625 -2705.02768365144 0.532759917121587 0.289814538755079 288.634383666073
"353" 0.375 -3868.01145753382 0.217928331480223 0.201664293862754 431.341892032908
"354" 0.375 -1377.73703734816 0.282940563260565 0.213773003874071 392.901008500482
"355" 0.5 -1350.27207444419 0.604114992348543 0.327909501230988 256.531877229665
"356" 0.625 -2299.25963355968 0.452596365436113 0.262592822183777 323.373981280904
"357" 0.5 -3194.71635365197 0.503197038464363 0.272567984830357 307.669219823303
"358" 0.5 -1094.84302778739 0.516141030058031 0.287229978107433 296.005299526543
"359" 0.125 -4123.0898473945 0.309666511921518 0.219182695191213 386.336597601493
"360" 0.5 -4271.64764688201 0.571745621623487 0.309163546355906 275.852226035778
"361" 0.5 -3746.37064616444 0.369928031024444 0.230203417846713 363.744986533394
"362" 0.25 -4392.45695003632 0.152204936867415 0.190711268611251 466.887053420039
"363" 0.25 -2406.29736726597 0.110382592122911 0.17541579425953 479.212295596752
"364" 0.375 -1906.16401489643 0.506380777028767 0.28290655666191 301.28704514288
"365" 0.5 -2911.11181169653 0.458716260594155 0.262684693106912 322.570155814672
"366" 0.25 -5806.31381427841 0.20593544460119 0.199188337521698 437.760576480303
"367" 0.375 -2369.8542107775 0.579852979474936 0.317117333733491 273.664713182412
"368" 0.625 -3160.46998797918 0.466130610283083 0.263159044471826 317.93741271873
"369" 0.5 -1531.44491368016 0.524802605705581 0.286999198381627 295.217872920162
"370" 0.375 -1394.44896412285 0.681719306438382 0.379651182851628 223.405310450885
"371" 0.625 -1025.49433823351 0.778418284503054 0.471456538094515 184.717302315433
"372" 0.5 -4115.75897047654 0.493063522955783 0.279230060113885 309.34117841786
"373" 0.375 -3266.21662478151 0.264409741180288 0.203859839719527 412.791835901071
"374" 0.375 -2403.9234742925 0.359764547421466 0.235799071632208 361.181613412734
"375" 0.625 -1493.70187207848 0.612944471484044 0.339760833759295 259.167899368661
"376" 0.375 -3044.00698399136 0.692016618854569 0.390554595608741 224.328927369439
"377" 0.5 -1128.58405282296 0.756319369886017 0.440162472159363 190.23997038283
"378" 0.375 -2801.07839044448 0.693584436651144 0.399375703127086 227.091885309145
"379" 0.5 -1230.94242552158 0.430744951128585 0.254046790099368 329.212730932727
"380" 0.375 -6954.57881796846 0.412945438717263 0.248705722982964 343.004446323489
"381" 0.5 -599.105865364863 0.87039512132287 0.596304423504868 142.763374615929
"382" 0.25 -3227.73043224711 0.426560159267326 0.255768561599816 340.964963439771
"383" 0.125 -3457.99715259827 0.444927699269821 0.266902762207679 334.445484810459
"384" 0.125 -2769.36844187037 0.237548905775889 0.203006458540085 414.883447004282
"385" 0.375 -3642.24558751466 0.404694464656208 0.25044133187795 351.77909892079
"386" 0.375 -2047.39719189682 0.492800906804309 0.270695999587643 311.238055215132
"387" 0.125 -4606.91263318376 0.0628435572914082 0.1739019583869 495.395548904572
"388" 0.5 -1874.05884600345 0.634158578275329 0.346900668851527 248.436743404146
"389" 0.375 -2844.13587840872 0.243273960702015 0.203838367602293 414.09736678677
"390" 0.25 -2599.97023874379 0.0653421759533207 0.173992532409462 495.0863658021
"391" 0.125 -6298.50986615748 0.13338306797221 0.189999608803062 477.783507654204
"392" 0.5 -4748.06962869771 0.324786218179614 0.223193236854695 382.612699266674
"393" 0.375 -5274.25698471567 0.315312389300663 0.217602057575261 388.776740788149
"394" 0.125 -2434.63376258903 0.0210578288720025 0.164758476163919 509.855003248937
"395" 0.375 -4934.04694929871 0.30209444262868 0.223974094590482 399.301904737693
"396" 0.5 -1845.07951772885 0.578533277209556 0.316246289795974 267.391567612128
"397" 0.5 -1669.37464399953 0.410202725946061 0.250392911099316 342.785759684066
"398" 0.5 -1943.56034711896 0.521831149716756 0.287566926211063 291.529310372109
"399" 0.25 -4217.29189830111 0.107180143273934 0.1771023274733 472.849633346511
"400" 0.375 -2252.10096354907 0.304677158326782 0.215491961099236 393.729140755303
"401" 0.25 -2120.27291918781 0.355194534056792 0.23109246688616 368.790306247728
"402" 0.25 -1101.03379398602 0.472859118563349 0.268327944730312 312.948419458663
"403" 0.25 -2660.2482734834 0.0898632441336946 0.173725646437097 481.938720047404
"404" 0.375 -1494.42977357648 0.469563592991372 0.265973004865295 317.922274770428
"405" 0.375 -3904.83364068986 0.299820517548741 0.212384983111046 396.311991553861
"406" 0.25 -2684.67763719354 0.451858070089845 0.258422050376168 324.516667042646
"407" 0.25 -6408.21833065904 0.178973832386489 0.191112549522648 447.284077461141
"408" 0.75 -1597.24324303968 0.654338491651495 0.36373773219334 239.717552499061
"409" 0.375 -2106.52872311815 0.435084581718763 0.253142670741413 335.247107805086
"410" 0.25 -2363.47761030376 0.186753077382921 0.194514414869912 437.328321104886
"411" 0.75 -5859.22244097221 0.671835168618137 0.371291398825102 228.528004263323
"412" 0.375 -1625.41381428356 0.492273110263937 0.274004517962833 309.65338816382
"413" 0.5 -2635.57548330062 0.511570404991263 0.286574056502282 306.897084452245
"414" 0.25 -6878.27561045031 0.146890292114939 0.185503017639336 462.70958008045
"415" 0.25 -3290.94085909389 0.256536245015006 0.204876536725139 415.239080935776
"416" 0.5 -1008.63576201563 0.747496472234701 0.433038729790638 195.57832188271
"417" 0.125 -3487.0344980009 0.120218343301748 0.181216129226995 477.162247156609
"418" 0.375 -2766.88933835017 0.597929604326601 0.326246183674084 259.088764347351
"419" 0.125 -2850.36186808231 0.0898266792191638 0.179670894366029 487.475747108199
"420" 0.375 -2699.06393815831 0.562886932013184 0.306037338509769 277.991241996355
"421" 0.25 -2919.90966067849 0.123299128745328 0.183457460097696 469.198446414501
"422" 0 -4764.45572090493 0.014674675964773 0.163144014878165 517.371301935498
"423" 0.5 -1625.74910724986 0.53015666778376 0.291842762596261 292.881833407897
"424" 0.125 -4848.32641515213 0.20322099486953 0.195490646290717 432.219776616924
"425" 0.375 -2938.23386672492 0.198520659407676 0.193611388835216 434.340197368317
"426" 0.5 -2213.90579655613 0.251123317853525 0.207324007123401 409.118505817291
"427" 0.25 -2494.10595267651 0.222841029943244 0.198248297214295 423.743468687753
"428" 0.25 -6324.52977505172 0.248252463488507 0.205646923003926 414.986374330244
"429" 0.375 -2298.72526279686 0.505920616076283 0.282601114987226 304.096174304525
"430" 0.375 -1002.67025240792 0.611541161910219 0.334360346549911 252.031680495836
"431" 0.25 -1287.83637981797 0.48210022090968 0.275932979424328 314.328626189032
"432" 0.375 -3285.93395757921 0.657812864682689 0.357832020413206 237.523095468448
"433" 0.625 -1615.75531528033 0.513397137978657 0.283051932640601 297.055034495331
"434" 0.5 -1236.26104372032 0.739285393393619 0.429975487013639 200.855670236446
"435" 0.625 -1692.93650268929 0.592230482962831 0.326083350676123 265.447853808496
"436" 0.25 -1846.87299777691 0.333606107788972 0.225675464173097 375.696899600826
"437" 0.375 -1715.52920511223 0.301561282141673 0.216192860051162 393.149455695194
"438" 0.125 -2258.08853964121 0.0496505464317916 0.169159080012605 501.439234401141
"439" 0.5 -1407.1386630617 0.578021983885689 0.31119912910385 273.200187217821
"440" 0.25 -2389.90717263526 0.438995114855218 0.263742564097693 334.05280901558
"441" 0.375 -3745.34732169388 0.321045084187164 0.222551041930726 392.116853241862
"442" 0.625 -3577.32362486688 0.54886695361244 0.30422805955613 291.719353159382
"443" 0.25 -3212.38458765561 0.219355392865616 0.197327844409038 423.862082783087
"444" 0.375 -4209.99500764682 0.363179320331889 0.229646394764385 369.299586005606
"445" 0.25 -2617.85708479029 0.19594587378681 0.194750429866396 436.646315716364
"446" 0.5 -2019.99285034491 0.332556359276994 0.22448009869403 378.717351616466
"447" 0.5 -1893.04819026155 0.43841908985128 0.253906949591186 329.869551618781
"448" 0.375 -2157.93107593903 0.62178006713373 0.336489624262235 251.656095683808
"449" 0.5 -1513.02924281043 0.35786916334837 0.233398426844539 359.183157182205
"450" 0.5 -1630.94804505572 0.492342549644243 0.274463193313744 306.496230562287
"451" 0.375 -2423.13055710401 0.293403448985703 0.211736382493314 396.262083079286
"452" 0.375 -2927.75104087099 0.257907772841954 0.208091351453833 409.138653341541
"453" 0.375 -3678.71567637545 0.343442849836958 0.22537819015128 377.308570540411
"454" 0.25 -3924.61889321488 0.108566109232296 0.176153135973914 478.82404271231
"455" 0.5 -1799.68452025359 0.615157709799807 0.335233077393249 250.669897153322
"456" 0.625 -1330.11207637339 0.598832771528183 0.330675721707742 261.789764050316
"457" 0.5 -1569.58028477152 0.556626617655906 0.304367561423968 279.664466455156
"458" 0.375 -2726.63057745742 0.414657599598099 0.249747466825869 347.304389547985
"459" 0.25 -4116.23881819008 0.112590649932441 0.180645206476817 475.411623455405
"460" 0.25 -2195.84581414695 0.161775964441691 0.187979398336116 445.70348418863
"461" 0.25 -1750.35235861844 0.24407459644329 0.203285901723668 417.264729350123
"462" 0.25 -2036.23972788981 0.239168506917376 0.203838506540518 420.452014436946
"463" 0.375 -8908.97562000843 0.398330680840087 0.244323203113928 354.783668911709
"464" 0.125 -2442.07316024532 0.213158542010277 0.19735328215316 432.380506834898
"465" 0.5 -1709.16673023734 0.309845157633229 0.22030229510554 385.476908084242
"466" 0.5 -2518.6157656701 0.487737139765527 0.276486624697337 310.334418865886
"467" 0.25 -5787.76305799446 0.400318312591235 0.251400815357869 355.928851963505
"468" 0.5 -2464.20676047118 0.505390830882238 0.283259248590514 308.405382382018
"469" 0.375 -2584.86985447326 0.280622739822994 0.210630940809981 403.016157554793
"470" 0.375 -2248.13021098597 0.290797005951229 0.216328769608136 394.086115149162
"471" 0.375 -2669.66209860033 0.481204628600922 0.270178729470816 312.71846902104
"472" 0.25 -1369.05645418411 0.229958998458985 0.200704703450481 418.452314035897
"473" 0.375 -1593.86652411048 0.333641263259367 0.2267806049874 373.911261010253
"474" 0.625 -2853.6028413141 0.513156349854773 0.286471767471554 295.085273790089
"475" 0.625 -1480.1421435719 0.4956470284071 0.276845162766643 305.5386975919
"476" 0.25 -2452.81924030505 0.500300352130864 0.277987931399716 302.303182295492
"477" 0.375 -1045.19681047398 0.659873638534894 0.362925953580283 230.960774604277
"478" 0.375 -4494.86704051321 0.197752570547329 0.192498157240685 434.908344211111
"479" 0.375 -2387.69399349144 0.416607815603621 0.252182225659824 339.078398271618
"480" 0.25 -3121.71516661849 0.605704294126097 0.331140917709086 263.315522384758
"481" 0.5 -3676.04945273805 0.452716203294912 0.267819215927202 333.405649703973
"482" 0.125 -2366.92193330978 0.232038657200914 0.199990769325227 419.528611847362
"483" 0.625 -5997.76575938216 0.522021277427861 0.294097126249594 305.216818415097
"484" 0.5 -1223.9763972454 0.512721147642809 0.285615567357108 295.854444180623
"485" 0.125 -4935.29998323319 0.220050866717132 0.198891790950461 432.316628240796
"486" 0.375 -1480.03619760056 0.444952171278411 0.257482193100986 327.940700771861
"487" 0.25 -1814.707969601 0.392192831092524 0.242748315696478 354.971833325644
"488" 0.5 -2500.26529829508 0.575449174742145 0.313396471115458 267.23983170111
"489" 0.25 -4987.86654953719 0.347213702066221 0.2281360869583 370.204683823348
"490" 0.375 -1749.65841119557 0.44651760581065 0.258910367063292 327.784694338567
"491" 0.375 -5762.82244769631 0.120120148411156 0.182579443545366 469.443185774832
"492" 0.375 -2152.13707474789 0.443946609977561 0.259245735110607 326.733434288335
"493" 0.25 -3461.61173304027 0.162346501456966 0.190952313424422 456.258629461194
"494" 0.25 -2657.61890476712 0.218039398243812 0.199640159013821 426.733899743332
"495" 0.25 -2958.70224248251 0.244645664462093 0.202874614472998 412.768159361433
"496" 0.5 -3135.92394748932 0.518710636195576 0.287577529557492 299.688722015014
"497" 0.5 -1338.83985716631 0.618960656096458 0.337051006192209 252.30131964297
"498" 0.125 -13798.6776528941 0.0432300402272455 0.168963970628925 502.652755239236
"499" 0.375 -1451.90038385357 0.59120680370724 0.323422510379797 267.536283011371
"500" 0.375 -5211.17758846756 0.467375896193473 0.271390210016925 327.74491289397
"501" 0.375 -3125.33327289967 0.412081573936993 0.249584288463583 345.053012994609
"502" 0.375 -3946.24213236866 0.245731303102059 0.207005896122255 417.15943130492
"503" 0.5 -1502.65011940739 0.666541308198287 0.379595496813721 237.064560038748
"504" 0.625 -970.844655905404 0.738869009596102 0.425678889249155 197.730087555413
"505" 0.375 -1793.22926294379 0.426006653943309 0.250648074996765 340.119565026114
"506" 0.25 -2341.30276669203 0.38337626298628 0.236685219318259 356.279169513055
"507" 0.25 -11669.7416675502 0.105913508846414 0.177062724742317 480.584846025707
"508" 0.125 -1902.1507550907 0.39119041769304 0.240702816769867 351.06431139846
"509" 0.25 -3580.0552594431 0.256431447310688 0.209145238944226 420.6816742351
"510" 0.375 -3628.28884745378 0.454306589890271 0.258658687111777 324.101446346669
"511" 0.5 -932.226477732154 0.695551607010092 0.384559500577787 218.586433303133
"512" 0.375 -2370.4171944491 0.235545704404074 0.203693187677881 422.591950503104
"513" 0.25 -2142.53392549026 0.457142830875967 0.262076985079899 324.463331073197
"514" 0.75 -2274.12261562587 0.642192562539068 0.35114430159714 241.210449539241
"515" 0.375 -2570.47714747326 0.277628211135374 0.212720618394769 404.310472312112
"516" 0.375 -1720.81062260539 0.405098814884365 0.249274704085318 342.45205554107
"517" 0.375 -2117.10786619042 0.521743605220572 0.291334186201464 297.064257308876
"518" 0.125 -2509.40400307709 0.160318449502221 0.18591457124324 453.098575823631
"519" 0.5 -2109.41840774611 0.555721089497702 0.302336658541695 278.968057355634
"520" 0.375 -2021.83842643282 0.609477418229165 0.331338450367077 260.448563251746
"521" 0.25 -4139.89340733218 0.214037424218079 0.198674065477084 428.387276480985
"522" 0.5 -1350.50143682442 0.581011091674064 0.318097906091027 268.942128179781
"523" 0.375 -1597.608187676 0.515119923919312 0.280970897415087 299.3374810134
"524" 0.25 -3167.75087920495 0.0750951091639951 0.175367947755376 491.908833430279
"525" 0.5 -4472.88733872708 0.386085342168814 0.250788879236286 365.03611237727
"526" 0.375 -2199.26889537116 0.552987842840751 0.304847123867686 284.526848490754
"527" 0.375 -2034.80528932614 0.427967292746786 0.250307928740572 336.143740729218
"528" 0.5 -1550.98869491431 0.362467113237714 0.234216288393978 357.599808881874
"529" 0.375 -3543.93304530912 0.264824264480169 0.210092982882851 408.317100614677
"530" 0.5 -1316.15968398322 0.470297838735496 0.269556378511162 313.008876316431
"531" 0.25 -6903.20477277593 0.125072145979349 0.180377597396776 472.248687647357
"532" 0.5 -1450.7650356864 0.724725430091679 0.410529747927837 204.824028366257
"533" 0 -4945.46401373576 0.0186999649734491 0.164114992550011 515.655061627431
"534" 0.5 -1570.58812017346 0.494813234435618 0.279964650488683 307.63212126903
"535" 0.375 -1689.66505198371 0.68977300360296 0.384812129770909 220.472012050711
"536" 0.625 -966.78631752209 0.481323609209094 0.272252395570432 309.048340110809
"537" 0.25 -1921.79708348318 0.603958141556366 0.333728466221338 261.378726657194
"538" 0.375 -3121.31001922638 0.29430197377538 0.215618000475365 392.299222450936
"539" 0.375 -1816.41035931243 0.40809930027846 0.2428905305053 344.437282576345
"540" 0.25 -3015.53371997396 0.166858831017588 0.187104528804035 451.285148384096
"541" 0.375 -4842.38110394148 0.570846513705278 0.308868400639719 273.419292800938
"542" 0.5 -2886.47763120015 0.506186876476527 0.281251496097175 299.278168331695
"543" 0.25 -1866.78876856971 0.247668393233383 0.204464867960632 413.271948306116
"544" 0.25 -2236.06044841071 0.412292113200012 0.245257569096764 345.786698817077
"545" 0.375 -2736.87257287535 0.389440475814661 0.239242767830564 351.942250886947
"546" 0.625 -2452.46698653638 0.55489445046352 0.30346612392387 284.002937868284
"547" 0.25 -5372.56099987973 0.212690141754459 0.198521566430373 424.212387139447
"548" 0.125 -2951.95179948226 0.331488970577741 0.228460254986779 378.71938702961
"549" 0.125 -4968.208748823 0.250801885256552 0.209882312790754 418.393024119076
"550" 0.625 -2273.38086512461 0.58601894943075 0.324790622518613 269.979679574139
"551" 0.5 -1632.97755516531 0.475257333291269 0.267653336257539 312.906536068907
"552" 0.5 -7586.20204131238 0.353728306022023 0.232283111038786 373.33842393093
"553" 0.25 -2391.13452589809 0.229539182625297 0.199862936178318 422.243495484674
"554" 0.375 -4263.27653987434 0.395565221433892 0.239462923235462 351.619569510454
"555" 0.25 -3782.50574082585 0.367360651101716 0.235651013840016 365.031946696242
"556" 0.625 -1134.82258682238 0.67751100926226 0.378405146937523 226.47149365601
"557" 0.375 -1887.71969994724 0.406839657763726 0.247021099782103 344.409689735407
"558" 0.25 -2226.64629632177 0.172182550653768 0.188142615095337 449.286459949839
"559" 0.375 -3499.06802042589 0.488844613871878 0.277728981671554 313.775764099086
"560" 0.375 -3134.83715588329 0.303114391307968 0.214210533659103 394.284322990822
"561" 0.125 -2037.6869863619 0.312944653945 0.220741019249517 381.044813773998
"562" 0.375 -3358.46838539857 0.410715593362002 0.245458569298207 346.813201287738
"563" 0.375 -1620.41204355329 0.524555084179067 0.287578504953023 292.023055853175
"564" 0.25 -1157.65599454193 0.605367454257808 0.333328399906825 259.443733889746
"565" 0.375 -1703.56908971608 0.46773210616623 0.26333852504881 317.614866963331
"566" 0.5 -1530.36230954157 0.511988645403986 0.285542426813773 300.035785328986
"567" 0.5 -4622.31023515443 0.329964705770776 0.224049199241 385.463207104416
"568" 0.5 -3000.1150586415 0.319691748401189 0.223615082649117 379.225595590503
"569" 0.25 -2117.56190936131 0.22103883925387 0.197916009108443 428.557522303681
"570" 0.625 -1301.27659834195 0.492709009838374 0.275846799297465 305.268824628772
"571" 0.375 -2725.02727471054 0.39329983096691 0.241262060613674 351.326725227726
"572" 0.125 -5688.15609809179 0.148883795376794 0.182948011766292 458.469532303866
"573" 0.25 -2080.46326095856 0.163460463910441 0.187869128835922 449.011456144993
"574" 0.375 -1899.97210308389 0.536933414148028 0.295514682708168 286.806481913654
"575" 0.375 -1371.03935826963 0.455048678830238 0.259484918110412 322.8746203979
"576" 0.5 -10556.6159491791 0.514457703694034 0.281968154158751 301.983335767952
"577" 0.25 -2005.69667078576 0.285144583703684 0.215500754984105 394.177645397696
"578" 0.625 -3537.43040337491 0.481464810319621 0.269411795180946 314.421363233961
"579" 0.375 -1405.14837436036 0.508933022710125 0.283074679486591 300.891455675596
"580" 0.25 -4990.02655225639 0.150984147158875 0.185262282461862 462.659517593
"581" 0.375 -2762.28559302548 0.364598812321652 0.233297232564607 362.453472227909
"582" 0.625 -1904.02762542665 0.694750748879456 0.393488486151871 221.321180110975
"583" 0.375 -2587.76686464227 0.389572951650208 0.238109543135851 355.488080310277
"584" 0.5 -3628.99932623337 0.295143012709739 0.216763535194709 389.571532310112
"585" 0.25 -5058.47683654514 0.506825503736431 0.283182075414949 304.890200582
"586" 0.25 -2287.53027741405 0.324312307383992 0.224126103292337 379.837871549368
"587" 0.375 -2057.28661004483 0.271529680184168 0.212352288659263 404.831860147709
"588" 0.625 -1432.77324344993 0.657495142332978 0.3581600426399 234.463795870589
"589" 0.5 -6340.8700652215 0.333128339040327 0.225549930841142 376.799098260831
"590" 0.25 -1849.30375856386 0.363563949410685 0.233493658438352 367.049574001231
"591" 0.375 -1733.763981905 0.444981667856546 0.257798295828658 329.538778853136
"592" 0.375 -1968.74522894548 0.290208455794525 0.216916697590019 393.234597247583
"593" 0.125 -3235.06730857409 0.102616401256312 0.178660628776794 486.209584390335
"594" 0.25 -2238.09998065678 0.75250077705063 0.436327015043192 195.159707854215
"595" 0.375 -2758.25600041729 0.409275619061775 0.249309805393973 343.288689778199
"596" 0.375 -2806.63233328409 0.189752259503111 0.191868566470932 436.034427047903
"597" 0.375 -1350.90556491502 0.49148601131888 0.276094803189231 307.043714509298
"598" 0.375 -2953.60031154827 0.134792501334645 0.184083421302529 463.077175522715
"599" 0.25 -1623.77302586381 0.215402191913754 0.197435944041526 426.515565743106
"600" 0.375 -2685.93056027671 0.197415222276333 0.193013212927723 433.144508989259
"601" 0.375 -4029.09499831021 0.470997549054659 0.271253489110667 317.753683521546
"602" 0.5 -1730.62525736954 0.323599324984248 0.223833000742676 379.396566200082
"603" 0.5 -5448.12576717563 0.369527111615471 0.231765103997849 364.738799189515
"604" 0.375 -5160.29895243255 0.385322015180637 0.242267897835433 358.284047735076
"605" 0.125 -1567.3357290014 0.317523126315392 0.222629989807109 383.494451033193
"606" 0.25 -2075.56047031223 0.516080515379843 0.282375418205803 302.76092760308
"607" 0.375 -2479.71961847277 0.455437164195214 0.260866901229697 321.46433339047
"608" 0.25 -3660.97168367486 0.128997071644993 0.183352462300856 472.493033187375
"609" 0.375 -1797.99059649928 0.427084594352635 0.253018264808818 333.735756913922
"610" 0.375 -1607.03083049205 0.610090395950055 0.333848225540725 255.855887314742
"611" 0.25 -1780.16366825461 0.623789045374043 0.347767141208119 257.006922373139
"612" 0.5 -2180.48072848683 0.466423568845038 0.265046567055296 319.773910976017
"613" 0.5 -1361.91931314088 0.431335303539369 0.256037853650203 329.961141242509
"614" 0.5 -950.880189939822 0.799193048542984 0.491127358014069 172.031431133261
"615" 0.375 -6173.96897086634 0.405148849824982 0.242380144926087 350.057337438911
"616" 0.5 -2127.14639395987 0.317460198845698 0.219856997040931 386.85517966039
"617" 0.375 -3435.70378145111 0.504156069421079 0.283472540393367 304.147816010126
"618" 0.5 -7206.20589551452 0.454834840467799 0.266671912364943 326.606789261638
"619" 0.75 -1405.71345094815 0.67570159533345 0.373102781829952 225.124186745624
"620" 0.5 -2035.91233339568 0.537794194531457 0.293410882430719 286.977551074445
"621" 0.25 -3074.62661717649 0.248510608968383 0.205331195093268 418.155071176602
"622" 0.375 -2376.08151523577 0.556080874109503 0.299796788815344 279.684056874127
"623" 0 -3659.9907497912 0.0289384999817953 0.167801259679611 507.585776952358
"624" 0.25 -5452.08848976012 0.36066990229981 0.231631509235802 368.68895813343
"625" 0.25 -2543.46812782262 0.0775285232353847 0.177967507668546 490.509747293522
"626" 0.25 -1893.48092087849 0.337550340035901 0.225039017034011 372.910401313813
"627" 0.25 -7099.57273670162 0.100472364023317 0.175415151869312 481.21265644123
"628" 0.5 -2500.12663561438 0.23979065511758 0.204045058829451 410.231744795064
"629" 0.25 -1703.38928147086 0.1642004457135 0.187065351862833 447.560972793433
"630" 0.125 -2084.33256767131 0.0532265350684965 0.173375074994052 498.058000447616
"631" 0.125 -4026.41482288342 0.0849525892545783 0.17697418787102 490.403035487146
"632" 0.125 -2914.58441299162 0.0166323306269017 0.164128832273434 512.288275459414
"633" 0.375 -2906.38146186905 0.304455016538321 0.21827352479948 391.493866519599
"634" 0.375 -4199.5858475448 0.270183766934192 0.209935200968419 413.259984634142
"635" 0.375 -3491.32798555438 0.379372630322933 0.234101433233895 359.33051230486
"636" 0.375 -2417.88999048424 0.447353894517714 0.260414771903699 327.703861544068
"637" 0.5 -1433.48579768094 0.540273889584465 0.296003249944825 282.998252061828
"638" 0.375 -2797.84997315122 0.216917163277691 0.197798320902645 423.687503355561
"639" 0.25 -1494.74398494633 0.316762551574348 0.222095808539805 380.728612820506
"640" 0.25 -823.197004559652 0.650297452689405 0.357701114581933 236.817454156244
"641" 0.5 -1348.242079693 0.597678642220476 0.32183088186004 260.902455000561
"642" 0.375 -2623.78044076304 0.39047321710559 0.241850722148544 350.44130348079
"643" 0.5 -1759.20572577543 0.519776516592637 0.291862354290874 297.997983244959
"644" 0.125 -2753.67360328456 0.247172156867441 0.20751457369743 421.506803286422
"645" 0.125 -4630.83628691845 0.251340199011153 0.206243016168551 415.961167377634
"646" 0.375 -1026.63905371998 0.554176877483523 0.306730112668774 279.358765388091
"647" 0.375 -1387.1996382917 0.555834100237313 0.306193643688329 281.008116170594
"648" 0.5 -2096.18390557355 0.397041898844463 0.242256452762509 350.789817344588
"649" 0.25 -2581.34631526018 0.522410375295349 0.285433233260371 294.534152329966
"650" 0.375 -3301.54595994108 0.397666289075776 0.24574147844719 352.539728830382
"651" 0.375 -2633.45685148352 0.621957493570726 0.341350618878724 255.304839826977
"652" 0.25 -3003.88099793844 0.282283070274988 0.218103326599865 405.263694064924
"653" 0.25 -2247.69677739967 0.280398666754503 0.2114312535959 401.880794663336
"654" 0.5 -4570.00184828494 0.552236398653541 0.299419140466647 281.537773170534
"655" 0.25 -3729.11390582389 0.224936865879321 0.200606207869182 425.483384572263
"656" 0.5 -2994.12914767026 0.55961590799817 0.303538687144362 282.002611169808
"657" 0.5 -2350.58141470813 0.603827652947831 0.324959222166979 262.540511291311
"658" 0.125 -3167.02176849868 0.0858536830391736 0.176501716179255 489.045897534576
"659" 0.125 -7028.22892302428 0.126632054935774 0.182174864067046 477.155788222669
"660" 0.375 -2020.56431932982 0.520248429767762 0.286853416533539 291.582575753907
"661" 0.5 -5517.45761034083 0.402993557380623 0.243164966008992 345.859831061849
"662" 0.375 -3608.87229612226 0.422286637453252 0.249068275840057 338.680060588117
"663" 0.5 -5409.44127333707 0.36385834923312 0.233744181690879 359.608663174687
"664" 0.375 -1625.08024130563 0.393179428121093 0.241046665246383 350.590479755544
"665" 0.375 -3894.50098295986 0.27739175413453 0.215186498547386 401.640714298314
"666" 0.5 -7671.17659859504 0.426441691313649 0.250126370609355 335.891483187941
"667" 0.5 -2289.15709246193 0.372336209094595 0.235050845033271 358.026158134881
"668" 0.375 -4965.33482107789 0.267049004309099 0.204531170008717 411.170904675831
"669" 0.375 -3435.53761987684 0.442414753375333 0.263425677399663 333.382243253393
"670" 0.375 -4365.77712938282 0.354287388626076 0.228747457541514 366.902548101244
"671" 0.375 -1578.22702015426 0.401273221614134 0.24265450345983 348.054634966976
"672" 0.125 -1626.12513143583 0.0127495734681503 0.164062314802758 511.190394363046
"673" 0.25 -2522.45426407895 0.568500461410143 0.308423964500514 276.507022603021
"674" 0.5 -1394.88533206708 0.506744258335713 0.286138159886161 297.785219608739
"675" 0.625 -1626.58617312785 0.688135702387021 0.392396259802441 224.69720248558
"676" 0.25 -2366.91339729916 0.205856047909701 0.198872387938198 440.10860208036
"677" 0.5 -2058.37095860086 0.463128719557574 0.26724057871572 324.877384194634
"678" 0.5 -3352.56779564557 0.311540545254619 0.219289099513117 384.53474817316
"679" 0.625 -2075.23888471026 0.497927212935336 0.280134878504612 306.727500942346
"680" 0.125 -5362.22665187126 0.223249690105429 0.200232456301444 428.073275576003
"681" 0.625 -1828.30235504101 0.641171028550512 0.3553065384926 243.473113694132
"682" 0.5 -1514.74256011877 0.306291803378361 0.220369485543481 385.579853919374
"683" 0.375 -3033.20729213233 0.328996605213399 0.22627390796983 380.288206689962
"684" 0.125 -2141.27665381731 0.0313928195864415 0.16694755768493 503.309111179952
"685" 0.125 -2386.20083102833 0.0389153175238942 0.167594617729079 504.332558108746
"686" 0.125 -1773.15801684272 0.450313445574602 0.25720897871921 325.920206369937
"687" 0.375 -1910.3142103841 0.391848336104316 0.248750231161995 353.399782760321
"688" 0.375 -1325.73016996096 0.665071594865762 0.372262213524575 232.724984276886
"689" 0.25 -4772.97232680274 0.248165893459717 0.204976315629085 417.284289851244
"690" 0.375 -2154.82511469535 0.262286201210924 0.210701327430222 409.35171120875
"691" 0.375 -3069.40890725073 0.221555381197854 0.201355377301445 428.241055644556
"692" 0.25 -3055.17261112308 0.273641885387453 0.210005931996531 400.668590616732
"693" 0.375 -3995.82149182294 0.262146716525314 0.209747698845141 408.022316318338
"694" 0.5 -5862.50678952733 0.42573798804337 0.250945356531925 340.615069159883
"695" 0.375 -2189.86979681726 0.352819443523766 0.228777488688231 366.191543592169
"696" 0.25 -3341.93743825347 0.114370831556195 0.181359218240838 473.063850261213
"697" 0.375 -4136.89457949256 0.354608348033765 0.231788119236711 368.484497360419
"698" 0.375 -1837.49840040663 0.679338535938815 0.377321531476113 225.459897897128
"699" 0.375 -2509.33453944801 0.364979112804655 0.233777266517327 364.61557523019
"700" 0.375 -3020.10878177374 0.50615055425232 0.279583467969498 299.769226917957
"701" 0.375 -1707.49150011796 0.448797699308325 0.25982057073859 328.386034981514
"702" 0.25 -3543.43937785531 0.270474085628398 0.213493493246418 408.614312119128
"703" 0.25 -2264.94582209581 0.224967588235101 0.196903970976645 425.272570036416
"704" 0.5 -3943.60495568685 0.439673475334428 0.257110788009153 327.175877802912
"705" 0.5 -3253.62107281886 0.463106752298056 0.26971426925849 322.614701405098
"706" 0.375 -3651.60643282482 0.424923911648644 0.261140109463883 347.525256821949
"707" 0.5 -3841.15410246805 0.41863005613788 0.246808332836515 340.202018127369
"708" 0.125 -3778.27948187634 0.217057378788262 0.20083533179749 425.505542677634
"709" 0.375 -1312.38387613097 0.629364888436438 0.340038582334696 246.565747394382
"710" 0.5 -1851.14391768819 0.613523174151523 0.332103290266846 255.321181138739
"711" 0.5 -1523.69518191291 0.424618206915867 0.251809216768171 332.789801759366
"712" 0.25 -4888.55442487691 0.341224856418091 0.229723484515186 378.260305910708
"713" 0.5 -2141.58060672722 0.36641433302679 0.23525986460261 357.905946397665
"714" 0.125 -4372.30731842935 0.0859124803828381 0.17219533418905 489.462092045378
"715" 0.125 -3610.59771842483 0.0535096231949188 0.172538988788425 500.128920423622
"716" 0.375 -2184.30007796621 0.36816587975871 0.23638738857245 362.701468900158
"717" 0.5 -1746.99737211969 0.449159671631151 0.257612566115326 324.598639288235
"718" 0.375 -2313.61730533146 0.3545585527343 0.231489575370595 364.953760874937
"719" 0.25 -2279.916268058 0.426264568600024 0.261604306133827 344.005042617259
"720" 0.125 -5290.07240950955 0.133497531762003 0.184223093707834 472.15664793712
"721" 0.25 -2255.12060322153 0.204842807058168 0.196790290947109 426.366216755791
"722" 0.375 -933.448756882354 0.601311934941942 0.329825122027688 257.714985050748
"723" 0.375 -2345.97079441789 0.353362189595005 0.230742282077737 366.839214248415
"724" 0.375 -2506.13413243986 0.315871736891734 0.218959150997979 384.178552973797
"725" 0.375 -3334.87563579386 0.369715520872936 0.235926476307666 363.830124620378
"726" 0.375 -1806.67961759117 0.482723048780104 0.272267707194474 312.374220094969
"727" 0.25 -2760.31716871968 0.178116347467122 0.19097142352281 448.304910596107
"728" 0.5 -3989.63901767489 0.341008713080019 0.226076246166583 376.974581364258
"729" 0.5 -1861.74450504645 0.652329413729903 0.365221673218801 243.535731369363
"730" 0.625 -3943.29516443002 0.504704212399208 0.283184469764551 308.930103924566
"731" 0.5 -836.3030281733 0.800317172340585 0.495386934363325 172.970227199465
"732" 0.5 -1690.51557273557 0.386034574147011 0.239093168026761 350.561827102781
"733" 0.625 -1393.85463349748 0.495276488529206 0.281355318182173 310.544185515756
"734" 0.25 -2348.3039174091 0.333661414334544 0.225524519366505 376.935057373827
"735" 0.25 -2986.47714796953 0.228165922581653 0.196130661169865 427.615911739667
"736" 0.25 -5367.63168933737 0.180326491922824 0.196518075904876 457.112814538546
"737" 0.5 -1988.75159176076 0.445051121571209 0.255403401813602 327.338637353394
"738" 0.375 -3169.62958587535 0.32007865044419 0.222159082204049 387.323054817062
"739" 0.5 -2513.16506875573 0.429671065416149 0.253068459447174 332.435185475997
"740" 0.5 -3153.5863900567 0.592959765560176 0.331539903948853 271.208575823759
"741" 0 -2762.85379449241 0.0628426684163027 0.173410943804462 502.155173511431
"742" 0.375 -2063.39856786396 0.384103790941374 0.243189322577194 355.695679993043
"743" 0.5 -1492.36374965268 0.718402599611205 0.409324975240751 210.531209562523
"744" 0.375 -1823.67180549176 0.28872471348447 0.216728225435735 393.221521890198
"745" 0.375 -2370.68509773049 0.177833317633556 0.192496618421956 440.881687471123
"746" 0.625 -2182.03479754905 0.490592303639794 0.272283371603812 309.978753323037
"747" 0.5 -3086.38711806842 0.320437583034992 0.221355919746341 379.591004215323
"748" 0.375 -1942.45535061433 0.357790246791043 0.228775113712511 366.264975416933
"749" 0.5 -1952.91617187307 0.44516277758718 0.261665486547734 326.727851178049
"750" 0.5 -1904.14942203946 0.587009521085742 0.32250489571969 267.997450587642
"751" 0.375 -3273.96705279898 0.224195265788785 0.202242939634499 428.547178608554
"752" 0.375 -2190.43960821758 0.314851688348662 0.218203552459397 386.463863151444
"753" 0.375 -1917.18192644488 0.506186559627713 0.287926500569236 308.62060530284
"754" 0.5 -1256.12866319271 0.519503081590822 0.28764764765957 293.628691389021
"755" 0.625 -1270.18202745608 0.761137067758298 0.445146557640599 190.173157376977
"756" 0.25 -6777.63479331081 0.214960446595539 0.195661479328845 428.316375775431
"757" 0.375 -2260.56473272949 0.471799320970371 0.268605437722951 315.340300122025
"758" 0.375 -2261.94023553836 0.284842190675022 0.215305351822482 404.084098928594
"759" 0.125 -3231.89358307868 0.0511264671489076 0.169207996466601 501.874580787353
"760" 0.375 -2557.21607296618 0.557586626267993 0.312628057777598 283.853702458487
"761" 0.5 -1577.33206454587 0.583487743091886 0.320499767500859 268.443777008822
"762" 0.375 -2464.39796391743 0.240765539880586 0.198742397228995 420.794702939526
"763" 0.375 -1612.46076221274 0.584541285697198 0.316331009960859 267.453491592179
"764" 0.25 -2235.34474198465 0.115084470118772 0.177155624341732 473.902787850968
"765" 0.375 -4024.92670398226 0.250493264562316 0.207066481618733 415.845117109304
"766" 0.125 -3028.16766492487 0.260150292367427 0.208709539633551 415.648828632622
"767" 0.375 -2535.99105202049 0.307235104131612 0.222473387426839 388.521243497143
"768" 0.375 -3328.74866009296 0.459932799771888 0.266032195216009 324.751414000596
"769" 0.375 -2841.44754232469 0.258980728840517 0.206410808808599 411.154281935081
"770" 0.625 -1523.95219107856 0.672141468633124 0.372306479500619 229.409012727423
"771" 0.375 -2354.09923731027 0.481894044526747 0.268420033232063 317.415678882213
"772" 0.5 -5944.62222390901 0.314393678152449 0.217816727116821 384.937295791239
"773" 0.375 -1695.12933342379 0.453342503200545 0.2609027483393 322.446040498861
"774" 0.5 -1571.57230362602 0.373953367317922 0.238211715304798 356.28978116944
"775" 0.5 -1544.41897920639 0.571131348722736 0.311189894180541 270.292358026926
"776" 0.125 -4359.46317935989 0.100244932410193 0.178407608294076 484.328274557448
"777" 0.375 -2166.94287210731 0.528214313674303 0.296970601351451 298.005319003344
"778" 0.125 -3307.0768142624 0.101438195794387 0.183547494658202 485.450144267375
"779" 0.125 -3893.77847379927 0.0274572573325071 0.167572680366159 507.07685236896
"780" 0.375 -3646.35987531012 0.293660725329214 0.219046717876117 399.353612021848
"781" 0.375 -3042.18058039864 0.477587086640383 0.272628579350722 319.886844541571
"782" 0.5 -4229.67161118161 0.324679243758702 0.229827513222298 389.764100174087
"783" 0.375 -1774.74710896826 0.192821820740766 0.19298232269743 435.705323961825
"784" 0.375 -4532.23392667097 0.321077376852652 0.218405642314588 387.049872690212
"785" 0.375 -1796.23796958403 0.51762411287305 0.287876258968609 297.677651028758
"786" 0.375 -2583.4857283796 0.337266426144742 0.226757095036856 376.232079810163
"787" 0.375 -1889.66994489601 0.456852885933907 0.26581191516605 324.039419736013
"788" 0.5 -2302.38820907093 0.497378077647486 0.286716532983115 309.68719339761
"789" 0.25 -4413.08507270879 0.214483339646764 0.198490861744976 428.480820830345
"790" 0.375 -1607.30038767994 0.650323723235776 0.357824496624489 238.989478603697
"791" 0.375 -3926.85345053538 0.251681242345124 0.207606075816209 412.943730247435
"792" 0.25 -3305.51252013008 0.225154440238846 0.202067442622188 423.674248262765
"793" 0.375 -4147.14374129096 0.20398536854563 0.198264079419366 441.700268358477
"794" 0.125 -1948.93586287606 0.0160174809600464 0.164759995752096 510.782884141193
"795" 0.5 -1593.45004639784 0.381300756921163 0.238889000799089 356.064019643916
"796" 0.375 -1615.92090713408 0.685958646154269 0.383438664078341 226.434742493625
"797" 0.125 -2654.78891911959 0.0933308985812444 0.173451738851728 483.136143953753
"798" 0.375 -1130.38434984115 0.352377264422317 0.232548935029261 363.273069146849
"799" 0.25 -2133.28631320191 0.182892230451747 0.192436627012753 445.143673745964
"800" 0.375 -2898.82909537453 0.252213142853242 0.204036471813935 414.833113788057
"801" 0.125 -1852.3039544664 0.593997035869435 0.325488602235511 266.69122992092
"802" 0.125 -3565.57185413783 0.058092303375202 0.168432981015402 499.540906036395
"803" 0.375 -1125.69426016879 0.568212733252085 0.311256338540464 272.801622441184
"804" 0.25 -3936.75187009806 0.327365153619332 0.226301681633341 391.17276173182
"805" 0.625 -1853.56976062175 0.590092357537522 0.317204106621468 265.8347812746
"806" 0.25 -3372.92339189217 0.183457649699822 0.193275563542983 449.757807930367
"807" 0.5 -2032.80285869731 0.591288425174212 0.324746154525259 266.956225658226
"808" 0.25 -4542.16282660874 0.173815164352391 0.192093177226953 455.416077530135
"809" 0.375 -1551.54868731447 0.402939915970235 0.241602121494823 347.572221367899
"810" 0.25 -1712.94993796629 0.43175230721089 0.25142828142455 334.239179064738
"811" 0.5 -4192.60487383258 0.480668356352391 0.268840975895008 312.465720598672
"812" 0.25 -2899.8133984488 0.286997090500681 0.214136628071727 397.214246557472
"813" 0.25 -4152.20203178042 0.155062357993408 0.185383819157069 459.26258796046
"814" 0.375 -2327.1220410671 0.269026574228343 0.214234832241031 404.993368610513
"815" 0.375 -1458.65879740801 0.550789074336288 0.304923439529737 281.501764066401
"816" 0.375 -2673.94927656213 0.589949505611336 0.325144441318695 266.879811983379
"817" 0.625 -1276.40009007584 0.449863304703261 0.261954994041659 325.308922335878
"818" 0.25 -1456.07870003582 0.16699704402532 0.187571588488358 446.786243487508
"819" 0.375 -1329.14651195662 0.539640607601248 0.293727729949583 284.813000852825
"820" 0.5 -739.954539285486 0.738539333262558 0.428201814646831 197.519431852731
"821" 0.5 -1339.90198868968 0.767755034961801 0.456547822666675 187.332097530326
"822" 0.375 -5857.07990922163 0.299310696501996 0.215096216450851 391.783086775687
"823" 0.375 -2871.9666405362 0.276567788666096 0.21185046551132 405.302067084629
"824" 0.625 -1504.80029397623 0.631601314214421 0.342504605829476 249.182917441637
"825" 0.375 -2525.14066365634 0.239003194721134 0.203724156377459 418.06681986822
"826" 0.25 -5428.44265528565 0.174140728182038 0.187511559572259 450.990126563419
"827" 0.25 -5647.47734657621 0.112892260762885 0.17870060000745 474.019070669252
"828" 0.5 -2037.24052577153 0.262439797502807 0.20924187197979 404.98460345116
"829" 0.375 -9587.59987302545 0.206215456255085 0.195017250482391 430.081959595184
"830" 0.375 -1038.60650605996 0.732965908443427 0.424493898429774 201.176980139421
"831" 0.25 -1765.19121526613 0.196481680107198 0.193820664604006 432.269043543891
"832" 0.125 -2372.61883737681 0.0313136007715403 0.166522340088088 507.312577487437
"833" 0.625 -1925.24448327101 0.589993186229058 0.325451333070835 267.887510894862
"834" 0.375 -3300.82756226227 0.411228173448902 0.243321848707355 345.70429093517
"835" 0.5 -1114.67457097103 0.592944390242853 0.323396603489433 260.478009873287
"836" 0.25 -3875.35449099885 0.121245382780152 0.182568531745699 477.354586886853
"837" 0.25 -3936.73365138662 0.381331168839799 0.23999925905352 362.482419839197
"838" 0.375 -2327.31380010911 0.439468654955235 0.262953036163045 335.098499607008
"839" 0.375 -1946.17679969677 0.614959153184899 0.333096481305083 253.395424725651
"840" 0.375 -2488.92603626921 0.243889653518986 0.204345135224093 420.073662791392
"841" 0.375 -2063.78433659751 0.322555890830521 0.220442172998253 380.394316110885
"842" 0.625 -3190.43404772633 0.496317266310761 0.28504662525715 313.298535957079
"843" 0.25 -4283.1091969527 0.340665806353441 0.23141855948351 377.012959035824
"844" 0.25 -1386.4375453062 0.238617255145928 0.200500618998073 417.529958197955
"845" 0.25 -2603.00297953816 0.215468925403536 0.200710327806147 435.128643170496
"846" 0.375 -3615.4917814607 0.370200553080084 0.236643892200667 365.313750944442
"847" 0.25 -3639.13689898903 0.329999055722886 0.230767339054337 389.121887315685
"848" 0.375 -3666.94322293377 0.245442061015607 0.208974400422024 423.92138237511
"849" 0.5 -1314.8521926875 0.473441169511911 0.267799989338266 314.595578913384
"850" 0.5 -2049.89557503258 0.470325759557217 0.274488406040926 322.975255255359
"851" 0.25 -3781.68818287123 0.413127419641841 0.246254154036747 344.246913775027
"852" 0.25 -1849.71665005784 0.274261901464504 0.215664300384365 407.65393521762
"853" 0.375 -2628.97609187619 0.336766373920586 0.225622981919044 374.174722351486
"854" 0.5 -1542.7012876992 0.590775115861203 0.322457168515788 268.261679881071
"855" 0.25 -1310.48252653483 0.389886910928261 0.241490108040518 350.974805625529
"856" 0.375 -4280.34122054313 0.25595464434008 0.204756106125273 408.761626936484
"857" 0.25 -1850.54926435766 0.204664075863627 0.200647778062 433.704702329676
"858" 0.375 -1587.29606702174 0.652074543400965 0.36191215935014 239.41360445877
"859" 0.375 -1623.26542078965 0.51612054088965 0.290873630807616 297.155946283997
"860" 0.75 -1254.61461575352 0.841415417613728 0.548533594728648 153.181615982214
"861" 0.375 -2154.37789182036 0.171628108771641 0.188617678446862 443.399694031765
"862" 0.375 -1281.03967783969 0.538697242825781 0.297504580187867 285.350083404691
"863" 0.375 -2526.2229372937 0.363122259258089 0.235759284282448 366.818899165895
"864" 0.125 -3734.9890957154 0.0334543098806367 0.168344792778371 504.663911956889
"865" 0.25 -4361.81005455905 0.437941489973848 0.262748981132318 337.534632063598
"866" 0.125 -2182.01436657814 0.0298361124803643 0.167547968110366 507.077557164156
"867" 0.25 -4368.4574836065 0.288138245986938 0.217168793971022 408.431129864955
"868" 0.25 -3108.78904312013 0.255520734061632 0.2077389079752 416.341442472152
"869" 0.5 -2161.79104596472 0.525129587387406 0.289048540181468 293.567961077021
"870" 0.375 -2756.18233745097 0.495647227174091 0.280767129176465 314.222522134892
"871" 0.125 -2039.32207261168 0.337151744592531 0.22980158423106 376.811565462185
"872" 0.5 -1489.61755411159 0.29895830624315 0.218915105971006 389.475305720013
"873" 0.5 -2582.83704925313 0.376919846822402 0.236116905356193 356.347368975729
"874" 0.375 -2934.49449544026 0.367075443500098 0.234007504478338 365.464243276142
"875" 0.125 -3914.77963782917 0.0456306750204404 0.169701232218257 505.621753504914
"876" 0.625 -2295.46751867795 0.57747023998406 0.318454236511846 271.680797773253
"877" 0.375 -2366.29825660458 0.332217324966758 0.225870785121526 373.090167084366
"878" 0.25 -2258.86747808258 0.375805345975025 0.234667453596622 358.309223597845
"879" 0.375 -2155.68038771215 0.308985168652766 0.216443189486182 392.150341271731
"880" 0.25 -4884.37473266514 0.598077575071347 0.321654394709155 264.385091411646
"881" 0.375 -2246.86600442253 0.271369978497162 0.210258895940416 398.604394271267
"882" 0.25 -1741.36390981974 0.244906665290502 0.207996149806908 416.874227627418
"883" 0.125 -2047.7280230532 0.309343305709283 0.218523185554577 383.917193545345
"884" 0.5 -2985.30892707674 0.573384568884662 0.310359373561949 274.01138665922
"885" 0.25 -2186.98181133596 0.754174510739181 0.441963219888662 194.534876329002
"886" 0.25 -1445.21411668638 0.228218016681345 0.200220554083536 418.335639271935
"887" 0.25 -3356.73521606697 0.274764846615588 0.210405534578415 399.362601236221
"888" 0.5 -1480.44030319247 0.610977672530645 0.336823139578406 256.142088843482
"889" 0.25 -3309.81756989443 0.186594841160636 0.195197995725103 440.170395552635
"890" 0.25 -2444.33566524034 0.2146346781191 0.199871563082745 424.92730625188
"891" 0.25 -4229.92848348704 0.134525303446909 0.186293951273257 466.70510318557
"892" 0.25 -1456.72266715171 0.490709948983261 0.280859420534524 309.871716680719
"893" 0.5 -2774.31044070128 0.383892399892701 0.241308730758538 359.285223094929
"894" 0.25 -2700.43586419771 0.573271516319103 0.311402139293859 271.338920248271
"895" 0.25 -2907.47821803197 0.183488448442845 0.192082427624432 443.167197310632
"896" 0.5 -1662.85964610867 0.483410384643279 0.275547636342914 311.672991159916
"897" 0.25 -1824.00562671614 0.508196763206229 0.28350010742902 303.863326700597
"898" 0.5 -7496.49830135102 0.478243075524406 0.271834745551043 320.599161447652
"899" 0.25 -4367.70349561818 0.165197401099678 0.18889435696679 446.43595281826
"900" 0.375 -2450.10723912449 0.27259056860814 0.210304132962225 404.436250378412
"901" 0.375 -2771.81305976771 0.324774551851354 0.223375515520817 388.85469765146
"902" 0.25 -3046.40202610144 0.355353417299471 0.228194507943342 374.359759379447
"903" 0.375 -1138.45117521149 0.496770043300699 0.279109747902457 301.602957869176
"904" 0.5 -1623.5510017882 0.556074756226627 0.305594836233165 276.075600443741
"905" 0.375 -3277.43597484549 0.37509480540414 0.232926057998334 362.585657268145
"906" 0.5 -1654.09310328968 0.502516071947438 0.280626509061468 299.198022903866
"907" 0.125 -3649.08224183777 0.229102920721559 0.197691570491479 424.122141124111
"908" 0.125 -2321.16022576001 0.169064144917806 0.188358379004456 450.771699889529
"909" 0.25 -4593.47825400748 0.318265236804163 0.217808436689318 386.252332229412
"910" 0.25 -1818.80642390547 0.385991624622098 0.238833386190997 351.897213650381
"911" 0.25 -1866.94088740014 0.425540369503409 0.253017654867052 331.336092064862
"912" 0.375 -3210.60540302498 0.360240056416064 0.231180796721826 367.167906914951
"913" 0.375 -1641.28392600347 0.338791949577646 0.224899323434311 376.028246647156
"914" 0.25 -1544.10470737403 0.54216797017824 0.298178343354708 287.307767029793
"915" 0.25 -3754.41934767082 0.234316298532191 0.203103390123323 412.210435132073
"916" 0.375 -2932.01707345219 0.301377354404648 0.216395897604962 394.021351421797
"917" 0 -3417.76254491743 0.0431688148212771 0.171324842933058 501.645697864963
"918" 0 -3085.2518542913 0.0293787296020226 0.166596742194267 511.491536177408
"919" 0.375 -3594.03202149552 0.341194504444782 0.230334848800298 383.727797737567
"920" 0.625 -3435.61902694722 0.451688856487807 0.262779216933487 325.601124936179
"921" 0.5 -4149.44424558281 0.54608607646116 0.295872106283252 283.0537919848
"922" 0.375 -5898.95540368536 0.273444912726986 0.206179330219745 410.718662329134
"923" 0.375 -2340.16027410965 0.384078792094137 0.242005456736275 355.021528185967
"924" 0.375 -1615.48834920321 0.281001663539341 0.212239662072042 398.9645783301
"925" 0.25 -1365.08546278157 0.376670124486395 0.235521564899445 357.843074471626
"926" 0.375 -1746.21026229474 0.5914068845732 0.322984067183671 264.18775287379
"927" 0.25 -7769.63695131627 0.415955895471411 0.258586311929502 352.021433945698
"928" 0 -3714.42625533596 0.00871784141155463 0.160250999587218 524.704243483161
"929" 0.625 -1788.2510727157 0.633083945935743 0.34840765908068 246.461364882367
"930" 0.125 -2023.43720090605 0.258668723924635 0.209459865782999 412.334826651729
"931" 0.25 -2191.20172559584 0.443695879944945 0.263120015651965 330.235730513525
"932" 0.25 -4302.85042463451 0.171083105404713 0.189475618704091 444.334952476133
"933" 0 -4239.15652235767 0.00478210243606325 0.16178510486369 518.34789221863
"934" 0.375 -1697.88274571202 0.185805736426408 0.192514822255929 435.233553977165
"935" 0.5 -1950.84961986894 0.568160450891124 0.316121227223453 274.563085528006
"936" 0.375 -3881.84029783559 0.276609166803276 0.212088707305831 405.634291226191
"937" 0.25 -2076.68942311376 0.446036028464394 0.263330372661256 331.182417376754
"938" 0.375 -2686.7970287731 0.479135229053788 0.271318392285604 312.959329812918
"939" 0.5 -987.585285722097 0.700770636177917 0.39089997264374 217.414592404335
"940" 0.5 -2939.88268288667 0.537232623201577 0.29567573589854 286.599466755753
"941" 0.375 -3910.59202163281 0.210602941862057 0.194633638893493 430.362601384986
"942" 0.375 -1898.46595775694 0.539617835002111 0.300843313371008 289.688987043864
"943" 0.375 -1889.35657085802 0.642989036958003 0.352587511210905 240.981986878859
"944" 0.375 -3243.46887429617 0.48379401720745 0.27189037488604 317.898705084234
"945" 0.25 -2811.51497139003 0.253254724888834 0.204965735150239 410.827116108919
"946" 0.25 -5381.99571209454 0.1269394154281 0.180668404579966 467.332392023555
"947" 0.25 -2238.23065020267 0.351678692495514 0.229776948566207 368.605919371474
"948" 0.375 -1810.00378516934 0.531299781760376 0.291681424787569 287.08542103383
"949" 0.25 -1805.65725924603 0.429634007713534 0.252967678610418 340.392360398779
"950" 0.25 -3381.77490567243 0.285239586126739 0.211508854232138 404.263327237598
"951" 0.5 -1064.69854163157 0.850196105692849 0.566445221059866 151.191501883538
"952" 0.25 -1989.86362967691 0.0826384679652487 0.175536730162779 477.953355785716
"953" 0.5 -2234.86298341411 0.765533172190073 0.45789571203924 187.741697812041
"954" 0.25 -1433.97803993095 0.720969609084417 0.410237861647881 206.272244599616
"955" 0.25 -9052.75305294357 0.224038742341523 0.19814281128776 430.201573496602
"956" 0.5 -2547.56315426806 0.321938940911818 0.223837023767547 385.402764587991
"957" 0.5 -2299.68593096722 0.447359482254039 0.260819228995351 329.666504050489
"958" 0.25 -1749.28306072182 0.0840513146408255 0.173738863162241 483.800808032765
"959" 0.375 -1925.82182365471 0.406118374439243 0.248544986606189 343.431513781089
"960" 0.625 -1981.3699589039 0.699684227312455 0.395086714522563 218.638801115029
"961" 0.5 -3109.02812867662 0.473011985155462 0.268970742208457 313.450789750824
"962" 0.5 -4252.65173108413 0.335472561665072 0.230710407830528 384.855385340945
"963" 0.625 -1347.41222686219 0.513902074859397 0.283064040723021 296.35959120207
"964" 0.25 -1140.70324543983 0.414243575364579 0.252060343742157 339.386087222131
"965" 0.375 -2327.46420852317 0.515652126822792 0.283840480721596 300.472772425552
"966" 0.375 -1405.79119057306 0.583632853701119 0.321116448066336 270.403549555866
"967" 0.125 -2715.35019612588 0.189783818822852 0.189991294970269 441.149691914347
"968" 0.375 -1760.17884572282 0.419213618569388 0.256284578994193 344.336374216549
"969" 0.125 -10290.754496479 0.158066629887996 0.196294356079483 469.695066747298
"970" 0.375 -1651.70047386037 0.342022168756342 0.226743296345828 374.036734900187
"971" 0.375 -4154.90480279102 0.422001589390343 0.25905147515883 346.924903612699
"972" 0.125 -1815.61437354956 0.760334319396709 0.448820734949227 193.845289302348
"973" 0.125 -5470.10886718253 0.130882150182829 0.181387952043006 476.527887099649
"974" 0.375 -5326.04239859426 0.520703971037804 0.290301999904406 299.360834170955
"975" 0.125 -5211.75955345729 0.218344605907033 0.203990129145523 434.31098961574
"976" 0.125 -4461.8616084115 0.188203971773103 0.195021099158868 442.296529437622
"977" 0.25 -3437.71184042903 0.144540665449716 0.186984521408149 466.436211795961
"978" 0.25 -4766.30681839816 0.0364964995224197 0.168645290679174 501.360200696732
"979" 0.5 -3685.59535432296 0.363535045197753 0.229359781590627 366.894225705459
"980" 0.125 -2251.71931999214 0.200076860643725 0.193424245651705 436.404427943275
"981" 0.375 -3377.37006191186 0.303930759861648 0.217659162679259 396.460552361419
"982" 0.375 -2645.20311264089 0.442945525373807 0.254914264113694 329.264478772317
"983" 0.375 -3194.53086209168 0.272199761802319 0.214857361778466 411.121302651892
"984" 0.375 -2377.29229775659 0.488858645637499 0.273092958308025 306.192165587945
"985" 0.375 -2784.20253452774 0.316189030496312 0.221985497938211 391.50846708687
"986" 0.5 -1595.47267677461 0.561749342827569 0.303160600249994 276.556536780539
"987" 0.25 -2614.54194729582 0.12466055807822 0.184093524671038 468.273723038935
"988" 0.25 -1761.02063870825 0.085740931802623 0.175526278121281 479.073650942912
"989" 0.25 -1803.58028710675 0.0959954166161967 0.1754066840583 479.664862609356
"990" 0.375 -1670.13075531838 0.540802227710889 0.297307728875141 282.524745375791
"991" 0.5 -1906.69642274979 0.54218882281028 0.295358559080036 286.813127110035
"992" 0.25 -4314.71301717204 0.28287632632517 0.21056186182558 405.936381691162
"993" 0.625 -2837.0274146639 0.65536468586333 0.364925236730795 244.259824631903
"994" 0.25 -3023.26484398188 0.260724713689042 0.211575273315994 414.830132925984
"995" 0.5 -1501.00631177713 0.446995073719256 0.258817537434395 328.747341531101
"996" 0.25 -2611.20090699904 0.343056862706336 0.231260422975702 375.991384317685
"997" 0.25 -4837.94297892263 0.11848467427643 0.182876216568049 476.357140241432
"998" 0.25 -2568.35984865873 0.346398332176297 0.22677409439523 370.464607862117
"999" 0.375 -2442.81066973626 0.535568004336408 0.293296044401773 289.99672206151
"1000" 0.25 -3083.84323391575 0.216913620965928 0.203457371885404 432.106910250892
