"SCI" "RCI" "GER" "MSM*" "MIG"
"1" 0.363636363636364 -6078.71488036685 0.0505631069562347 0.285734076672274 252.332521341849
"2" 0.545454545454545 -2139.53372384871 0.487859901661398 0.431551472447495 167.071611622811
"3" 0.545454545454545 -5538.3250919623 0.102264324949479 0.299390512687613 240.822594386048
"4" 0.454545454545455 -9743.91131292143 0.0441162635075883 0.284800574818518 253.159601401591
"5" 0.363636363636364 -4515.20785576928 0.203115727406527 0.32481848802085 221.970123804566
"6" 0.363636363636364 -3421.6647335333 0.0829895746298399 0.295218736935224 244.225690918188
"7" 0.545454545454545 -4075.42370737712 0.0726982439925424 0.292452010039934 246.536175251984
"8" 0.363636363636364 -4209.18380023014 0.0702442106020182 0.293999803099383 245.238259481512
"9" 0.454545454545455 -2983.30836754953 0.438447822489212 0.409684994001283 175.988872074173
"10" 0.454545454545455 -5357.38245174022 0.458517255052182 0.410306565012954 175.722267562849
"11" 0.272727272727273 -3321.72095563304 0.00871738868108163 0.278940973967289 258.477623328493
"12" 0.454545454545455 -3229.39815036455 0.412501066821202 0.394625307583246 182.70495737223
"13" 0.454545454545455 -5444.92861226128 0.0514204634303326 0.288611304920785 249.816964099134
"14" 0.272727272727273 -7243.80637239668 0.127798796199028 0.306767504021231 235.031413219733
"15" 0.363636363636364 -8021.85986360902 0.0671091942401695 0.293116441606359 245.977331073181
"16" 0.454545454545455 -7084.94756684563 0.149644812884701 0.306824326751478 234.987886271481
"17" 0.454545454545455 -9557.69726421922 0.0580350341226601 0.285909687905087 252.177533850951
"18" 0.454545454545455 -5058.56688701926 0.115578013175099 0.298882663338303 241.231790411311
"19" 0.454545454545455 -2922.63473433805 0.049067110769367 0.290298711814255 248.364863727444
"20" 0.363636363636364 -4354.28424084626 0.118246269861424 0.305873301805394 235.718513431657
"21" 0.454545454545455 -5532.30935998617 0.107094007496073 0.296642097484993 243.053836968124
"22" 0.545454545454545 -5147.64051849441 0.425652895871665 0.401022320336483 179.790491311066
"23" 0.363636363636364 -5899.51867957171 0.0869439411766736 0.292509053589766 246.488097086792
"24" 0.454545454545455 -5059.42514846614 0.127988724313926 0.308167575238561 233.963615231698
"25" 0.272727272727273 -5846.85433807072 0.00808972984639922 0.281618311910931 256.020283307441
"26" 0.454545454545455 -4278.55339156311 0.419039201396392 0.395228930555787 182.425916793616
"27" 0.545454545454545 -3834.93714859068 0.114461706137531 0.303220733157263 237.780574069801
"28" 0.545454545454545 -2090.47049097955 0.500452526293984 0.436894771025571 165.028296930064
"29" 0.454545454545455 -6405.02005251981 0.142282282260143 0.304347785729833 236.900031413413
"30" 0.363636363636364 -4655.0165296518 0.0347449027796267 0.283685222586959 254.154937442675
"31" 0.454545454545455 -6180.44408834313 0.0459276507562661 0.287743271137215 250.570585769208
"32" 0.363636363636364 -5590.34629392624 0.0334917277352309 0.285163762406734 252.837174651815
"33" 0.363636363636364 -13054.6160147885 0.0365393601582527 0.281393995014871 256.22437321802
"34" 0.454545454545455 -6953.47967115635 0.0930626694426171 0.296885643226108 242.854451352127
"35" 0.454545454545455 -3317.90743248662 0.424593369838173 0.400910661147171 179.840565460874
"36" 0.454545454545455 -2320.90342727119 0.485798479523826 0.429906432123442 167.710912451055
"37" 0.454545454545455 -11696.1977375071 0.130800779834729 0.305861940541308 235.727269213028
"38" 0.454545454545455 -4479.61208228187 0.114804937820358 0.302997102276357 237.956071059185
"39" 0.545454545454545 -102481.182578677 0.465342594985063 0.412971343435916 174.588385237893
"40" 0.181818181818182 -4463.94344677571 0.0239458084508549 0.282164912089507 255.524329605975
"41" 0.636363636363636 -3733.14657944174 0.146230083940061 0.308185155105167 233.950269199034
"42" 0.636363636363636 -2477.08043684513 0.483649420773674 0.4280140621363 168.452409344065
"43" 0.454545454545455 -3407.13990405906 0.126819856891371 0.307440176179417 234.517169798665
"44" 0.454545454545455 -4472.37986774377 0.13441541796477 0.308886120430467 233.419358239602
"45" 0.454545454545455 -5493.20803424265 0.0454469111717221 0.283047001893295 254.728011664934
"46" 0.545454545454545 -6009.62279032834 0.0899880460531217 0.294984230465828 244.419845380014
"47" 0.545454545454545 -2918.10550742844 0.174430680294979 0.317917521449236 226.788381059748
"48" 0.454545454545455 -4301.80460201289 0.119832220677044 0.303775716391954 237.346160701572
"49" 0.454545454545455 -4906.08934956888 0.179820781095619 0.320871236043828 224.700726961241
"50" 0.363636363636364 -3477.87419450117 0.423186471034226 0.402089953827509 179.313109700149
"51" 0.272727272727273 -21173.212592811 0.0237713024102315 0.279557069196852 257.907983536737
"52" 0.545454545454545 -4452.66759453189 0.212552998130261 0.329580253219315 218.763106392852
"53" 0.454545454545455 -3243.75796754105 0.0398647626117394 0.285277832913839 252.73607578818
"54" 0.454545454545455 -17113.710853293 0.099320804032463 0.298213392456253 241.773179286631
"55" 0.363636363636364 -3717.8287472773 0.0342995047897025 0.287878344782281 250.453017070556
"56" 0.272727272727273 -4073.18820163654 0.0402036808019183 0.286260368913713 251.868605750777
"57" 0.454545454545455 -5770.2397263976 0.0443880532126867 0.283522900113175 254.300446176374
"58" 0.636363636363636 -14320.2770623817 0.0862206057582832 0.295021494542121 244.388972782816
"59" 0.363636363636364 -3272.19209954299 0.0621162838115332 0.290656636640431 248.059018480952
"60" 0.545454545454545 -6728.69155497969 0.107731463041354 0.303003222334273 237.95126482338
"61" 0.454545454545455 -4701.0906888247 0.405351501244006 0.39572000195603 182.199534124159
"62" 0.727272727272727 -5904.6958615149 0.526629710217441 0.447826086956522 161
"63" 0.545454545454545 -6901.83391981635 0.102909365654932 0.301295731425921 239.299772548312
"64" 0.545454545454545 -3143.87452319336 0.0754163550743174 0.293422333361351 245.720900566926
"65" 0.545454545454545 -5585.27460175235 0.210769663606459 0.324318141444404 222.312571473464
"66" 0.363636363636364 -5249.04779743731 0.0191383115176498 0.281432139006102 256.189645769053
"67" 0.545454545454545 -2982.03147846539 0.511086286810339 0.438676014554708 164.358199691377
"68" 0.363636363636364 -5827.73654056766 0.0319224957892493 0.283796560062871 254.055228802024
"69" 0.545454545454545 -8315.71731844383 0.0653670980058406 0.289722077075595 248.859185077523
"70" 0.545454545454545 -2602.20392894418 0.117043296121596 0.306288074166662 235.399305690133
"71" 0.545454545454545 -7041.05619667457 0.26460150311188 0.341644112018847 211.038321643964
"72" 0.454545454545455 -13246.597054771 0.118998671465666 0.296717069117506 242.99242444811
"73" 0.272727272727273 -6000.95909830287 0.541102840704312 0.45424813169448 158.723822882982
"74" 0.545454545454545 -4385.16731665654 0.136016286226954 0.305753397943954 235.81095250237
"75" 0.272727272727273 -6961.3698906616 0.0178026232712811 0.282545246626061 255.180367962169
"76" 0.454545454545455 -3825.92644826476 0.081560507442847 0.296305550948799 243.329899723879
"77" 0.545454545454545 -4571.29768638393 0.0720071659221183 0.294803512649542 244.569677450592
"78" 0.454545454545455 -2129.92721336322 0.417486690476787 0.399853341642153 180.316112162258
"79" 0.545454545454545 -18093.3104944385 0.0705490798755346 0.289855944122317 248.744251970814
"80" 0.363636363636364 -14011.3763339064 0.0249024006112673 0.27977820292468 257.704135798636
"81" 0.545454545454545 -4889.13537220002 0.465370964257446 0.415846550241851 173.38126277125
"82" 0.363636363636364 -6614.41829860982 0.0760640943961389 0.292938244515416 246.126961398533
"83" 0.454545454545455 -3922.05587079202 0.1877285723616 0.321915137052781 223.972071211359
"84" 0.545454545454545 -1399.74821474176 0.846377232463392 0.714049777417971 100.973352671177
"85" 0.454545454545455 -2339.35074558117 0.0340872147684309 0.285478817366783 252.55814307009
"86" 0.454545454545455 -4271.71513337549 0.276397372731292 0.345259713282782 208.828302944651
"87" 0.272727272727273 -3793.58428192641 0.0114883451777072 0.279257326269593 258.184810988253
"88" 0.272727272727273 -3827.66721651449 0.0808575165068112 0.292298025708324 246.666051969665
"89" 0.454545454545455 -2948.31146514923 0.133560297568589 0.306234890762925 235.440187172587
"90" 0.454545454545455 -6486.31854618232 0.121879080166081 0.304101300596185 237.09204748105
"91" 0.454545454545455 -3408.79729948791 0.1130680659464 0.302382114919734 238.440028171437
"92" 0.454545454545455 -5116.16632728412 0.0517643851951385 0.28836197345113 250.03296772145
"93" 0.363636363636364 -3477.98282568497 0.0878475973714873 0.297702835676406 242.187817378973
"94" 0.545454545454545 -5789.62894490696 0.0692977536204779 0.292107500698821 246.826938122137
"95" 0.454545454545455 -9161.81373178776 0.129861643336758 0.308157105505722 233.971564217789
"96" 0.454545454545455 -2436.10502100022 0.140333608783051 0.311998583242714 231.090792947323
"97" 0.363636363636364 -6131.26654280409 0.0416732337001755 0.287602947698693 250.692840865927
"98" 0.545454545454545 -3173.2224340118 0.493069996500302 0.431434974352098 167.116725083021
"99" 0.454545454545455 -5094.42089140689 0.130304457719006 0.307909483031348 234.159725417289
"100" 0.454545454545455 -3741.50929401174 0.107549252418756 0.301875105079132 238.840496572581
"101" 0.363636363636364 -3662.66500234753 0.456933049075837 0.415378682241556 173.576553353481
"102" 0.363636363636364 -5820.28707748557 0.0240231829695708 0.282834875560181 254.919057832593
"103" 0.727272727272727 -4526.32651444066 0.195571803330047 0.323457226591436 222.904279368816
"104" 0.454545454545455 -2439.8673651363 0.0815127423052742 0.296587663534645 243.098445635712
"105" 0.454545454545455 -4973.85618986276 0.0772309055917666 0.291984734354656 246.930717660138
"106" 0.454545454545455 -13993.910498826 0.123812594927471 0.303436187121359 237.611738678893
"107" 0.545454545454545 -7116.8619677386 0.116302350876558 0.302228823023801 238.560966087348
"108" 0.272727272727273 -8611.20515890502 0.00808510391768635 0.281501663947078 256.126372359755
"109" 0.545454545454545 -3334.50076285122 0.13083699091758 0.305820011693934 235.759588133683
"110" 0.545454545454545 -4865.91676735839 0.17794497832363 0.316067344432019 228.115941966626
"111" 0.545454545454545 -8006.15731111615 0.111443059878752 0.301550864606345 239.097308157686
"112" 0.636363636363636 -2243.76774652609 0.447410686358072 0.412156881722625 174.933388710278
"113" 0.363636363636364 -3658.37136486569 0.0196956231412416 0.281143340069536 256.4528115166
"114" 0.454545454545455 -6178.52944870742 0.0669096881065503 0.29049755369774 248.194861134767
"115" 0.545454545454545 -2964.74652300324 0.111163747337207 0.301393614919447 239.222055249146
"116" 0.363636363636364 -4920.13547222644 0.031771075448651 0.282799417881445 254.95101984342
"117" 0.454545454545455 -9085.20079213043 0.20580780089061 0.322534525841789 223.5419597695
"118" 0.545454545454545 -3096.29579491802 0.521179507609574 0.448503202577137 160.756934589781
"119" 0.272727272727273 -9899.9072593109 0.10488255170175 0.299067631986332 241.082592325789
"120" 0.545454545454545 -4593.9390114421 0.514269721984874 0.442869007716734 162.802089881431
"121" 0.636363636363636 -3123.92798329034 0.476143621123256 0.424891575319494 169.690349698708
"122" 0.454545454545455 -3465.17541790507 0.0720225674408975 0.294450195173321 244.863142160799
"123" 0.363636363636364 -5201.49261304201 0.0339924818281694 0.282607921186217 255.123776068865
"124" 0.454545454545455 -7492.9307466767 0.130154225798439 0.30773008408289 234.296234685261
"125" 0.454545454545455 -3032.93255903962 0.398618648813219 0.389266879151738 185.219970825966
"126" 0.454545454545455 -2687.26521448606 0.111958241352961 0.302007760190914 238.735587305512
"127" 0.272727272727273 -5593.26281878937 0.0234878839574495 0.278176308527588 259.188140002402
"128" 0.454545454545455 -3688.14066046098 0.0519638477008945 0.289699893290425 248.878241483228
"129" 0.454545454545455 -5935.26524270477 0.0329615694219026 0.285268486558759 252.744356272066
"130" 0.363636363636364 -6089.32110865516 0.102914225248498 0.297601668839396 242.270146807912
"131" 0.454545454545455 -6065.54111987413 0.168348157919784 0.310826992252087 231.961836639739
"132" 0.272727272727273 -7720.64038773263 0.085917844295765 0.298594626332683 241.46449279924
"133" 0.636363636363636 -2362.66026471889 0.0831990767252341 0.297083394785337 242.692796923561
"134" 0.272727272727273 -4148.18333598146 0.38398330614295 0.38398330614295 187.768579640174
"135" 0.636363636363636 -3618.7181118278 0.501309993266154 0.434539961077701 165.922599664217
"136" 0.272727272727273 -2146.37306584099 0.455381642156617 0.417239581419378 172.802397497208
"137" 0.545454545454545 -11344.9242188472 0.421790294060998 0.394270997157423 182.869144623418
"138" 0.363636363636364 -7695.55137568189 0.0939638501539422 0.298011817709291 241.93671430283
"139" 0.454545454545455 -4750.0767685469 0.133164525996944 0.30778189047523 234.256797528517
"140" 0.454545454545455 -3609.89557244994 0.123192964986503 0.304413358997486 236.849001099835
"141" 0.545454545454545 -4219.52706062736 0.108051045586523 0.300739666419747 239.742235729453
"142" 0.636363636363636 -4160.77059952637 0.513727890996903 0.445259224660972 161.928144340857
"143" 0.454545454545455 -5363.24759990096 0.430555418631127 0.406477760042059 177.37747814921
"144" 0.363636363636364 -3187.70068071661 0.0584627924369273 0.292368688512291 246.606435069633
"145" 0.363636363636364 -7318.91846968524 0.0403025942294484 0.284897505495015 253.073468912004
"146" 0.454545454545455 -7395.1512658613 0.105934742385278 0.304079037207845 237.109406363708
"147" 0.454545454545455 -2989.8959317779 0.0585867114947269 0.293090893772795 245.9987721621
"148" 0.454545454545455 -3850.42610748067 0.448777316023523 0.406449372575053 177.38986664738
"149" 0.363636363636364 -8640.28881021598 0.0457587187907555 0.286797469186824 251.396918544748
"150" 0.454545454545455 -4245.04947257375 0.442843137046867 0.410828079202046 175.499201856018
"151" 0.272727272727273 -4958.42773985036 0.0197953478900241 0.281411063518691 256.208832369561
"152" 0.272727272727273 -10848.0436681087 0.0411744772539347 0.289464809009426 249.08036402329
"153" 0.272727272727273 -7328.77291717801 0.00797086950526826 0.278609397044596 258.785241146979
"154" 0.454545454545455 -4760.06830119744 0.0704948543556698 0.292493364836388 246.501318210519
"155" 0.181818181818182 -1893.09124711038 0.417697634700441 0.398480871454469 180.937167038489
"156" 0.363636363636364 -4481.65962526791 0.441683672631478 0.4061758215463 177.509335059673
"157" 0.454545454545455 -3921.29915925323 0.0450481468532025 0.285653237619317 252.403930726967
"158" 0.454545454545455 -3864.26266713998 0.0532891778210798 0.290138554704381 248.501961669527
"159" 0.454545454545455 -7526.60669675197 0.0409056783134616 0.287591442886357 250.702869586042
"160" 0.363636363636364 -17209.4678334933 0.0893216098451362 0.296239219217723 243.384384385004
"161" 0.363636363636364 -5672.70418763284 0.026698085624421 0.282007575633763 255.666890642806
"162" 0.636363636363636 -5466.11161067744 0.0691727302240338 0.292876595662597 246.17876972
"163" 0.454545454545455 -4870.29784083894 0.123721242628688 0.301320701315167 239.279942218729
"164" 0.454545454545455 -3860.18423526459 0.16732631410556 0.314910066626435 228.954255963908
"165" 0.454545454545455 -3695.41625661617 0.0481286478207181 0.2860241946014 252.076577299615
"166" 0.636363636363636 -7830.35751838184 0.0920800786842385 0.294990890338816 244.414327226134
"167" 0.545454545454545 -7323.85844803545 0.417086294753843 0.397815885574111 181.239620172403
"168" 0.363636363636364 -2927.97496839718 0.135829435281758 0.307331478760206 234.600114153147
"169" 0.363636363636364 -5811.88103904295 0.0660992824145525 0.28849907208767 249.914148694697
"170" 0.363636363636364 -3504.99794083291 0.0206232498423047 0.283847634041887 254.009515504224
"171" 0.545454545454545 -1651.60987592565 0.574909613759516 0.479471544572042 150.373887285331
"172" 0.272727272727273 -5087.07513766246 0.0321217781398732 0.285105140977532 252.889161355677
"173" 0.545454545454545 -3387.98735900515 0.440422715848445 0.406944246803629 177.174147481662
"174" 0.545454545454545 -1807.92801617731 0.447842554897754 0.414049479584158 174.133777616173
"175" 0.454545454545455 -8380.85195766665 0.415040745457769 0.395624183810059 182.243661915814
"176" 0.545454545454545 -4688.20797704524 0.0671689764583865 0.290933371858771 247.823065258391
"177" 0.545454545454545 -5326.30276581221 0.161145010062831 0.312296258999621 230.870520930856
"178" 0.545454545454545 -8462.81345930661 0.123053721376228 0.303003034373696 237.951412430671
"179" 0.545454545454545 -5079.07700419522 0.1450740095799 0.308688071074846 233.569116386484
"180" 0.454545454545455 -5046.56860644193 0.440947204153704 0.407246772374796 177.042532662838
"181" 0.454545454545455 -4697.25065679491 0.0488983317537373 0.286172024602541 251.946360236079
"182" 0.454545454545455 -2708.19211574453 0.46179071699476 0.417611527183607 172.648491018066
"183" 0.454545454545455 -12991.6152838086 0.0466384506996727 0.289149060970242 249.352357424464
"184" 0.454545454545455 -5398.10336802942 0.0332927663544467 0.288511126744916 249.903706707805
"185" 0.363636363636364 -3851.69001419362 0.461186115299231 0.414115274034207 174.106111319247
"186" 0.454545454545455 -6543.91993038348 0.132551412055915 0.30523369357717 236.212454644269
"187" 0.454545454545455 -5102.40791946653 0.0589910186759157 0.288397950463896 250.001776656267
"188" 0.363636363636364 -2865.66462618513 0.0842034900013853 0.295419958280825 244.059339861737
"189" 0.363636363636364 -5034.07058128518 0.0576240027471042 0.288723692366375 249.719721333118
"190" 0.454545454545455 -6581.55662827047 0.108868571212097 0.302025394359353 238.721648399587
"191" 0.454545454545455 -2055.90159747995 0.121856729238591 0.307485889954624 234.482304247001
"192" 0.636363636363636 -4592.11945499431 0.128253726018662 0.306394800198721 235.317309410074
"193" 0.454545454545455 -12074.616812213 0.14714524431545 0.312242092733929 230.910571245238
"194" 0.363636363636364 -4817.98204975527 0.089549797571759 0.296823721631308 242.90511419959
"195" 0.454545454545455 -2880.66602536336 0.137461890254323 0.309965411086835 232.606598740147
"196" 0.636363636363636 -3966.1944085803 0.175565540392492 0.317144185863345 227.341389859398
"197" 0.454545454545455 -4136.61846661537 0.148346702666319 0.3069415199311 234.898165670726
"198" 0.545454545454545 -3128.3163451838 0.133552188779934 0.309413130890033 233.021784798217
"199" 0.272727272727273 -4221.66511906217 0.0510522029073779 0.288340378091458 250.0516940334
"200" 0.545454545454545 -3583.08246436506 0.130356961917215 0.307311673548253 234.615233347714
"201" 0.454545454545455 -4654.98981524547 0.156831081772225 0.31140634456051 231.530285941204
"202" 0.545454545454545 -21407.4352177976 0.113101353279549 0.297327624828395 242.493444871169
"203" 0.545454545454545 -4092.80129478582 0.115777601530886 0.304922200325677 236.453757460075
"204" 0.363636363636364 -7760.26845722987 0.10991761786712 0.2993164375318 240.882193422271
"205" 0.545454545454545 -4339.4941636214 0.047930241124032 0.284822728571909 253.139910433086
"206" 0.545454545454545 -3426.41876233826 0.109527935581455 0.299658613739003 240.607133231944
"207" 0.454545454545455 -6441.60750320053 0.475069941487168 0.423295108257123 170.330340685638
"208" 0.545454545454545 -4959.90732885161 0.118772231165346 0.304022926927398 237.153167126826
"209" 0.545454545454545 -11885.1380696875 0.153011961648352 0.306278292836938 235.406823422468
"210" 0.545454545454545 -4127.01852913683 0.110602741962755 0.305315034537622 236.14952375074
"211" 0.545454545454545 -4282.93477665283 0.0897456008205332 0.299692834552444 240.579659195633
"212" 0.363636363636364 -5218.43115473001 0.160291105580874 0.31639241195463 227.881571351778
"213" 0.454545454545455 -5446.43461323472 0.101702347468304 0.297839689567844 242.07653487893
"214" 0.454545454545455 -3192.55331667216 0.0986475442740301 0.299350393103818 240.854869948325
"215" 0.454545454545455 -11227.4938492308 0.0703248549046009 0.291481183123617 247.357305289317
"216" 0.363636363636364 -3733.62255790334 0.242857635640931 0.333771771105601 216.015871447644
"217" 0.545454545454545 -2838.60452702851 0.163218222838721 0.316747161735991 227.626349056587
"218" 0.363636363636364 -5211.63873989749 0.0546429745863422 0.285377764437817 252.64757449493
"219" 0.363636363636364 -5078.27492145639 0.0407101725956557 0.283454035317901 254.362228144461
"220" 0.454545454545455 -4270.44877525709 0.0552745634455496 0.292117468196409 246.818516007138
"221" 0.363636363636364 -3452.9327775542 0.0618169177670125 0.288814275737015 249.64139953266
"222" 0.545454545454545 -7268.57432917765 0.0893518042928332 0.293067841464111 246.018122083277
"223" 0.363636363636364 -5564.18306580976 0.0833221393803973 0.29617387035471 243.438085586855
"224" 0.545454545454545 -2924.13290135095 0.421492867163733 0.396613832901064 181.788919142378
"225" 0.454545454545455 -6068.90356609184 0.0697499671144474 0.290988544822411 247.77607669746
"226" 0.545454545454545 -3703.25198934848 0.0766206662482343 0.292883068261097 246.173329267791
"227" 0.363636363636364 -6785.24060346421 0.470057410014477 0.414657975004354 173.878242663108
"228" 0.272727272727273 -4132.37808963267 0.0196544197036752 0.281547005982163 256.085124217473
"229" 0.272727272727273 -6692.07894208324 0.0981693601421975 0.29634466482861 243.297783146185
"230" 0.363636363636364 -5622.52920611104 0.0901396454641565 0.294438310506674 244.873025782308
"231" 0.454545454545455 -6233.42112024314 0.044018656840778 0.283406147639769 254.405208216036
"232" 0.636363636363636 -3878.00787116645 0.0627068175407692 0.292248529368452 246.707828285083
"233" 0.363636363636364 -3925.63017866345 0.106890015105471 0.303531489715745 237.53713351956
"234" 0.363636363636364 -5256.03129928465 0.0383573431220822 0.283346170618996 254.459059187181
"235" 0.363636363636364 -4619.9192948942 0.0962724748190529 0.294239949855619 245.038105924702
"236" 0.272727272727273 -3683.72839671692 0.0240966774254932 0.283470183759689 254.347737895152
"237" 0.545454545454545 -2312.54354213473 0.474227083485015 0.422057401684295 170.829843789665
"238" 0.454545454545455 -4604.9691247749 0.0773700883922784 0.291395328464045 247.430184897067
"239" 0.454545454545455 -9407.22014157565 0.109064457070576 0.302731718728713 238.164670364822
"240" 0.545454545454545 -8892.46963777387 0.123430959857508 0.30622138045584 235.450574655082
"241" 0.454545454545455 -3802.24317947518 0.101342497801637 0.301454707238492 239.173574897801
"242" 0.363636363636364 -5765.94822443993 0.0480301929242818 0.285585094271338 252.464156730452
"243" 0.545454545454545 -3315.32542439443 0.163337034669892 0.315979445333046 228.179399213787
"244" 0.454545454545455 -7866.77622143613 0.081971322233769 0.290478749654088 248.210927945191
"245" 0.545454545454545 -5856.38209459562 0.433328097880017 0.397466222496255 181.399062157236
"246" 0.454545454545455 -4886.80456225199 0.0467954277572521 0.28995141415971 248.662349893855
"247" 0.454545454545455 -7764.78957557188 0.0612684774883164 0.288969594447671 249.507219393826
"248" 0.363636363636364 -5404.66303236056 0.0706521155687295 0.290262644095452 248.395725273866
"249" 0.545454545454545 -5714.1549411443 0.116958284516918 0.303937995681241 237.219436281392
"250" 0.636363636363636 -5570.06344188295 0.204318481891767 0.324607467854991 222.114421693492
"251" 0.454545454545455 -4915.07726296853 0.101762940940866 0.298966579395304 241.164079763801
"252" 0.545454545454545 -4046.15978858302 0.457506499158432 0.4105525993412 175.6169614215
"253" 0.363636363636364 -3868.82590710279 0.0343442976867288 0.28625355413669 251.874601932702
"254" 0.454545454545455 -4958.93240251504 0.11221067903467 0.300250976853945 240.132441051383
"255" 0.545454545454545 -5536.56115480004 0.0763549125655073 0.290428963676172 248.253476813667
"256" 0.363636363636364 -8045.29451988094 0.056627527778389 0.290247356353405 248.40880863084
"257" 0.363636363636364 -3719.69083955437 0.106896018876921 0.299509989780058 240.726528196759
"258" 0.454545454545455 -4159.66931402087 0.420456471345101 0.394979155296145 182.541278528841
"259" 0.272727272727273 -3842.48950039841 0.0400711108785411 0.286375600235707 251.767259293937
"260" 0.454545454545455 -8692.40682928977 0.0477913319889579 0.288107569991119 250.253750716174
"261" 0.727272727272727 -3652.16182241187 0.139351085106817 0.308937169851441 233.380787539003
"262" 0.545454545454545 -4746.18010368854 0.127388537581744 0.304937746419082 236.44170276287
"263" 0.545454545454545 -5546.89165050024 0.0436748151477411 0.286839078772382 251.360450286533
"264" 0.454545454545455 -4957.78812236018 0.109102033707629 0.304570382367183 236.726891957202
"265" 0.272727272727273 -19168.8981250026 0.17457432614824 0.31216423430158 230.968163797857
"266" 0.272727272727273 -3931.0880602216 0.0241470839183886 0.283905317527899 253.957906205525
"267" 0.272727272727273 -3710.79484453894 0.179740911330165 0.318227426781067 226.56752351394
"268" 0.636363636363636 -3710.85157415537 0.285371829962867 0.348846799361334 206.680984695861
"269" 0.545454545454545 -3249.68754363113 0.517375793459828 0.444114463281407 162.345534678781
"270" 0.454545454545455 -3504.35443053046 0.41608766365487 0.400394121643694 180.07257375312
"271" 0.272727272727273 -6078.81839201156 0.0558279045325544 0.286829085652939 251.369207679449
"272" 0.454545454545455 -3858.69922429433 0.0613322352997706 0.294106316207284 245.14944435666
"273" 0.454545454545455 -3558.87871064193 0.049315564544137 0.290436481147163 248.247051180417
"274" 0.454545454545455 -3563.24328367408 0.0528101722243653 0.290714064189418 248.010016993958
"275" 0.363636363636364 -3605.3181322682 0.0912555143758547 0.29665090552331 243.046620312219
"276" 0.363636363636364 -4980.96673430663 0.0278581283610457 0.285525833791687 252.516555306174
"277" 0.545454545454545 -4443.32532299791 0.421005531476917 0.395787283577668 182.16856122375
"278" 0.545454545454545 -6627.82143927892 0.132377987139836 0.310748168758315 232.020675417322
"279" 0.363636363636364 -7339.24881674076 0.133683875522375 0.305348115652327 236.123939543461
"280" 0.454545454545455 -4626.80790794428 0.0774259219222493 0.29525663874923 244.194339898439
"281" 0.636363636363636 -4156.69201792415 0.505657324469069 0.43140855400952 167.126959653213
"282" 0.363636363636364 -4628.06117264254 0.131840488612283 0.30688463315164 234.941708418399
"283" 0.363636363636364 -3647.97786240455 0.129107890459935 0.305489474986811 236.014677766273
"284" 0.454545454545455 -3771.90410983386 0.0557924372224055 0.288046041991559 250.307206103227
"285" 0.454545454545455 -6998.95028013224 0.0679027513477144 0.290531713430053 248.165679225784
"286" 0.181818181818182 -5571.4842950637 0.0482180426858665 0.288686235531572 249.752122290274
"287" 0.545454545454545 -6181.37149838819 0.131112960637595 0.306550116842898 235.198083571275
"288" 0.545454545454545 -12947.8417791026 0.12641529530899 0.302838640302958 238.080582873677
"289" 0.636363636363636 -3978.96017299202 0.11568135705608 0.303428347478614 237.61787782561
"290" 0.363636363636364 -3518.16463939934 0.0796951571418865 0.293582352643769 245.58696853106
"291" 0.454545454545455 -2551.1787776822 0.0850433446654637 0.295629780555464 243.886119539547
"292" 0.545454545454545 -6163.64982722232 0.203842029985984 0.326372859224658 220.912977173663
"293" 0.363636363636364 -4701.3510218576 0.40693724510744 0.390256303940924 184.750378845679
"294" 0.545454545454545 -6539.95446484401 0.446077406498865 0.404320245965414 178.323991240764
"295" 0.454545454545455 -7240.643694545 0.0611631484359805 0.286760904609023 251.428973898318
"296" 0.454545454545455 -3608.33864520315 0.102967826168355 0.299328381541001 240.872581573505
"297" 0.454545454545455 -7603.25122556306 0.0781059792908069 0.290053207538117 248.575082523523
"298" 0.636363636363636 -4506.92523778871 0.115802270894183 0.304489906241417 236.78945844213
"299" 0.545454545454545 -3115.28415442909 0.13963239815649 0.308894241673673 233.413221332138
"300" 0.454545454545455 -4252.11410036278 0.050941174466697 0.290651599833044 248.063317185991
"301" 0.545454545454545 -3664.52798466779 0.0736566396344837 0.290721956116579 248.003284523471
"302" 0.545454545454545 -5443.10153671307 0.0905296682790813 0.296405840358263 243.247568647276
"303" 0.454545454545455 -4351.56477368909 0.0362240950029631 0.283130479111533 254.652908532669
"304" 0.454545454545455 -3215.04817207227 0.422356847100411 0.398116010679101 181.10299024903
"305" 0.454545454545455 -2757.30496962616 0.0479093621456513 0.288692156325209 249.747000118632
"306" 0.454545454545455 -20231.116653595 0.0470919677528157 0.284386332090521 253.52835865913
"307" 0.545454545454545 -4188.43339886101 0.128538435384532 0.30708055880389 234.791809292118
"308" 0.454545454545455 -5618.40528734028 0.11393582444664 0.302300211836689 238.504629427618
"309" 0.454545454545455 -4030.22078128779 0.106713103832552 0.300812372412154 239.684290316401
"310" 0.454545454545455 -2590.13562524146 0.0863456146356224 0.297175418632996 242.617644257588
"311" 0.363636363636364 -4846.76191067177 0.388765905820442 0.38427921897847 187.623989118286
"312" 0.454545454545455 -3803.99112837746 0.0966364446791148 0.300455947600522 239.968622940566
"313" 0.363636363636364 -3100.24489191671 0.155327042687779 0.313747210422602 229.802840008951
"314" 0.363636363636364 -2238.2833305392 0.400757524562781 0.39100820183935 184.395109004959
"315" 0.363636363636364 -10741.8910698972 0.0835079243243814 0.292540955092356 246.461217634426
"316" 0.727272727272727 -4456.45819010271 0.200882839094216 0.326280786107723 220.975316567356
"317" 0.454545454545455 -3554.02244123163 0.106402497827069 0.301611004140402 239.049633502221
"318" 0.272727272727273 -3143.95760049031 0.0681242822856931 0.291398620379582 247.42738969073
"319" 0.454545454545455 -4146.22907036372 0.0510521180072911 0.290180962352178 248.46564507735
"320" 0.454545454545455 -9501.183042285 0.0497381707577494 0.288291473916837 250.094111422797
"321" 0.363636363636364 -4988.57973786255 0.037955418281126 0.283895353715794 253.966819309691
"322" 0.363636363636364 -11384.137351258 0.0394510078555939 0.283067893575196 254.709211593603
"323" 0.636363636363636 -9396.40624176653 0.426091781604745 0.400531606501035 180.010762770637
"324" 0.545454545454545 -2532.25812295345 0.447088834041325 0.411453115764819 175.232601814131
"325" 0.454545454545455 -5840.13828716689 0.0554774252090946 0.286433120114194 251.716700817473
"326" 0.454545454545455 -3635.82617058741 0.100072359744302 0.300197438107845 240.17526749878
"327" 0.545454545454545 -4107.19992209753 0.183744753645176 0.31996474131173 225.337328433184
"328" 0.363636363636364 -7865.80347889652 0.0462896367747282 0.289704986969757 248.873865631891
"329" 0.454545454545455 -4580.76138133128 0.436478031752054 0.407495283456817 176.934563238057
"330" 0.363636363636364 -9354.26194324546 0.138362152271427 0.308683430243868 233.572627928357
"331" 0.636363636363636 -4396.6956609043 0.114165494229304 0.298615032661649 241.447991942503
"332" 0.363636363636364 -8365.52895672062 0.0368974615532139 0.286047511910761 252.056029148378
"333" 0.545454545454545 -6755.86514567808 0.0835008804859957 0.297428222787797 242.411427282207
"334" 0.454545454545455 -3707.61627080925 0.0739170950361704 0.294842732429165 244.537144958531
"335" 0.636363636363636 -4160.63477827824 0.121953737879587 0.30116213565925 239.405926120731
"336" 0.454545454545455 -6226.69899512398 0.0862932715697218 0.295029530687425 244.382316007504
"337" 0.454545454545455 -2281.98462522245 0.437656425093842 0.408652172596701 176.43366372398
"338" 0.454545454545455 -4947.70275488668 0.139828770859017 0.308675072830224 233.578951934535
"339" 0.454545454545455 -2925.27396161799 0.171850160497764 0.318564690689163 226.327656853694
"340" 0.454545454545455 -4432.52753861161 0.106597388384757 0.3018805866608 238.836159679964
"341" 0.363636363636364 -18435.7275903551 0.143687847771 0.306298694695007 235.391143510398
"342" 0.545454545454545 -3764.60560471659 0.107167962877948 0.299126676113045 241.035005426103
"343" 0.454545454545455 -1883.68748836013 0.435524465080318 0.407878669787325 176.768253259221
"344" 0.272727272727273 -5329.69610396086 0.0816846756981818 0.295363932036714 244.105634370543
"345" 0.454545454545455 -4650.98380619492 0.05650013969779 0.287514954980752 250.769564333886
"346" 0.454545454545455 -4825.23973540242 0.0582610304490964 0.292054065336682 246.87209855094
"347" 0.363636363636364 -6324.55946064158 0.491692996415595 0.431710948484736 167.009894590499
"348" 0.454545454545455 -3663.91736368967 0.0989831975341886 0.297405344565734 242.430075038762
"349" 0.545454545454545 -7850.52236197188 0.127724412221149 0.302006850000697 238.736306808384
"350" 0.363636363636364 -5456.89885710193 0.0569762293236751 0.286859309939079 251.342722728128
"351" 0.454545454545455 -4749.26893755705 0.429700220146993 0.402547102316344 179.109474605881
"352" 0.545454545454545 -3827.43452309484 0.152263228945851 0.312750555170883 230.535162313638
"353" 0.363636363636364 -5862.7806109486 0.024016732437939 0.282779066012176 254.969368902631
"354" 0.272727272727273 -4182.17937515492 0.136919998660904 0.309108858117666 233.251160898645
"355" 0.363636363636364 -3614.69663441671 0.15505903823811 0.313205684973388 230.200163851196
"356" 0.363636363636364 -21682.5491450394 0.047453197723653 0.286855737605153 251.345852803695
"357" 0.636363636363636 -3385.22634316496 0.155990701465093 0.315565322324709 228.478843837635
"358" 0.363636363636364 -16655.3408674245 0.0656671933974099 0.293222787794957 245.88811989066
"359" 0.363636363636364 -4776.86163083793 0.0574617207796702 0.28894782220837 249.526019780853
"360" 0.454545454545455 -8734.29811473404 0.0443244573421934 0.285847572479608 252.232332688931
"361" 0.454545454545455 -6282.38011862478 0.0650782588476767 0.290269378117626 248.389962687634
"362" 0.454545454545455 -8250.44414213061 0.0479328994661886 0.285150732331956 252.848728145875
"363" 0.545454545454545 -3942.09859756841 0.146226930169256 0.309400263286018 233.031475908438
"364" 0.454545454545455 -2924.22213185887 0.426909100967236 0.402062604731257 179.325306933711
"365" 0.454545454545455 -3786.40520505906 0.110141232874176 0.301516804987364 239.124316812197
"366" 0.454545454545455 -3955.26040232253 0.0563523293613101 0.288859574467641 249.602250965293
"367" 0.545454545454545 -3503.83594414685 0.116312646700911 0.300481415428462 239.948283980196
"368" 0.363636363636364 -4242.20026453864 0.0578917967420972 0.291760808272123 247.120236700033
"369" 0.636363636363636 -9252.21127304958 0.525657643550501 0.44438239306256 162.247652304824
"370" 0.636363636363636 -4525.91543986641 0.0814749996857131 0.294964579221719 244.436129213345
"371" 0.545454545454545 -8724.31777786101 0.0784816575827935 0.291381390113243 247.442020823564
"372" 0.454545454545455 -7019.71039084252 0.142571472024071 0.305378492836228 236.100451378764
"373" 0.454545454545455 -4274.28081032668 0.411518066669523 0.394918857713566 182.569149565134
"374" 0.454545454545455 -3381.62735691908 0.0737853709494364 0.295743988763161 243.791937416992
"375" 0.545454545454545 -4492.46271008049 0.0787284132731546 0.294305421122378 244.983594678738
"376" 0.454545454545455 -4040.58317379281 0.408429017284748 0.391334673937956 184.24127684487
"377" 0.363636363636364 -4293.26932050443 0.0485206006473351 0.287580770617079 250.712173297577
"378" 0.454545454545455 -4510.46879862096 0.0463898451676006 0.288500780282415 249.91266896894
"379" 0.363636363636364 -5377.14763082656 0.046378271754226 0.283115710960296 254.666191980109
"380" 0.545454545454545 -2749.18839006075 0.0893071051716668 0.298549721164567 241.500811719924
"381" 0.545454545454545 -9897.95230787676 0.055513979380687 0.28560914606178 252.442896154327
"382" 0.545454545454545 -1626.23422718934 0.481479032619685 0.42806084204925 168.434000304341
"383" 0.363636363636364 -3278.99464700148 0.41417119277451 0.394605655837684 182.714056256856
"384" 0.545454545454545 -1402.06861330332 0.804125313509992 0.662838353585599 108.774635037303
"385" 0.545454545454545 -5449.52758953856 0.189532809063766 0.321420070427619 224.317043749253
"386" 0.545454545454545 -7563.6718225585 0.0841376496055612 0.292028716804274 246.893527420878
"387" 0.363636363636364 -4182.9808618234 0.226723660491986 0.332290709953015 216.978681137955
"388" 0.272727272727273 -4261.48212298022 0.0242964918944939 0.284615248697065 253.324445299629
"389" 0.545454545454545 -5144.97529985967 0.149941683151425 0.311290436873832 231.616495270694
"390" 0.363636363636364 -3660.48180591708 0.0627593322475856 0.291953369090593 246.957246030709
"391" 0.363636363636364 -3879.53807011799 0.0395863586367751 0.287975474443946 250.368543151873
"392" 0.363636363636364 -3621.16537926697 0.0979865790439237 0.297356266320939 242.470087790859
"393" 0.363636363636364 -6840.46958650437 0.0821977653763847 0.294136028452333 245.124680507082
"394" 0.454545454545455 -5263.41847310369 0.255593847678577 0.33714786693413 213.85275444761
"395" 0.454545454545455 -3618.48251856303 0.0541758000942962 0.288805734514673 249.6487824979
"396" 0.363636363636364 -4492.51226482191 0.0714058229230936 0.28960399067114 248.960657734421
"397" 0.454545454545455 -2512.75977495523 0.410577649795945 0.393885810387637 183.047975069333
"398" 0.363636363636364 -3413.1610527837 0.0371642264810239 0.285640689995954 252.41501832607
"399" 0.454545454545455 -4763.46626591717 0.144759642826138 0.308529599538315 233.689085610881
"400" 0.272727272727273 -4354.91699439279 0.47640044120689 0.420753585711419 171.359205122618
"401" 0.545454545454545 -8921.82911431042 0.175636567109175 0.314534913126892 229.227335316232
"402" 0.363636363636364 -10742.7001671971 0.0502528633252991 0.282199438428396 255.493066894583
"403" 0.454545454545455 -3782.3576666359 0.0734072782595289 0.29577335453259 243.767732607081
"404" 0.363636363636364 -5235.53845451159 0.119437079310241 0.30433874838277 236.907066166018
"405" 0.363636363636364 -1990.79471469884 0.420901713313339 0.400008990157139 180.245948901489
"406" 0.454545454545455 -4878.45377365839 0.435319625627227 0.400897440961915 179.846495969151
"407" 0.363636363636364 -3208.68867691969 0.0704806094546269 0.29357153017978 245.596022052433
"408" 0.363636363636364 -5718.51874834478 0.0783707030050229 0.293020852023038 246.057574067566
"409" 0.454545454545455 -7413.13140117604 0.0320714035043104 0.2837974806296 254.054404711583
"410" 0.636363636363636 -2672.73475620589 0.547407573982972 0.458717127703685 157.177475279654
"411" 0.454545454545455 -3601.08554058332 0.0605962806159356 0.288941520705167 249.531461674455
"412" 0.545454545454545 -3165.70355620617 0.124796863221639 0.307441016540422 234.516528768113
"413" 0.363636363636364 -3506.39859852895 0.0592704376266326 0.289696900951979 248.880812197406
"414" 0.454545454545455 -3400.13440376702 0.0404699131127292 0.288840363999955 249.618851747504
"415" 0.545454545454545 -4240.90792163564 0.0917279792330917 0.297914639094602 242.015633132768
"416" 0.454545454545455 -9426.2915762078 0.0749614719324365 0.287892368951699 250.440816693187
"417" 0.545454545454545 -6384.10877434146 0.0568318522008182 0.290708077130657 248.015124697051
"418" 0.454545454545455 -3467.27191853582 0.12063254099314 0.303554408557434 237.519199087364
"419" 0.727272727272727 -2679.44869545942 0.487703360847089 0.429545179469348 167.85195934237
"420" 0.454545454545455 -5183.15718157481 0.0523240939226742 0.2861760782288 251.942791466851
"421" 0.636363636363636 -4082.81725902163 0.0833257067288752 0.292870215471385 246.184132735903
"422" 0.545454545454545 -7273.18825428635 0.172231144132523 0.317483629575744 227.098323451662
"423" 0.636363636363636 -3759.33861246694 0.119041214609112 0.305036676581034 236.365019472819
"424" 0.363636363636364 -5405.61142870031 0.0984363753443993 0.297849986481685 242.068166098216
"425" 0.454545454545455 -12397.3999664172 0.0754824265885452 0.288133187824213 250.23150073218
"426" 0.363636363636364 -3594.28080550745 0.0496470047551431 0.288504767072676 249.909215475242
"427" 0.363636363636364 -3342.3718382858 0.392811368338334 0.385550978835232 187.005101680243
"428" 0.454545454545455 -6740.4624020644 0.121989296793768 0.302760001168908 238.142422121923
"429" 0.454545454545455 -4722.12194775184 0.112549198712103 0.302693601252332 238.194661868309
"430" 0.454545454545455 -5693.45572201324 0.0559006805363601 0.291082775365518 247.695865581406
"431" 0.545454545454545 -6004.36596504332 0.509503194831187 0.437126531512048 164.940800437351
"432" 0.363636363636364 -3711.1365051771 0.137679232792184 0.308650783113765 233.597333765471
"433" 0.363636363636364 -4464.74121992685 0.277573939324757 0.346782706677838 207.911174956545
"434" 0.545454545454545 -1974.73173549271 0.413767055856728 0.397698825325208 181.29296696072
"435" 0.454545454545455 -2855.49222811729 0.0893280676687542 0.298598223449894 241.461583953793
"436" 0.363636363636364 -3794.5977127952 0.436679860857608 0.404216334658754 178.369832730456
"437" 0.363636363636364 -2964.16302906977 0.04126683120386 0.289945667161066 248.667278617922
"438" 0.272727272727273 -7568.66253058372 0.0110065433263028 0.277840558440902 259.501349999395
"439" 0.545454545454545 -5449.33653333745 0.490390530917608 0.42997933200157 167.682478281856
"440" 0.363636363636364 -7521.37620020856 0.101717978143737 0.296206455221295 243.411305625106
"441" 0.272727272727273 -5768.01173586478 0.382375510517685 0.382720241023482 188.388259286177
"442" 0.272727272727273 -14596.1623544495 0.0495445913984113 0.282972615835841 254.794972958892
"443" 0.272727272727273 -4670.01996466076 0.0174980160479307 0.279998592807439 257.501294121091
"444" 0.454545454545455 -4098.93613981656 0.0496742975198168 0.288556243756651 249.864633186743
"445" 0.272727272727273 -14470.1917546932 0.400764608119589 0.387076277293256 186.268196295005
"446" 0.272727272727273 -13968.1513346662 0.067057628949286 0.291667349750726 247.199421058341
"447" 0.454545454545455 -7773.55201306783 0.0409003812096251 0.285708647640297 252.354979786166
"448" 0.454545454545455 -3466.57324230529 0.415684922343215 0.395903496831668 182.115087583214
"449" 0.363636363636364 -8683.70154048799 0.0476330489069868 0.283809296145968 254.043827947474
"450" 0.454545454545455 -19144.157241993 0.043096177024822 0.283452259608617 254.363821616923
"451" 0.363636363636364 -4432.27506116927 0.089513321667538 0.296730334216392 242.981561660699
"452" 0.363636363636364 -3952.63688089704 0.107386980499343 0.304022307246757 237.153650509865
"453" 0.272727272727273 -11826.2676435055 0.09191831273133 0.295843896919244 243.709607501827
"454" 0.454545454545455 -8214.25480297323 0.139194072425378 0.308724839656519 233.541298718357
"455" 0.545454545454545 -3455.16968351062 0.0532780456030943 0.289248674897472 249.266483331537
"456" 0.545454545454545 -5276.04987102895 0.140640940564582 0.303427932543096 237.618202766351
"457" 0.545454545454545 -5353.09194806899 0.114441352532806 0.298580291791129 241.476085268338
"458" 0.363636363636364 -6843.60739420297 0.0407377996846551 0.285770663651538 252.300215420002
"459" 0.545454545454545 -6031.83145618583 0.146196386664589 0.31093015923637 231.884871435676
"460" 0.363636363636364 -4761.42096763888 0.0626990496847908 0.291138245297681 247.648672630694
"461" 0.636363636363636 -9486.81477681082 0.0718415329051203 0.291595485821024 247.260343544048
"462" 0.545454545454545 -9925.8807632905 0.0852534431136116 0.295204722909745 244.237284855512
"463" 0.545454545454545 -3702.1174732605 0.41506002189183 0.40013352049286 180.189852405246
"464" 0.454545454545455 -5007.45927053821 0.185145657930309 0.32099556116807 224.613697889265
"465" 0.454545454545455 -4171.79007780077 0.0816004606857407 0.295201186127765 244.240211043036
"466" 0.363636363636364 -4690.07503089256 0.125210897219104 0.303160311969674 237.8279647872
"467" 0.545454545454545 -6083.24619621966 0.108786036254364 0.300584862244304 239.86570535079
"468" 0.272727272727273 -3494.11145427071 0.0360407393927312 0.285171036592528 252.830725243046
"469" 0.545454545454545 -31574.968557153 0.133100690198263 0.301499637635288 239.13793252122
"470" 0.454545454545455 -8425.10494334138 0.0720924574428172 0.291729636532683 247.146641859688
"471" 0.545454545454545 -8005.61420262972 0.136651344170851 0.30585392774886 235.733444820111
"472" 0.545454545454545 -4692.48502321483 0.446704295192508 0.409013692063208 176.277717345604
"473" 0.636363636363636 -3817.60807058126 0.472346572274532 0.417945566669689 172.510503160767
"474" 0.363636363636364 -3357.65719714597 0.0160667417189378 0.281837559577931 255.821119470286
"475" 0.363636363636364 -3441.46215412423 0.423210334456116 0.398453417508205 180.94963383898
"476" 0.272727272727273 -3090.43889462901 0.031983177722235 0.284195475855202 253.698619877872
"477" 0.636363636363636 -6989.55649770595 0.141897977058454 0.308692185649016 233.566003131605
"478" 0.636363636363636 -3605.59904611266 0.0721294483749426 0.291655786085121 247.209222103199
"479" 0.454545454545455 -6285.49405111045 0.103094277905591 0.297448546052337 242.394864445946
"480" 0.454545454545455 -2863.40689557974 0.0440443207514031 0.28781880188192 250.504829874108
"481" 0.272727272727273 -6693.25911863055 0.0390889682351991 0.284148564177533 253.74050440372
"482" 0.454545454545455 -2841.73594709376 0.409606429197263 0.392898624892226 183.50789601205
"483" 0.454545454545455 -6011.59471535991 0.104961691843963 0.299244312234743 240.940252001986
"484" 0.363636363636364 -3344.03157335399 0.0484281649404339 0.288786762502191 249.665183318273
"485" 0.363636363636364 -9647.42815615348 0.0225104444404925 0.283749677374856 254.09720520933
"486" 0.363636363636364 -4042.79991502394 0.0239313675263706 0.282039745463197 255.637728936358
"487" 0.545454545454545 -9905.2057937134 0.0774570020623246 0.291544119227139 247.303907865237
"488" 0.454545454545455 -3071.67963225466 0.0783691045905828 0.293562297449772 245.603746211095
"489" 0.454545454545455 -4217.06575461052 0.145379417346074 0.307558562616685 234.426898690703
"490" 0.454545454545455 -4444.24300355456 0.406351811286907 0.391332444284511 184.242326576891
"491" 0.363636363636364 -6601.53594496342 0.0263262563880784 0.282390204519849 255.32047091574
"492" 0.454545454545455 -2504.54884240418 0.433374514518045 0.404449938264732 178.266809260352
"493" 0.363636363636364 -9740.78146475508 0.0651275949340893 0.288727048625487 249.716818508134
"494" 0.454545454545455 -8916.88945845942 0.0307316180888105 0.284218238609092 253.67830140966
"495" 0.454545454545455 -3468.03046477156 0.0435030244676549 0.286184218088221 251.935625526961
"496" 0.363636363636364 -8058.11953777853 0.0317417849495369 0.28208870074865 255.593364103738
"497" 0.363636363636364 -6236.14902455791 0.0969821161611564 0.297187990272148 242.607381051888
"498" 0.545454545454545 -5245.14508746419 0.463343582360079 0.412733154674917 174.689140388512
"499" 0.545454545454545 -4245.93434096312 0.0735533234142288 0.295240818089319 244.207425201578
"500" 0.363636363636364 -3883.3908105396 0.0162359117607829 0.282823282089455 254.929507455455
"501" 0.454545454545455 -7461.23538772379 0.119460958962609 0.302444889609925 238.390538167103
"502" 0.454545454545455 -3349.47760798573 0.122091218942602 0.306098493895671 235.545098841859
"503" 0.545454545454545 -6132.34392520715 0.0806878672649366 0.291770330401748 247.112171757571
"504" 0.545454545454545 -4555.77924535736 0.118624349224552 0.30427125008494 236.959620666996
"505" 0.454545454545455 -6145.08679420061 0.116483771203515 0.298313891430842 241.691728314016
"506" 0.545454545454545 -4345.36461880568 0.41483517501476 0.395649328213192 182.232079921919
"507" 0.272727272727273 -16250.0670579777 0.397657243277914 0.38815486777246 185.750601077778
"508" 0.363636363636364 -5459.19719644211 0.0522016070784019 0.287517365070266 250.767462279642
"509" 0.363636363636364 -5159.648567828 0.0269654726065987 0.281570829917563 256.063456648223
"510" 0.545454545454545 -4050.17317324737 0.136760310299073 0.306728205355329 235.061525941104
"511" 0.363636363636364 -4770.60153553781 0.0159518022086367 0.280363084409291 257.166524444224
"512" 0.363636363636364 -3488.54086031191 0.0903977914041554 0.298989926083206 241.145248418622
"513" 0.454545454545455 -4954.63403168196 0.103366586002195 0.298648469924745 241.420958956086
"514" 0.454545454545455 -7236.2651829999 0.141108466203285 0.309057735337484 233.289744135568
"515" 0.454545454545455 -5657.23610794399 0.193462243732805 0.321973829836354 223.931243221368
"516" 0.545454545454545 -9395.40248940417 0.114091507631468 0.301021807316742 239.517530781864
"517" 0.363636363636364 -4695.5060958629 0.167626257016435 0.312841975286145 230.467794272341
"518" 0.545454545454545 -32046.5961215698 0.10678247639711 0.299684776568265 240.5861279496
"519" 0.363636363636364 -5435.13707602769 0.113146978599422 0.302779789964521 238.126857834364
"520" 0.545454545454545 -1826.68867816149 0.834361693016594 0.69933846021633 103.097432933543
"521" 0.272727272727273 -3269.58752843025 0.0323188949288008 0.286395333458133 251.749912016426
"522" 0.454545454545455 -5311.16664238425 0.145951241181802 0.310195676693317 232.433929346099
"523" 0.545454545454545 -4235.62590438272 0.0587486034816561 0.292277571130143 246.683314498655
"524" 0.545454545454545 -11404.2775332108 0.125100373356996 0.300242154843966 240.139496858694
"525" 0.545454545454545 -7635.24168871917 0.0827471291300989 0.289699619531868 248.878476666652
"526" 0.363636363636364 -8969.46659269202 0.155186900244407 0.31090321316628 231.904968963569
"527" 0.454545454545455 -4378.03002106317 0.0282307369255903 0.282943816090199 254.820907543762
"528" 0.363636363636364 -6313.06375103188 0.0742036857785963 0.288531107521122 249.886400878706
"529" 0.454545454545455 -8461.92369034963 0.0569869669359369 0.291304371080476 247.507442928419
"530" 0.363636363636364 -8916.97411230296 0.0398450872787649 0.282480678109915 255.238696262069
"531" 0.454545454545455 -2789.28839352873 0.408655965171273 0.394490112940854 182.767571695289
"532" 0.454545454545455 -5218.99037689277 0.408539585127047 0.391018421831607 184.390289496514
"533" 0.363636363636364 -3664.10574885892 0.0462884559377358 0.286787338484936 251.40579908756
"534" 0.454545454545455 -8551.98720040773 0.454300768947657 0.40770552197726 176.843324687718
"535" 0.454545454545455 -5850.18292418292 0.147157407660977 0.307350344228705 234.585714165816
"536" 0.363636363636364 -6292.8729909687 0.0269056351099631 0.28165716561865 255.984966125875
"537" 0.454545454545455 -3769.49739963669 0.20733594085301 0.325586158768346 221.446760122561
"538" 0.636363636363636 -8123.25695776369 0.502992586519507 0.430967489531013 167.29800217288
"539" 0.363636363636364 -14934.4566067761 0.418426455434649 0.392545987584649 183.672747347729
"540" 0.454545454545455 -4828.12397416609 0.423133260406429 0.399242129613843 180.592163631972
"541" 0.363636363636364 -5958.65829065657 0.0698545793451824 0.29115245215193 247.636588553877
"542" 0.454545454545455 -32756.773128546 0.0628689755019231 0.285585532478068 252.463769345659
"543" 0.545454545454545 -6877.36029849703 0.188821632358774 0.319025526351729 226.000724219507
"544" 0.454545454545455 -8926.3593656073 0.416253779577649 0.393784726068901 183.09496338206
"545" 0.363636363636364 -4681.93966534585 0.106201302008294 0.300194186937151 240.177868651051
"546" 0.272727272727273 -26089.4030137751 0.104431086091056 0.299119052925253 241.041148315006
"547" 0.454545454545455 -11832.8033307794 0.0547031205555478 0.282442471012613 255.273223398404
"548" 0.454545454545455 -3092.20345498588 0.0412390201180388 0.28884802009278 249.612235447697
"549" 0.545454545454545 -3127.54876254042 0.500792876229332 0.433755784528645 166.222567102707
"550" 0.363636363636364 -6571.191952627 0.0571141550638969 0.287665363556491 250.638447078253
"551" 0.454545454545455 -10394.0048958959 0.42419649530381 0.395456965344359 182.320723412258
"552" 0.454545454545455 -3733.07747115184 0.184250490082347 0.316920947538182 227.50152856751
"553" 0.454545454545455 -10169.8198385947 0.0415131839142023 0.284745288798079 253.208754758813
"554" 0.454545454545455 -5006.82360885171 0.0852723878227588 0.299231401202586 240.950647927444
"555" 0.545454545454545 -4725.49083664182 0.0447770668085139 0.288108593452124 250.252861728615
"556" 0.636363636363636 -3766.71262728287 0.431270673038833 0.400564201589736 179.996114764758
"557" 0.454545454545455 -4851.4611561053 0.0656321868554477 0.288641298572048 249.791004810086
"558" 0.636363636363636 -8813.41842455743 0.171247283609047 0.316910103470254 227.509313242099
"559" 0.545454545454545 -6947.20182247458 0.1566364420871 0.313999070097824 229.618514403682
"560" 0.454545454545455 -10802.4260729533 0.0638556234788562 0.288989576625391 249.489967222801
"561" 0.545454545454545 -4141.4159079481 0.0815559634596652 0.294848492141353 244.532368052385
"562" 0.454545454545455 -4178.74583722284 0.128797821970464 0.306609819084693 235.152286431128
"563" 0.363636363636364 -4383.02335727165 0.0640546036455861 0.289673016981271 248.901332790211
"564" 0.363636363636364 -3620.62658996526 0.11330266632941 0.301936355791686 238.792045465845
"565" 0.363636363636364 -9076.85710711554 0.0738606475259884 0.29342927942279 245.715083858807
"566" 0.454545454545455 -5971.97004539124 0.104176740098984 0.299642073289291 240.62041491213
"567" 0.545454545454545 -6111.51377538852 0.164329326477413 0.315822830264416 228.2925523137
"568" 0.363636363636364 -5674.74342600112 0.0408068696229921 0.287545241330815 250.743151464817
"569" 0.454545454545455 -3227.40311642084 0.115836826199769 0.304804433928425 236.54511540646
"570" 0.545454545454545 -2504.53535552839 0.52215108956472 0.448963218103399 160.59222023706
"571" 0.454545454545455 -21680.0238134318 0.101135313361017 0.298703526674424 241.376460474758
"572" 0.636363636363636 -3218.61008261944 0.175713709070911 0.317404768848569 227.154747112191
"573" 0.454545454545455 -8742.7940262908 0.173724282174941 0.310468549021613 232.229642027221
"574" 0.454545454545455 -2228.00093286542 0.427635166369912 0.403843299092499 178.534595379001
"575" 0.363636363636364 -4702.82086517922 0.0650431404538238 0.293053242483011 246.030377924175
"576" 0.636363636363636 -3739.33507725923 0.519602642909427 0.441909286320656 163.155657126615
"577" 0.363636363636364 -13336.1640710875 0.114287375407578 0.298864563288988 241.246400063439
"578" 0.363636363636364 -3396.3807884137 0.419595480816771 0.398981607982111 180.710084268427
"579" 0.545454545454545 -2821.5851762565 0.455695745896521 0.416170807805149 173.246173560922
"580" 0.454545454545455 -7991.93577094804 0.0555198689740442 0.285632064456139 252.422640774882
"581" 0.454545454545455 -3137.37682390654 0.403546025226835 0.389463987560609 185.126230673073
"582" 0.363636363636364 -3577.09755484141 0.0357295575878368 0.284516839215308 253.412065868756
"583" 0.363636363636364 -4482.96665076111 0.0561539010010342 0.288092387724481 250.266938913198
"584" 0.454545454545455 -10335.8929059126 0.40578727093493 0.386640773385219 186.478004812403
"585" 0.545454545454545 -3461.67432582464 0.113527452120757 0.30240774593108 238.419818837682
"586" 0.454545454545455 -8199.5671655007 0.110145800957239 0.298563289009189 241.489837010004
"587" 0.272727272727273 -4278.59166042773 0.0401174691588616 0.283921249800916 253.94365532892
"588" 0.454545454545455 -6793.61708446575 0.108669101702313 0.296291281115122 243.341618857782
"589" 0.363636363636364 -6078.2999341681 0.0812585196710719 0.292993750871046 246.080333746548
"590" 0.454545454545455 -6754.31933825351 0.0567712619414352 0.288786085606826 249.665768516846
"591" 0.454545454545455 -5998.07040934546 0.0430983358727721 0.287418827713467 250.853434249887
"592" 0.545454545454545 -4913.5660691603 0.218384108433787 0.325656916816843 221.398644637266
"593" 0.454545454545455 -5560.46523963725 0.0610251806339533 0.290373751654768 248.300680034335
"594" 0.363636363636364 -3954.47497677624 0.154060414899343 0.312282426852264 230.880747042834
"595" 0.454545454545455 -10045.9404280218 0.155112880785812 0.314267296916216 229.4225352351
"596" 0.454545454545455 -5028.01578938922 0.0644537805660116 0.291040994603113 247.731423878349
"597" 0.636363636363636 -5904.36159553579 0.120837252182586 0.304524604608775 236.762478002812
"598" 0.454545454545455 -6188.39722881284 0.0498481122716266 0.284749762475949 253.204776618873
"599" 0.454545454545455 -9048.4458635058 0.0805811879153836 0.291988552291298 246.927488883435
"600" 0.363636363636364 -3671.21591245869 0.0422842957456406 0.288846572155704 249.613486709942
"601" 0.363636363636364 -8708.3752110208 0.0430402358596024 0.284890263871727 253.07990178444
"602" 0.545454545454545 -8867.14326332833 0.0624407061947952 0.285066896911476 252.923088514166
"603" 0.454545454545455 -8605.93214980176 0.159566047686747 0.313065492870669 230.303248495628
"604" 0.363636363636364 -7337.04470506038 0.0659050389857569 0.293753774906668 245.443654376553
"605" 0.545454545454545 -2969.88924945147 0.100296259140527 0.300227632321011 240.151112815987
"606" 0.363636363636364 -4159.34875700244 0.0195872809912808 0.282649607294599 255.086149562033
"607" 0.454545454545455 -9854.06039043386 0.0660857836520385 0.289808259027265 248.785180387895
"608" 0.363636363636364 -2643.5727980392 0.402818050700634 0.391145491205014 184.330387595366
"609" 0.454545454545455 -5668.33561028214 0.0473906911698811 0.282722000086531 255.020833107904
"610" 0.454545454545455 -6103.06256430082 0.0621991517402254 0.288454793815876 249.952510915878
"611" 0.545454545454545 -4398.51776285763 0.0748563916000397 0.297904117220313 242.024181044396
"612" 0.363636363636364 -6187.35339590166 0.403499805250041 0.393450904592183 183.250309399422
"613" 0.545454545454545 -3488.99816786753 0.126127426049022 0.305163870167605 236.266501537028
"614" 0.363636363636364 -2601.09862272291 0.424616805478478 0.401555098997176 179.551947366772
"615" 0.545454545454545 -4426.35777353339 0.0830181919465663 0.296470128164814 243.194821840257
"616" 0.454545454545455 -13944.2656843665 0.0564246635926811 0.289138910479142 249.361111171515
"617" 0.545454545454545 -2749.51091266527 0.504784047531546 0.436458450999659 165.193272887403
"618" 0.363636363636364 -4382.01809365515 0.153224818665504 0.314114060519576 229.534455989456
"619" 0.545454545454545 -3079.93486498017 0.141190602954655 0.311766015779404 231.263179278064
"620" 0.363636363636364 -4222.96340039281 0.429957671691408 0.406157976415304 177.517134185927
"621" 0.545454545454545 -3586.63834207881 0.108056114656477 0.300984642823474 239.547105538824
"622" 0.454545454545455 -4571.52122153983 0.40271760316717 0.387785128207448 185.927707783135
"623" 0.454545454545455 -5065.09933799563 0.114109600595084 0.30362670156409 237.462646165792
"624" 0.454545454545455 -5371.39833693917 0.0950739834720959 0.29827167845343 241.725933799166
"625" 0.545454545454545 -3195.71639587386 0.107006168462097 0.30214352739637 238.628312250472
"626" 0.454545454545455 -4788.26744019394 0.506274407355339 0.432612707056454 166.661771196173
"627" 0.545454545454545 -4165.43502585987 0.0992696766265075 0.297724845368221 242.169913333326
"628" 0.636363636363636 -5026.1135660034 0.104183902474271 0.299761697698815 240.524391720127
"629" 0.545454545454545 -4528.81642279205 0.0915455772714502 0.299197119804575 240.978255563066
"630" 0.363636363636364 -5125.37386215176 0.116093953786233 0.302070264964213 238.686187826339
"631" 0.363636363636364 -4336.24458717294 0.0439197167906845 0.285461495087554 252.573468719086
"632" 0.545454545454545 -2038.19855890127 0.47938232277813 0.423306798398722 170.325636802288
"633" 0.454545454545455 -4279.99051228808 0.0841827016189084 0.294544122540633 244.785057593718
"634" 0.545454545454545 -3876.30310213749 0.452528444764001 0.413853897394881 174.216071067238
"635" 0.454545454545455 -5045.83352668703 0.0513656665017733 0.288100261018854 250.260099539728
"636" 0.454545454545455 -2739.35692771219 0.124381993899401 0.306620013540198 235.144468123727
"637" 0.454545454545455 -5956.1447684035 0.0877670462508299 0.292393225750046 246.585740196441
"638" 0.454545454545455 -7329.71154741686 0.0806530126052547 0.298215823772329 241.771208140331
"639" 0.363636363636364 -4311.96878417182 0.092640037328538 0.294900304103182 244.489405391638
"640" 0.545454545454545 -3759.97816670934 0.117319207840209 0.302911315745286 238.023461826127
"641" 0.454545454545455 -2413.88086008498 0.433792835687752 0.405518625120011 177.797012353409
"642" 0.363636363636364 -4994.41972749555 0.0202407062572859 0.280269907955042 257.252020118997
"643" 0.272727272727273 -8797.48953870072 0.040807066806079 0.287546273363039 250.742251522665
"644" 0.272727272727273 -7687.76679485838 0.0079020737023876 0.276856639416053 260.423590173144
"645" 0.454545454545455 -10636.5454040984 0.0496249881435927 0.28509388615618 252.899144811904
"646" 0.454545454545455 -10841.4964728665 0.0868081125531672 0.292426213524404 246.557923556271
"647" 0.454545454545455 -2266.072523302 0.423289568179596 0.403818713635382 178.545464995713
"648" 0.454545454545455 -17000.3122533168 0.146096307754537 0.31365278263234 229.872024073559
"649" 0.454545454545455 -13916.182951014 0.0480702383027926 0.285763747386385 252.306321776053
"650" 0.454545454545455 -2693.47413535167 0.101358903481361 0.302427110881911 238.404552388668
"651" 0.636363636363636 -4857.85850029364 0.450939723093721 0.412660467563596 174.719910597902
"652" 0.363636363636364 -5425.8483255369 0.108923871203973 0.299530356509135 240.710159865887
"653" 0.363636363636364 -13738.6118264423 0.0321242686663419 0.284761183814218 253.194620960134
"654" 0.363636363636364 -5555.28243910516 0.0780393396174209 0.294066163386951 245.182917917443
"655" 0.454545454545455 -19556.5188848631 0.118752691131252 0.300243791704206 240.138187673274
"656" 0.636363636363636 -18369.4404137702 0.186703894133727 0.31771224150791 226.934913359972
"657" 0.363636363636364 -13596.7356946927 0.152023245911085 0.305556987264953 235.962530738925
"658" 0.454545454545455 -9701.58710569823 0.0961095639550774 0.295328394578554 244.135008091212
"659" 0.363636363636364 -2693.33390953854 0.414918148521728 0.400077255789897 180.215193332219
"660" 0.545454545454545 -5706.26493883863 0.423830292504156 0.404051693750981 178.442513953266
"661" 0.545454545454545 -7261.20751372426 0.0672332729869149 0.292212209126291 246.738492602954
"662" 0.454545454545455 -2978.79879111354 0.0564661946381407 0.290472071055753 248.216634865943
"663" 0.454545454545455 -6450.9248203518 0.0639577802807892 0.287728428361005 250.583511718689
"664" 0.545454545454545 -9126.52654290297 0.128128238560206 0.304708078232821 236.61991640704
"665" 0.363636363636364 -6316.49377588125 0.0213970082579161 0.282888690571889 254.870563592494
"666" 0.454545454545455 -2431.52368343483 0.41139050207817 0.396812763831362 181.697784375306
"667" 0.545454545454545 -5872.57382188966 0.0574907227610142 0.289992598987743 248.627034799076
"668" 0.545454545454545 -11763.6998649534 0.11497092148411 0.30046946183114 239.957829859326
"669" 0.636363636363636 -3662.56495915127 0.190694816284585 0.321355167359032 224.362348340417
"670" 0.545454545454545 -5427.78628867632 0.128709759420813 0.30151135489038 239.128639205688
"671" 0.545454545454545 -4277.40860464341 0.0521805645556451 0.290731375274427 247.99524967659
"672" 0.454545454545455 -4838.54203645915 0.0287037958629797 0.28356413932972 254.263462828649
"673" 0.545454545454545 -3692.37990639985 0.0760754745399543 0.295300006393429 244.158477612564
"674" 0.363636363636364 -26537.9000346746 0.0722223497624831 0.290618028520705 248.091972707272
"675" 0.363636363636364 -3866.76889548902 0.0376743268129448 0.287634786247979 250.6650914533
"676" 0.454545454545455 -4616.70988641481 0.130214228584974 0.306699513401018 235.083516111508
"677" 0.454545454545455 -3468.91185893317 0.0819805728632189 0.298934475956934 241.18997907216
"678" 0.454545454545455 -5665.03267765249 0.102031571693354 0.301086706248466 239.465903022968
"679" 0.454545454545455 -5201.50309160742 0.459426722738521 0.411996048495406 175.001678446447
"680" 0.454545454545455 -9709.76235580649 0.457725160177941 0.415452579397986 173.545679038693
"681" 0.454545454545455 -6094.82643771117 0.105923848870482 0.297656206436616 242.225757235649
"682" 0.454545454545455 -5478.64677791014 0.100891650032205 0.297404939327303 242.430405369468
"683" 0.363636363636364 -8618.90469066267 0.0927564562261269 0.298121065927035 241.848055171138
"684" 0.545454545454545 -7109.44638899327 0.162764524439991 0.311734778999752 231.286352556951
"685" 0.454545454545455 -6824.3104372578 0.0799685507837281 0.294720264444305 244.63875986249
"686" 0.454545454545455 -3853.86289160636 0.130154727970392 0.307461555414841 234.500862726461
"687" 0.454545454545455 -3425.82039345353 0.0627033622174811 0.28938173366046 249.151869705076
"688" 0.454545454545455 -5602.14265060714 0.133433551178986 0.303722503644087 237.38774419063
"689" 0.363636363636364 -6316.98016281853 0.0684175180621673 0.291122100747438 247.662406306109
"690" 0.454545454545455 -4372.18547614713 0.474554858248146 0.424059548511002 170.02329095799
"691" 0.454545454545455 -7301.45713146659 0.0885655772387934 0.295539229968765 243.960844073459
"692" 0.454545454545455 -8228.43926017109 0.463525618661671 0.416428167089792 173.139104647678
"693" 0.545454545454545 -4263.12338387817 0.060285235532728 0.289674869091594 248.899741375916
"694" 0.363636363636364 -2539.76094338704 0.040103876405975 0.286549645140532 251.614340560918
"695" 0.454545454545455 -3783.33682566883 0.0848145127785638 0.296226858094617 243.394540467261
"696" 0.363636363636364 -3377.89253057572 0.0332008993418498 0.285066315454906 252.923604407429
"697" 0.454545454545455 -6481.9131954016 0.0638738340400048 0.289052167310852 249.435943244329
"698" 0.545454545454545 -4904.87203919404 0.106698961680709 0.301548213820145 239.099409963686
"699" 0.363636363636364 -3184.79949947034 0.194873298818889 0.323362233046075 222.969761560642
"700" 0.545454545454545 -6453.83208135645 0.127301465182996 0.301285336097217 239.308029172502
"701" 0.363636363636364 -10392.7736932307 0.0385288398588267 0.280697125931559 256.860485338848
"702" 0.545454545454545 -4481.43812883206 0.175574554449748 0.315715653473514 228.370051363477
"703" 0.454545454545455 -3342.36666807095 0.0758644524756774 0.295915257975141 243.650836031094
"704" 0.363636363636364 -6674.74439611735 0.0399368979607011 0.282966801662177 254.800208280537
"705" 0.454545454545455 -2901.00380697347 0.0519933193711469 0.288603818420303 249.823444452833
"706" 0.454545454545455 -4580.74468830749 0.156526041630846 0.308870495956901 233.431165953969
"707" 0.363636363636364 -3857.78016083103 0.0816722426279523 0.292910793986291 246.150027517847
"708" 0.363636363636364 -8169.63851830191 0.0554862751133044 0.287695522682783 250.612172645796
"709" 0.272727272727273 -5394.28218086996 0.0159158381997628 0.27990055494524 257.591486426691
"710" 0.454545454545455 -4482.71445802139 0.441726607877693 0.404824194286409 178.10200333281
"711" 0.454545454545455 -7860.59533739334 0.118101951009867 0.297499262041505 242.353542342371
"712" 0.454545454545455 -7433.51519750967 0.0424594032746567 0.286121994524214 251.990414507957
"713" 0.454545454545455 -3962.0706304727 0.0742311072755268 0.297005476694443 242.756466319898
"714" 0.363636363636364 -4396.85798731043 0.0345464475327311 0.284380453302187 253.533599664762
"715" 0.454545454545455 -4466.9419489711 0.0328953128037845 0.28668182407031 251.498330017313
"716" 0.363636363636364 -4671.79597123867 0.0490040251428469 0.288810511929095 249.64465288473
"717" 0.454545454545455 -2759.79799179679 0.0740527867798899 0.295558330190056 243.945078298544
"718" 0.454545454545455 -4515.31428776576 0.0411808020665363 0.286469346681174 251.684869028042
"719" 0.454545454545455 -2969.94055256532 0.0339222907377931 0.287961292230406 250.380873906868
"720" 0.363636363636364 -4350.52467007191 0.104840095627246 0.297541605059179 242.319053114134
"721" 0.272727272727273 -12990.9205170428 0.183750806921215 0.317883696736105 226.812512690308
"722" 0.454545454545455 -5247.31876663746 0.0728004858822042 0.293911498977224 245.311939991797
"723" 0.545454545454545 -3717.12290775517 0.106855596415702 0.301515853133159 239.125071702808
"724" 0.363636363636364 -8115.02696242595 0.10211476543851 0.295881779288034 243.678404846323
"725" 0.454545454545455 -2795.37894470618 0.20373419701789 0.327118086321005 220.409702229816
"726" 0.454545454545455 -8117.19001205682 0.395456311073432 0.386132957425 186.723248077068
"727" 0.454545454545455 -9900.22456490906 0.418532621379027 0.39737085528717 181.442597112199
"728" 0.545454545454545 -2351.64600667613 0.47919280213869 0.424206103720139 169.964551117271
"729" 0.545454545454545 -4760.99050561816 0.0516454590580953 0.285914188695872 252.173564134283
"730" 0.363636363636364 -9797.17995799866 0.0902941276376334 0.296384177754262 243.265347517233
"731" 0.454545454545455 -4418.12286516666 0.132881161612976 0.306344008900724 235.356324606189
"732" 0.454545454545455 -5973.89290419846 0.0657261052764307 0.28894196263839 249.531080019114
"733" 0.545454545454545 -4936.22099386919 0.109476517762739 0.300656082959758 239.808884923344
"734" 0.545454545454545 -3928.79105525956 0.470565718495088 0.419391696202735 171.915659401007
"735" 0.363636363636364 -14463.9960580221 0.0739184881224354 0.288369197701247 250.026703873887
"736" 0.545454545454545 -3846.75515102669 0.19942170155222 0.326687868922305 220.699961213274
"737" 0.454545454545455 -5496.30022964983 0.495672599324545 0.432368061310028 166.756073012296
"738" 0.272727272727273 -4056.34742952374 0.047461549632132 0.287956017878145 250.38546001324
"739" 0.363636363636364 -6118.8479434543 0.0831786675378192 0.295873250139257 243.685429372426
"740" 0.545454545454545 -4621.64391767551 0.0687144035817884 0.292404018598758 246.576638534291
"741" 0.454545454545455 -5305.58420288278 0.0927486746244007 0.29622612241727 243.395144937415
"742" 0.454545454545455 -3227.58161324812 0.0843584809007182 0.295768477029653 243.771752568383
"743" 0.272727272727273 -5238.73085908803 0.0801263101392238 0.294945996495238 244.451529624895
"744" 0.545454545454545 -5199.8631648781 0.135185379666969 0.304335124152994 236.909887416591
"745" 0.454545454545455 -3402.68771929736 0.482924151130822 0.431137227618369 167.232137197442
"746" 0.363636363636364 -15519.5337570227 0.105714096547584 0.299949334627759 240.373928781929
"747" 0.272727272727273 -3864.19134612214 0.118418388307595 0.303956072774024 237.205328197547
"748" 0.363636363636364 -5920.75141081828 0.0314237937691144 0.280503144600186 257.038116641321
"749" 0.545454545454545 -3489.47542118625 0.144566221168773 0.312613637925417 230.636131163291
"750" 0.363636363636364 -4763.17044152689 0.0357445551500313 0.28253650636422 255.188261962351
"751" 0.545454545454545 -3778.40318996158 0.0807703554564517 0.295552636571406 243.949777733012
"752" 0.454545454545455 -3886.11423516431 0.0684829120819251 0.291311175992405 247.50166125408
"753" 0.272727272727273 -6204.02262775062 0.0392712298423467 0.287859993811482 250.468983360077
"754" 0.272727272727273 -4231.14817818877 0.0473812186459457 0.288242143210239 250.136913350007
"755" 0.545454545454545 -2054.42560276344 0.455312694421705 0.414348292064395 174.00819885314
"756" 0.454545454545455 -5945.98838372295 0.0480690227390889 0.287187406073117 251.055577213033
"757" 0.454545454545455 -5547.47955055395 0.0330520383466232 0.287018191900716 251.203589300501
"758" 0.545454545454545 -2910.86702778663 0.117007593803515 0.306113972333013 235.533188669887
"759" 0.545454545454545 -3989.79332092769 0.0743378543113218 0.293188583002663 245.916806383096
"760" 0.454545454545455 -4853.70625220175 0.0892354180467662 0.297263907510196 242.545422361869
"761" 0.454545454545455 -6773.76402427824 0.0294406864925637 0.281785646340166 255.868249275417
"762" 0.363636363636364 -4785.66755586494 0.391747846881628 0.387182448204922 186.217118917126
"763" 0.454545454545455 -6096.5503514864 0.125808040386662 0.302909360994346 238.024997851902
"764" 0.363636363636364 -8534.34371100746 0.054487147552216 0.290279645751503 248.381176755748
"765" 0.454545454545455 -8080.27910753023 0.0757827420317529 0.291190298425267 247.604402996634
"766" 0.545454545454545 -4550.00188528161 0.0715527802066421 0.291054585053791 247.719856351602
"767" 0.636363636363636 -4051.01962557304 0.0903897159114556 0.293758739267186 245.439506514296
"768" 0.363636363636364 -5766.26066380556 0.0480617112422539 0.285725712123248 252.339908313536
"769" 0.545454545454545 -3937.2239311902 0.113538058158818 0.304021320105275 237.154420535486
"770" 0.363636363636364 -5101.20975297708 0.0757606939904218 0.291025699122736 247.744443935149
"771" 0.636363636363636 -5196.27123105237 0.0777299790891047 0.294458667951051 244.856096448773
"772" 0.454545454545455 -5006.87680162368 0.0902356224767838 0.295751215672114 243.785980173059
"773" 0.545454545454545 -8682.53852867133 0.093885451793039 0.297872971568161 242.049487136841
"774" 0.454545454545455 -10901.3827814486 0.0385241421794112 0.28575773918817 252.311626641624
"775" 0.545454545454545 -2527.56851647163 0.428204667262024 0.399381934815466 180.5289466418
"776" 0.545454545454545 -8502.60897248076 0.105238914977764 0.29998604618995 240.344512405575
"777" 0.545454545454545 -5426.42241441796 0.468682009029145 0.417578442792644 172.662169813691
"778" 0.545454545454545 -42921.9038022263 0.209269220671904 0.322828505172095 223.338394363796
"779" 0.454545454545455 -3830.88105515744 0.134487904913221 0.308836685463509 233.456721282288
"780" 0.454545454545455 -5840.76488808634 0.187086277184548 0.319595491714061 225.597675403091
"781" 0.272727272727273 -7223.14516754794 0.010557952553152 0.279782855902036 257.699850005267
"782" 0.545454545454545 -7284.94815173218 0.117971010241543 0.30159596217008 239.061556001006
"783" 0.363636363636364 -5033.08051053353 0.473004188306569 0.417334216109034 172.763212832669
"784" 0.545454545454545 -3658.30052799213 0.127752882364266 0.304712928449251 236.616150049596
"785" 0.363636363636364 -11279.1178263415 0.107587279468634 0.298275632464237 241.72272942425
"786" 0.545454545454545 -3686.73161159532 0.498542240752385 0.431933203123732 166.923958330997
"787" 0.454545454545455 -2829.86830370718 0.15267102559294 0.314003127230014 229.615547577605
"788" 0.454545454545455 -6086.8825341339 0.0888887237314845 0.297311175757414 242.506861090311
"789" 0.363636363636364 -3873.86046095585 0.067241131801646 0.290637382422236 248.075451957015
"790" 0.272727272727273 -6441.56267193082 0.0596824168283069 0.290253384144529 248.403649840301
"791" 0.363636363636364 -13449.1582395048 0.0482945761794977 0.286522431574081 251.638238597589
"792" 0.454545454545455 -2290.06395287202 0.415014109325528 0.397477100482247 181.394097704052
"793" 0.454545454545455 -4169.27398292511 0.0400477552510498 0.285626613233618 252.427458295101
"794" 0.545454545454545 -9116.53797146416 0.0742090209858499 0.293337939682689 245.791594766065
"795" 0.272727272727273 -8629.4818584257 0.00795520012814954 0.278210903925958 259.155910076007
"796" 0.545454545454545 -3029.45593313396 0.160564886281195 0.314900806575013 228.960988649691
"797" 0.545454545454545 -4437.03373721719 0.42617218984382 0.40143744373908 179.604571333566
"798" 0.545454545454545 -4278.17399187482 0.106587013382442 0.298803915469731 241.295365513053
"799" 0.363636363636364 -5820.55853634766 0.039906730798753 0.285501337813371 252.538221194364
"800" 0.272727272727273 -8300.6415086965 0.0485779269017396 0.285847162409164 252.232694536234
"801" 0.454545454545455 -4452.70135537693 0.0384963359940239 0.286011866610894 252.087442574852
"802" 0.454545454545455 -7767.52018785959 0.111015656964433 0.300364748836869 240.04148382658
"803" 0.363636363636364 -6106.86206319233 0.113302952535096 0.300860884795306 239.645642367415
"804" 0.454545454545455 -2991.22175403942 0.181757793776327 0.320471289845978 224.981152085892
"805" 0.363636363636364 -4931.20978091819 0.0452268537707926 0.286057705562006 252.047047145078
"806" 0.636363636363636 -4671.35364412575 0.490834708965755 0.429614935153306 167.824705568654
"807" 0.454545454545455 -1644.13444933467 0.568152034179268 0.470948335470186 153.095349467616
"808" 0.272727272727273 -4113.79623561819 0.0352261235099943 0.28748694319355 250.793998499817
"809" 0.454545454545455 -3631.66156200176 0.140661800919755 0.307156760565862 234.733560372147
"810" 0.636363636363636 -4909.1710214879 0.498039455795791 0.432278903618507 166.790466517028
"811" 0.363636363636364 -6309.96502244498 0.0534490529150577 0.289804056653316 248.788787957689
"812" 0.363636363636364 -4390.88677469019 0.114475312008583 0.30264893639953 238.229814575724
"813" 0.363636363636364 -3785.712731604 0.467647838914549 0.414817624761489 173.811322605822
"814" 0.363636363636364 -5233.12722208568 0.0469843905983469 0.286713398009805 251.470634091311
"815" 0.454545454545455 -3462.09149545133 0.440037975122094 0.406799001046009 177.237406715867
"816" 0.272727272727273 -4652.578395085 0.078644327213556 0.296034511911325 243.552684227564
"817" 0.363636363636364 -4290.71557162032 0.0854466530129785 0.298750331112405 241.338644651986
"818" 0.363636363636364 -4203.8848327342 0.0346435172160996 0.286608656062401 251.562534748784
"819" 0.454545454545455 -5634.25602825804 0.431648686719392 0.39798605861707 181.162124750135
"820" 0.545454545454545 -4289.10501154541 0.0832900856375592 0.292565393482645 246.440630389449
"821" 0.363636363636364 -9465.50515769359 0.102419432441567 0.295153622303879 244.279570202152
"822" 0.545454545454545 -2595.53740740935 0.175932243794165 0.321465115989269 224.285611140485
"823" 0.545454545454545 -5882.0526210547 0.436917393322954 0.407926589665276 176.74748797121
"824" 0.363636363636364 -7373.28656041313 0.055725758088753 0.286432504538921 251.717241784628
"825" 0.454545454545455 -7736.38940481001 0.412168727396077 0.39325691502563 183.340704880678
"826" 0.363636363636364 -4756.58629998687 0.0159979085588076 0.280955234397736 256.624512280598
"827" 0.545454545454545 -10848.202404742 0.443558484350554 0.407077275805663 177.116248646658
"828" 0.545454545454545 -6886.98581499537 0.0463722751929977 0.288102980311144 250.257737431712
"829" 0.363636363636364 -5551.33671433765 0.022298481222936 0.281926036320457 255.740835224052
"830" 0.363636363636364 -9036.81627036788 0.0234123933156051 0.277514873687353 259.805894516586
"831" 0.454545454545455 -4800.53164657076 0.441786068590581 0.409125532305192 176.229529342148
"832" 0.363636363636364 -3477.95159952453 0.407798873161956 0.393408192483109 183.27020478379
"833" 0.545454545454545 -8140.57702467728 0.0905382999958925 0.294597144593997 244.74100079743
"834" 0.454545454545455 -3738.31130533261 0.404739872619187 0.392569122737695 183.661923019288
"835" 0.454545454545455 -5251.6409422377 0.0798845998472507 0.295688213252334 243.837923760834
"836" 0.454545454545455 -4323.89111905656 0.0560815828486169 0.287812451507128 250.510357083055
"837" 0.363636363636364 -15713.7553743477 0.0903404082374546 0.294127259917862 245.131988174557
"838" 0.545454545454545 -3935.52281092353 0.114174743134495 0.303266323102771 237.744828579488
"839" 0.272727272727273 -5170.96890943639 0.0488055519411454 0.286724986975338 251.460470050353
"840" 0.636363636363636 -7498.08361072135 0.0763741423800571 0.291978086197083 246.936340117433
"841" 0.454545454545455 -2589.57075986999 0.537954613924555 0.453407220740545 159.018199759236
"842" 0.454545454545455 -4610.25320660335 0.112267966706121 0.299761383463536 240.524643858172
"843" 0.363636363636364 -5163.08366605936 0.0483872241363659 0.285010546226392 252.973095047258
"844" 0.272727272727273 -2369.70719005576 0.178688755115386 0.318271070796673 226.536454662764
"845" 0.545454545454545 -29982.3060941526 0.455635739087476 0.40947479352806 176.079214495188
"846" 0.454545454545455 -8380.19272201136 0.120935324556458 0.302688255707147 238.198868441586
"847" 0.363636363636364 -3452.82071934009 0.040406413208758 0.285443994383811 252.588954115649
"848" 0.545454545454545 -10851.3028388255 0.0516377175474568 0.287253145353901 250.998121921943
"849" 0.545454545454545 -3529.74787645094 0.121273876713329 0.304764024560772 236.576479470997
"850" 0.272727272727273 -13930.337518978 0.0573779221804447 0.286282104340458 251.849483103756
"851" 0.545454545454545 -3674.76519801363 0.101332048052693 0.299670998941013 240.59718910001
"852" 0.363636363636364 -4124.56416788428 0.473288566179617 0.422372658947543 170.702337077539
"853" 0.363636363636364 -9154.63741515659 0.092375075558397 0.294577158123395 244.757605984501
"854" 0.454545454545455 -10044.2693600051 0.0907269172140091 0.293167659509506 245.934357563959
"855" 0.636363636363636 -4397.5630735353 0.16579428606514 0.313889405254704 229.698737176219
"856" 0.545454545454545 -4695.12291684457 0.0980262597220751 0.297059541949484 242.712284301107
"857" 0.363636363636364 -7647.5613434996 0.0878747317803947 0.292517193684322 246.481237878306
"858" 0.545454545454545 -2119.6523958568 0.511699789132756 0.440265098218448 163.764968633116
"859" 0.272727272727273 -8632.82439190091 0.104251530777842 0.29765680671438 242.225268744432
"860" 0.454545454545455 -3608.1257673984 0.090735442131503 0.298021354877647 241.928971934245
"861" 0.636363636363636 -8721.38321256595 0.194533260973501 0.31905217898475 225.981844817446
"862" 0.545454545454545 -4561.01563259168 0.0796769524337508 0.294510587954746 244.812930158826
"863" 0.545454545454545 -4671.17646829275 0.144057390600105 0.310689030472178 232.064839529172
"864" 0.363636363636364 -7484.21946696342 0.0948127224509597 0.294769397334862 244.597982870296
"865" 0.363636363636364 -3274.12464516113 0.065554681664783 0.289857894747029 248.742578024051
"866" 0.454545454545455 -4612.84817292757 0.183304342567051 0.318044375866487 226.697924789801
"867" 0.363636363636364 -8335.23324815772 0.0317822080866799 0.282872813107437 254.884869309148
"868" 0.363636363636364 -2465.95626006599 0.398646530045316 0.388915232219515 185.387441855979
"869" 0.454545454545455 -4848.4913955656 0.0437197553209577 0.287819891584707 250.503881448307
"870" 0.454545454545455 -2429.58050518031 0.448513749996965 0.413594439313624 174.325361142796
"871" 0.454545454545455 -5081.70288393398 0.0426020046176233 0.285813684133961 252.262239362222
"872" 0.454545454545455 -6352.71451496156 0.0582049722648503 0.291822366501612 247.068108124611
"873" 0.363636363636364 -8457.62718633625 0.0587345399959226 0.286811742451289 251.384407708639
"874" 0.454545454545455 -3755.98841780651 0.413599110128229 0.393068895265067 183.428403693401
"875" 0.363636363636364 -3692.32203190996 0.0269993464801753 0.283468321956565 254.349408436007
"876" 0.636363636363636 -4826.11555753657 0.108082634954248 0.299993055329894 240.338896914509
"877" 0.363636363636364 -4899.49922691405 0.0900463193389801 0.29934388456049 240.860106782741
"878" 0.363636363636364 -2406.6973189649 0.107721991775589 0.30537069698224 236.106478822339
"879" 0.272727272727273 -3951.74913040987 0.0313424273494003 0.283198518929258 254.591726936292
"880" 0.545454545454545 -9478.19325276111 0.122735961920137 0.306369878019432 235.33645169721
"881" 0.545454545454545 -9003.53192009166 0.467583120228137 0.414557308467939 173.920465342794
"882" 0.545454545454545 -3095.78044499553 0.476499479225097 0.423554574874011 170.22599749146
"883" 0.363636363636364 -7218.4439004789 0.0811264729420584 0.294241637772162 245.036700264117
"884" 0.454545454545455 -3895.53851799357 0.209591667034757 0.325614276990745 221.427637222582
"885" 0.545454545454545 -6079.9776040767 0.11434353664924 0.300837485362467 239.664282239062
"886" 0.363636363636364 -5093.82441760816 0.083695827628021 0.294940597790065 244.456004158912
"887" 0.545454545454545 -7874.42912552679 0.0771628234686185 0.289023034400234 249.46108585988
"888" 0.363636363636364 -5551.79538188223 0.0316309521657084 0.281874471910533 255.787618904646
"889" 0.454545454545455 -3680.12952870583 0.0894754241951397 0.298167580320866 241.810326670697
"890" 0.454545454545455 -5182.24799195684 0.126513507905231 0.305095048206645 236.319797465758
"891" 0.363636363636364 -6330.20376029512 0.0969235751117979 0.297186554273078 242.608553325562
"892" 0.454545454545455 -4547.63496613132 0.12403360542454 0.303260857456009 237.749113435976
"893" 0.636363636363636 -4484.48217809098 0.115112206453012 0.303948565629609 237.211186868573
"894" 0.363636363636364 -3881.93012756134 0.419637910668241 0.402141908159104 179.289943517835
"895" 0.363636363636364 -4107.4447254692 0.0915442460697576 0.298216221677289 241.770885549017
"896" 0.454545454545455 -3813.5608733503 0.0967746678007998 0.300235808993549 240.144572500175
"897" 0.545454545454545 -3525.45661024612 0.0874242329767442 0.297793038610071 242.114457532392
"898" 0.454545454545455 -4877.99280492721 0.072691333092603 0.293575793526467 245.592455474364
"899" 0.454545454545455 -3556.69032647688 0.143516800184107 0.307805460298617 234.238859603245
"900" 0.363636363636364 -4463.21123172771 0.0876477777783747 0.296367389925071 243.279127363603
"901" 0.454545454545455 -5939.76886487464 0.057432637028184 0.286613897227507 251.557934550427
"902" 0.454545454545455 -4395.23205667558 0.043271941966874 0.289948272401903 248.665044294731
"903" 0.363636363636364 -3352.06489084641 0.0241079576138388 0.283567601939936 254.260358047785
"904" 0.454545454545455 -5723.94089923237 0.0463054735996813 0.285536147368931 252.507434397937
"905" 0.181818181818182 -6283.7906741176 0.0295541257006557 0.284479395082341 253.445420815561
"906" 0.272727272727273 -2931.73966052818 0.0869877400729421 0.299362593546945 240.84505397196
"907" 0.545454545454545 -3349.82507734348 0.418457617160864 0.400731092496027 179.921152488847
"908" 0.363636363636364 -8318.81040972378 0.0647960400543228 0.286060073598615 252.044960672027
"909" 0.545454545454545 -3128.52467974205 0.500515846829209 0.437660302466055 164.739638467878
"910" 0.454545454545455 -5936.47944346912 0.116437597975681 0.302097347407203 238.664790071179
"911" 0.454545454545455 -6544.16407295716 0.116818540796262 0.299150615476346 241.015716732499
"912" 0.545454545454545 -3013.61766345589 0.410405503593212 0.394863581640624 182.594707013573
"913" 0.454545454545455 -7730.9335855962 0.0972592179702787 0.298735263432133 241.350817347949
"914" 0.363636363636364 -3940.4300377978 0.0602828748980759 0.286926950952414 251.283470446655
"915" 0.545454545454545 -10848.646916484 0.0935335979272377 0.291382406642855 247.441157586334
"916" 0.454545454545455 -3484.60579679014 0.136506589766279 0.307954356132593 234.125605188571
"917" 0.636363636363636 -3326.46470276057 0.170871548632657 0.318297088189547 226.517937723213
"918" 0.454545454545455 -5877.00503889821 0.109401299177764 0.299355669034243 240.850625052811
"919" 0.454545454545455 -7438.48587781581 0.422104896039801 0.39956797069555 180.444893704797
"920" 0.454545454545455 -4141.9981242482 0.0811582884850853 0.295744239436973 243.791730778126
"921" 0.363636363636364 -2932.76823718394 0.189867105556239 0.325446260313643 221.541952672969
"922" 0.454545454545455 -7432.55803897333 0.0985216829561006 0.297227456352173 242.575167465591
"923" 0.636363636363636 -4454.97470146728 0.075611702326392 0.293536050658609 245.625707091953
"924" 0.363636363636364 -5403.73014056781 0.0375657359088528 0.287827556189694 250.497210741289
"925" 0.454545454545455 -5703.57863064281 0.0580575322358289 0.289200613526731 249.307908170588
"926" 0.454545454545455 -3973.46467960559 0.0613828938754994 0.287106075934501 251.126695125911
"927" 0.454545454545455 -5084.59179691201 0.119894767829541 0.301085623919392 239.466763844238
"928" 0.454545454545455 -11838.3672070712 0.10691942299202 0.301028754693806 239.512003008939
"929" 0.545454545454545 -2267.62351973745 0.131207141959818 0.308585628036997 233.646655739119
"930" 0.363636363636364 -5343.91620461897 0.04126001333255 0.284625612359816 253.315221361221
"931" 0.363636363636364 -2607.3407734967 0.39689631158921 0.387180230110998 186.218185725366
"932" 0.363636363636364 -2710.54691863295 0.174039818139687 0.319069157515231 225.969819713954
"933" 0.454545454545455 -25714.8723888683 0.440172461952891 0.409144330226215 176.221432569128
"934" 0.454545454545455 -5447.55013400599 0.0625888267112188 0.291553334391221 247.296091298522
"935" 0.545454545454545 -4314.24066509565 0.175284691752661 0.319106498348751 225.943377440098
"936" 0.454545454545455 -4123.6762112071 0.107849347941392 0.299085299356776 241.068351253174
"937" 0.545454545454545 -4100.77330047411 0.0673467978455915 0.290621888784046 248.088677358971
"938" 0.363636363636364 -5525.51344757794 0.0328902983184709 0.284435847130867 253.484224043066
"939" 0.545454545454545 -2111.76940460894 0.498764100863522 0.438000091954102 164.611837587366
"940" 0.363636363636364 -8083.01375878095 0.446205331426643 0.408499902462163 176.499430147791
"941" 0.454545454545455 -4914.89522218132 0.150586011479633 0.308947432045903 233.373035414282
"942" 0.454545454545455 -2804.63043152643 0.415260896828306 0.40063936073655 179.962347851816
"943" 0.545454545454545 -20354.6464454333 0.0567979439143534 0.288204508643521 250.16957694156
"944" 0.454545454545455 -3267.59777386099 0.44110646566428 0.409312338664949 176.149099817435
"945" 0.545454545454545 -5062.72743449075 0.450077769421002 0.411501826650244 175.211858928834
"946" 0.272727272727273 -12011.5310812296 0.534422538506754 0.4455686405292 161.815696711436
"947" 0.363636363636364 -3008.21628980424 0.0430742920495917 0.287733112754888 250.579432133069
"948" 0.545454545454545 -3177.86675082195 0.0733733144790277 0.294575861435111 244.758683378686
"949" 0.545454545454545 -4533.73056558597 0.132474126300051 0.308013691596584 234.080503455125
"950" 0.545454545454545 -4512.01137213418 0.0394496717243338 0.282604625385664 255.126751381393
"951" 0.454545454545455 -3250.44251452719 0.0751696113314151 0.294492457819702 244.828001823198
"952" 0.454545454545455 -10560.5644287443 0.180666136668504 0.317727314845447 226.924147315039
"953" 0.454545454545455 -4860.63325087822 0.134424774955249 0.309317809966567 233.09359395695
"954" 0.363636363636364 -4353.94181035748 0.399964996183495 0.390503739046799 184.633315358241
"955" 0.363636363636364 -6735.36414879128 0.0565902529828507 0.289118607787497 249.378621984074
"956" 0.363636363636364 -4307.61510261796 0.0483411117165472 0.28923654762942 249.276934712888
"957" 0.363636363636364 -12217.0471409992 0.0891007936488482 0.295311161160348 244.149255032224
"958" 0.363636363636364 -3924.26631572432 0.034563424421862 0.284740586929915 253.212935947717
"959" 0.454545454545455 -9883.53525410518 0.0888127072495145 0.297429740699123 242.410190152893
"960" 0.636363636363636 -2483.9078947581 0.504923399198175 0.436304181310062 165.25168240082
"961" 0.454545454545455 -2956.95214235721 0.426218902481852 0.397972203004625 181.168432005192
"962" 0.454545454545455 -2487.89103003591 0.525391917169056 0.44932491836734 160.462945749774
"963" 0.363636363636364 -2760.98525874647 0.156127931241183 0.31506025853323 228.845111521406
"964" 0.363636363636364 -3065.37147612648 0.0406467247795226 0.286566984460597 251.599116121884
"965" 0.272727272727273 -3568.118296426 0.0213898244153611 0.282987545187327 254.781530940779
"966" 0.545454545454545 -4752.24097605882 0.169667241978259 0.313785822545141 229.774562200393
"967" 0.454545454545455 -5108.95860495842 0.442203670071695 0.407404100533441 176.974163749444
"968" 0.454545454545455 -3931.11171130221 0.0826944805799221 0.294514906706144 244.809340234648
"969" 0.454545454545455 -3324.32530376211 0.103662211677453 0.299734450276402 240.546256639878
"970" 0.545454545454545 -5729.4797640319 0.117387898716228 0.299739542935657 240.542169691228
"971" 0.545454545454545 -3261.50480545253 0.199554585836193 0.32360900296959 222.799734674796
"972" 0.363636363636364 -4494.00524816052 0.0569007450351372 0.290075936812754 248.555605101919
"973" 0.363636363636364 -4827.08238018046 0.0508464361559671 0.289958576619926 248.656207519282
"974" 0.454545454545455 -2780.55703324198 0.152200465081715 0.314498681216156 229.253743517116
"975" 0.272727272727273 -13847.9720739635 0.00797683740879673 0.278761056401966 258.644449589234
"976" 0.272727272727273 -6110.3528489315 0.400829196945479 0.391346573095932 184.235674863891
"977" 0.363636363636364 -2342.86810820067 0.0898759561543864 0.29765799976523 242.224297874967
"978" 0.454545454545455 -4791.67858121526 0.0915012525962257 0.29590479698096 243.659449713616
"979" 0.454545454545455 -5122.06679194879 0.0875173797290565 0.295091254885456 244.331198591387
"980" 0.454545454545455 -8180.93121488077 0.0499452926644143 0.283158503822632 254.627705072078
"981" 0.363636363636364 -4183.87409923346 0.0567545096648777 0.290410454352064 248.269299260808
"982" 0.454545454545455 -5035.24490175506 0.0996201513697925 0.295336733270151 244.128115055869
"983" 0.545454545454545 -3451.80951441286 0.495021114592404 0.426790076177094 168.935511916829
"984" 0.454545454545455 -4545.32020752724 0.128182360415999 0.302872705993118 238.053804695225
"985" 0.454545454545455 -13451.2729593697 0.0372692646883576 0.287863142488778 250.466243704023
"986" 0.363636363636364 -5137.26479665075 0.082077211622849 0.294176162170666 245.091238759758
"987" 0.454545454545455 -4525.4513784929 0.15550254302666 0.314035158557328 229.592126981023
"988" 0.454545454545455 -8100.61728172365 0.0991561900374316 0.29649378414848 243.175418355123
"989" 0.545454545454545 -2579.15268884705 0.175956226203725 0.319871716354012 225.402860940055
"990" 0.454545454545455 -2677.65343831923 0.403593063596258 0.39408347897078 182.956159918965
"991" 0.545454545454545 -2541.59537782393 0.0988585387355851 0.301320117524922 239.280405809733
"992" 0.454545454545455 -4001.17722043346 0.421501210297325 0.398827490685135 180.779915336682
"993" 0.454545454545455 -8552.69782737176 0.0441781724186652 0.283807736103241 254.045224383074
"994" 0.272727272727273 -3085.50765204324 0.422173721143311 0.400330679333672 180.101110711791
"995" 0.545454545454545 -6999.2560577352 0.146771786612808 0.309566261429267 232.906517871536
"996" 0.545454545454545 -2915.15551578542 0.13182262988229 0.309711625683697 232.797202367968
"997" 0.454545454545455 -5048.67752342832 0.129307620162964 0.305866234780394 235.723959696847
"998" 0.454545454545455 -10536.0442989796 0.0603515681860923 0.291423528388408 247.406242037895
"999" 0.272727272727273 -2762.13997163908 0.0750333222934905 0.296573490684988 243.110062984633
"1000" 0.363636363636364 -4623.83679365763 0.093688751314531 0.295220826634811 244.223962184036
