"SCI" "RCI" "GER" "MSM*" "MIG"
"1" 0.333333333333333 -1455.61327737643 0.927984776980819 0.576334679884875 50.496315075501
"2" 0.25 -2482.09254965344 0.781882925975524 0.316582148512997 95.9511059916936
"3" 0.333333333333333 -2286.78199599933 0.447523743091219 0.147336759475541 193.918287067606
"4" 0.333333333333333 -2176.27375372515 0.364578576379198 0.129821726696275 217.238728383216
"5" 0.25 -3295.13081825038 0.344642869170411 0.12660496995288 224.182335016519
"6" 0.166666666666667 -2659.44154971659 0.752755312346814 0.285463365635481 103.630603866043
"7" 0.333333333333333 -3951.90041710268 0.682253006717245 0.229969649289263 122.928925042835
"8" 0.416666666666667 -3431.05030576837 0.483083470656354 0.156697841164585 182.351852044447
"9" 0.416666666666667 -2812.46658130844 0.735085959430756 0.269750210872467 109.032553911037
"10" 0.333333333333333 -4277.98090735678 0.699914582799836 0.246392865076383 118.735634351042
"11" 0.5 -3113.02441832932 0.725094457991294 0.255399601293987 110.523179397648
"12" 0.25 -7128.09782598227 0.293039674148461 0.121134074433602 239.162691999459
"13" 0.416666666666667 -1828.27066697728 0.722848446821702 0.256558058327231 111.09399422037
"14" 0.416666666666667 -2614.65555705791 0.479342999800699 0.154871732778589 183.430223572885
"15" 0.416666666666667 -2536.93030613803 0.790433073998265 0.311500610514065 91.3994347610142
"16" 0.416666666666667 -2864.16918604574 0.743361096081338 0.288674408043052 108.195056312609
"17" 0.416666666666667 -2705.03604854909 0.526885453302812 0.166805122371095 170.279609723713
"18" 0.25 -3685.39385149852 0.491118349292536 0.15870281503386 181.149401556184
"19" 0.333333333333333 -3925.90788655669 0.566040410944164 0.184724985888203 159.651616100551
"20" 0.25 -3085.89163119625 0.348021434982713 0.126884968396791 222.607227342897
"21" 0.333333333333333 -2342.28288626418 0.705246159030098 0.249786165394308 117.337668570394
"22" 0.166666666666667 -3287.44706967506 0.110558801977095 0.0976348108707606 293.179406053597
"23" 0.25 -1605.43446460351 0.70520202713029 0.245662754093633 117.514993554817
"24" 0.0833333333333333 -7199.20961375431 0.249052366652863 0.118815668289834 254.93854877399
"25" 0.25 -6266.25421020242 0.35407425891995 0.1286123429351 222.466294276058
"26" 0.25 -2607.80975647512 0.358840727533297 0.128155417388749 219.442863504287
"27" 0.333333333333333 -1556.30476150085 0.769354850569295 0.296189980151742 98.1052932340895
"28" 0.583333333333333 -3799.8656616687 0.895937826252527 0.477691173281935 59.5468713746301
"29" 0.333333333333333 -3127.57686203374 0.355097341620257 0.128033581863812 220.908495990358
"30" 0.166666666666667 -2515.57555061336 0.268045918555465 0.115137127904185 245.389122314696
"31" 0.5 -2132.57391566433 0.55028894280687 0.176117570803544 162.94388820031
"32" 0.166666666666667 -1994.74374524588 0.667362905861321 0.222471912720876 127.686849639124
"33" 0.166666666666667 -2834.84093873343 0.349226369354078 0.12760128223986 222.698592523381
"34" 0.416666666666667 -4009.68530579275 0.455931251907614 0.156304944758868 193.970322613665
"35" 0.416666666666667 -1970.32016938738 0.785428858231069 0.309559272081364 92.6848311322469
"36" 0.25 -6495.04925910281 0.320113322995234 0.124045799571161 234.03257987103
"37" 0.333333333333333 -2990.95376323639 0.606104069530886 0.197156849552618 147.313956965632
"38" 0.333333333333333 -3545.042651615 0.545223330647633 0.177991403797444 166.676923411705
"39" 0.333333333333333 -2943.91253933791 0.397859718994616 0.135363090628002 208.33265295002
"40" 0.416666666666667 -1861.26832172749 0.546842207298371 0.174472829186975 164.309335653277
"41" 0.583333333333333 -1640.79432061424 0.711888359901003 0.249799827243245 113.989106675403
"42" 0.416666666666667 -4917.92786518664 0.650791235527516 0.221716158302402 134.424589035533
"43" 0.25 -6685.51322096025 0.367046667580987 0.130059541261521 218.890739419169
"44" 0.333333333333333 -4183.97113168292 0.267440244466423 0.115392396532286 245.826706490525
"45" 0.583333333333333 -3152.12018410319 0.70791752808762 0.242628435251715 115.991898662797
"46" 0.25 -4028.73978894436 0.369411062913269 0.133858562851796 217.611228929508
"47" 0.333333333333333 -2417.25892584902 0.462048975910267 0.149220664106747 188.478805295326
"48" 0.25 -5266.81586693678 0.363902838662144 0.129913363271356 218.256547093871
"49" 0.333333333333333 -1571.4178072288 0.692509559167418 0.235413729756194 119.654262296785
"50" 0.25 -3222.47674896791 0.510509048880192 0.164125914846176 175.725416845899
"51" 0.25 -1743.7977423813 0.509385534142619 0.161544912933958 174.182952888241
"52" 0.416666666666667 -2124.83992055944 0.539293527507404 0.169516697810115 166.368045801305
"53" 0.416666666666667 -1504.82599447902 0.78879815103148 0.308111918631188 91.7019156659608
"54" 0.5 -2815.46787434012 0.569681666270155 0.186353653095196 158.818434700773
"55" 0.333333333333333 -1789.14869124546 0.658321424924453 0.216226890870118 130.386643242991
"56" 0.416666666666667 -1805.74400759252 0.793898654956152 0.325859668814323 90.9598018026246
"57" 0.583333333333333 -4423.81386421367 0.681509197887837 0.243503824824113 126.668725071408
"58" 0.333333333333333 -1957.93132414837 0.778965039991251 0.317553692772238 96.8594629370635
"59" 0.333333333333333 -4195.12346648339 0.36282742851221 0.131440688679592 217.973224985284
"60" 0.25 -2233.83367778686 0.598899095288026 0.191599823445173 149.34457777926
"61" 0.416666666666667 -2193.40432568485 0.718255257689221 0.256131648742463 113.183116707672
"62" 0.416666666666667 -2469.35213280209 0.719420211590381 0.261144201920661 113.578437101241
"63" 0.333333333333333 -3261.32921472571 0.565980411525589 0.182835157898997 158.165052027711
"64" 0.416666666666667 -4231.874122261 0.573891427485553 0.18219154438633 155.783324584706
"65" 0.333333333333333 -3758.1959221032 0.53496760563953 0.174123047967084 168.710851789453
"66" 0.5 -2692.23771608029 0.505251220172813 0.161997357614971 177.130939448806
"67" 0.166666666666667 -4585.07740742232 0.189370867351008 0.105495995556459 269.977922862818
"68" 0.416666666666667 -2477.57456345532 0.468901751434363 0.153409734828348 188.003696366804
"69" 0.416666666666667 -6144.72434146446 0.520735292216117 0.179243027521851 175.529514250265
"70" 0.166666666666667 -7171.71665959134 0.246058909447647 0.119044408768815 256.486719255825
"71" 0.416666666666667 -1554.36661894864 0.619489883251875 0.199358312836765 141.503828815234
"72" 0.25 -5285.30559415553 0.551735519528411 0.179160127688097 164.101532147864
"73" 0.416666666666667 -4335.86118544932 0.661422413263665 0.236357283358768 133.453910246232
"74" 0.416666666666667 -858.595862537606 0.941739058725832 0.635977866949 48.0693092919364
"75" 0.333333333333333 -2514.09488633476 0.480841379791062 0.159200192192226 185.117375618075
"76" 0.25 -4694.39283355652 0.362237714576118 0.129425967964095 217.819041585483
"77" 0.333333333333333 -3606.41506189297 0.401340172573891 0.13782735371803 207.202951232425
"78" 0.333333333333333 -3455.58087772851 0.620712236822491 0.200083180487785 142.147375236647
"79" 0.416666666666667 -3015.74123366999 0.621857842379075 0.201167466314189 141.333367713465
"80" 0.333333333333333 -4125.54949970088 0.521847033372203 0.179892106159233 174.738122732801
"81" 0.166666666666667 -3129.15728371641 0.290548951590084 0.121495294801434 240.79510549614
"82" 0.333333333333333 -7875.06121252655 0.388852128588066 0.133900547161992 211.866657434144
"83" 0.333333333333333 -4358.87887458585 0.448655502826701 0.15359233648622 195.384223873329
"84" 0.416666666666667 -1391.58528888678 0.897123098786368 0.489788779340096 60.595738546261
"85" 0.333333333333333 -1564.82271311655 0.79154029595899 0.319644649983426 91.7998695322393
"86" 0.5 -2287.12154686795 0.723031135004068 0.266151482517049 112.924650082145
"87" 0.25 -6505.33008429685 0.39916538242339 0.140808941310649 209.829214319504
"88" 0.25 -7447.07335835254 0.490259089182549 0.162885681552172 183.97368641279
"89" 0.166666666666667 -6140.05813382651 0.187211133851828 0.105097345916552 271.45983923501
"90" 0.416666666666667 -2506.12907271975 0.593022638402083 0.195612736730382 151.203518863092
"91" 0.5 -707.597849863116 0.961437288587764 0.721560311635047 41.4230017184929
"92" 0.5 -1018.00659211502 0.863210815322617 0.411064366578378 69.1619529852012
"93" 0.416666666666667 -852.025406249136 0.941969574563463 0.633458328096346 47.2021070036573
"94" 0.416666666666667 -3580.4177321514 0.479558677209763 0.159179735293595 184.49151597522
"95" 0.25 -5961.67005571917 0.443873573212985 0.149473245966212 194.39119318014
"96" 0.333333333333333 -4305.18904710816 0.340071254063093 0.124509175441002 225.965482238928
"97" 0.416666666666667 -2792.96264412225 0.815383919709552 0.345572601890444 85.0356099651402
"98" 0.666666666666667 -820.927550273069 0.893779637691856 0.472520071278079 59.8249122023877
"99" 0.416666666666667 -472.177332425541 0.939060750001501 0.612204176089259 46.7662412229203
"100" 0.25 -3907.35327827209 0.45200409358653 0.149436918224895 193.096543061821
"101" 0.416666666666667 -1869.33367261623 0.625598070269456 0.201956146536692 140.858032809703
"102" 0.25 -5340.99127842652 0.339589173350764 0.124908546346603 225.784388072758
"103" 0.25 -2484.76663654015 0.854454952498818 0.404108339256279 73.3551179657035
"104" 0.333333333333333 -1605.33868386223 0.928982400951319 0.593528254628673 52.6035851512457
"105" 0.416666666666667 -1516.14732853408 0.794412891677276 0.320203025422386 90.3015156910225
"106" 0.333333333333333 -2483.06484660109 0.464944907813831 0.152921191794873 188.359557677239
"107" 0.5 -2126.42601856741 0.892757692380131 0.485081949790676 62.5937859537473
"108" 0.333333333333333 -2812.52942136681 0.414793767952793 0.142252087722643 204.384784788547
"109" 0.25 -5259.79037025 0.258367166496955 0.112794808686404 250.750724648507
"110" 0.416666666666667 -2818.88714790076 0.552009316680246 0.175826159056649 163.97061771632
"111" 0.25 -3774.51761991762 0.461202349446455 0.156899743292397 191.674236876028
"112" 0.416666666666667 -1358.35822344618 0.878970952153819 0.444677925899013 65.5494834250602
"113" 0.416666666666667 -1555.07603738478 0.943342261866453 0.630389102398123 45.7580009296222
"114" 0.416666666666667 -3944.97530475216 0.52784825218573 0.167965638175071 167.997184535209
"115" 0.333333333333333 -909.556017422601 0.933229376755526 0.5962715405807 49.6786415381244
"116" 0.5 -2382.13890552591 0.705676130763712 0.24895648492068 116.329649771267
"117" 0.5 -727.421651052412 0.937705873077299 0.612571250565384 48.2778715989885
"118" 0.333333333333333 -2799.26553391777 0.595036438977512 0.190495829526365 149.23628641985
"119" 0.416666666666667 -1778.80971701273 0.546738166222253 0.174584101090073 163.968251351947
"120" 0.416666666666667 -2966.33824392446 0.733158073806072 0.278443615985956 110.971667107713
"121" 0.333333333333333 -1786.52675846927 0.524376791828765 0.16888156712674 170.916153054456
"122" 0.333333333333333 -1497.57195408649 0.773366841159809 0.293404354443544 96.0400194606005
"123" 0.333333333333333 -3946.07261101634 0.540642051480152 0.176057240211923 165.712579410575
"124" 0.583333333333333 -2382.29904483728 0.731604485063827 0.268584122287865 109.490544736981
"125" 0.25 -2645.99037012997 0.369968886474491 0.132932755631241 215.872898013719
"126" 0.416666666666667 -2181.61788862765 0.706709187042194 0.243668238181119 115.911356419929
"127" 0.333333333333333 -2306.81184494154 0.525347981076709 0.167053220197603 169.449205936507
"128" 0.333333333333333 -4293.79223213084 0.454116965606034 0.14912338819584 193.937448533888
"129" 0.583333333333333 -1920.36938438312 0.813816715176904 0.352791744384411 86.0947416808577
"130" 0.25 -6207.55565714236 0.445559253426065 0.147987511060586 193.454408305191
"131" 0.166666666666667 -3446.41281921173 0.335840074869571 0.124300157890748 227.06928707018
"132" 0.333333333333333 -2975.21960226554 0.392622502555482 0.138596345811578 212.087795922062
"133" 0.25 -2369.88980976978 0.80338564940681 0.347388877113676 90.5725211244583
"134" 0.5 -1627.43064992665 0.746569475125749 0.28059124106245 105.327449105289
"135" 0.333333333333333 -1374.54719169282 0.783802154070572 0.31112831234076 93.5990968849591
"136" 0.416666666666667 -5868.20993609135 0.812258583188767 0.342546736039246 85.5832544712655
"137" 0.333333333333333 -2417.08607617838 0.452054807760182 0.14724061968993 191.836161005985
"138" 0.333333333333333 -2737.69761321963 0.358247910037973 0.129107749272772 219.90418154596
"139" 0.25 -4120.6287767565 0.601960877001558 0.194909516053563 148.575204102067
"140" 0.416666666666667 -2597.95774437319 0.537176992868803 0.171115817477372 167.589034239226
"141" 0.333333333333333 -3128.98865110237 0.322115133606706 0.125499588917193 230.943418287765
"142" 0.5 -4054.89059639181 0.724957141346549 0.265443155206958 112.047088689465
"143" 0.333333333333333 -1525.96704362656 0.631414815463453 0.204118468034044 138.484644345085
"144" 0.25 -2426.39596347106 0.69194485073912 0.237151928198182 120.91517838814
"145" 0.416666666666667 -1443.30457965464 0.617686070695265 0.204312409619583 143.121588101738
"146" 0.166666666666667 -4136.10884427448 0.314764349665983 0.125909187699221 233.907680861135
"147" 0.25 -2224.96480930824 0.565110079161402 0.178777975436525 158.148795151672
"148" 0.25 -4610.97869380279 0.294413978058279 0.12175776249661 241.49026806508
"149" 0.333333333333333 -1251.81884173183 0.945181859710181 0.633559019176017 44.4336314241464
"150" 0.25 -3149.36313477143 0.518664880459488 0.164850307051302 172.644253852782
"151" 0.416666666666667 -3724.85301501839 0.587716588063698 0.191569954985337 153.921186852121
"152" 0.25 -1329.37351099612 0.846277209333096 0.383096212531995 74.7901712038705
"153" 0.666666666666667 -1332.37825641573 0.734150521179759 0.263108732628947 107.410655197251
"154" 0.416666666666667 -5786.73872952123 0.471265282010997 0.153431328433531 186.842692747723
"155" 0.25 -4813.33819061831 0.437953015698888 0.145957566556365 197.011384928318
"156" 0.166666666666667 -4562.8036528405 0.315338369345681 0.125860782893132 234.265184150617
"157" 0.5 -2192.06553831449 0.799261716049611 0.327243476277134 89.3790764732416
"158" 0.25 -3412.84452589949 0.44277207955644 0.148617645963053 195.77307055238
"159" 0.333333333333333 -4602.36023679936 0.454833657295325 0.146827538259243 192.805607700503
"160" 0.416666666666667 -913.207975469143 0.928042201828867 0.575427883648201 51.0437354589981
"161" 0.25 -3051.27712091359 0.722147097149311 0.255095085296745 111.419044971017
"162" 0.416666666666667 -4068.21956503763 0.717356936003588 0.264470681335713 115.043932028901
"163" 0.416666666666667 -2799.19754526475 0.639347282782007 0.217224483075227 137.904750652143
"164" 0.25 -7366.33598212297 0.368074657529549 0.130246388984919 216.73825991933
"165" 0.333333333333333 -2928.91884255205 0.712978547789141 0.248489328769 114.511855247335
"166" 0.25 -4852.93391243101 0.505180185804783 0.159697669317227 176.92073829569
"167" 0.333333333333333 -11306.6968257256 0.30894928185165 0.120818158530917 234.2515455113
"168" 0.416666666666667 -2365.67324776104 0.69921893666836 0.239900266265469 118.27815627784
"169" 0.25 -1869.61252563993 0.536583931448696 0.17321215869865 166.796869602609
"170" 0.25 -4391.10342783034 0.361662887794364 0.129920189420066 220.031366056959
"171" 0.25 -4868.37862060441 0.605902743180124 0.19538662336912 146.078913865676
"172" 0.416666666666667 -2044.48065355542 0.785866980691009 0.305653800435021 92.1512612732955
"173" 0.416666666666667 -9141.19284334588 0.685680872513583 0.251645382335863 127.168289611655
"174" 0.416666666666667 -449.169046104428 0.955973001118021 0.692106815980456 42.5662813907014
"175" 0.583333333333333 -1288.75398704459 0.880345816316196 0.44352342942572 64.2329859699569
"176" 0.333333333333333 -3908.41602847211 0.390914658098077 0.135623954963736 210.740831918188
"177" 0.25 -2305.68536719301 0.64700237606025 0.216961653147835 134.506828543127
"178" 0.333333333333333 -5727.49167796371 0.553027793868021 0.184760008253214 163.881913737053
"179" 0.333333333333333 -1722.98900650204 0.763306102147782 0.287022789886079 99.2167267728347
"180" 0.333333333333333 -3223.40074570445 0.687058263797872 0.233787151932069 122.13993490749
"181" 0.416666666666667 -6426.1687252577 0.542103196287068 0.18294247511205 168.883530689327
"182" 0.333333333333333 -2554.76087131454 0.929261235187104 0.585805612964086 51.0829774441688
"183" 0.333333333333333 -2468.29857450929 0.466365807925109 0.150554943364845 187.420661665567
"184" 0.333333333333333 -3727.54942946116 0.446728589344446 0.148274172274679 193.664153587821
"185" 0.416666666666667 -3907.40151099067 0.467135177286251 0.15457714750753 187.367029228035
"186" 0.416666666666667 -5367.2300534741 0.540000747183635 0.175769268603851 166.40324007677
"187" 0.333333333333333 -3050.04749759931 0.738618083447651 0.267667824362429 106.670180957979
"188" 0.333333333333333 -1577.45629304611 0.678178160643515 0.226770167400629 124.624290975167
"189" 0.416666666666667 -2571.32652281594 0.442009575540716 0.145447749128234 193.600167948781
"190" 0.25 -3548.98134911424 0.359788090852123 0.130588059163612 219.782664041812
"191" 0.333333333333333 -4806.14114580384 0.439897799949845 0.144197519695915 195.288616840494
"192" 0.416666666666667 -1182.60369535099 0.945784894860288 0.655668024711354 47.4323098215928
"193" 0.25 -3346.83237807259 0.450426808395591 0.146863546672074 191.787581435116
"194" 0.583333333333333 -1047.12084216948 0.885313707947725 0.461751700958424 63.7990553122687
"195" 0.416666666666667 -2840.11241414659 0.475565031368476 0.154341684115029 184.880726714699
"196" 0.333333333333333 -5181.40143174155 0.814452072161109 0.354983605114374 86.0623490880862
"197" 0.416666666666667 -1092.66773597221 0.782150055188322 0.307963220198696 93.824570127112
"198" 0.333333333333333 -5129.12341804983 0.507709254850215 0.172943497405986 178.924126117737
"199" 0.333333333333333 -4505.09980304791 0.36642538138031 0.131974873414491 217.967106230531
"200" 0.416666666666667 -1621.96596963886 0.805665675246198 0.340927294642841 88.169627527405
"201" 0.25 -6406.38620883087 0.418469401148124 0.148551987164964 205.183041556405
"202" 0.25 -6161.56301530941 0.607231930285396 0.200051005994876 147.391067982421
"203" 0.166666666666667 -5671.7091546785 0.238829548276698 0.11754859826796 257.68033233263
"204" 0.583333333333333 -4379.87313418556 0.734826716697957 0.267854175571965 108.312498673979
"205" 0.333333333333333 -4280.20557677654 0.700031859178693 0.24464892719074 118.91021893566
"206" 0.333333333333333 -2064.99368649835 0.639376981475528 0.217478096268228 137.880251038469
"207" 0.416666666666667 -2698.47730249684 0.553498709615658 0.17555064653747 161.288075329823
"208" 0.416666666666667 -1324.23996761028 0.702336086434362 0.2422390957397 116.961631645775
"209" 0.5 -1020.1878989538 0.948009116625433 0.664555713912896 46.6626053690167
"210" 0.416666666666667 -4285.22043066267 0.572784695335587 0.185554336486162 156.826751530767
"211" 0.416666666666667 -2965.81996501806 0.730595114527266 0.260989647261279 109.124644150036
"212" 0.333333333333333 -5329.65272732107 0.462674028951757 0.157052697962725 192.089448528011
"213" 0.25 -6283.22945525086 0.429431150535787 0.141444020179687 200.285690975047
"214" 0.583333333333333 -1929.7529686381 0.72939859323816 0.264610837188504 109.81227517892
"215" 0.25 -5756.86008931325 0.2711914432143 0.115560971568501 247.620076381868
"216" 0.416666666666667 -2330.64918294136 0.794282145668054 0.326706205659315 91.0933464311014
"217" 0.416666666666667 -2093.14257394174 0.460702162324927 0.153269121499465 189.43532420692
"218" 0.333333333333333 -2193.40945348159 0.460061540398552 0.151129832886386 189.221417587789
"219" 0.333333333333333 -1262.56153598213 0.930847485652525 0.576844819106926 48.8642999257107
"220" 0.25 -28046.165329465 0.373570719067742 0.134912441640759 216.138416500445
"221" 0.5 -3588.7407196124 0.670487968570468 0.224731639193758 127.801856434243
"222" 0.5 -1498.20318970179 0.801493496369812 0.328385775942882 88.0982949976254
"223" 0.333333333333333 -3266.16179544175 0.706539480553598 0.249459220510482 117.188549967937
"224" 0.416666666666667 -4956.08137216003 0.688450905902168 0.232438802425155 121.338333158315
"225" 0.166666666666667 -5221.79847805999 0.381662243253368 0.146123091151118 217.561669631045
"226" 0.416666666666667 -1373.14168173705 0.819692931344162 0.352544245971171 83.4223240347106
"227" 0.333333333333333 -2641.13780180506 0.54437409939689 0.176763739536718 165.069813732717
"228" 0.583333333333333 -1357.67348393278 0.902275002625367 0.495998383306939 58.1692578063304
"229" 0.5 -875.521306006316 0.780663966114917 0.304413472315711 93.6349526906928
"230" 0.5 -1220.75341499241 0.949800081382144 0.662357136456368 44.8679949382459
"231" 0.5 -1149.0618236302 0.948642681854381 0.649766254915325 43.7647390061554
"232" 0.25 -3608.92368106201 0.275673745950423 0.116783800034825 244.426821299838
"233" 0.416666666666667 -2440.76573966638 0.533908459382564 0.169438361505113 167.511537914642
"234" 0.416666666666667 -3494.47763241996 0.721714534699506 0.264438901531224 113.287968833389
"235" 0.333333333333333 -1332.44170142849 0.715110208679227 0.256103470274167 114.106853088212
"236" 0.333333333333333 -2929.29249498981 0.472740485840475 0.157661135570935 187.350914145999
"237" 0.333333333333333 -4016.01637896476 0.46245365608186 0.15190047669707 189.008741388483
"238" 0.333333333333333 -3722.88398671377 0.449126624677358 0.153615326803679 195.340272832316
"239" 0.416666666666667 -1104.59754686557 0.958490814302693 0.69675348074645 40.743579275614
"240" 0.333333333333333 -3256.8966982273 0.436650580796801 0.14502459692672 195.375585518971
"241" 0.333333333333333 -5583.36596503016 0.390581862072883 0.142454379911743 213.55460853394
"242" 0.416666666666667 -1819.60075028825 0.741688075598964 0.276586592130323 107.228862390123
"243" 0.25 -3083.2533256739 0.297669934676272 0.12391212360295 238.880346568942
"244" 0.416666666666667 -2773.76168403888 0.509846814530302 0.164631934544235 175.746619811717
"245" 0.333333333333333 -7697.89503035115 0.313200091545533 0.123136317976469 233.989659714872
"246" 0.5 -2285.71511683678 0.540187210097324 0.174222068083767 165.557657060009
"247" 0.416666666666667 -4149.6747554636 0.498376370842984 0.162530414108939 178.651100220937
"248" 0.416666666666667 -3189.57299265887 0.644028860731286 0.210842354771368 135.039116084188
"249" 0.416666666666667 -3790.73128966206 0.57933900058066 0.19365943962553 157.192345024372
"250" 0.416666666666667 -5285.0229691376 0.506931328148609 0.16358840777811 176.61657673176
"251" 0.25 -1422.80022945934 0.791871391800909 0.31790840367932 91.0313125052587
"252" 0.333333333333333 -5231.15231517873 0.738044539768366 0.284345669805329 110.038980647666
"253" 0.25 -7858.27610487736 0.349702077484287 0.127146117566149 221.878694235727
"254" 0.583333333333333 -5187.90448162905 0.594734103410553 0.19597101849406 150.800887473189
"255" 0.333333333333333 -3108.7964533307 0.480966583878511 0.161150564524822 185.324551819171
"256" 0.333333333333333 -2913.44258152813 0.443927699585693 0.148778026362894 194.386022032367
"257" 0.5 -5277.73400357551 0.805348729134717 0.335995289398714 88.0780969576246
"258" 0.416666666666667 -3011.91699646493 0.646892681907109 0.21818414386822 135.346832320378
"259" 0.416666666666667 -1508.35934634141 0.954577491963579 0.701792501208229 45.8937405168489
"260" 0.416666666666667 -2952.65542891586 0.804720046056616 0.345099310508728 89.5810542153804
"261" 0.416666666666667 -7957.44001788835 0.606837809735249 0.194100614719911 145.624721093125
"262" 0.416666666666667 -3142.53912275258 0.662950432537097 0.233605774919707 131.993054173215
"263" 0.416666666666667 -1818.09154127581 0.622646275893334 0.203411532255978 141.009280900917
"264" 0.25 -4155.11812517345 0.34049261914353 0.127480418095255 226.015453606536
"265" 0.333333333333333 -4042.32664574148 0.394622184389514 0.133862183864232 210.554110251428
"266" 0.416666666666667 -3911.71632193737 0.494760926861558 0.165264522625989 181.288091194304
"267" 0.5 -3944.6678789504 0.522915796458398 0.168507007945073 172.346379785445
"268" 0.333333333333333 -1860.19675844501 0.71965815333565 0.259268777979371 113.287809427352
"269" 0.416666666666667 -14756.0632219434 0.403235742787814 0.138101247492395 206.934228179128
"270" 0.416666666666667 -1147.52292700805 0.943404148375462 0.639453376337522 47.2355139489804
"271" 0.333333333333333 -1978.59724066369 0.560287069523642 0.183434488450236 160.982778662854
"272" 0.416666666666667 -4212.62863804126 0.431493926853834 0.145277123876774 199.672306625696
"273" 0.333333333333333 -2817.08487115636 0.533897941346595 0.169083388730439 168.244787479433
"274" 0.416666666666667 -4871.33759208473 0.869393294236802 0.434533761859924 69.6891424183088
"275" 0.416666666666667 -1569.16992597188 0.778900979577322 0.300419637437469 93.8829094925317
"276" 0.333333333333333 -4155.33178589454 0.574868873263403 0.189573752919399 156.580813651979
"277" 0.333333333333333 -1959.79937952968 0.717430928526112 0.250566074686433 113.520889916598
"278" 0.25 -3030.60431705991 0.365573383336231 0.132395475411091 218.811271667578
"279" 0.166666666666667 -3629.69193008171 0.280335319098423 0.119023578426591 243.749780149349
"280" 0.25 -5401.50332729176 0.247331547495307 0.114397917205964 253.504264077619
"281" 0.25 -4258.32525630928 0.506884370806505 0.173092343915685 178.869068024271
"282" 0.25 -11633.4869362858 0.267831388728556 0.115530830458109 247.576655209969
"283" 0.416666666666667 -1010.45907406351 0.807601371896199 0.337512528516182 86.6791108309223
"284" 0.25 -2740.56503193416 0.589628122107015 0.187865267414692 150.758644720951
"285" 0.333333333333333 -7272.24509652829 0.287037546979349 0.117476744999329 239.525352669289
"286" 0.333333333333333 -2332.50248405578 0.617087539186943 0.202027753334987 143.461428110031
"287" 0.333333333333333 -7936.97938433418 0.394175076621823 0.143534649972722 212.800180848303
"288" 0.333333333333333 -2840.91545955547 0.642702623364354 0.209856779416319 135.642158793368
"289" 0.5 -2575.88744387422 0.549475083739766 0.17686502584946 163.621429338795
"290" 0.416666666666667 -4061.15631362265 0.854449447773765 0.400943400797203 72.6434238345134
"291" 0.416666666666667 -3590.49341089896 0.66031081591506 0.223684235264085 131.760981221197
"292" 0.333333333333333 -3896.93920832309 0.690318833316 0.234102113442232 121.793189473249
"293" 0.333333333333333 -3955.1264973415 0.658336791888259 0.215106856894361 130.878912150904
"294" 0.416666666666667 -3565.72903002841 0.631732951754868 0.205404979058743 138.866376046194
"295" 0.333333333333333 -1608.91629721134 0.702423621935405 0.25054484417337 118.438544887546
"296" 0.416666666666667 -2675.88308551702 0.585424773750842 0.188735081945965 153.026133856836
"297" 0.333333333333333 -1850.9058371538 0.604857396365378 0.193451303728705 145.606081947261
"298" 0.25 -2477.15575953461 0.59408326368525 0.18854193920774 149.335108800264
"299" 0.333333333333333 -3494.45141932364 0.306493598707867 0.124515296648649 237.043519202122
"300" 0.333333333333333 -4827.42220949245 0.516367667523025 0.164332105149839 173.834745634232
"301" 0.416666666666667 -1687.17385030668 0.931746396760453 0.585976423725789 49.7266312166135
"302" 0.333333333333333 -1223.39201146966 0.932314469980548 0.584503750198808 48.9319898632853
"303" 0.25 -3286.82420238965 0.71287198963342 0.262633488784946 116.842311701132
"304" 0.25 -9197.41532394697 0.502092047770161 0.171557857725972 180.394107371066
"305" 0.416666666666667 -5008.06649424225 0.448200687491765 0.15443107527551 196.183854948027
"306" 0.333333333333333 -5742.52363616446 0.365720910377683 0.136043194826943 220.369975248021
"307" 0.25 -2712.46751570091 0.512106578260901 0.163722728346134 173.966140407473
"308" 0.333333333333333 -2794.05471457021 0.703006756411512 0.249176630335333 118.317221753464
"309" 0.416666666666667 -895.99525368057 0.780368431391162 0.301681005908022 93.2608567851167
"310" 0.166666666666667 -5403.62984346642 0.337203013096188 0.124909476257052 227.044175543208
"311" 0.416666666666667 -2355.07030227182 0.781231112349842 0.31090334049896 94.9889758585365
"312" 0.416666666666667 -2154.75952096841 0.804008664082033 0.323758082690353 86.9762219985835
"313" 0.5 -5973.0260059455 0.553961236135754 0.17631549920961 161.151819130181
"314" 0.25 -2634.02438078471 0.694792600860645 0.24759399295258 121.366939366457
"315" 0.25 -1776.47462089772 0.589110872825227 0.187326717603197 151.147321427466
"316" 0.333333333333333 -4859.30107235631 0.359364801768477 0.127234386049315 221.300666789411
"317" 0.5 -2837.00785307944 0.545569745856895 0.174274165921251 163.798281174431
"318" 0.25 -6648.15710815368 0.421959396118978 0.142716010782989 202.722694705326
"319" 0.333333333333333 -4152.3465976359 0.699838983462539 0.246214460673626 118.859301532914
"320" 0.416666666666667 -3515.79131322097 0.576063199208336 0.193728481695876 158.010268462734
"321" 0.333333333333333 -4141.59310481268 0.773793550570429 0.301799234145639 97.7963299309205
"322" 0.416666666666667 -3783.33492193675 0.554879977429214 0.182301295443008 163.988830277875
"323" 0.583333333333333 -940.65138465252 0.890375395034186 0.46143056546305 60.943749184109
"324" 0.333333333333333 -2445.30682863512 0.391377979656853 0.135190934454617 209.464217165118
"325" 0.25 -4942.19510969884 0.364815834171734 0.129468707900724 217.767958192482
"326" 0.583333333333333 -3414.04855228558 0.833218959848134 0.389657271701505 82.0788359309749
"327" 0.333333333333333 -2534.73010957033 0.632028132500104 0.214542605391151 140.112498511053
"328" 0.5 -2742.25169639302 0.634196486403071 0.208533077317844 137.396601360079
"329" 0.333333333333333 -6795.52810611258 0.445074031828774 0.156887229026724 197.359978169086
"330" 0.333333333333333 -4183.67682242078 0.474859021650053 0.15575332660717 185.493720084972
"331" 0.416666666666667 -2650.27357180671 0.468500037560093 0.15181065262718 186.414649587466
"332" 0.25 -3317.8682203623 0.676918807450368 0.226195416469765 124.483377849728
"333" 0.416666666666667 -3446.32221149744 0.636022794502512 0.217036657798669 139.387252998691
"334" 0.333333333333333 -9175.50625677796 0.560235972691096 0.179219484793078 160.469756737313
"335" 0.333333333333333 -1249.41571339281 0.705068746055268 0.247214110265318 116.468588864541
"336" 0.5 -1201.92930982545 0.808252719789062 0.330734718364092 86.0242283359267
"337" 0.333333333333333 -1964.47462702624 0.682253589669544 0.229172208007004 123.12467923141
"338" 0.25 -1956.86008147851 0.756754147865635 0.284003891963787 102.208137417994
"339" 0.416666666666667 -2832.78027153546 0.551652981648836 0.180527903588735 163.671247914635
"340" 0.166666666666667 -2993.11266087977 0.529652868713998 0.170829968955733 170.633529788901
"341" 0.333333333333333 -2509.96300121439 0.542210872308411 0.172422563697877 164.228359689095
"342" 0.416666666666667 -2731.72902843931 0.548654469357497 0.174176195895497 163.132776925266
"343" 0.416666666666667 -4384.13019237717 0.444944149730035 0.145282327989167 194.322708243771
"344" 0.5 -2240.068992296 0.573184382290644 0.183992875216896 156.693741487522
"345" 0.25 -2312.78006539341 0.679050992954784 0.227156993170647 123.897546811742
"346" 0.333333333333333 -3629.7154055366 0.396213039870174 0.138665187200263 209.916294218382
"347" 0.333333333333333 -624.39611916989 0.924885253200215 0.55936183879983 50.7483083061634
"348" 0.25 -6134.43304742529 0.480759244739054 0.161256250992506 186.827665811459
"349" 0.166666666666667 -7866.21584716311 0.349469595703271 0.137298901008785 226.269305346087
"350" 0.333333333333333 -3175.2138071787 0.436070277827217 0.143237212561473 196.280755815951
"351" 0.333333333333333 -1077.85919961132 0.927456360761112 0.572347114215145 50.7694859198326
"352" 0.333333333333333 -801.75876346716 0.930881080205706 0.595106864644438 51.0849044075193
"353" 0.583333333333333 -5058.43823826753 0.579562690164213 0.184659075400856 154.099660465957
"354" 0.166666666666667 -5839.89815667739 0.275150233222837 0.114723117446164 246.372344711106
"355" 0.25 -2712.33627991677 0.468376397000288 0.152207803342516 187.122089425749
"356" 0.416666666666667 -2540.90543670106 0.481487429505631 0.157476163393214 183.959410952005
"357" 0.416666666666667 -2642.17706240411 0.569370560242207 0.183739673262737 158.357295137588
"358" 0.333333333333333 -2532.92463349076 0.537120952699369 0.170419010537627 165.919510037635
"359" 0.25 -1995.38591365167 0.677942464881135 0.231704266433055 125.407849123207
"360" 0.5 -1016.784374817 0.947895396407656 0.645433137687833 43.6537804646226
"361" 0.416666666666667 -6912.36236359917 0.586770366186573 0.196851544869034 155.077240795379
"362" 0.25 -5169.92274474399 0.32162535050733 0.122258091858076 231.015796344175
"363" 0.25 -3319.57384137787 0.781461731879104 0.309323413857579 95.086972966955
"364" 0.416666666666667 -781.4626899585 0.858810744178528 0.405990401736768 70.9308359847156
"365" 0.333333333333333 -4215.18012415625 0.371475820672772 0.131220732219952 216.656784658931
"366" 0.333333333333333 -4227.55925221293 0.372031102145041 0.130599473269361 217.989274528054
"367" 0.166666666666667 -2974.84748789503 0.759103849133274 0.289114729130133 102.042880480083
"368" 0.5 -2724.31624652022 0.932999204476703 0.584302490955924 48.6926053163967
"369" 0.333333333333333 -1863.99128770569 0.719527616166049 0.257274752889036 113.273513114721
"370" 0.416666666666667 -1587.22532856406 0.938293616685715 0.605566569100748 46.7710542303067
"371" 0.25 -3085.21033773734 0.282928715638322 0.116790717514039 241.909698239381
"372" 0.416666666666667 -10893.7066240241 0.522067979834572 0.170313567830563 173.469963814353
"373" 0.333333333333333 -1941.67229082952 0.439329170621652 0.14584519133122 195.52210147682
"374" 0.416666666666667 -2057.04197312031 0.721885021753043 0.255166150807287 112.196603793081
"375" 0.416666666666667 -2542.58671797797 0.802826353892399 0.344135754138999 89.9613866809855
"376" 0.333333333333333 -1357.76137468254 0.779290042799618 0.30472743357902 94.6683345688232
"377" 0.25 -2738.52805248384 0.380866318094068 0.137291010053795 214.089529891386
"378" 0.333333333333333 -5647.26925245771 0.504916298158296 0.173488863023758 180.328334711817
"379" 0.416666666666667 -2393.84926320554 0.784624102320042 0.305295458765241 93.2135459921751
"380" 0.25 -1282.16103777456 0.673477117489789 0.22577851924211 125.012600448453
"381" 0.416666666666667 -2519.04432331989 0.716009169686569 0.26317631732709 115.482083606026
"382" 0.416666666666667 -3745.90174904552 0.640417691951455 0.214152049846294 136.388162942325
"383" 0.25 -4710.09480727216 0.299709420516484 0.122114469885619 237.337438371544
"384" 0.333333333333333 -2058.83539602701 0.708140579456775 0.246250431886065 116.228712857172
"385" 0.5 -1787.26287599451 0.55046787686361 0.178554635624788 162.77501906063
"386" 0.25 -3023.44416827243 0.602190823725049 0.19236859395586 146.223025055595
"387" 0.333333333333333 -1350.87172351546 0.850690652513311 0.400229046131348 74.2978032763765
"388" 0.416666666666667 -2773.79084913946 0.452015295263674 0.147320439601848 192.998884179128
"389" 0.333333333333333 -3409.84034921819 0.868565088507846 0.428990562975288 69.3368505520245
"390" 0.25 -5614.31033930919 0.474760934305241 0.160662836530689 186.500307709095
"391" 0.333333333333333 -2315.55801173314 0.609204763965748 0.194754351629007 144.496736077046
"392" 0.416666666666667 -4018.75961020732 0.628075175227671 0.209813846969394 140.537687482767
"393" 0.416666666666667 -2396.2769656849 0.791187859425975 0.319566922991853 92.3627156235394
"394" 0.416666666666667 -4663.20399905907 0.525884389412918 0.171549787814864 171.668714393533
"395" 0.333333333333333 -4087.362458295 0.684990673745695 0.233860550656229 122.739967184802
"396" 0.416666666666667 -4622.200727326 0.453338260057148 0.147242069328298 193.317432315385
"397" 0.333333333333333 -5562.73116550443 0.457032124633948 0.152252594782599 191.723400744475
"398" 0.5 -606.351719352852 0.956693843116623 0.699469659420735 43.0437641494038
"399" 0.333333333333333 -2342.38149531353 0.634326397425439 0.214536250892824 138.623164296794
"400" 0.333333333333333 -2224.42399420334 0.707543501683786 0.259499247268595 118.482366786114
"401" 0.25 -1896.22759961341 0.709872795118707 0.254106320812246 116.041268935806
"402" 0.416666666666667 -4169.58475095036 0.818247838139878 0.353987881886276 84.8722526164287
"403" 0.5 -1340.31736622875 0.717549076565531 0.256188584109757 112.597095378371
"404" 0.5 -1619.49808164015 0.800040179712185 0.323355211062313 88.2981812562258
"405" 0.333333333333333 -2936.56978684235 0.529701879868398 0.168812073318461 169.209033161436
"406" 0.416666666666667 -1706.22878951394 0.615735965018293 0.20076390640814 143.787407649778
"407" 0.416666666666667 -2033.5009574591 0.890942449048125 0.478400561195258 62.5329184143203
"408" 0.416666666666667 -3425.03454912955 0.695743936134563 0.242653248870028 120.001560657004
"409" 0.166666666666667 -6638.36667984653 0.206758749816165 0.109848948247243 264.700018690623
"410" 0.416666666666667 -2171.98124039937 0.929492539567555 0.587940266079992 51.2044511606127
"411" 0.416666666666667 -1989.93739641718 0.879313996454228 0.445286771904849 64.9867679155862
"412" 0.5 -1824.91348902974 0.546077144682752 0.172859946981079 163.506752022412
"413" 0.25 -3577.8431929422 0.285090622474157 0.11667619657176 243.582742152238
"414" 0.25 -2577.15557104052 0.548610528384968 0.180608914767956 164.950466172775
"415" 0.416666666666667 -3357.30817183709 0.55946538952619 0.181340692633704 161.523189948595
"416" 0.5 -608.766028470255 0.947425371131195 0.640096603108354 43.9733052134476
"417" 0.25 -2462.18615419739 0.360093223562855 0.12991064156635 218.826742492393
"418" 0.25 -3950.06999812406 0.295576001971069 0.119907481131718 238.681019130992
"419" 0.5 -929.409355936285 0.938319968242773 0.605822350169663 46.4604784273472
"420" 0.416666666666667 -2659.5788062643 0.566834842997327 0.183436648336767 158.827885776619
"421" 0.25 -8314.20730211996 0.274925852972072 0.115403924197234 245.556684284346
"422" 0.333333333333333 -6490.5802461244 0.583188389483976 0.187612847149462 153.525172526408
"423" 0.5 -1062.18244212571 0.945382543725007 0.640518386801753 45.7909768494702
"424" 0.416666666666667 -2673.36540320969 0.640062875032412 0.207257737162027 135.796914804088
"425" 0.333333333333333 -5095.30984103989 0.504889726690917 0.164305522963617 178.222269132978
"426" 0.333333333333333 -4054.54499177643 0.5449859019032 0.172040566828351 164.076625049708
"427" 0.416666666666667 -3289.0279095717 0.635208388460118 0.208826470751885 138.042597918978
"428" 0.416666666666667 -4023.85873135995 0.547612125758011 0.180561648455849 164.797334275585
"429" 0.25 -5454.45445678652 0.268964223204738 0.114263949377612 247.693445265009
"430" 0.583333333333333 -3563.9223124563 0.6005090124886 0.190454359211304 148.090533896919
"431" 0.333333333333333 -2036.83047597548 0.78613851566679 0.305776714075575 92.162882624413
"432" 0.416666666666667 -733.37660035584 0.958947086081173 0.70722474179314 41.8955256050059
"433" 0.25 -6020.57214750315 0.33082642077656 0.132826149929252 231.292710942645
"434" 0.416666666666667 -1166.72936917606 0.945389007438656 0.643949594894652 46.058005326505
"435" 0.333333333333333 -3704.44900531605 0.354116024572105 0.12951722515002 221.772082806463
"436" 0.25 -3443.71100835207 0.285404528703167 0.119187090739971 241.917826924486
"437" 0.666666666666667 -514.72817919703 0.957481980064967 0.691738041301442 41.1822152954202
"438" 0.333333333333333 -719.978591654834 0.944937979466576 0.635782938250885 45.5284375004882
"439" 0.5 -3840.0149215508 0.48159955946428 0.155389314247624 183.818084457808
"440" 0.333333333333333 -3485.57284983358 0.342044803786467 0.133643843781036 226.91090875718
"441" 0.5 -1670.84237466894 0.786523834047302 0.314061637223819 93.0447754281072
"442" 0.583333333333333 -1391.2477262039 0.899188369160801 0.485022387307179 58.1434159230758
"443" 0.333333333333333 -7831.56550264521 0.383487416210305 0.137596471574363 213.992132785471
"444" 0.333333333333333 -2409.87619195034 0.689121696005535 0.237977147090139 121.849312206886
"445" 0.333333333333333 -1624.65365417187 0.833778320611988 0.364603045190167 77.5751955901553
"446" 0.333333333333333 -2876.05290384536 0.354497905875765 0.12826327094348 220.369348737755
"447" 0.333333333333333 -2536.85009823929 0.771991930524526 0.302504892213479 97.5864275729492
"448" 0.5 -2032.8064759055 0.629758554269363 0.204400118713569 138.148631071077
"449" 0.333333333333333 -2971.70368429739 0.847740526141506 0.390780503577985 74.8187568308669
"450" 0.333333333333333 -3551.45792362433 0.539821260090602 0.173182486626155 166.290608649768
"451" 0.333333333333333 -3477.8732146358 0.693749994860765 0.235200389412464 119.929683348183
"452" 0.333333333333333 -2083.81586200948 0.551520414007096 0.180495112508738 163.423601782979
"453" 0.25 -4354.45254581702 0.353822864182183 0.13050573535535 222.66421128022
"454" 0.333333333333333 -2675.09898430643 0.335339040859619 0.126719581054132 227.33158500826
"455" 0.333333333333333 -2150.02610954459 0.700553374770227 0.247797950048409 119.368787609593
"456" 0.416666666666667 -2701.01066551427 0.555886876340611 0.182750930823848 162.1159071159
"457" 0.416666666666667 -2634.88754635511 0.397677523006732 0.135695031793666 207.479436703343
"458" 0.25 -2657.32170421802 0.359918337661652 0.130925826122673 218.938848642841
"459" 0.416666666666667 -1493.26566839541 0.793321812221423 0.31502457509822 90.9701208748339
"460" 0.333333333333333 -5540.39089499112 0.704156371811449 0.248470097040021 117.38403240192
"461" 0.5 -3169.50496975242 0.606074155389647 0.193377519204787 146.994124082141
"462" 0.333333333333333 -3272.59328338938 0.342870149821425 0.125229408114311 225.110546436473
"463" 0.5 -1845.58976033897 0.78618745636974 0.308064882555614 93.068176759433
"464" 0.333333333333333 -4154.35189527057 0.679775948852981 0.229213873458135 124.762711279774
"465" 0.333333333333333 -1789.07366571272 0.934892977939736 0.602701121483525 49.1661840396565
"466" 0.25 -7846.79024204079 0.289685758646676 0.120818833768133 241.525165781923
"467" 0.416666666666667 -2851.2994156614 0.725418330773358 0.272757947531254 113.119151780863
"468" 0.25 -4187.85423039643 0.300209032309862 0.12312100788686 238.300925455507
"469" 0.166666666666667 -6796.77710819352 0.352062440596004 0.136993840417168 225.931023530955
"470" 0.25 -1303.47242285382 0.755446025436641 0.279414105825889 101.749252721449
"471" 0.333333333333333 -3587.85698340721 0.765446638843025 0.287797331310157 97.6850154229647
"472" 0.416666666666667 -2920.16098326806 0.663286681169873 0.224319246198385 129.956666944364
"473" 0.416666666666667 -1216.28918717679 0.780214228337331 0.308566869371324 94.8177552544661
"474" 0.5 -1951.51044337012 0.669211779467638 0.22880198574195 128.842022259407
"475" 0.333333333333333 -3729.66947883089 0.5212370817219 0.166190196597386 171.582862603781
"476" 0.333333333333333 -4127.59853421588 0.570273830474881 0.187538295375947 158.938606682637
"477" 0.25 -3592.20076321169 0.534650629346957 0.176588505306141 169.093643536707
"478" 0.333333333333333 -2164.98289966029 0.690364899766015 0.240098395974346 121.413217251215
"479" 0.333333333333333 -5959.65827438673 0.628734077978428 0.203896767528991 139.535277398335
"480" 0.416666666666667 -1713.35310157617 0.69073667914314 0.236492977126027 120.605060897012
"481" 0.25 -4862.68014235484 0.676720633948761 0.230933599878489 126.462832454712
"482" 0.333333333333333 -1505.43623944938 0.613550959259629 0.199268594542674 144.067775793351
"483" 0.416666666666667 -1991.42447182613 0.789514123366429 0.312735573216427 91.9726514628
"484" 0.5 -3170.3862704541 0.790900229291342 0.314267805789171 91.3206522365902
"485" 0.166666666666667 -6099.17430399026 0.24404939966062 0.116695963687448 256.824459891505
"486" 0.25 -2511.66633816028 0.703096312530072 0.242423207557511 116.910061511477
"487" 0.333333333333333 -5194.18478568369 0.378974296631112 0.134646980982328 215.082045670248
"488" 0.25 -10910.4994418711 0.352123520923537 0.128905290083352 221.635665281781
"489" 0.416666666666667 -1742.3123959063 0.732428218796408 0.265545162267024 109.010925988675
"490" 0.166666666666667 -5769.03974414234 0.269223164350107 0.115172799535336 248.300494148681
"491" 0.5 -2646.47327095796 0.949156170106563 0.650169847211116 43.486888760938
"492" 0.416666666666667 -2072.82158543732 0.797702027954315 0.322010399306187 89.9226761786369
"493" 0.333333333333333 -3996.09036998095 0.486324852246107 0.160319606202095 183.222926370685
"494" 0.333333333333333 -1954.41191615446 0.696780001460919 0.2471983688154 120.406824186052
"495" 0.25 -4007.33640224775 0.545463609879673 0.175890539145295 165.925972599111
"496" 0.416666666666667 -1842.33157327964 0.543060704729344 0.171657066112598 164.296690375336
"497" 0.416666666666667 -1925.21731186197 0.781888511003032 0.305828513210201 94.3783794018302
"498" 0.333333333333333 -1580.20589981996 0.713253463629857 0.247373525515562 114.008398825566
"499" 0.333333333333333 -1473.9490318964 0.639363424800657 0.210640754351674 136.24547870344
"500" 0.166666666666667 -4914.12999628084 0.244845193668942 0.116397608925688 257.077021231913
"501" 0.333333333333333 -729.063208456577 0.933601184190758 0.596010915847519 48.9991832098008
"502" 0.416666666666667 -2191.77657195364 0.719794210037409 0.264996550712408 114.057608033199
"503" 0.333333333333333 -10342.2030282809 0.419533198564892 0.140577119357356 202.174629929352
"504" 0.5 -3154.91491404177 0.839604386645015 0.391275889465632 79.3288091398242
"505" 0.333333333333333 -6915.27650864405 0.371434139552268 0.130855672625451 215.639869094221
"506" 0.416666666666667 -3474.54362462674 0.517352604493357 0.168529685645869 174.177617838539
"507" 0.333333333333333 -2807.01524883737 0.472713847947189 0.154751697390174 186.128279882883
"508" 0.25 -4686.75189245398 0.532316932844399 0.169647315585522 168.183801083786
"509" 0.333333333333333 -1842.2326288773 0.639745689515441 0.217036170715706 137.237204361161
"510" 0.5 -3784.11499888472 0.482481713516245 0.155433250592149 182.814710326378
"511" 0.25 -5490.13976825785 0.200612800472482 0.105696439248198 266.03611157987
"512" 0.416666666666667 -1069.61200250873 0.936097102904367 0.605990234337478 48.8710048980009
"513" 0.5 -814.114437896041 0.947695878022056 0.641322313336951 44.042552820601
"514" 0.25 -2526.18807429511 0.589622308765722 0.188384079297317 150.797288123112
"515" 0.333333333333333 -11236.8551110818 0.326887202147842 0.128101637584794 230.422652646226
"516" 0.5 -1352.80041520845 0.792952185390406 0.317715411907944 90.827946645445
"517" 0.5 -1112.69992045738 0.942784505128702 0.630708744325231 46.3662049005858
"518" 0.25 -2643.69594985118 0.314137569365039 0.122700471278871 233.377226423172
"519" 0.416666666666667 -3699.23621292757 0.782519913776314 0.31159586061353 94.3478038632897
"520" 0.416666666666667 -3992.36976039494 0.565230896627672 0.183726252886559 159.408445277576
"521" 0.25 -6496.03529248347 0.361104243209998 0.13026613634305 220.149007363706
"522" 0.416666666666667 -1567.07480590404 0.797853156044148 0.329709263201361 90.3250508297411
"523" 0.25 -1928.1883305161 0.768958169937832 0.301986882469301 99.6043640716278
"524" 0.333333333333333 -6372.83351094807 0.459835771033495 0.151412497500113 191.390870425959
"525" 0.583333333333333 -3021.21569842271 0.745557612222652 0.268725222108206 104.589026533252
"526" 0.25 -6392.28521807275 0.425261141720737 0.15323392640555 204.64572066722
"527" 0.416666666666667 -9161.97493311825 0.41582714749511 0.139697780425541 202.613850539441
"528" 0.583333333333333 -1601.06656416722 0.642611612120947 0.212770406419611 134.807834207459
"529" 0.333333333333333 -2810.71195608793 0.383960176584356 0.139386571131969 212.962817147907
"530" 0.333333333333333 -2270.30057334646 0.493195874241716 0.159577381583034 180.503706734925
"531" 0.333333333333333 -6321.59549908021 0.503676446960281 0.173814256626759 179.80215904125
"532" 0.416666666666667 -3015.68936478584 0.722627754799886 0.253129524001154 111.150091753159
"533" 0.333333333333333 -3921.57434435397 0.459971402893038 0.149439518702467 191.220330241676
"534" 0.416666666666667 -3651.03480716612 0.484948488728418 0.161121098848776 183.71447479644
"535" 0.333333333333333 -5096.54788488338 0.501322377919466 0.164100400942848 178.517425081927
"536" 0.166666666666667 -2011.29257895374 0.683445752997119 0.23586860621357 123.444132110591
"537" 0.416666666666667 -3265.10666255673 0.532626297780652 0.16930325560915 167.971831861806
"538" 0.416666666666667 -3671.56244699822 0.445596324966349 0.147823534541825 193.305790054423
"539" 0.333333333333333 -2523.13718174215 0.533409864451109 0.170789373863952 167.632637087142
"540" 0.25 -3347.02121517757 0.600488441498949 0.197337231671658 148.973223590191
"541" 0.25 -3322.80370043521 0.457543918215399 0.154616732662909 192.267322587432
"542" 0.25 -4507.4327499304 0.488766007406109 0.162894170795293 182.639742138663
"543" 0.166666666666667 -4433.48960906988 0.518254433487064 0.167764550483048 174.526863400542
"544" 0.25 -2338.7060342238 0.792845383409555 0.320914878866144 91.2842298537669
"545" 0.416666666666667 -5243.91208834512 0.718733142105196 0.251452118381854 111.755712224103
"546" 0.333333333333333 -2509.241186007 0.36749364886938 0.130394562926433 217.124945286274
"547" 0.333333333333333 -9641.46117457847 0.420282243010875 0.14663007539767 203.024253730596
"548" 0.333333333333333 -3134.22201573123 0.741656552305674 0.276360518016827 107.34743305234
"549" 0.416666666666667 -2948.15558556101 0.512859033397045 0.161803571871493 174.415627208102
"550" 0.416666666666667 -1730.46761607077 0.548405942838214 0.17349993137609 162.470362628918
"551" 0.333333333333333 -11913.1735262666 0.47492838189166 0.159069429054619 186.216223419419
"552" 0.25 -2439.70802478811 0.757528396369715 0.2866488670304 102.515093670125
"553" 0.333333333333333 -4989.63999545096 0.704120722618552 0.241618488779419 116.724636981457
"554" 0.5 -2786.38813248994 0.526322155853589 0.166414027653721 169.908630706526
"555" 0.333333333333333 -3285.6783248228 0.562447656813905 0.181615243904541 160.728088262338
"556" 0.333333333333333 -3998.70049732421 0.585231283926668 0.19121626964463 153.462477887072
"557" 0.166666666666667 -2045.40823233738 0.431171967400645 0.142772214213017 198.58868830029
"558" 0.416666666666667 -4816.45505311902 0.42952013009636 0.144672014526595 200.381393915899
"559" 0.5 -3341.3683789503 0.581215544110602 0.192214269160426 155.220707621792
"560" 0.416666666666667 -6827.459056056 0.523907888038069 0.169425259598445 172.364831953126
"561" 0.5 -1023.14607999053 0.874382820656505 0.432985010581148 66.2900186801275
"562" 0.416666666666667 -4101.75737045866 0.395310975968511 0.136962971620708 208.585234759559
"563" 0.333333333333333 -5239.72677663963 0.791293848250228 0.327514931277849 93.2050595876194
"564" 0.416666666666667 -1530.94210635665 0.684541494690234 0.231218353396492 121.719779665891
"565" 0.416666666666667 -1184.84853025973 0.806455043727152 0.334091623847423 86.5036240461193
"566" 0.416666666666667 -3497.90390607521 0.714011698469136 0.253865897185032 114.459907785851
"567" 0.333333333333333 -825.873157575566 0.929993980753955 0.583862210035616 50.4309547455987
"568" 0.416666666666667 -7079.33239718008 0.453932650190617 0.160864512418776 195.433404328358
"569" 0.5 -1549.38030193453 0.705986801049294 0.244564817086288 115.887211266295
"570" 0.333333333333333 -1496.75977850257 0.7111942738465 0.249747464856016 114.626352290347
"571" 0.583333333333333 -3170.33084417649 0.823698965888459 0.360123184579206 82.1719119843139
"572" 0.25 -3408.37534436524 0.286647091296147 0.11815592395378 242.0900190768
"573" 0.333333333333333 -1923.58206061273 0.700720091401069 0.24257651229117 118.006251981497
"574" 0.416666666666667 -4504.95053858725 0.398241710121737 0.137286059405295 208.445963391349
"575" 0.333333333333333 -3822.54644042307 0.417867075255847 0.150230464615651 205.561711759967
"576" 0.416666666666667 -4393.56537688744 0.513211812960306 0.173237965983927 176.050001580932
"577" 0.333333333333333 -3398.47310305165 0.451638358496765 0.150281290058346 192.396026842916
"578" 0.5 -3385.33417117795 0.723079412742327 0.255246348286793 111.128308539431
"579" 0.5 -3686.11309250715 0.54716768537888 0.172153105757049 163.88769433982
"580" 0.5 -2395.41682784907 0.792292873943725 0.31135042573598 90.2746812947839
"581" 0.333333333333333 -3119.42751706307 0.544996598221247 0.173227410862325 165.209408232133
"582" 0.416666666666667 -3577.45864854178 0.775443746814425 0.294484943338043 95.5738550801784
"583" 0.416666666666667 -1137.31375469617 0.774866917641136 0.296158929076789 95.2707856209797
"584" 0.583333333333333 -981.498517433959 0.877732410301025 0.436610588802141 64.6052832900628
"585" 0.333333333333333 -7330.78715473848 0.376747437470218 0.134530638085482 215.473769468176
"586" 0.416666666666667 -3539.70859497044 0.738013786118458 0.282007228363027 109.950036045639
"587" 0.166666666666667 -1466.88930126272 0.681885786130028 0.231363526619666 123.313065152612
"588" 0.333333333333333 -3202.75002227578 0.537803661003655 0.170356642936691 166.677349405984
"589" 0.5 -2007.8888758935 0.797623802171352 0.328905917337957 90.2985520946276
"590" 0.5 -1281.6676058714 0.941202396698266 0.615271941038567 46.0746511642286
"591" 0.416666666666667 -1270.79403588647 0.775948963636846 0.298522715125877 95.4342494865006
"592" 0.25 -12828.8847227935 0.363956150799761 0.141063050597306 223.168558465759
"593" 0.333333333333333 -4353.03003857167 0.417515019616529 0.149562822223961 204.832203314065
"594" 0.333333333333333 -3890.55552853763 0.48425348664245 0.162343147166874 184.058637611786
"595" 0.333333333333333 -2923.71703505508 0.619794981907798 0.202389039167946 141.904883306187
"596" 0.416666666666667 -2438.8614132333 0.789555891386667 0.316519180560165 92.0920838984758
"597" 0.166666666666667 -5892.30366320917 0.274570057572646 0.116917694384126 244.634024085437
"598" 0.416666666666667 -5274.81196278226 0.576399966073856 0.192355363866299 157.208525698425
"599" 0.333333333333333 -1061.36393033847 0.795664030073857 0.325300935482658 90.0164950918771
"600" 0.333333333333333 -2482.49842298918 0.523468606818389 0.164996618677026 170.38998251188
"601" 0.416666666666667 -5326.91639291115 0.491214032203834 0.160751197702136 181.37611210965
"602" 0.333333333333333 -3137.68085326538 0.360512396145422 0.129024506334032 219.189346428636
"603" 0.416666666666667 -3510.64623606808 0.50135747315144 0.164902902023584 178.601242129988
"604" 0.25 -5185.82681728116 0.279252585567704 0.117485044872422 242.593052133005
"605" 0.25 -3736.25643777291 0.351893348433847 0.12807439417269 222.728725532925
"606" 0.333333333333333 -3277.0695721133 0.346953905088709 0.129203019533082 224.488623723034
"607" 0.25 -7728.36744181888 0.368915668282393 0.132435850741044 216.150635046194
"608" 0.5 -885.268935844852 0.870345432981894 0.421782982756988 66.998446408054
"609" 0.25 -4735.82775649383 0.290655967915356 0.118521562150919 239.038312628826
"610" 0.25 -1288.63202996084 0.933047775888865 0.595736728448444 49.5513790500997
"611" 0.166666666666667 -9094.7100635375 0.25290136612479 0.111671483707448 252.124184907728
"612" 0.333333333333333 -4776.47002272868 0.473480740573173 0.158433614674902 186.949529486328
"613" 0.416666666666667 -2593.50492489298 0.447355434145228 0.146833277142449 193.426425512191
"614" 0.416666666666667 -1433.85869298981 0.714154437896667 0.252162872649097 113.594700337457
"615" 0.416666666666667 -455.246177193186 0.952107941769294 0.666826206515144 42.663812971855
"616" 0.416666666666667 -566.35276404452 0.973124669760939 0.780419587240521 36.5003608179668
"617" 0.333333333333333 -4590.87067851984 0.69234717901998 0.235844486626767 120.642933120474
"618" 0.333333333333333 -7292.92357679134 0.55333534472696 0.18143401492871 164.180045524373
"619" 0.25 -5424.19908888963 0.693280876767869 0.241536101047875 120.525271310823
"620" 0.416666666666667 -2989.95648012927 0.719113889028103 0.258666894995464 113.83270580046
"621" 0.333333333333333 -3825.92569684479 0.452694651227969 0.149207310811867 192.603657314733
"622" 0.25 -1863.68781274911 0.836375697197076 0.366159294769747 77.5907410377868
"623" 0.25 -2357.42520647729 0.698577299904863 0.241753793173003 119.047167071882
"624" 0.333333333333333 -1389.41383637851 0.693528647377814 0.241535693139516 120.467762446638
"625" 0.5 -5545.90082940783 0.737235034627615 0.266179484661335 107.611115154665
"626" 0.333333333333333 -2803.83686878094 0.384206168590323 0.133846131598055 211.711864308257
"627" 0.416666666666667 -2687.69472704787 0.453531939829851 0.148246233611019 191.760751501272
"628" 0.666666666666667 -2052.93016102384 0.964944744410308 0.738685758448983 40.3409995102304
"629" 0.333333333333333 -1456.7781855613 0.784868335045324 0.3124399814253 93.5900103816001
"630" 0.333333333333333 -4347.10108115221 0.644904470996283 0.220184197828343 137.662084830859
"631" 0.333333333333333 -2459.41638429822 0.699074522957816 0.237763272427852 118.474949166292
"632" 0.416666666666667 -5255.62719431327 0.426269568740326 0.150544131596127 202.540703027164
"633" 0.333333333333333 -2293.03890614819 0.51585100794642 0.163486868905904 173.20227315768
"634" 0.333333333333333 -4911.0394594659 0.440574029719559 0.14425993549474 195.088285408683
"635" 0.25 -2318.04858061124 0.344248673290885 0.126900332034162 222.36733227322
"636" 0.583333333333333 -1387.00174355959 0.819466504138265 0.358722173767733 84.2617574865252
"637" 0.333333333333333 -2169.42610796711 0.703209909813923 0.246576815929512 117.331391732472
"638" 0.5 -2347.02156191638 0.703807905023163 0.242452845752926 116.829608238624
"639" 0.333333333333333 -1818.59983953362 0.699820428313677 0.240869356153003 117.674345704484
"640" 0.416666666666667 -5002.102239408 0.620071789262766 0.204123306925116 142.75885421566
"641" 0.25 -3801.72811788858 0.374878030444969 0.135272395887012 214.757002492125
"642" 0.333333333333333 -3172.28798797049 0.537556882570507 0.173837506167922 166.111902897432
"643" 0.416666666666667 -3242.60749302259 0.429096501659496 0.146413772702383 201.320869885134
"644" 0.416666666666667 -3404.00913516663 0.370122163821941 0.130087225686916 216.425788105174
"645" 0.25 -5409.6062840351 0.296750001049732 0.121687996405859 241.159426609937
"646" 0.416666666666667 -1596.43760358248 0.696734379402132 0.23773460934709 118.472039022839
"647" 0.333333333333333 -7580.97264373724 0.386756032542415 0.136722072111039 212.269513334828
"648" 0.25 -4059.11483441782 0.380081946410795 0.134685609912938 213.642011770644
"649" 0.5 -1483.96107154674 0.866759091693387 0.4307727004089 70.0423099954144
"650" 0.5 -2193.11281359172 0.651345782462016 0.220666632826736 133.727158773439
"651" 0.333333333333333 -3120.9438011052 0.448034371142065 0.148344632411264 193.251048471837
"652" 0.333333333333333 -3252.13985795307 0.441051091628561 0.153034852508836 197.473902793818
"653" 0.166666666666667 -2113.12938344561 0.677457360451531 0.234684088660439 126.858700878509
"654" 0.333333333333333 -1705.17191674086 0.772045388256495 0.297466517317971 96.6325334620352
"655" 0.333333333333333 -3307.59684745751 0.71830819949118 0.25076899533921 112.490841666262
"656" 0.25 -3523.1636140783 0.332213815364417 0.128877202996379 229.074271632116
"657" 0.416666666666667 -1950.34969222268 0.376973884417902 0.134870733160752 214.029176726627
"658" 0.416666666666667 -4198.67886962644 0.472327726708157 0.153100759755006 185.215465532884
"659" 0.25 -4668.99624172099 0.34474126242773 0.126957169618392 223.248287390535
"660" 0.333333333333333 -6604.29883238014 0.49706987395629 0.168547794056163 180.761775577066
"661" 0.5 -3161.85344819393 0.680654555592982 0.232330112437892 124.761308379436
"662" 0.333333333333333 -1814.14669112671 0.790350175965548 0.316173928745593 91.1573361995364
"663" 0.25 -3069.5153173675 0.263697780571377 0.114156842556844 247.070337459732
"664" 0.416666666666667 -3101.60499593992 0.819715864872893 0.365246459711885 85.70291827146
"665" 0.333333333333333 -1954.07360787665 0.608888760171441 0.195832625999606 145.088906136071
"666" 0.166666666666667 -4368.21493362996 0.436616385024581 0.146850955827814 197.160411146914
"667" 0.25 -3742.7176001897 0.755679053944164 0.28247489461385 101.535637581269
"668" 0.333333333333333 -5066.88641156608 0.320951605936231 0.1219963087578 231.208870100709
"669" 0.333333333333333 -3297.05679247172 0.409934736438585 0.137887932909395 204.549368828569
"670" 0.416666666666667 -5365.22783185789 0.535744712181404 0.179293760958373 170.077367025292
"671" 0.333333333333333 -6003.16130315145 0.483257320951172 0.157220130939058 185.131237525588
"672" 0.166666666666667 -3213.4755117135 0.382158524261549 0.139272983186995 214.276838690922
"673" 0.5 -1266.76140401583 0.778823860676074 0.30236663706005 94.5604444150249
"674" 0.333333333333333 -1901.38736787709 0.56994948023002 0.186202046772691 158.156608674733
"675" 0.5 -501.933727701878 0.954386485120327 0.678684094978212 42.2604825341586
"676" 0.333333333333333 -1263.80306475389 0.693091358932376 0.237516855494721 119.846230311782
"677" 0.5 -1680.48743886703 0.803868013084191 0.323527057756563 87.1794060401143
"678" 0.416666666666667 -1816.57944586673 0.543514583718441 0.17300744023278 164.160658395676
"679" 0.416666666666667 -3082.95070791579 0.768649033753348 0.297064374263247 98.4799694423814
"680" 0.5 -2085.689573831 0.588473681892166 0.186249173156635 151.506001812017
"681" 0.25 -2582.03307561421 0.706740406169378 0.257018633458223 118.612319083645
"682" 0.333333333333333 -2701.90196350556 0.696191549632859 0.245821367759522 120.306850032253
"683" 0.333333333333333 -3850.98982517355 0.708266247729704 0.254206773738143 117.379427151983
"684" 0.333333333333333 -2198.66251761826 0.530857978531547 0.170273332984124 168.327549196631
"685" 0.166666666666667 -1586.76620811909 0.673328334234038 0.230100600399303 126.421417608373
"686" 0.25 -4549.15494071979 0.256021749325917 0.112105057656641 250.986341852887
"687" 0.333333333333333 -1131.84362282574 0.782351923089269 0.30831512461256 94.0646857247466
"688" 0.25 -5599.25718736767 0.351445482300123 0.137255019541285 225.299648987221
"689" 0.416666666666667 -2467.56670565639 0.805988248474902 0.336095485803342 87.3413124773861
"690" 0.416666666666667 -2563.76731408456 0.628794747760484 0.204607473234822 139.358113170251
"691" 0.333333333333333 -2731.61394734228 0.517189808287547 0.165627192021832 172.795287410592
"692" 0.416666666666667 -2623.36458302061 0.782887158834297 0.308938336178292 93.9028688992892
"693" 0.25 -4195.14377793914 0.698360699286525 0.244734317497329 120.52753885957
"694" 0.416666666666667 -2073.72923062289 0.738220311042726 0.263483400269751 106.766941739124
"695" 0.333333333333333 -6800.79094253087 0.491842113997334 0.166664507718574 182.264111695023
"696" 0.25 -1694.06058806182 0.603357780668489 0.192837798985103 146.827420000182
"697" 0.333333333333333 -2374.14317849913 0.55126388969223 0.176368267795939 162.121447364735
"698" 0.416666666666667 -1007.59873351101 0.945864460626 0.650639847653562 46.2535921975178
"699" 0.416666666666667 -4861.84567320466 0.663711352381325 0.221457251319567 129.933050297341
"700" 0.416666666666667 -3042.78235128361 0.491304229018077 0.159817336717236 180.583716211806
"701" 0.416666666666667 -1889.61080055025 0.719600297321947 0.261345130418676 113.628514699509
"702" 0.416666666666667 -2730.78739301338 0.546495940478594 0.176201941264983 164.4440028925
"703" 0.25 -3359.93557969219 0.466565017750127 0.157156894531536 190.300310491574
"704" 0.416666666666667 -3172.61360130522 0.722404657934967 0.263211755821188 113.585880557123
"705" 0.333333333333333 -4309.14918529072 0.341218390886609 0.133288085701456 226.737680771631
"706" 0.333333333333333 -3881.48086513734 0.389874284861161 0.141116139258605 212.063697671886
"707" 0.333333333333333 -1726.34268195743 0.774128936080676 0.294781593998 95.9135628562664
"708" 0.416666666666667 -5706.83577058503 0.427197289874411 0.143109848313253 200.52298527613
"709" 0.333333333333333 -8872.3405904744 0.501863381776629 0.15811409279449 177.736952168032
"710" 0.583333333333333 -1829.82296520616 0.805743025014962 0.335913565214595 87.4328179747387
"711" 0.333333333333333 -1263.32237755435 0.7662575309044 0.288144604548917 98.1696289271975
"712" 0.333333333333333 -2508.17288052916 0.548936878272121 0.17866882632921 163.965568346274
"713" 0.166666666666667 -4675.97184584316 0.275770386904534 0.115445122716548 245.780137576883
"714" 0.416666666666667 -6118.0729144093 0.599515890632274 0.193772454093031 149.206469157973
"715" 0.333333333333333 -5691.59125995755 0.413466120081451 0.143313362057598 205.130391446164
"716" 0.416666666666667 -1183.9074974089 0.935057720609017 0.59341839544577 48.0309201065786
"717" 0.333333333333333 -4599.43201794058 0.466528365630106 0.155988016839493 190.421435289393
"718" 0.5 -1842.78844370901 0.7043321862419 0.244082498808258 116.46775953227
"719" 0.416666666666667 -2789.69168522791 0.460229748575259 0.148957596908089 190.295393717225
"720" 0.166666666666667 -8527.7005293565 0.335080047273458 0.123602716884825 227.658470248933
"721" 0.416666666666667 -1588.31488864346 0.712136935043007 0.248043987075043 114.11659575208
"722" 0.25 -2248.20188013811 0.428712045199061 0.143422909027223 198.116097114529
"723" 0.25 -2932.33614117028 0.441260324375564 0.14678831001349 195.135759190318
"724" 0.333333333333333 -3116.89120703988 0.718992552140603 0.262644982827492 114.527200985867
"725" 0.333333333333333 -3378.66357135892 0.555642305068316 0.181814646105821 163.503909699158
"726" 0.333333333333333 -1667.21756160581 0.689072576103915 0.232163809319592 121.190868022776
"727" 0.416666666666667 -916.333239447145 0.956121170642144 0.691941208682771 42.6376802196993
"728" 0.416666666666667 -4113.66283863249 0.858547150616319 0.401779003105209 70.5476241162612
"729" 0.166666666666667 -7762.88758983572 0.325169790621927 0.129941210884565 233.661811870898
"730" 0.25 -1420.31930866264 0.758759257373345 0.281829387702667 100.336887627857
"731" 0.333333333333333 -2447.60902685369 0.725073197379371 0.263976222844434 112.435311809673
"732" 0.416666666666667 -1084.97760337599 0.878875809464022 0.457032078911182 66.6768903133797
"733" 0.416666666666667 -6595.78668611864 0.552640201869062 0.17700190320005 163.876540774109
"734" 0.416666666666667 -4013.49905941908 0.787026545901835 0.314944131802479 93.3589693997572
"735" 0.416666666666667 -2370.67602762487 0.726964990144142 0.265572487982243 111.343211877638
"736" 0.416666666666667 -2146.34920052149 0.786296227552588 0.305531131105993 92.2192542670406
"737" 0.416666666666667 -3727.39664232824 0.593174826725583 0.19129561088966 151.034727599987
"738" 0.416666666666667 -737.188438293678 0.941947781148169 0.622360588140214 46.2928182642312
"739" 0.416666666666667 -2298.59046933759 0.569213080776029 0.183234494148325 157.777697664387
"740" 0.166666666666667 -5929.61571590178 0.29922204726045 0.124483241281345 239.708126551008
"741" 0.333333333333333 -2073.3331792969 0.687825863282172 0.232587142587592 121.884082035865
"742" 0.416666666666667 -2537.5731777358 0.797479493439366 0.318422223291322 88.884690991587
"743" 0.416666666666667 -2364.04302874833 0.58998759015663 0.185726666555685 151.892092547408
"744" 0.416666666666667 -3692.08484112344 0.526157386176003 0.16796500426269 170.111834138755
"745" 0.333333333333333 -10291.5307849064 0.377014015596136 0.141440996953455 218.761790229499
"746" 0.333333333333333 -2943.49943039669 0.68430143966283 0.230033724607037 122.363368135972
"747" 0.416666666666667 -2976.01075330857 0.724041377019031 0.26805187966881 112.85684819586
"748" 0.25 -3258.22510331131 0.476843314314973 0.160247131424874 186.908761367269
"749" 0.583333333333333 -2682.56085247283 0.64027040459856 0.20944186811146 135.270263040421
"750" 0.416666666666667 -5364.59650457246 0.72952057471964 0.280777959876539 112.952593432676
"751" 0.666666666666667 -2061.21894885792 0.890142809820171 0.466019470355078 61.4946036534481
"752" 0.5 -1909.00404933709 0.681924400332427 0.227579004224056 123.546619044706
"753" 0.166666666666667 -3887.26105120684 0.430959483865025 0.144758390594339 199.458407879961
"754" 0.333333333333333 -2625.39328116752 0.554754304128143 0.178296247280762 162.422218402787
"755" 0.25 -8536.63771847653 0.530245193774679 0.170336307039003 169.014748434642
"756" 0.416666666666667 -1188.53554102064 0.767405171766549 0.290829289037572 97.7755029938488
"757" 0.333333333333333 -4268.28084918563 0.451099341574834 0.147574646164803 193.088145498722
"758" 0.166666666666667 -4151.6582604785 0.657085947135503 0.214943708455152 131.081227205353
"759" 0.416666666666667 -8209.40108056052 0.40646368967165 0.137679877488611 205.649177674202
"760" 0.5 -1623.86215053345 0.713232833131483 0.251799211380842 114.211696872929
"761" 0.416666666666667 -1261.13060751976 0.866596709426774 0.429669671521566 69.8297546273814
"762" 0.25 -5394.98392999157 0.483444444462867 0.165763226692106 185.813148980913
"763" 0.333333333333333 -6278.11306879263 0.35796268113732 0.127674890451741 221.84360986346
"764" 0.333333333333333 -7071.00173741592 0.367890089494207 0.132904137525584 218.420407610634
"765" 0.5 -2442.79198287018 0.622737922205272 0.202909873507496 140.833594901723
"766" 0.416666666666667 -3891.35027173208 0.548395441230214 0.176866513786298 163.444216084385
"767" 0.25 -2864.90680053954 0.445087377394829 0.147709457275701 193.969408733156
"768" 0.333333333333333 -2704.13180403186 0.781798030464136 0.306040670058241 94.2010683682064
"769" 0.416666666666667 -2084.40922981087 0.698349546562715 0.243463324033097 118.799169428324
"770" 0.25 -1367.70072329307 0.764144104665032 0.298577597327504 100.700471761119
"771" 0.416666666666667 -2833.89211359954 0.732697041409322 0.273453600825957 110.440104205884
"772" 0.416666666666667 -3439.91115155187 0.554348464206161 0.185314958863991 164.558918976603
"773" 0.5 -500.010942044212 0.954924133771263 0.681984090498233 42.4711178430672
"774" 0.583333333333333 -2352.35647829213 0.665891749156642 0.226714502174072 129.66348536856
"775" 0.25 -2717.53368334368 0.614517502080338 0.203737544343636 144.958309660298
"776" 0.5 -1742.64611938213 0.627341993334784 0.20293939109887 139.024005163511
"777" 0.333333333333333 -2838.7580866628 0.475387022893831 0.156538011016261 185.132795579475
"778" 0.416666666666667 -6785.30662515017 0.413355637754669 0.14496712992192 205.041702402419
"779" 0.333333333333333 -4237.89554892879 0.550259133692168 0.181148850963715 165.933106344378
"780" 0.25 -3661.57566918067 0.564378530782856 0.190734816680706 161.702527506051
"781" 0.166666666666667 -2512.99319539697 0.665744097702738 0.222571457906589 127.888129870539
"782" 0.25 -2675.59159115317 0.537009341571692 0.172475580146121 166.859372256778
"783" 0.416666666666667 -695.311641596147 0.957234914785923 0.690216895170646 41.230422104437
"784" 0.25 -2304.20158370407 0.734726625456961 0.268565833821298 109.227180556005
"785" 0.0833333333333333 -2933.95095811602 0.0912841827518721 0.094527554430621 297.776656052383
"786" 0.166666666666667 -2776.60876372622 0.500083038941602 0.159879890396411 176.448230961259
"787" 0.416666666666667 -2179.66456386123 0.690285401530981 0.234025408732753 120.274174188141
"788" 0.583333333333333 -1124.2951564177 0.826578193665752 0.363249917436739 81.3116761398961
"789" 0.333333333333333 -2294.72836412359 0.801134421347961 0.329198166383728 88.8584257892018
"790" 0.583333333333333 -1927.04284246207 0.807189034747142 0.33232074572337 86.4381469591998
"791" 0.5 -2258.73397488685 0.878784036261931 0.461870718243366 67.6007214964015
"792" 0.25 -3065.94962657517 0.692325391677359 0.243652486986144 121.69504065706
"793" 0.5 -3048.46162764618 0.719557195142378 0.25290110610563 111.633218002136
"794" 0.416666666666667 -2609.32292075524 0.421131931727657 0.139629085670841 201.607334391271
"795" 0.416666666666667 -2768.5634733762 0.540026083899245 0.1724585299925 166.285874768717
"796" 0.5 -4260.66244513183 0.606208767815779 0.194260361674883 147.081098183395
"797" 0.416666666666667 -5574.3010114128 0.46826758726564 0.165092333649158 191.78750198702
"798" 0.416666666666667 -3276.73065243242 0.593096843104013 0.193750288960596 151.896458571168
"799" 0.25 -2132.45712623641 0.676604214807399 0.227642567769588 124.599525167764
"800" 0.416666666666667 -3958.00691974469 0.546161927039287 0.173713388197643 164.403064889122
"801" 0.25 -3529.72213454008 0.521204373341093 0.166213454604119 170.651689507349
"802" 0.333333333333333 -3056.67535476304 0.458731924034738 0.149895675250805 190.187334556934
"803" 0.416666666666667 -3676.69738048362 0.808176633906138 0.339740223266338 87.5664898224731
"804" 0.333333333333333 -2807.29161830652 0.467068849455213 0.153783784839826 188.626489956215
"805" 0.5 -2031.30424267054 0.724931233962829 0.259119803828006 110.796905283741
"806" 0.333333333333333 -2392.77028049633 0.70952370569126 0.247585789496558 114.83258654153
"807" 0.5 -1710.60722430551 0.53234416955657 0.168769618144794 167.26502999222
"808" 0.333333333333333 -2536.36601840744 0.52124903152104 0.166674555708232 171.886227305826
"809" 0.25 -6822.44990872816 0.290064785939892 0.119256909479164 240.888080912758
"810" 0.166666666666667 -2367.009215624 0.686925445790282 0.239969493041935 123.211567280873
"811" 0.25 -2146.63934744894 0.51773300360819 0.163578607243331 172.58043336961
"812" 0.25 -7743.65903257821 0.359707463366571 0.131094756756958 221.303329660443
"813" 0.333333333333333 -3101.16681529885 0.52515708174531 0.167007838126623 169.469862837089
"814" 0.25 -8582.49509305223 0.305132126864499 0.123727292474666 237.781570103167
"815" 0.333333333333333 -3916.85022441998 0.516529836848831 0.167923236167031 174.111580899174
"816" 0.416666666666667 -2749.57672160907 0.521625966526474 0.169264081489219 172.934158467672
"817" 0.416666666666667 -5031.99652454175 0.365278249414664 0.130513461066237 216.332659953329
"818" 0.25 -2874.271037766 0.384416799211033 0.136117064240484 212.387139501026
"819" 0.416666666666667 -4611.40267954763 0.445307053130084 0.157020572464435 197.699277416601
"820" 0.25 -6886.38685460913 0.297273478549994 0.12154194785826 239.168719233412
"821" 0.333333333333333 -5180.85104638495 0.45728887154882 0.148072125091084 191.801082204024
"822" 0.333333333333333 -5466.74275034108 0.545170028302252 0.175283235937142 165.648093749993
"823" 0.25 -1833.42369221696 0.682936704250293 0.231090389224082 123.347275628169
"824" 0.333333333333333 -5736.95925356664 0.446339998449818 0.156962540704848 197.374495526375
"825" 0.416666666666667 -1950.57864645663 0.708467451882452 0.247301739973904 114.962003641385
"826" 0.333333333333333 -1214.59574409664 0.681912189077835 0.231006851319425 122.854923619962
"827" 0.333333333333333 -8686.89372862686 0.433483016369307 0.142961889963171 198.285373480753
"828" 0.333333333333333 -2815.32524853043 0.616582346507504 0.19815412160115 143.423076461943
"829" 0.25 -8852.97753915056 0.315260457455664 0.125753379132012 234.837087413683
"830" 0.333333333333333 -1751.13850420235 0.642495814725286 0.210811520927232 134.935982609205
"831" 0.5 -2352.90735113392 0.623781883509213 0.203258822815707 140.671554141036
"832" 0.333333333333333 -2215.70313871802 0.613259832092889 0.201720284009181 144.566212325209
"833" 0.333333333333333 -2670.04662392225 0.604698516904589 0.192431934572846 147.50498360667
"834" 0.416666666666667 -3540.6384729121 0.430693500806916 0.145880787518958 200.025496709819
"835" 0.25 -8559.48676406916 0.611968604120836 0.204358036006474 145.854637439946
"836" 0.416666666666667 -2791.96250769601 0.473590462392927 0.151665420043494 185.478526488292
"837" 0.416666666666667 -1262.08962827764 0.773553265593672 0.297638606807577 96.4998074447181
"838" 0.333333333333333 -4780.85871443522 0.641849845293311 0.220050021178103 137.607695174534
"839" 0.416666666666667 -9971.37844488919 0.388122873617912 0.137645047944613 212.238180754435
"840" 0.333333333333333 -16051.9479326669 0.529580578312291 0.18496506375197 173.363880125455
"841" 0.5 -5657.90082616941 0.531764344238143 0.167696618826019 169.110330233639
"842" 0.333333333333333 -2117.01478090021 0.655453922827869 0.224653746098135 132.753120238581
"843" 0.416666666666667 -1193.39189905023 0.777357021841231 0.29764157026729 94.8083910196016
"844" 0.166666666666667 -3652.62360843682 0.759051828401221 0.285099843876752 100.564801239248
"845" 0.416666666666667 -3219.68899988485 0.499135167166321 0.159552562613807 178.517130920433
"846" 0.25 -4368.40133966412 0.274666008402064 0.118141313574232 246.401264764891
"847" 0.166666666666667 -5546.61639914495 0.184164469650105 0.1043329110126 272.571620240763
"848" 0.333333333333333 -3490.36280222402 0.544249888324105 0.173435042469155 163.834770229973
"849" 0.25 -1331.5611669295 0.78019164108765 0.302176282561277 93.922816007944
"850" 0.333333333333333 -2559.93336718238 0.691990485843182 0.240087673207211 121.390177020931
"851" 0.416666666666667 -1472.70490285003 0.63373761227651 0.206802338177261 137.757359860054
"852" 0.333333333333333 -4247.15275926714 0.773154770951513 0.293056806428817 96.9533434120227
"853" 0.5 -1420.48945161807 0.948702132210846 0.660215094326588 45.3798247119611
"854" 0.416666666666667 -1972.0244067489 0.788850983700386 0.325761929321953 93.8589734113113
"855" 0.333333333333333 -1058.41535944324 0.771446904072941 0.292850892843656 96.1408546342369
"856" 0.333333333333333 -3511.88933887014 0.359014683703294 0.129232156551579 219.420282074402
"857" 0.25 -2660.45432955559 0.447784825678184 0.149304287306079 194.261065141349
"858" 0.416666666666667 -6016.93422272075 0.518607937615913 0.163862731597861 172.744662234386
"859" 0.333333333333333 -1232.25592970491 0.944720580386747 0.634118153730594 44.9929975772458
"860" 0.333333333333333 -4909.84397778219 0.328403745672717 0.127141698506749 230.223334184336
"861" 0.25 -5059.09853744781 0.472106637242814 0.152917074022833 186.536377673397
"862" 0.333333333333333 -3590.43234927686 0.556152050845039 0.183777082088749 163.269201374004
"863" 0.416666666666667 -4527.16119668332 0.625147383604127 0.206315597309068 141.570723134254
"864" 0.416666666666667 -7919.28331566699 0.644565805306442 0.210212398174115 134.642029487473
"865" 0.25 -5323.30617503137 0.730937994481693 0.268405425006371 110.967682383271
"866" 0.416666666666667 -4288.93366187344 0.567129455080541 0.185893381215868 159.89275248543
"867" 0.333333333333333 -4788.61862384661 0.607641709254042 0.208596441139068 148.633374879919
"868" 0.333333333333333 -1749.89207983817 0.839891533178213 0.370651163207076 75.9672991575887
"869" 0.25 -6748.25551203582 0.257304455765674 0.114724548331887 251.409421757405
"870" 0.333333333333333 -3793.4983661699 0.825008799373791 0.350566623982304 80.7690027781205
"871" 0.333333333333333 -3605.08483952578 0.471885331946749 0.151406320196425 185.942244553793
"872" 0.416666666666667 -2317.63481727671 0.77429025376388 0.301423530305462 96.7474619560844
"873" 0.25 -1923.46410378419 0.619922930534442 0.197846024743449 142.268176113354
"874" 0.416666666666667 -1638.1890527249 0.804892631820001 0.341567242276109 88.6561054821826
"875" 0.333333333333333 -3206.30024712506 0.817498133182089 0.348608168222824 84.3922043090564
"876" 0.416666666666667 -3313.44663782909 0.674055755379418 0.237539812185752 128.593958098573
"877" 0.416666666666667 -3771.98506894963 0.42775384143363 0.145778736103529 200.857840106168
"878" 0.416666666666667 -2979.37846216274 0.73197121368121 0.264896103989962 108.579247051282
"879" 0.416666666666667 -1871.02865419423 0.790603653751255 0.313105700577929 90.9345379590001
"880" 0.416666666666667 -13132.5049248501 0.668939299022924 0.227237589093168 129.355023297607
"881" 0.333333333333333 -3439.60474183884 0.504966596105037 0.162683380726311 176.528385950839
"882" 0.25 -7272.38974755154 0.48907595690895 0.165985939769683 183.684461166563
"883" 0.333333333333333 -2372.19144887109 0.489618852815519 0.158295871327446 181.111166817478
"884" 0.416666666666667 -1752.9435018078 0.949713028990485 0.658307954046047 44.196565361526
"885" 0.166666666666667 -8369.83658322684 0.134314662247253 0.100556201408829 287.995765038688
"886" 0.25 -4991.71598741294 0.691626211318634 0.23982807885567 121.056846454318
"887" 0.333333333333333 -2985.05458255667 0.408053052657472 0.140780634279719 205.430200012704
"888" 0.416666666666667 -1138.6915059892 0.779375122708085 0.304980360181857 94.3649762109268
"889" 0.5 -8830.78163029389 0.597127732309266 0.198556452253281 151.068256393576
"890" 0.583333333333333 -689.835777863411 0.952354061171813 0.669479333494285 42.9982253460155
"891" 0.416666666666667 -5351.04780340398 0.470903939669216 0.153620177901917 186.130706384201
"892" 0.333333333333333 -5195.01693507195 0.630601175238931 0.206117307276016 139.248476235374
"893" 0.166666666666667 -4387.64690336851 0.363125179272258 0.129165624110424 218.602386580701
"894" 0.333333333333333 -7829.45611579673 0.700561779233104 0.250272824280501 119.651802452559
"895" 0.416666666666667 -6317.66924347976 0.72855893256668 0.278023942106286 113.692116261411
"896" 0.416666666666667 -6008.13434826017 0.407581292096932 0.140158390612864 205.882964723093
"897" 0.416666666666667 -1853.35100792863 0.624146463332978 0.20825924440737 141.695635476856
"898" 0.25 -7287.18902375567 0.316089797415685 0.127358723742441 235.370273064521
"899" 0.25 -4541.09845331645 0.734976091942876 0.283639898060412 110.759982826579
"900" 0.416666666666667 -5207.43045756942 0.463543689367019 0.154140284552852 189.968466123741
"901" 0.416666666666667 -1719.14774175898 0.867865462629074 0.429950458818115 69.069138885108
"902" 0.333333333333333 -2966.73454794458 0.452518634899879 0.147913886157831 191.719282570395
"903" 0.333333333333333 -1481.38770508078 0.924098392491351 0.572578426427435 53.5184604687483
"904" 0.333333333333333 -7505.5836356652 0.371225183554998 0.133374406152055 216.649819054061
"905" 0.333333333333333 -2744.56407593216 0.360327661105223 0.128822470246167 219.344483479184
"906" 0.333333333333333 -2355.71562855502 0.777542947847348 0.303242970384573 95.8352488666398
"907" 0.416666666666667 -3329.6881933933 0.793540701645023 0.312761284844411 90.1286434772384
"908" 0.416666666666667 -4065.33040296056 0.66866878590227 0.239122896498767 130.479590850747
"909" 0.333333333333333 -1569.10733548965 0.434651726622495 0.144347601988991 195.682531832935
"910" 0.25 -3245.22201791276 0.391115595896304 0.138753839977875 211.955510108609
"911" 0.5 -768.825832814592 0.945214670368639 0.641876939227749 45.8837759827923
"912" 0.416666666666667 -915.173640354466 0.866084326425731 0.412196634977415 68.1990782212558
"913" 0.416666666666667 -1965.2316604809 0.641338717080443 0.214259515615305 136.264624737443
"914" 0.5 -1845.67190259877 0.705816056614732 0.247261359153229 116.016100790055
"915" 0.5 -3176.00160234988 0.594251357957284 0.195675279412009 150.829922416388
"916" 0.5 -1706.46832258898 0.700526233401128 0.243517486140806 117.403271112992
"917" 0.333333333333333 -3134.79573527277 0.375111141004773 0.131377533705378 214.53517568263
"918" 0.25 -4107.60855741095 0.354823830937289 0.129247294151692 220.20952290431
"919" 0.416666666666667 -2106.89993457388 0.713485520943211 0.254646611866276 114.654119587078
"920" 0.333333333333333 -2871.88737114772 0.528657328825827 0.168715197295005 168.949592437989
"921" 0.333333333333333 -866.034013265728 0.779319989635245 0.30109496776996 93.8687787482605
"922" 0.25 -2501.49538177488 0.75835475624101 0.282131398784534 100.628782444217
"923" 0.5 -1282.10479595703 0.823578662255923 0.35181855197383 81.6803468656749
"924" 0.333333333333333 -5673.62122409992 0.650654021115546 0.227935671663495 135.999178892715
"925" 0.5 -3065.59062680959 0.632733071777041 0.208731927296136 137.938703114006
"926" 0.25 -3333.76638242923 0.37027712161302 0.13323441979555 216.449115917698
"927" 0.25 -3658.11885138569 0.279514638451882 0.115656139684958 244.572624559976
"928" 0.25 -1430.69043215464 0.683424016365432 0.231914926822457 122.909416118772
"929" 0.333333333333333 -2151.57316820575 0.770366186916763 0.294798751596324 98.0064644186128
"930" 0.25 -3863.49873857582 0.407132668286484 0.140289455429704 206.763042568766
"931" 0.25 -2073.94967113968 0.363444479425405 0.130321315407633 217.61074017719
"932" 0.333333333333333 -4213.07889121928 0.465758516843587 0.154566486160776 187.577885860877
"933" 0.333333333333333 -1842.41740658555 0.706290155424631 0.248533107860277 117.236040456527
"934" 0.416666666666667 -458.061249602959 0.945968378639679 0.642846429191295 45.1503708850265
"935" 0.333333333333333 -3118.21588114083 0.465578250416999 0.153062889795981 188.547749770082
"936" 0.25 -1710.18223905942 0.778143759571854 0.302813448125897 95.0739261348112
"937" 0.416666666666667 -1260.44939138388 0.93325538643356 0.589222782516438 48.6345114389194
"938" 0.25 -4202.89836067986 0.381864398489484 0.138321208281764 213.853709184458
"939" 0.333333333333333 -2696.65285483783 0.586323880015528 0.186360729479197 152.862257094051
"940" 0.25 -4148.96865687195 0.529263107357106 0.169659443787974 169.326163631364
"941" 0.25 -3482.12731190969 0.349403403538592 0.126337849719374 223.715928735006
"942" 0.333333333333333 -6050.52740580084 0.544814233915459 0.175627702548773 164.790201434035
"943" 0.25 -13275.6037596759 0.42842780565001 0.149137740756446 201.998257002057
"944" 0.5 -12259.3265632483 0.472913902531487 0.157499485242811 186.073269295644
"945" 0.416666666666667 -846.185959646842 0.953290849958137 0.673072737786865 42.646351795409
"946" 0.5 -2418.8428308863 0.753585187430138 0.291932735202604 104.592052170314
"947" 0.416666666666667 -7919.61193697586 0.589572450436063 0.195702293536264 153.415674755104
"948" 0.416666666666667 -3092.43576004584 0.677769887590107 0.243497505175738 128.191011561082
"949" 0.25 -1514.55559454057 0.763147702728885 0.290716655482456 99.8620308649255
"950" 0.333333333333333 -3769.38187640923 0.331799489720961 0.131416404192626 229.927577331299
"951" 0.416666666666667 -2502.23116418034 0.811272279339421 0.335152720062448 85.5671895973761
"952" 0.333333333333333 -4650.47693297963 0.367476247427315 0.131730141235064 216.990033298684
"953" 0.25 -9244.49671348187 0.295544265200138 0.12199712292418 241.178171270891
"954" 0.333333333333333 -3392.36779342057 0.364038397333024 0.132114383172095 218.388186924465
"955" 0.25 -6791.23746190498 0.380502279239566 0.146612325807645 217.9513063921
"956" 0.5 -2550.77425525979 0.559038262326245 0.179464947893179 161.181523920326
"957" 0.25 -2380.63152594035 0.703706272470499 0.257657678150232 119.753200751077
"958" 0.25 -1923.25950954694 0.765356179109487 0.290711488680797 98.3312338110534
"959" 0.416666666666667 -4212.52887546191 0.721654732365258 0.263377646388989 112.509827686422
"960" 0.416666666666667 -7708.62352563471 0.492201542468621 0.155930550806935 180.213547422341
"961" 0.5 -4124.46999056179 0.496850547398099 0.16781665371316 180.967093204382
"962" 0.166666666666667 -4059.97497634984 0.364309176424147 0.132683385552811 218.279074306445
"963" 0.25 -2668.95764396486 0.523130695642309 0.165581899907097 170.902458213536
"964" 0.333333333333333 -4303.55376055121 0.379528841789725 0.134534720142095 215.225903564761
"965" 0.416666666666667 -3017.26654282329 0.505979689569916 0.168019962462893 177.845883793095
"966" 0.583333333333333 -1336.48608028055 0.806911703729795 0.341768014726047 87.8090949302336
"967" 0.25 -5605.42448003922 0.392265257815335 0.138289847553517 211.78486571858
"968" 0.166666666666667 -5590.93648284089 0.288938290047401 0.120158337932828 240.034787155042
"969" 0.416666666666667 -1317.93616207919 0.869878948513855 0.427126196480117 67.8613853619033
"970" 0.333333333333333 -5129.29208827849 0.592245198224693 0.197179623576885 152.380704749625
"971" 0.416666666666667 -1505.06730239739 0.788059347159066 0.308701956591503 91.5746494378671
"972" 0.416666666666667 -4922.34556254977 0.580277496524895 0.191181259834064 154.810272307051
"973" 0.25 -13266.8623076885 0.339908072669511 0.133583537669323 230.089235930513
"974" 0.333333333333333 -2395.25340790349 0.649207150810326 0.219872154488048 134.932524963687
"975" 0.333333333333333 -4510.82041737994 0.427510986943203 0.140690922258623 199.768799962527
"976" 0.416666666666667 -5351.96304691131 0.4196201229968 0.145547659881287 204.304835260281
"977" 0.333333333333333 -3924.26483260056 0.459158202876676 0.151927578425283 189.658296515058
"978" 0.5 -3258.76137010008 0.661911805319752 0.226304869668831 130.911224163815
"979" 0.25 -4781.73726342856 0.555148320553674 0.183709596125914 162.767453651289
"980" 0.5 -1090.90749633028 0.864427564035301 0.411563714431827 68.6519965615449
"981" 0.25 -5156.06163635932 0.334534642527215 0.126942987723542 227.731429142963
"982" 0.333333333333333 -2824.40493773501 0.522861751930219 0.166642765112397 170.052838415168
"983" 0.333333333333333 -3415.62431088892 0.387194011705838 0.135020713836566 211.775678547757
"984" 0.416666666666667 -1543.81915320859 0.868301341430248 0.424167767989559 68.4396745323286
"985" 0.5 -3571.57484386923 0.572462679137203 0.182194003355702 156.578503167259
"986" 0.416666666666667 -3685.11925589695 0.561222449352717 0.183092186655971 161.795219031483
"987" 0.333333333333333 -3261.51989946448 0.532913431025525 0.168480119446279 168.659349357223
"988" 0.583333333333333 -1012.22659636638 0.79875282118821 0.326327919423404 89.3774786487619
"989" 0.416666666666667 -2135.74226590627 0.861676670905746 0.416136200327011 70.9273538831151
"990" 0.416666666666667 -2879.06281124956 0.577225157387317 0.186929477874361 155.906107848887
"991" 0.333333333333333 -1916.64345577375 0.552670973568411 0.179684265979918 162.616290513459
"992" 0.5 -3048.77163291993 0.54154637708322 0.174462134168142 167.137214235014
"993" 0.416666666666667 -3930.57428733389 0.58805981424065 0.195338794942946 153.655132358329
"994" 0.25 -2377.72146342041 0.842041664207547 0.376783433783531 75.5051732121479
"995" 0.166666666666667 -4122.85853196268 0.290345637528277 0.121757165236786 241.581768740546
"996" 0.416666666666667 -3312.89425637668 0.774594568411415 0.295578737298699 95.5176697184342
"997" 0.416666666666667 -2138.33171117787 0.54028404833594 0.171009085528716 165.355508430729
"998" 0.583333333333333 -1217.01139388472 0.739664532079259 0.270176099330877 106.573609910797
"999" 0.25 -6350.35486518698 0.290773563230706 0.118449541393979 241.831473992373
"1000" 0.25 -2800.07363401585 0.720075774242937 0.267200684741638 114.906279556417
