"SCI" "RCI" "GER" "MSM*" "MIG"
"1" 0.4 -1753.7154864024 0.249878648180206 0.291084562815307 280.116122820298
"2" 0.2 -3574.23795869224 0.0556586643323835 0.244698820167716 335.897565354546
"3" 0.2 -2008.29145173356 0.24753926679956 0.283355132005773 282.621635780786
"4" 0 -2658.71740947935 0.0547691925903045 0.246540166304614 336.404889294668
"5" 0 -4562.67427130908 0.0613248234128143 0.246791396464919 337.624278471782
"6" 0.2 -2344.35239354262 0.0252910224436015 0.23656287758165 340.053878957382
"7" 0.2 -3854.19939785276 0.292558989005611 0.302143552295861 273.26714508119
"8" 0.6 -1562.34228718789 0.538200346210614 0.399538375366417 206.106028302712
"9" 0 -6828.12813025709 0.0676091394170431 0.250623683515443 333.672580224019
"10" 0.4 -1075.25254566255 0.448397177355559 0.352624375825864 226.931085875933
"11" 0.2 -2578.23261664382 0.0269466711709323 0.235597674444253 342.86504774713
"12" 0 -7706.95870658896 0.0640205481890221 0.244005184696369 342.373055156204
"13" 0.2 -2145.39814883278 0.247615621838978 0.29133091499408 280.443491372722
"14" 0.4 -1826.72547975894 0.302425917952142 0.309207946366596 267.717729698308
"15" 0.2 -2089.87733079242 0.681625510235949 0.494298123570944 167.926468962478
"16" 0.2 -3536.08217887722 0.0502902013615139 0.241020375627662 339.687645635847
"17" 0.4 -2116.33917453515 0.244179421203417 0.289237643671512 281.126182973781
"18" 0.6 -1888.8788213701 0.722448311706152 0.521597132201532 157.370650130627
"19" 0 -7879.62795916661 0.0215753868639006 0.237505239027325 341.672327795066
"20" 0.4 -1524.29679430795 0.699661210330565 0.50272076003881 162.981829057098
"21" 0.2 -2805.51357424301 0.0408985547959752 0.239011880283754 342.49394431503
"22" 0.2 -5318.59814211088 0.0657478359151181 0.248519780384354 335.662277410226
"23" 0.2 -5696.33229498786 0.265157940370941 0.286931848249724 282.336681499123
"24" 0.2 -3501.51396018487 0.235459346124819 0.281779182885573 288.545579398586
"25" 0 -2061.94929667316 0.0193864352134784 0.23551516174554 344.097218080284
"26" 0.4 -5338.9277968646 0.506122598466401 0.38188480237337 220.220600703056
"27" 0 -7232.00169233171 0.0289923624813331 0.239149653290765 340.997018563654
"28" 0.6 -3974.1121913088 0.497467832591728 0.376120447042963 217.603656930709
"29" 0.4 -1600.71224086186 0.463359399636654 0.365157468631794 223.876385196252
"30" 0.4 -5481.75434575466 0.281513443028403 0.303126197344419 278.062928341609
"31" 0.4 -1576.64946524809 0.510409295408938 0.381816473046275 211.700616342644
"32" 0 -5623.19690386128 0.0562476687191973 0.242287778670721 342.971042249631
"33" 0.2 -3354.2360243356 0.048750237749168 0.241121128897862 340.623581775068
"34" 0 -4275.84920568643 0.039435115592882 0.237751654114226 345.582845699554
"35" 0.4 -11669.5616829783 0.318031793635517 0.313192145004027 266.798586367769
"36" 0 -10210.4692339551 0.0447314044922636 0.242322513454034 340.097428066027
"37" 0.2 -5790.66824013821 0.00904501619988274 0.231023558776445 347.24318471055
"38" 0.2 -2918.00114602502 0.468241113016099 0.368784299354661 223.055781816063
"39" 0.2 -2542.63899065911 0.0268456948605106 0.240055051667221 339.06919379551
"40" 0.4 -1405.21349545239 0.265988563963709 0.298121942637262 277.879248874891
"41" 0.4 -1961.61373124836 0.240611218871432 0.287374523677381 282.613861963921
"42" 0 -4056.23861081054 0.0249281786437305 0.232626241598411 349.799280389026
"43" 0.4 -5571.13273795322 0.27276782795769 0.289216393549633 279.715380193293
"44" 0.4 -6598.42720390466 0.45294732470088 0.35677807320927 225.56428431333
"45" 0.2 -2218.55625797051 0.261848848387642 0.289085588118436 280.478908280702
"46" 0.4 -3865.46371306509 0.25381458970351 0.292130845648712 278.938363034814
"47" 0.2 -6445.50802942317 0.0574758266255544 0.244633244449895 338.096814662009
"48" 0 -3570.30133654396 0.0123301627043613 0.234843826384412 343.445853022695
"49" 0.2 -3004.1335692092 0.0223265716762586 0.234398616205304 344.380194345163
"50" 0.4 -2938.63930311218 0.281232913788607 0.298219952406867 275.800935322209
"51" 0.2 -4506.26714354977 0.257414583834063 0.285707445856255 283.387028500764
"52" 0.4 -3875.70815630367 0.25906653939767 0.285767279746954 285.613293630653
"53" 0 -2557.72957086272 0.0315374042585634 0.23889908813673 341.96491376753
"54" 0.2 -5120.5746427981 0.284738188836563 0.300810370260073 273.985750569822
"55" 0 -5617.01129103155 0.0326450711402193 0.235510775209014 347.296125086537
"56" 0.4 -2569.10808985838 0.497719228369909 0.378062648053896 217.803162593208
"57" 0.2 -1924.70547485444 0.296345425919859 0.304437194116373 273.314411515254
"58" 0 -3090.79426283693 0.0558179181307447 0.244558102270637 339.520964898914
"59" 0 -3935.6059784831 0.00233245287600303 0.228695316550323 350.362914021593
"60" 0.2 -952.423990256143 0.676401043928384 0.488113432638384 168.548823418957
"61" 0.4 -7572.8733336354 0.321051779466203 0.312157605239711 270.044186931895
"62" 0.4 -1583.44816730054 0.276943410313531 0.300967545003979 277.629819101817
"63" 0.6 -4380.91796523059 0.489802500385298 0.37092053940297 220.530894050258
"64" 0.2 -1887.38923742437 0.465902687951717 0.366363045293487 224.761783078942
"65" 0.4 -2699.24830683337 0.250406132813307 0.289071816935035 282.970544732688
"66" 0.2 -7001.45659717872 0.0610019039131653 0.245287764236125 337.983493226045
"67" 0.4 -3394.72083629768 0.260159592306409 0.289125906631255 286.531063609663
"68" 0.2 -1957.46365778889 0.249521718714408 0.28441933866991 282.058565244032
"69" 0.2 -1327.41240288649 0.674928884888191 0.486374847124193 168.687173901498
"70" 0.2 -3791.66810383726 0.435967609702163 0.342694372783661 236.144689653884
"71" 0.2 -4746.16024433494 0.238945729859196 0.285576052797318 284.74981145726
"72" 0.2 -5218.85694926201 0.224063553820948 0.277882297939488 289.477388609899
"73" 0.2 -3914.89880147293 0.275014388569122 0.301769410645286 277.432124699233
"74" 0.2 -3906.7584603293 0.0781418757515051 0.252030302078944 334.124916156707
"75" 0.2 -4179.23340702145 0.0275346622680237 0.235763121607797 345.479599347478
"76" 0.2 -2810.97355255116 0.0298771645521094 0.235800732755551 342.377023692452
"77" 0.4 -912.836217585005 0.729663008216643 0.530543798170961 153.825472126226
"78" 0.4 -2700.79258307319 0.264589165506568 0.297736961891826 278.348720870493
"79" 0.4 -2153.32319845356 0.459375619583161 0.360728886788252 227.7826153578
"80" 0 -2298.7931450458 0.0139863021527593 0.235393632171955 343.017149429046
"81" 0.4 -4097.72227869353 0.261138488789443 0.285569160017902 283.314802300883
"82" 0.2 -1684.93381889292 0.457807326522133 0.360512180771406 226.745305391541
"83" 0.2 -2874.99243007663 0.225701935450992 0.279437806339677 287.976522977208
"84" 0.2 -5179.91904653531 0.0384993377124445 0.237924039991087 344.846442908631
"85" 0.2 -2739.05711522199 0.460219787813898 0.363112041676047 224.775987816625
"86" 0.2 -1280.56499171405 0.455737775802715 0.359344141020969 226.744192327419
"87" 0 -3971.12218484636 0.0334917278818612 0.237831399233944 344.013192370324
"88" 0.4 -1211.67961893243 0.475902629847203 0.363833139082941 220.960624162154
"89" 0.4 -2551.77541572096 0.299467094206145 0.307891751926481 269.690335096419
"90" 0.4 -1670.42174200383 0.52183520809423 0.387193280709103 211.10140247657
"91" 0.2 -3540.28385842396 0.0539508443494746 0.243499201915522 336.887174906046
"92" 0 -2760.20720298945 0.0290032913801097 0.237832027507169 342.937151452783
"93" 0.6 -1539.41672723571 0.488322995937275 0.369284907106311 220.084408072731
"94" 0.2 -3266.50425786586 0.0449303735461071 0.238155322355549 341.776307391236
"95" 0.4 -6131.11996620116 0.297211631107701 0.298071771674508 277.122930858098
"96" 0.2 -2666.30279676433 0.0583677308340355 0.245541838236592 336.018431963259
"97" 0.2 -6240.12043952574 0.0781437757282601 0.250829283533471 331.810145256598
"98" 0 -1961.62033087274 0.0205636202204635 0.235166221563936 344.895034993952
"99" 0.2 -5005.08782203882 0.224186422120381 0.274706771716452 293.959050756018
"100" 0 -4121.86536434666 0.0611781056636217 0.243628947297627 342.214953061077
"101" 0.6 -3745.81219872294 0.509972608985525 0.376706418696109 217.730964302272
"102" 0.2 -2737.64495036394 0.090195225133753 0.255677405767306 329.479198500933
"103" 0.4 -4402.16271463532 0.306064177428584 0.304439055619483 274.700981641468
"104" 0 -3391.57773365001 0.030942860762175 0.236949939721982 344.713228175091
"105" 0 -4518.4248502491 0.0498557412419495 0.240624363109678 343.856476352247
"106" 0.4 -1077.35950299373 0.716456482918282 0.51326870813523 156.22032088479
"107" 0.4 -1751.45536774233 0.280851593290775 0.300675596204408 274.851182587352
"108" 0 -3962.44090033214 0.0522319786042136 0.243650238082217 339.971743526636
"109" 0.2 -5273.2529939685 0.0701338968563175 0.251799549790322 331.79804710499
"110" 0.2 -6558.97970911197 0.0347224130451209 0.234014985418195 343.031583522749
"111" 0.4 -2680.88368539149 0.295207231339275 0.300501454369174 273.221956455009
"112" 0.4 -1963.94196008505 0.2823219150171 0.29702201568441 275.104058779753
"113" 0.2 -3526.26273120805 0.298891911299414 0.307065756200715 269.495046920446
"114" 0.6 -1613.53815132403 0.723790845621328 0.520524809096965 155.978317720187
"115" 0.2 -8028.84207847419 0.0374349864469619 0.23495208811638 345.310209361441
"116" 0.2 -3938.04491111886 0.274424301730433 0.292213151911673 280.898566931882
"117" 0.4 -1489.49344717609 0.460389934698086 0.359573094552857 225.568745482364
"118" 0.2 -2871.78730611811 0.250676914174985 0.291709747698916 281.108786827396
"119" 0.2 -4634.6757031749 0.0439768748155019 0.241571843409216 340.665671376605
"120" 0.6 -1733.16813358883 0.489855636633398 0.370698825234184 218.423818926094
"121" 0.2 -2872.41198736474 0.0405007224539675 0.23682872847605 340.280760763655
"122" 0.2 -5331.85311637753 0.0678808145446919 0.24880554682745 332.877549699484
"123" 0.2 -5835.39875366465 0.0474832164440653 0.243280036088584 337.541238775616
"124" 0.6 -1981.74673365816 0.48994896788815 0.367408170044114 221.631640893035
"125" 0.4 -18030.9813291876 0.237225396022698 0.275427985189359 291.660017681564
"126" 0.2 -1322.42933824908 0.668552347381401 0.479052545329255 170.47689242952
"127" 0.2 -5229.43227624885 0.0447496430961749 0.241537241721425 339.250254115579
"128" 0.4 -1912.60752292998 0.500001217923069 0.379128698640027 218.38805344326
"129" 0.2 -4770.73392849267 0.02527220242407 0.237173958892441 340.315441292431
"130" 0.2 -3607.49486019174 0.0442747811849404 0.239894434741391 337.691929961159
"131" 0.2 -2148.45400497758 0.262805566446423 0.28947321986616 277.914678408136
"132" 0.4 -2753.25424385905 0.271455565772565 0.294736911331149 282.116730090114
"133" 0.2 -2288.96031574632 0.278897351841977 0.297889449470226 273.259109139
"134" 0.4 -15973.5371131539 0.292458797426349 0.299128641778103 274.598245220399
"135" 0.2 -4223.16461639174 0.0245659294974829 0.235012969986168 344.552064904594
"136" 0.4 -3336.43326553122 0.25404874367251 0.28769746709824 283.732319599553
"137" 0.4 -4602.60707629242 0.272290860973148 0.290889790971373 280.766105218255
"138" 0.2 -4553.69249125367 0.0376669706542458 0.237476842125567 343.726568951225
"139" 0.2 -3354.42847914343 0.0280376988033461 0.236194475195431 344.40488792595
"140" 0.2 -1679.38629633116 0.464538364218607 0.364414290442546 226.634280420886
"141" 0.4 -4078.45225241584 0.250420643701083 0.285252135574712 284.090138427494
"142" 0.2 -2929.97694446653 0.276155561687821 0.297340093958347 275.146342196362
"143" 0.2 -3854.77778656671 0.302748436298376 0.306153555742569 275.05147340768
"144" 0.2 -3704.44265501029 0.264462937495944 0.290048304611236 278.861742771021
"145" 0.2 -2611.48791338418 0.294550345925137 0.308591510615971 276.415327647259
"146" 0.4 -2513.37114834752 0.532788003418677 0.397538602310601 206.125405060197
"147" 0.4 -4214.6420935834 0.271729604597295 0.295827770352144 282.304016936338
"148" 0.4 -1461.59444957684 0.502335415552445 0.382991005466232 214.37812666723
"149" 0.6 -1361.19888797753 0.50302544692563 0.379792132811991 213.826949923346
"150" 0.2 -2309.32914322566 0.266117174285757 0.291675293162086 276.308745906292
"151" 0.2 -4172.76320020651 0.0479408242572618 0.240320350021679 342.082743704692
"152" 0.6 -4401.8192681345 0.535271477584032 0.406367278629816 209.465588586335
"153" 0.6 -1301.57987632693 0.729807775208303 0.526667157490984 154.025772014121
"154" 0.2 -4545.88078437684 0.062432933813819 0.242650531000789 337.311172090424
"155" 0.6 -2606.97551579986 0.502710482171034 0.378531427884668 220.294028871134
"156" 0.2 -7750.48766859762 0.0841672408077569 0.24894742028433 334.253830528772
"157" 0.2 -2890.1010077563 0.233162155204971 0.284010168319325 284.644281075057
"158" 0.4 -1991.4901846041 0.314991361225438 0.305712919141833 265.54659207887
"159" 0.6 -3056.71150864386 0.474114812849901 0.357635533361918 225.760503737791
"160" 0 -3807.93900592494 0.0319732258667168 0.237801800727563 343.691582690482
"161" 0 -5710.73162807918 0.0275415895572833 0.237064612422546 343.726623235294
"162" 0.4 -2058.41045550914 0.240845132647063 0.280263631175167 286.013990147063
"163" 0.4 -3310.56855573569 0.293675570625998 0.300825687842548 275.459437094675
"164" 0.2 -3412.4470563535 0.274183177748762 0.292691132495403 278.542218344356
"165" 0.2 -2699.36220565187 0.0372268798067007 0.241451619874051 338.301878044964
"166" 0.2 -4139.29249334369 0.265618572203844 0.289813150572762 280.959096169542
"167" 0.4 -2444.23712647982 0.293447769342326 0.296288779709547 274.034742452437
"168" 0.4 -3948.53071318335 0.465149289412325 0.357554481449783 224.088274280075
"169" 0 -6781.61657308007 0.0057208500065582 0.228662004558325 351.224744002358
"170" 0.4 -1208.27478294735 0.670412046176465 0.480791407552022 169.530707245856
"171" 0.4 -2878.67593803442 0.465362694575438 0.364139614227009 227.635013016174
"172" 0 -2866.94948890204 0.0361824278409464 0.239437461801336 342.279601916438
"173" 0.6 -989.301319235804 0.684868033866152 0.484110373708645 165.808178101666
"174" 0 -3212.40168587362 0.0525936808986216 0.245763528131847 336.998909367644
"175" 0 -3016.908149511 0.0343920790052006 0.241484855056212 338.865819260757
"176" 0.4 -1771.04717328006 0.455842766369362 0.359590504984089 225.937253802153
"177" 0.2 -3438.51807267573 0.0401518240396211 0.237644383169873 342.153248996893
"178" 0.2 -4146.92451553766 0.0472909568892023 0.244140667824588 335.640934504312
"179" 0.2 -5886.12840756927 0.0708020260329816 0.247132122598626 338.585737806419
"180" 0 -8005.17713731713 0.0258701428880794 0.237583578204798 342.56246275322
"181" 0.2 -5983.35920676121 0.303635017120994 0.308342235610334 272.545510708867
"182" 0.2 -7493.91950066153 0.0163505504580278 0.228768916234293 352.247280391562
"183" 0.4 -4682.71919950507 0.264119120088797 0.286063647071032 285.2252016871
"184" 0.2 -4095.9400544468 0.0404656640157296 0.241229141312611 338.929470828618
"185" 0 -2332.76894136592 0.0441262016795724 0.242526163389805 339.655628253939
"186" 0.2 -2306.60871468883 0.680094722368815 0.49268444125896 169.626000911486
"187" 0 -2913.26331266796 0.0632704182559389 0.247713819214688 336.769302374008
"188" 0.2 -2583.62992441492 0.0259808879902963 0.235968935782778 342.947086045472
"189" 0.2 -4327.48194866224 0.0286770504930988 0.233395475550979 348.021132616769
"190" 0.6 -7819.60099205169 0.501946045163024 0.372118625702876 219.220842737518
"191" 0.4 -2794.17000825613 0.250842049309 0.288487475801398 283.930848004366
"192" 0.2 -2055.08040962517 0.442248968023293 0.351158288711987 227.829836241319
"193" 0.4 -2040.37879600265 0.272310457379114 0.293767736684964 279.517785112653
"194" 0 -1790.18353350438 0.0189995740816469 0.238072287272119 340.250407536374
"195" 0.4 -2213.6962114772 0.270442481642096 0.291315257712193 274.650351390522
"196" 0.2 -2048.32267718548 0.525620304724552 0.392956585411579 210.643705629185
"197" 0.2 -4034.71724697796 0.0266866109311584 0.235679095631189 341.635574161564
"198" 0.2 -7578.61831238202 0.0733272338171979 0.244591869810482 337.296219746443
"199" 0.6 -2035.14971793037 0.710258720260517 0.510988239997674 159.686605646741
"200" 0.6 -5072.22675770583 0.720143769036317 0.520064508010092 161.649134079507
"201" 0.2 -4393.66613029654 0.0229139222859528 0.231498887046452 349.992166530201
"202" 0 -6076.77845475257 0.00757340544916352 0.22926653147736 350.738424728811
"203" 0.2 -5501.76868041168 0.0123991034988938 0.229709227312884 348.28566804924
"204" 0.2 -3118.18431037277 0.503885446017098 0.378722659658482 213.118384459009
"205" 0.6 -3544.14549449965 0.478157076402411 0.362122375771258 222.071669708961
"206" 0.4 -1244.29730642789 0.489013920103278 0.373236316690603 216.96655003
"207" 0.4 -1961.35344387084 0.460673113143211 0.360835753867883 227.793980614934
"208" 0.2 -5105.56362440206 0.0259510682602998 0.234495974445855 346.428067880357
"209" 0.2 -2160.57905142831 0.0393966683046302 0.243613829671408 336.524439257849
"210" 0.4 -1874.14696153471 0.263401841524553 0.293183931920933 278.174584719166
"211" 0.4 -1883.94843630952 0.490346489250142 0.363944953071712 220.281962276297
"212" 0.4 -1767.00622385895 0.244523716478709 0.285814115215119 285.56208252341
"213" 0.4 -4738.0344438885 0.306055631867262 0.308969944393386 267.220997490478
"214" 0 -4059.12462893015 0.0312414859648075 0.237964049843474 343.27534315018
"215" 0.2 -4339.10625731668 0.466062859294779 0.366600766285952 224.529683796945
"216" 0.6 -2803.4608663888 0.509176643694253 0.38653842145458 215.574808627833
"217" 0.2 -2795.78557061592 0.305570365071148 0.309000709720302 269.759296895331
"218" 0.4 -3400.43281837219 0.27515886308707 0.287198283755239 281.1873922094
"219" 0.4 -3012.48175713253 0.250215723664916 0.289709226293902 282.737379774475
"220" 0.4 -2802.50338955782 0.256837266712342 0.293017856685347 280.790962143405
"221" 0.4 -2241.46669234449 0.254994998032619 0.289486247832228 282.690542826499
"222" 0 -1995.04060632423 0.00529557997836272 0.231638931240016 346.589192490955
"223" 0.4 -1654.00524815061 0.480862784865163 0.36775448680716 217.915635217354
"224" 0.4 -3256.14460447231 0.463160539411854 0.359312723018624 229.767380490317
"225" 0.4 -2153.11561978929 0.517836889280648 0.382882945904989 211.834590704343
"226" 0.4 -5769.78327035424 0.265108455574134 0.292745804662302 284.33698309795
"227" 0.4 -2547.70859907173 0.294141066002009 0.303716360232894 271.279099409119
"228" 0.4 -3265.56625047676 0.266461372678166 0.289289234035259 279.181188434549
"229" 0.2 -1944.07798471946 0.456089996383863 0.359421977529509 226.938406139612
"230" 0 -3490.93110497258 0.0572685484705049 0.247072234616153 336.241056912718
"231" 0.4 -2671.88675526992 0.262835875289468 0.289543266152518 278.465245041018
"232" 0 -5948.43700465919 0.0671572974825991 0.247799206876841 337.597320895805
"233" 0.2 -5371.97689237565 0.050865831778511 0.242962058759938 339.438643824286
"234" 0.2 -1506.82387800258 0.444928042142502 0.351627499544925 229.460781194619
"235" 0.2 -2505.16943859675 0.511077670972049 0.382614104150131 213.975714118686
"236" 0 -2060.41639788853 0.0022825547759614 0.229936202357313 348.456557668373
"237" 0.2 -9051.35058704372 0.094902257371526 0.254342618764528 332.242573190504
"238" 0.4 -6901.04428791439 0.265583851181195 0.28772961395665 281.635192762967
"239" 0.6 -2210.882453825 0.699467033553898 0.502777983086645 165.034373950399
"240" 0.2 -2047.06387122164 0.254565273393364 0.292270348378587 281.865593104647
"241" 0.4 -2770.41611123152 0.253406912050552 0.288848530650408 282.785220715683
"242" 0.2 -6310.8662332562 0.0413997481141426 0.23690088176918 344.870500417473
"243" 0.2 -4595.12817810005 0.0562570860386624 0.244560596989254 338.5748938245
"244" 0.4 -3425.81965754793 0.688780119208489 0.501232464363106 169.214919093461
"245" 0.4 -1753.6182651729 0.258582403147336 0.285118092433666 281.213826905284
"246" 0.4 -4570.76998833675 0.27272119740433 0.288834586947737 278.455973134562
"247" 0.2 -1848.30431254376 0.245843020772423 0.289855869139946 281.702910469193
"248" 0.2 -2117.3057737361 0.257053354659205 0.288385064585535 280.103532064636
"249" 0.4 -1997.95147215836 0.670695427003819 0.476260378562257 170.800984842004
"250" 0.2 -5697.03626998183 0.45416700982233 0.354368552752914 233.504414074169
"251" 0.2 -3825.52916689765 0.0374714258611318 0.239870108815308 338.981475825491
"252" 0.4 -4835.35834285486 0.258766667125405 0.288176187291139 286.285187914642
"253" 0.2 -3706.02165627695 0.249391377648672 0.288028836949853 285.507901292783
"254" 0.2 -3557.343580839 0.453127692677559 0.356177800400236 229.500569522311
"255" 0.2 -4667.36137699574 0.0369195744547154 0.236546244982789 341.753491436853
"256" 0.2 -4050.59857693265 0.244793291899894 0.28118987363286 284.698053656006
"257" 0.2 -2363.38216148912 0.655233974649713 0.464305433531004 176.563532856083
"258" 0.2 -2532.82633398497 0.224590396774847 0.278945997277284 288.222822388285
"259" 0.4 -3431.24969597778 0.479859557058709 0.365077578247558 225.986077863909
"260" 0.4 -6350.59353104896 0.285761225052014 0.301976797605199 279.04062481483
"261" 0.4 -1939.08014717245 0.245892339550812 0.289318601799018 281.008585819555
"262" 0.4 -3396.97445621323 0.301286673241952 0.302294967316166 270.704276291933
"263" 0.4 -4603.58055480201 0.251696054239528 0.290733879832714 282.168236017274
"264" 0.2 -2802.48539778262 0.23835173344848 0.284635565263719 285.784667458804
"265" 0.2 -4168.58788347825 0.307139979801297 0.308385094036883 271.211352864117
"266" 0.4 -2035.58054179506 0.495831552657519 0.378768344095587 217.352023999719
"267" 0.2 -6207.51597760064 0.0827752543950032 0.254299383643183 331.298790443409
"268" 0.2 -2163.45407330595 0.247787081249693 0.284629394568849 281.20352864801
"269" 0.2 -4870.50010419988 0.104536180948423 0.258636672174445 329.106504106498
"270" 0.4 -2346.83469078316 0.259587120918796 0.292904082844918 280.615098690102
"271" 0.2 -2488.82733582359 0.0509634046424026 0.242772854822551 338.037472015619
"272" 0.2 -4901.39915373877 0.0223727735326376 0.233678452743354 343.274622832681
"273" 0.4 -3067.63242247691 0.269530689636391 0.297387731833189 280.307227770798
"274" 0.2 -2432.65922554552 0.0290460517604381 0.238952908025648 340.746384047903
"275" 0.4 -1800.79627223134 0.24409068373586 0.285330662332491 284.142242153524
"276" 0.2 -3172.51510968273 0.042765688188881 0.241385082411602 340.633108162019
"277" 0.2 -4992.58831099464 0.26351863204618 0.295777944574947 280.732421025843
"278" 0.6 -3413.34175652622 0.501390872082026 0.380513822692619 215.204843812715
"279" 0.2 -4752.09618373549 0.0841531948470349 0.252300203460484 333.474489751318
"280" 0.2 -5535.10499390622 0.0639324737374346 0.244302566687661 333.213579727314
"281" 0.2 -4957.62536324058 0.284969540060106 0.296251682647815 277.93329188386
"282" 0.2 -6433.42964050588 0.100589437415533 0.254211094644445 335.073545981641
"283" 0 -3322.30625924912 0.00274416990204274 0.231229952356728 346.610142100044
"284" 0 -2903.55370150311 0.0159049031130738 0.233348168786831 346.515280025569
"285" 0.2 -2563.0893695408 0.2775998448861 0.296098706992705 276.950248665688
"286" 0.4 -5783.09064143304 0.452985293340922 0.355157395518671 226.661149325548
"287" 0.4 -2519.34094722163 0.251475275833505 0.289419517288705 282.195331490738
"288" 0 -5863.24408791446 0.0281461408768915 0.234410910004103 347.861749495915
"289" 0.2 -2043.42589652729 0.0238264205562421 0.234684874334531 344.292639177479
"290" 0.2 -6656.38505038373 0.0139441526537162 0.232476566289981 346.698016110249
"291" 0.2 -4363.82138344661 0.0982680188818533 0.250359311209863 328.634188575228
"292" 0.2 -2760.10907877729 0.0146417446333178 0.23517167452936 341.683067060797
"293" 0.2 -2589.37573838036 0.0522886887686762 0.240917171293215 334.368418742274
"294" 0.4 -2361.62735058577 0.301847676325767 0.30028620500828 270.700690202671
"295" 0.2 -8196.73773475948 0.0490421360826178 0.243611517006321 338.303151835804
"296" 0.4 -4592.16935374887 0.282822104089045 0.294488594001896 279.766325698886
"297" 0.2 -4946.97779851115 0.0443973600968541 0.242818199069509 338.436127865943
"298" 0.4 -681.599533823257 0.699170393652372 0.503622846929563 160.518675481877
"299" 0.2 -4074.63901443534 0.229828652004852 0.279364466905849 289.668353660475
"300" 0.2 -2286.12844402357 0.0640407394799807 0.245157815554773 331.811216958892
"301" 0 -2941.89879441435 0.00115598094660241 0.232383230361583 344.522335111257
"302" 0.2 -3707.44386679753 0.248318601382119 0.28979292009857 282.730868997169
"303" 0.4 -1229.7421541766 0.470556735170307 0.35920066011314 222.851706641307
"304" 0.4 -1752.03088514358 0.277742168175106 0.297411684104431 274.060809928644
"305" 0.2 -5332.65362757623 0.0353927782436146 0.242188975940304 336.538772658864
"306" 0.4 -2746.68714836537 0.22998753131988 0.275173874628994 292.144909506454
"307" 0.4 -5587.95408493045 0.264788962559736 0.287061708541582 280.194470837992
"308" 0.2 -6162.45071025534 0.0562343124648402 0.245845752060665 333.604749437375
"309" 0.2 -11638.0191036692 0.0396455946139294 0.240698833292116 340.98031931119
"310" 0.4 -1659.84298344485 0.474607044416813 0.371011794899641 223.464583275723
"311" 0.2 -2237.85618228336 0.053750273882615 0.242532845837541 334.986922166846
"312" 0.2 -4801.02414967929 0.434693295800694 0.341816724003287 236.454270217335
"313" 0.2 -1842.4480410669 0.303826757505982 0.310270789816163 269.699509935128
"314" 0.2 -3590.59265690487 0.0346845474951554 0.239413175794566 341.435055308044
"315" 0.2 -2728.34011690984 0.26100681765943 0.28516468687556 284.986383172916
"316" 0.6 -4644.44864153848 0.543411307765475 0.399593971842889 207.491264874954
"317" 0.2 -11820.035144747 0.0802082367545892 0.25164136012637 334.090021408047
"318" 0.4 -5351.37819187135 0.474692931057413 0.361264408044789 222.660532996757
"319" 0.2 -2761.9022915506 0.022531674590315 0.236179206126113 341.83331468394
"320" 0.4 -2251.84325470649 0.274102133990229 0.294673730042811 274.691089569963
"321" 0.6 -2082.2063037357 0.50899527638568 0.386730905092728 216.454451952525
"322" 0.2 -2604.47503835926 0.463800673916848 0.364867650335364 225.227134340885
"323" 0.2 -2614.09535044443 0.0323654152469856 0.238176882184492 342.648024201742
"324" 0.4 -3615.98806882776 0.234601425186195 0.282229728361309 284.754641931714
"325" 0.2 -2741.35403110662 0.0176782882113619 0.235832169578287 339.635309060407
"326" 0.4 -3364.10644903459 0.47241540206159 0.368831254603423 224.092195440386
"327" 0.6 -1327.16976924219 0.491708817799865 0.375203415397001 215.672601821856
"328" 0.2 -2465.92534607819 0.0501674648866803 0.243861820433086 335.786046240549
"329" 0.2 -3529.61246933722 0.0405847772230999 0.240553700165036 340.60573423747
"330" 0.2 -2391.67034750467 0.277283923187745 0.297718304271207 274.543797179684
"331" 0.2 -1070.54315199922 0.668494395342532 0.478986212781263 170.492224659561
"332" 0.4 -4489.89051036106 0.463729069957324 0.365062180232844 224.118119299179
"333" 0.2 -12526.0656431774 0.305566044853566 0.309478029163988 271.477488481114
"334" 0 -3909.63007649365 0.000721799078251872 0.227795577946399 351.36413723263
"335" 0.4 -5143.61037434086 0.248692153978384 0.284441164414395 286.257315009925
"336" 0.2 -2570.64653292915 0.533696554177126 0.400460911687278 207.684127202467
"337" 0.6 -1972.61382547028 0.486263625710808 0.36843508404392 219.532347138273
"338" 0.4 -2426.00696757141 0.255371983768354 0.28983708846091 280.64869039082
"339" 0.2 -2311.28261332601 0.0451965849531917 0.244540283860396 336.437906634901
"340" 0.4 -3501.67651457876 0.499032350060723 0.378955224581256 219.473209106037
"341" 0.4 -2892.52312502852 0.345449880223214 0.325786349859591 261.228933434072
"342" 0.4 -3200.37695835703 0.242168676101929 0.281959199630353 288.906163669168
"343" 0.4 -3354.18495185789 0.249873477205294 0.286110763674967 286.086127163144
"344" 0.2 -2814.74991858984 0.091706434539762 0.256030052086484 331.854348426661
"345" 0 -3146.31041938601 0.0194737856878717 0.236192204415063 343.114562367625
"346" 0.4 -2692.10553467222 0.272364236327136 0.296791477340868 281.965165403415
"347" 0.4 -2344.90052188932 0.455691439142443 0.356736736479801 229.160221966798
"348" 0.2 -2300.53245055025 0.453412746046993 0.355116604213386 231.524658169597
"349" 0 -3155.25814191327 0.0542628133914334 0.244177881781369 339.696066571283
"350" 0.6 -1742.3308208237 0.515522622384479 0.390337392623716 214.410701789288
"351" 0.2 -2302.39322872501 0.0138543451579083 0.230726621416679 348.262544957153
"352" 0.4 -5640.9199145745 0.263721707083829 0.284474643060148 282.12617427269
"353" 0.4 -3661.63293682206 0.289307831904042 0.297967405700905 273.199773145281
"354" 0.6 -1870.16734033633 0.483939477020692 0.360607688965657 222.398417760199
"355" 0.4 -3167.77218176969 0.303280080414463 0.307516023143999 272.602775801998
"356" 0.2 -8295.97816421107 0.057448559100341 0.246706504007781 335.832592584728
"357" 0.2 -6944.00667067095 0.298805112879695 0.301149711771141 277.240825967374
"358" 0.2 -2960.08770324139 0.287661246966897 0.299829577991464 274.869624211965
"359" 0.6 -1266.21285684584 0.713790199315862 0.51866723883682 159.90392013723
"360" 0 -2906.6108782028 0.019268851065845 0.23332285360621 347.357598522771
"361" 0.2 -2552.83077658268 0.0526540055004833 0.242408481569465 332.735896462225
"362" 0.2 -2955.23535765633 0.302824699529974 0.307574312683701 272.878158676927
"363" 0.4 -3142.71433531862 0.446618237204652 0.350410265906603 232.610898926249
"364" 0.4 -2956.98863687133 0.256349279800921 0.293869933245966 280.15053131911
"365" 0.2 -2698.76654658174 0.514388836550283 0.38334768284186 215.406742112385
"366" 0.4 -3178.52863415285 0.504856413473095 0.384117058040781 215.108323827269
"367" 0.4 -2309.07795144845 0.283950785627338 0.302683843771923 276.405794402957
"368" 0.2 -9316.23174973033 0.298208238941956 0.306337916529798 271.936971866526
"369" 0.4 -3553.37211275072 0.253180361203194 0.286293953400839 284.695041438099
"370" 0.4 -2693.92034118874 0.270077375604782 0.290874126671365 279.559965010081
"371" 0.2 -2542.44744807447 0.0266706970147119 0.235376756984043 342.769991772715
"372" 0 -2814.88146566554 0.0245418808536689 0.236698102235972 343.558097430714
"373" 0.4 -3617.88316998939 0.279804601569768 0.295771577658216 278.045908751036
"374" 0.2 -4998.5737501345 0.0363081515584116 0.242543666463119 337.778933608998
"375" 0.4 -3787.75357266153 0.235282532441057 0.282902167481716 284.209154200111
"376" 0.8 -2242.84801410752 0.733796576233065 0.530243603092382 154.191396251554
"377" 0.2 -2269.01924173318 0.0338677206474073 0.240985721853878 339.209334702347
"378" 0.4 -4206.60608499108 0.248314916462075 0.2887604387149 283.638176021934
"379" 0.4 -1301.41409371085 0.456520772285713 0.36015906974899 225.343864682806
"380" 0.2 -2605.73073743478 0.252544156343926 0.291557946961157 282.024665064155
"381" 0.2 -3461.28016100224 0.291964476262892 0.304763943768011 272.465982149565
"382" 0.2 -2613.55284352929 0.0439595319557682 0.242132773130114 335.912316409103
"383" 0 -9352.62098034962 0.0363706676434782 0.239883420508981 341.667835459393
"384" 0.2 -3662.08968037916 0.0340321048220183 0.236339573005381 344.949252763833
"385" 0.2 -2067.67986249942 0.034055350264528 0.238838552202328 340.64363936244
"386" 0.2 -3181.70150244621 0.054902878534965 0.246392776622224 332.775943325646
"387" 0 -3019.01435974957 0.0172292879912241 0.236613306779126 341.972896160954
"388" 0.2 -2724.8001883377 0.0192739994837664 0.234563361889969 342.606126951356
"389" 0 -2476.31434739452 0.057058883220834 0.246716191249605 336.700750007876
"390" 0.2 -2270.37754562964 0.0333752023364078 0.240392559676038 339.941989434208
"391" 0.2 -3585.12566949328 0.0303041620112651 0.240403861653983 339.432845548959
"392" 0.4 -2738.18545470677 0.246961808825746 0.289271479790788 282.768569802074
"393" 0.2 -7216.36361314239 0.0829123078463562 0.24585345713634 334.463336160197
"394" 0.2 -4345.45223885728 0.260914222311691 0.291831441911491 284.958663234999
"395" 0.2 -2821.53871985544 0.0684794609795306 0.247682151304245 335.735534472205
"396" 0.2 -4912.77594628034 0.0319297461827708 0.234627222047896 346.838748053275
"397" 0.4 -1565.49876075446 0.309438907426276 0.310287216693991 267.804584597237
"398" 0.2 -1729.01575134998 0.262274141060766 0.288370137864149 280.302426423365
"399" 0.2 -1485.42910201472 0.256054250548423 0.293943959874354 280.242790424707
"400" 0.2 -2012.21273022443 0.280386791647255 0.297439247700895 275.631845264859
"401" 0 -2421.52358588833 0.0123430312260531 0.234882677592202 343.391411350691
"402" 0.4 -2281.64847830777 0.252996623776537 0.290656257243751 281.145787961851
"403" 0 -3222.62451717384 0.056671565595239 0.246357878937242 337.122177128494
"404" 0.4 -3809.603180936 0.28141251677779 0.296442719545919 276.007164702122
"405" 0.2 -6749.08028021282 0.0929865187370521 0.259253803488673 326.978584449994
"406" 0 -10772.0826795082 0.0687100570155986 0.249743470575558 335.186961641209
"407" 0.2 -2317.25911050001 0.0707873266727753 0.243564775400377 329.881020006165
"408" 0.2 -9304.69679183852 0.26130242812622 0.292415596989759 284.326451689121
"409" 0.2 -2351.07616788879 0.046774307142969 0.243216340643611 336.761987624061
"410" 0.4 -2199.5683948865 0.241445874312923 0.286703120824269 283.865587455966
"411" 0.4 -5736.99365476228 0.306862466053094 0.310055175468703 270.983506198926
"412" 0.4 -3134.12887805637 0.234170178153471 0.281670395297222 284.70130465962
"413" 0 -6185.49096149982 0.0732736992546353 0.247578925951007 339.442516418546
"414" 0.2 -2725.05665468498 0.0833255647191163 0.251201353715717 330.17079285637
"415" 0.4 -3027.75803067601 0.29352519171361 0.306186988958052 275.059961776878
"416" 0.4 -3725.73921222686 0.484331921764555 0.366042086024102 225.459806942404
"417" 0.2 -3011.73355971367 0.274926246607891 0.299330708954406 280.577460967097
"418" 0 -4089.51506310635 0.0435503990997667 0.240682325083027 342.220423425222
"419" 0.2 -2220.6679161274 0.513097201690483 0.382863183038211 213.5016925117
"420" 0.2 -9619.20540405632 0.261252461084439 0.29112074490864 286.060343856784
"421" 0.4 -7320.90352507564 0.293826707542366 0.300083100609157 276.057625172683
"422" 0.2 -3286.25609567232 0.0742212217313641 0.251018578848388 330.654541473323
"423" 0 -9899.00107488158 0.0118435709121589 0.229880376095448 350.824386355793
"424" 0.2 -6886.2309040978 0.0327750126603751 0.236868368647137 342.988880145038
"425" 0 -6982.95567627142 0.0182107337756356 0.229476523483599 353.016799783404
"426" 0.2 -2049.44393671194 0.2611513064819 0.295485902771697 280.193079108582
"427" 0.4 -4340.13122686094 0.271219192318234 0.295958335689825 282.037927140901
"428" 0.4 -2813.54249041042 0.262681643030639 0.293664421552042 280.872122292663
"429" 0.2 -5445.50842560915 0.0332386051993718 0.240677347122759 339.560344045609
"430" 0.4 -2907.46066357351 0.298795981215766 0.306130664559239 271.20076559158
"431" 0.4 -948.406372815487 0.700986022873356 0.506000083231881 162.187238254771
"432" 0.2 -6335.72724882846 0.0760291505000331 0.250180334865952 333.735714322864
"433" 0.2 -1904.93236937037 0.0625145667570389 0.248957909764315 333.490759381396
"434" 0.2 -4867.19571270553 0.049458846476868 0.239265559629585 342.100157250068
"435" 0 -2682.7904700175 0.0155124355873462 0.232047959238902 348.38978733751
"436" 0.4 -1900.35741014155 0.492884086171636 0.374565242949187 218.683763396367
"437" 0.2 -3280.96050091504 0.0187888032706325 0.237670476365617 339.989679967402
"438" 0.2 -2288.87650202164 0.0598819789899447 0.247481975769309 332.936101764766
"439" 0.2 -1983.19812730972 0.531483359249409 0.395918638795611 210.016173781501
"440" 0.2 -3553.44186003926 0.0529497791532568 0.244639411151846 332.779674866563
"441" 0.2 -2928.59363837353 0.0255914491589689 0.233193418913379 344.217228150275
"442" 0.2 -2555.21976467144 0.0427840315952186 0.243802080678765 336.976301533123
"443" 0.4 -4483.28036602957 0.476483699542724 0.364105928433975 224.126223089732
"444" 0.4 -2337.00856893136 0.253827885750709 0.292357500033856 280.02724625743
"445" 0.4 -2979.07918509203 0.473867219848952 0.361227937966024 223.486328322673
"446" 0.2 -3396.43742432647 0.0347956283328873 0.240762841252871 338.872036494641
"447" 0.4 -1084.00459244634 0.677995356085349 0.489821418853894 168.8558185898
"448" 0.4 -4269.82958814018 0.290192683960316 0.297648657042477 274.694975976692
"449" 0.4 -3269.58669945344 0.250204845393928 0.286905127970886 285.959963547625
"450" 0.2 -3522.49522939305 0.0332528759439097 0.235508982177999 346.184476941521
"451" 0.2 -1741.41590343581 0.0447250768717208 0.239566002510143 336.287571331067
"452" 0.6 -2879.74847439993 0.482070398959604 0.367550441477211 218.023975368147
"453" 0.2 -2695.38435355702 0.234497571783051 0.283357419289245 286.027099168603
"454" 0.4 -2432.18893712007 0.472061448198311 0.362596390299706 223.126159899984
"455" 0.4 -1417.45914168859 0.713197573737095 0.522355218752848 161.063630944141
"456" 0.2 -3077.78771106755 0.0355586804291796 0.238774969224157 342.82940672054
"457" 0.4 -2658.05122035732 0.280918567781104 0.301911939775831 279.575822718372
"458" 0.2 -1994.7457788266 0.0330300869499456 0.237203251273168 341.740473802039
"459" 0.2 -4023.76641484649 0.0619586940049446 0.246276876905018 332.979460217617
"460" 0 -2807.76448991082 0.00302389013518956 0.232590698720245 344.641630127258
"461" 0.2 -5368.98207535824 0.0289066196839645 0.240289023269203 338.547708863323
"462" 0 -8888.16867930738 0.0647012758989994 0.247938645350051 336.794518652139
"463" 0.2 -3946.70386477024 0.0504405197753643 0.242608882884026 339.905656038458
"464" 0.2 -1520.14216071411 0.453845935273374 0.358134465044121 226.977559708455
"465" 0 -5556.69692019639 0.0592562258022299 0.242513575094322 343.390440506185
"466" 0.2 -2805.25117280661 0.0800220775899315 0.253409717363669 331.59337988731
"467" 0.2 -4356.40478569056 0.264973361164659 0.297298531248319 279.311156649468
"468" 0.4 -4473.5197797089 0.243360104409444 0.281812077987416 288.712807363947
"469" 0.4 -2634.36428519573 0.253776642696513 0.290446420673295 281.232850243128
"470" 0.2 -2090.89547406656 0.251903487045922 0.291145608152735 282.32210495295
"471" 0.4 -3314.40298748515 0.66834859815898 0.475169102915335 171.731006736751
"472" 0.4 -2133.43577650235 0.287429343546587 0.30105133073001 273.728912636545
"473" 0.2 -4870.63515407446 0.0461719784701979 0.239833795524061 339.271720587392
"474" 0.2 -4273.8013660381 0.0568920889226177 0.24294464928777 335.82490635009
"475" 0.2 -2922.00013314557 0.506318497854098 0.375995212906169 217.796368471393
"476" 0.6 -4210.34927607394 0.48996279255901 0.365412413850509 223.875294007733
"477" 0.6 -1754.96427114049 0.510061302844548 0.387157275414621 213.411925125262
"478" 0.2 -6276.56405911397 0.237698757488993 0.281638528895636 289.621744462661
"479" 0.2 -8552.54653053975 0.306987163179708 0.309670445341196 270.969420005218
"480" 0.6 -2000.09675929779 0.481947765424023 0.367699910852247 222.05696857837
"481" 0 -3506.71199637763 0.0478831816415527 0.24403173739302 338.369378139009
"482" 0.2 -2740.39257979136 0.29275794207445 0.301244436382548 274.534252266423
"483" 0.2 -2693.58870397804 0.0684117118533466 0.246216651610566 334.352222335478
"484" 0.2 -4218.04690138966 0.0514343968567339 0.238767346026269 342.78388621381
"485" 0.2 -3454.17115048042 0.457352618904425 0.360559122634377 226.257052635239
"486" 0.2 -1798.23918804075 0.521113457119546 0.387500439751623 210.141931043263
"487" 0.2 -3612.76876100826 0.0296028329072097 0.232529621304884 346.293419168424
"488" 0.4 -5261.47328167135 0.262835087493078 0.29070627528079 283.209013268282
"489" 0.2 -4829.87136194155 0.281298356714964 0.296328432479499 278.638782462967
"490" 0.2 -6488.98143271986 0.0496118677106109 0.241455779828167 342.391779822879
"491" 0.2 -7935.49900196199 0.0342465698506023 0.237953836865767 337.710159642342
"492" 0.2 -3829.65728348893 0.0754933339231625 0.248483972674544 329.988099326822
"493" 0.2 -2774.21576118704 0.0697573897818576 0.248109940153556 335.28103870214
"494" 0.2 -4312.81996747486 0.0505811054597162 0.24468935032636 336.170954294899
"495" 0 -4020.05176204225 0.0538056875073747 0.245600186226237 337.523773016478
"496" 0.4 -2498.15366179554 0.301247841621313 0.305791082840087 272.73237017151
"497" 0.4 -3772.01645803783 0.267862219727618 0.293272200268983 284.275511860009
"498" 0.4 -3122.85928960475 0.479791626027247 0.365293732480519 224.851046601264
"499" 0.2 -3610.19605570344 0.0528142621682828 0.246646488202491 334.878226649226
"500" 0.2 -3805.29372785718 0.461627582565114 0.363144028265542 226.001281604008
"501" 0.4 -1771.28340517486 0.475695547391171 0.361728745805596 222.885306182248
"502" 0.6 -2848.19309836057 0.506908139634995 0.380728213412512 216.322553937463
"503" 0.2 -2576.02179606357 0.449058549247384 0.353416531404057 230.292185240169
"504" 0.2 -10365.2478400776 0.271851266457212 0.296383823717077 283.255067184078
"505" 0.4 -3761.50440875513 0.293182318313298 0.30140349039709 272.98477094681
"506" 0.2 -2822.29827979585 0.27523408081463 0.293693136885469 279.420357812825
"507" 0.2 -2675.36729770188 0.533129469080202 0.398415337847759 208.584496825887
"508" 0.2 -2211.05925296071 0.0839793083206031 0.254829196651015 330.194608900766
"509" 0.2 -6384.87602732933 0.259656206485623 0.291846546922486 284.433448999794
"510" 0.2 -3007.70826871857 0.474534775551444 0.368624388892118 229.235640309495
"511" 0.2 -4078.47516111725 0.0612705892274024 0.246555155536797 337.244851326221
"512" 0.6 -2045.15321279239 0.524551494852205 0.389340875695047 208.957129466324
"513" 0.4 -2829.20120320116 0.305792084203384 0.307124905487315 270.173438485316
"514" 0.6 -1522.53783123771 0.5563729365122 0.415465228892298 203.022151184897
"515" 0.2 -2637.21025959095 0.0516224770951461 0.24552646541337 336.891988697136
"516" 0.4 -3300.61923843427 0.244237717049313 0.282563368119932 288.977645685431
"517" 0.4 -1601.93081680444 0.287985939409632 0.302345613757916 272.311674770108
"518" 0 -2774.03145698768 0.0347491716509607 0.236677528869153 346.04832440624
"519" 0.4 -3966.20629054698 0.276688378622987 0.290322113740309 278.18813243343
"520" 0 -6303.85956293989 0.035639148788262 0.235550190996685 347.977452252991
"521" 0.2 -3680.19094910709 0.0392449853985295 0.23960702312702 341.636763462331
"522" 0.2 -3380.6827790176 0.0611269927946092 0.244791594723792 336.836177635239
"523" 0.2 -3288.44343437459 0.293561591752016 0.302870323686567 272.730834621564
"524" 0.4 -1313.66982478266 0.465718207320517 0.364458610795457 224.96523176427
"525" 0 -2722.66939880529 0.0267928371385953 0.236766186776929 343.991698583774
"526" 0.4 -1672.51168628731 0.502181684421823 0.374249219158153 214.503011077922
"527" 0.2 -3258.77049814408 0.242449346118099 0.2835425386048 288.88050081376
"528" 0.2 -4763.36455224075 0.240772646337527 0.28452905937987 286.868155520759
"529" 0.4 -2374.50543166196 0.497094200651653 0.38008839747886 216.643223662768
"530" 0 -2951.28765082235 0.0149946048097747 0.233899087121275 345.472910446487
"531" 0 -2998.81298416002 0.037234960183044 0.240236603459596 341.355427571153
"532" 0.2 -2733.64747174601 0.0379200341110544 0.241150284822635 339.459645900852
"533" 0.4 -4298.15945326672 0.277711530357446 0.294134286155423 273.641799685103
"534" 0.2 -1502.96515842839 0.455415334353076 0.357972372728421 228.671894961852
"535" 0.2 -2939.70568611237 0.251761261550023 0.290204390427508 283.516765736393
"536" 0.2 -5222.25316071953 0.0542586799017086 0.247365545723569 334.44214329666
"537" 0.4 -2203.59613334468 0.239573043120262 0.284659763135297 284.410299763852
"538" 0.4 -1497.47199771354 0.478942030978141 0.367963843780071 220.309205528535
"539" 0.2 -3852.99187584215 0.0537501872830847 0.240805565939674 337.771996413171
"540" 0.2 -1854.76548568441 0.219256371628161 0.275732290898911 290.59525227549
"541" 0 -4380.94295053856 0.008304029920295 0.232117424092277 346.573237848328
"542" 0.2 -4295.09408502606 0.0623316302207186 0.243752472457516 335.670627212035
"543" 0.2 -4981.05147514572 0.0165532227371806 0.228942237523458 351.247208169056
"544" 0.4 -2414.48260211479 0.261944713926189 0.287638243716165 280.571996418759
"545" 0 -2494.93363100611 0.0325955270236682 0.240327342645497 340.12435275407
"546" 0.2 -2119.02974100574 0.278240815314402 0.297516387930048 273.482170026028
"547" 0.2 -2349.04040759043 0.0433045682427665 0.240833828403849 337.304592139344
"548" 0.6 -1593.90512428069 0.524056282825893 0.390926650981569 208.089454614674
"549" 0.4 -1701.03616507228 0.240825222572769 0.286955580153736 283.347264191508
"550" 0.4 -2300.7667836857 0.291183673928532 0.301975442619967 272.565676662559
"551" 0.4 -1477.83526788585 0.668466089593821 0.475907028910979 169.678685185965
"552" 0 -7446.25918654642 0.0125438785672434 0.234302265874069 344.297931986838
"553" 0.2 -13857.6302125504 0.0469926184774863 0.239317821807876 343.88686360959
"554" 0.2 -1759.05630248562 0.520432823465578 0.388474400120144 210.655941525567
"555" 0.6 -2392.95866684838 0.501767682002857 0.377773711029997 220.007185254525
"556" 0.4 -5484.3972154376 0.282406162601605 0.304552762911141 275.619136737101
"557" 0.2 -4680.25994207831 0.0645785316680405 0.247235230575041 332.786924193637
"558" 0.2 -2259.78297593979 0.0323574288293587 0.239801947937878 337.737936252682
"559" 0.2 -1906.36114601885 0.260927787977576 0.286864250326598 280.678712718352
"560" 0.2 -2617.09313495023 0.0321616099224047 0.240923399484196 338.444244242576
"561" 0.2 -1959.72227846427 0.0481907435338267 0.245860842375723 335.069351495663
"562" 0.6 -2911.9104686206 0.490590198537187 0.368046244319657 220.047187862894
"563" 0.4 -5749.36289276325 0.482404806721567 0.366086250722049 225.393167696334
"564" 0.4 -2300.94124900557 0.44941820284559 0.351809893449813 231.324753293418
"565" 0.4 -1587.41217353037 0.292453680671909 0.30069992291237 271.727883939492
"566" 0.2 -7261.88047257665 0.0477555763669559 0.241026533599523 341.541209002724
"567" 0.4 -2628.85211103758 0.240790654966153 0.286910982798491 282.529401817056
"568" 0.2 -3946.24161643766 0.0336807241979569 0.23843092838358 342.723458135268
"569" 0.4 -3315.99589535107 0.298849425830046 0.300013793341459 268.532958218432
"570" 0.6 -3849.9958568958 0.481100040787225 0.363208783582615 224.790739464457
"571" 0.4 -6037.13629256138 0.447122283381287 0.347169997199749 230.632534535695
"572" 0.2 -1950.70616459792 0.275283339663828 0.294544905834585 276.199153604335
"573" 0.6 -1971.3956376136 0.509183162376047 0.381380930124523 216.021450360026
"574" 0.2 -1640.18445347521 0.276126507856609 0.29730517882835 275.001594993868
"575" 0.2 -12710.6565511598 0.0274869163460338 0.236199026497174 343.949043444265
"576" 0.6 -2165.9548990912 0.543595204138878 0.404957384634222 206.726311726402
"577" 0.2 -7184.71150792031 0.0266104727152134 0.235309368953136 345.452774635702
"578" 0.2 -5525.3432059446 0.0601347316541755 0.243691629578744 340.314751737565
"579" 0.2 -2628.08300427484 0.283728889543591 0.299758527622691 272.770217695599
"580" 0 -4522.10446842635 0.0366588774779224 0.238881610542342 343.216675970308
"581" 0.4 -2350.81927666311 0.450416954582101 0.351351600858765 228.148143544677
"582" 0.4 -1372.87947050695 0.486442447899374 0.373242484510832 217.069382515363
"583" 0.4 -1612.40765605341 0.661723348153604 0.469435721124892 173.377503370075
"584" 0.4 -2036.40191047624 0.23897272227037 0.282221282990367 283.784523654915
"585" 0.4 -1873.94698658535 0.473929037149417 0.363634610448875 222.726008947985
"586" 0.4 -4445.36191581994 0.270788512013175 0.289121479626559 280.108068709355
"587" 0 -2976.70999237877 0.0150696982612261 0.235269792977604 343.451297732117
"588" 0.4 -2177.58405577757 0.69514754324924 0.499706400599584 163.029135305551
"589" 0.4 -2465.81721521982 0.248837262753493 0.28839789583952 284.394243503804
"590" 0.4 -3553.21371287331 0.523820930948413 0.390048818036095 209.243683244428
"591" 0 -4589.36030951872 0.0445432973983516 0.24355398282435 338.265104581812
"592" 0.4 -2272.93072994677 0.523765677722642 0.390914262742695 209.582309882157
"593" 0 -3392.54087408407 0.0216354206919553 0.233011471562936 348.402836573729
"594" 0.4 -4599.01395498914 0.304465668250254 0.3062111742515 271.679932183865
"595" 0.4 -4943.02758299288 0.30777194114246 0.30750572108788 273.195282043703
"596" 0.2 -4057.66880008043 0.0385099493121177 0.240555530891827 338.874725343706
"597" 0.2 -3082.85464972987 0.0284409294227027 0.237776835762114 342.287166864635
"598" 0.4 -5518.55042031614 0.497112253915543 0.379334853494013 218.615244784346
"599" 0.4 -2228.1680370932 0.449974169543769 0.353189457132282 229.721484396001
"600" 0.4 -4751.1076774696 0.277018049233103 0.288354242881307 282.353074340755
"601" 0.2 -4346.68552020006 0.0181125077359688 0.231926521293072 345.34222591843
"602" 0.4 -2058.36399039818 0.466617373647747 0.360858559839184 227.437731866282
"603" 0.2 -2711.9896687917 0.0254520098996781 0.234113951380168 343.664236787614
"604" 0.4 -3476.71493087359 0.252663239671562 0.289005393477863 282.558923392184
"605" 0.2 -3521.54860598415 0.0629766670492131 0.244812466016462 336.93455005018
"606" 0.2 -2267.14805264834 0.248721252325397 0.289808764976812 282.86479968843
"607" 0.2 -3409.28841690159 0.0468921197581587 0.241538290347696 340.958683278156
"608" 0.2 -6449.87382888261 0.0338719661511344 0.236214441606362 345.909221878601
"609" 0.2 -6441.42972285549 0.285648784845186 0.297308287039745 276.797051953385
"610" 0.2 -8618.79666886885 0.0482735528676055 0.237834587844864 344.434201567923
"611" 0.2 -4981.3451661406 0.0393949054318919 0.240024624477984 338.993438811018
"612" 0.2 -2793.3477154855 0.294365377567925 0.303108449777823 275.186754870857
"613" 0.4 -4847.39156833744 0.308542313774824 0.302901760112828 269.752916101413
"614" 0.2 -1694.34845633444 0.447559989481633 0.353915741147467 228.116585974512
"615" 0.2 -7783.06806308196 0.304245442352479 0.307009765537173 272.882422492956
"616" 0.2 -2083.91477273213 0.443136695431467 0.349440049879026 231.426423769677
"617" 0.4 -2448.23962988979 0.322703669792481 0.317666380945432 265.453663744638
"618" 0.4 -2261.02830590223 0.266793901326284 0.292659496079477 281.740768560092
"619" 0 -2885.452736047 0.0701641872450544 0.250965631042553 333.804273561225
"620" 0.2 -2493.05831123407 0.0268304587988772 0.240358000388417 338.725037930859
"621" 0 -4062.90799698133 0.0356177815622005 0.239868788089919 341.509697344387
"622" 0.4 -1617.09170251983 0.488958024118295 0.372172852251881 218.680059427652
"623" 0.2 -2267.67326306293 0.644177959045169 0.451819708451218 177.962608293956
"624" 0.4 -1988.70451671062 0.261640738552289 0.292453012216659 281.954082486848
"625" 0.4 -3119.08276282497 0.253164853632776 0.288767587671041 283.882144829677
"626" 0 -3275.15192488529 0.034634487244692 0.240359295071554 340.55804763264
"627" 0 -3901.9392596669 0.0250741305744059 0.237040483349417 343.176831262326
"628" 0.2 -5921.76738691459 0.514443939614842 0.383786634231659 216.970644851332
"629" 0.4 -1567.13714575048 0.284253500577988 0.302610488846752 271.502710970468
"630" 0.2 -4250.5105787178 0.2517317268012 0.286977288237576 287.874459400168
"631" 0.2 -2068.93161706555 0.31857468735338 0.315705631491214 266.622400751873
"632" 0.2 -3268.5618084955 0.0427510374848834 0.244215824386587 335.843521760684
"633" 0.2 -2679.34255021639 0.229241096062159 0.279051477164908 289.871290223859
"634" 0.4 -3654.79082626965 0.528703478598449 0.394468108845669 208.47542714295
"635" 0.2 -2374.29274146988 0.223212824956892 0.278645052997181 288.108824951085
"636" 0 -3837.78153913271 0.0191009069752743 0.233225521049309 347.464628239372
"637" 0.6 -1829.4823157629 0.482298902764786 0.363275239673519 224.179465025989
"638" 0.2 -2006.81306317937 0.287296998840274 0.303308298178567 272.345777149429
"639" 0.2 -2139.39592506542 0.260538554148956 0.294901433885657 280.720762119512
"640" 0.4 -2222.38793479771 0.289180617432507 0.296504831021307 273.603010830516
"641" 0.2 -1953.36116757929 0.00813549257756729 0.232687352951996 344.29707671795
"642" 0.2 -3616.27339389817 0.435155919839665 0.341053757549669 238.211147458549
"643" 0.2 -2203.15430952463 0.269726359853828 0.296453632665449 274.396326016309
"644" 0.4 -3190.70282784984 0.707061832856961 0.510330587928309 160.001157044154
"645" 0 -2502.99572952852 0.058285952581232 0.247200563550094 336.301347856969
"646" 0.2 -5113.87335569355 0.0358925548946124 0.236635759848158 341.072577467095
"647" 0.4 -2718.16305782253 0.286133454940477 0.297726104276385 273.581956853508
"648" 0.2 -5491.99449228562 0.284213927633479 0.299422003212036 274.512023424683
"649" 0 -4973.16429385067 0.0638269887893265 0.248951411190585 335.134234180232
"650" 0.6 -1767.83000301092 0.704686537279332 0.507154020973635 162.940430367715
"651" 0.4 -1851.8784826481 0.505765272849828 0.374242917346804 214.049072517012
"652" 0.2 -1640.78490987271 0.515101067444567 0.385749786079885 211.02810714161
"653" 0.2 -3852.73881125477 0.049626783956099 0.242611731566851 337.85198881519
"654" 0 -10855.5195206866 0.0236471116838711 0.232777394291824 349.251957587688
"655" 0.2 -3457.36240645102 0.056542050025003 0.24410508661212 337.597959910729
"656" 0.2 -7957.93456065643 0.0377162071602851 0.2379419680966 342.344768665079
"657" 0 -2792.47408644616 0.0341022172416239 0.238568723951247 343.064840472722
"658" 0.6 -5103.24152395945 0.502982398502692 0.375071223448199 218.820435761753
"659" 0.2 -2498.90855595115 0.0395350692896059 0.241959888548489 337.354921958968
"660" 0.2 -5441.54095877273 0.054412005317884 0.242725228250535 341.354937514313
"661" 0 -5392.49891303545 0.00231635197704583 0.229163095883848 349.642463038256
"662" 0.4 -4854.786943507 0.268173615520009 0.289674622369291 277.970813879068
"663" 0.4 -1855.47590805867 0.298159953807508 0.303249049158431 270.295241353754
"664" 0.4 -2288.51056030261 0.236667071708649 0.284731620213847 282.859532079427
"665" 0.2 -4281.29183226491 0.092690392536943 0.258090256570696 328.208811026718
"666" 0.2 -1433.30634026411 0.466059506117222 0.365946870332552 225.571091268677
"667" 0.2 -9970.88222789782 0.0956021842753734 0.247129878636994 324.056720784446
"668" 0.4 -2267.78610189339 0.479719730194616 0.36846360446621 220.67740116003
"669" 0.2 -3700.1088358234 0.0622408379969369 0.243499784762177 337.3904368127
"670" 0.2 -3184.47843417233 0.0723485173222169 0.252847225259357 330.983461174858
"671" 0.2 -5762.29426056023 0.0650319043243057 0.243584299257414 340.049012075528
"672" 0.2 -3127.91567564573 0.0468894198991914 0.236307931724048 340.925071280031
"673" 0.4 -2380.89755164557 0.263115037215786 0.29560475028443 277.88956242688
"674" 0.2 -4894.90711674947 0.274488419131898 0.296851826993158 275.691733754775
"675" 0.4 -3000.67416469359 0.23609133750313 0.275927276585794 290.082786406297
"676" 0.6 -1105.60053033839 0.703359731241445 0.506271318805591 161.355633441731
"677" 0.2 -2868.3491986358 0.0412209834064017 0.239084306680786 338.776224597101
"678" 0 -3709.69644373948 0.0334973622118238 0.239201164359233 341.986208901205
"679" 0.4 -2455.05069657614 0.231452474339704 0.282261757875284 284.043039942021
"680" 0.6 -3567.35003865739 0.507261821065719 0.378214301304853 220.287593360664
"681" 0.2 -4478.27475002424 0.282625223354023 0.30001559085247 273.539432047121
"682" 0.2 -2880.0851867164 0.0594235856527172 0.245953934586346 337.077961405064
"683" 0.4 -10548.3857227194 0.284129191149613 0.299158014754536 283.041346957814
"684" 0.4 -3089.34670130457 0.266646446313993 0.289419372647537 276.656038109772
"685" 0.2 -1646.57428762224 0.261483932714619 0.290127199791449 276.517009753687
"686" 0 -10937.1004788646 0.0182774426400595 0.236756590806766 342.00513091574
"687" 0.2 -2147.4096579981 0.0741553812955196 0.25145732357578 329.992059784685
"688" 0.2 -9357.78289319836 0.0654937548781478 0.241636650825381 337.60787334214
"689" 0.2 -2592.92330207566 0.0974916559981348 0.258094196025788 326.042235708633
"690" 0.2 -2331.74337641966 0.284370834697014 0.300347043669591 275.021542246081
"691" 0.2 -3087.17481976848 0.019621695975175 0.230982008415431 347.455192671157
"692" 0 -2220.71158577963 0.0121690599843191 0.233926222338325 344.769964565523
"693" 0.6 -1976.36249990703 0.497345151932946 0.377672862288356 216.978493521968
"694" 0.2 -2690.74092003502 0.265925447149698 0.297108275298496 279.930285213562
"695" 0.4 -2168.42903972228 0.470321916096947 0.360409954321134 225.040767578175
"696" 0 -2333.70072103811 0.0398565580161269 0.239548053489206 343.002248831815
"697" 0 -3753.95474652486 0.0577848205508291 0.245412683892814 338.757527455897
"698" 0.4 -1771.15223159378 0.267374552518232 0.292136882413113 274.281225802773
"699" 0.4 -2818.25702282839 0.278983072206565 0.298173210108926 275.470660912129
"700" 0.6 -2308.55106153158 0.471869038498924 0.359457598155881 224.996881334786
"701" 0.4 -2080.21750371418 0.468527770491696 0.357606404192595 225.852563056909
"702" 0.4 -6903.40924831397 0.31556259508355 0.310577224571014 273.530817875313
"703" 0 -2275.54010822029 0.00859721984655959 0.230574163827858 348.979682400567
"704" 0.6 -3599.86860364587 0.489408609506104 0.363326268086177 220.410835556779
"705" 0.2 -3193.85333927291 0.277769833164601 0.29657224593612 274.528906222829
"706" 0.2 -6700.05346675656 0.0710187880548838 0.248716804602535 335.412088896148
"707" 0.6 -1838.14456044351 0.539779661291107 0.403715643270171 205.157472711895
"708" 0.2 -4054.12994744035 0.233267803857903 0.278616223713583 292.069085653173
"709" 0 -4104.96993348721 0.0263864210133894 0.23647690679571 344.325379537116
"710" 0.2 -7283.06722617026 0.265972057307429 0.297853152016158 278.977675712109
"711" 0.4 -3226.61249150488 0.688858855527276 0.491475424407058 165.667473221407
"712" 0.4 -6737.4573813485 0.236208702403721 0.277014893894361 291.133481818601
"713" 0.2 -1527.08650780065 0.51681521889111 0.383567365286783 212.328668999695
"714" 0.2 -2837.23909087223 0.2385677107041 0.283674767547308 287.169420621428
"715" 0.2 -1689.25017820315 0.267609995941149 0.293381657420089 274.654018657003
"716" 0.2 -2823.49063793748 0.220273474694025 0.275110795188697 291.851394991414
"717" 0.4 -3314.59750584346 0.272419596100998 0.294054400461262 277.863632901991
"718" 0.2 -2647.34315365121 0.0312124593175684 0.233237675993111 344.056964415149
"719" 0.2 -7966.40479551149 0.0729381952199381 0.250755205357016 332.480293694232
"720" 0.4 -3530.09713294933 0.284133799685061 0.298553402370977 276.825003851624
"721" 0.2 -2570.72530162278 0.0213709256676646 0.238363751781964 338.153812631359
"722" 0.4 -2384.10724551381 0.260301118023972 0.293150108750877 282.328099706839
"723" 0 -2453.65295067283 0.0162121210570035 0.232485452908883 347.892890435574
"724" 0.2 -1794.6430272213 0.252277173708345 0.285407832619039 282.24388749036
"725" 0.4 -1931.65092887795 0.300241923442097 0.306876086473117 271.265573859634
"726" 0.2 -3174.71126374333 0.0333490321705106 0.238662660367853 341.669517290755
"727" 0.2 -2429.12447199871 0.0703240734412632 0.249026123209907 330.60667678488
"728" 0.4 -2226.12991504685 0.251744768866916 0.290389202535192 282.333262232319
"729" 0.4 -3852.66526101129 0.297366527968808 0.301787067840005 274.630402608542
"730" 0.2 -4879.56075548474 0.0261104051821833 0.237802223725677 339.679894391191
"731" 0.2 -4743.79831133787 0.271432608692464 0.29919790201841 279.362105228775
"732" 0.2 -5054.68564742849 0.011358803876978 0.232159044327271 345.135367215844
"733" 0 -2127.28120341962 0.000614348882608029 0.230931115648788 346.565549340914
"734" 0.2 -1774.08609976798 0.502543590225172 0.373652378395591 216.583429474034
"735" 0.4 -2679.16932365509 0.247249825808002 0.285883221013368 283.455927606975
"736" 0.4 -1790.30422889756 0.276821093073569 0.298346557797862 273.486478632083
"737" 0.2 -4899.53850079502 0.231892069300916 0.280620359189842 288.743917219038
"738" 0.2 -3169.39235547811 0.0583873657076993 0.242595677197084 333.389328014571
"739" 0.4 -1639.96123194467 0.486039687271566 0.369086089646674 221.513068385539
"740" 0.2 -4035.9874479339 0.272965835250179 0.295401145151047 274.136285372963
"741" 0.4 -4391.1417522021 0.252236653665531 0.288630177333658 285.000780862081
"742" 0.2 -2436.10243141439 0.0290690021132154 0.239390434229697 340.505015060841
"743" 0.2 -1970.7371136484 0.231268340809397 0.280817151007407 288.23250730664
"744" 0.2 -2481.95412240849 0.0124506850044758 0.234181301475449 342.392120037694
"745" 0.2 -2523.6616041293 0.0357623896974857 0.239350689289682 336.85858646289
"746" 0.2 -2892.11295867872 0.0393033771953338 0.243628283879029 336.854535336373
"747" 0.2 -8784.92287257971 0.0536899115021469 0.239234949035799 343.16396426938
"748" 0.2 -2644.21584103929 0.04128849756843 0.241071929836124 338.931893279124
"749" 0.2 -12633.4263511258 0.0655323534195726 0.246116230606153 333.082612512563
"750" 0.4 -2611.9744284545 0.305583548493188 0.307735275330962 269.072039322532
"751" 0.2 -5521.48941309628 0.432353782288737 0.34152706193868 234.777568558091
"752" 0.2 -2175.19248189471 0.241341766124755 0.284421544493003 287.237342556054
"753" 0.4 -2561.05718289812 0.263788967875086 0.286256901078264 281.163419455104
"754" 0 -5263.75260859476 0.0581063663092768 0.247201020097965 336.257604963775
"755" 0.2 -2954.26087344365 0.0570783750508995 0.247016298100577 334.87390281125
"756" 0.2 -3590.17265207538 0.0195614063017255 0.232283923815709 344.857284601033
"757" 0 -3752.94073751401 0.0673832533016866 0.245892036400912 340.432916440768
"758" 0.4 -3330.82816867868 0.262779518902807 0.294315021045533 281.267663254635
"759" 0.4 -2733.59675763662 0.515038270298276 0.382604067826348 213.579965196783
"760" 0.2 -2506.31922347736 0.239588170543222 0.285331273622336 285.324605973763
"761" 0 -4190.34603323561 0.0175828809991729 0.230963565055787 350.553103437368
"762" 0 -3321.44128729048 0.020695685654131 0.231765846095787 350.080575181404
"763" 0 -3672.54433289892 0.00425340027747323 0.233131709961408 344.120709164394
"764" 0 -2027.43252122996 0.0457376408773174 0.244746435021385 336.832746668765
"765" 0 -6300.14720236215 0.00499055435655293 0.23046014738811 348.298244760209
"766" 0.2 -3137.73658251162 0.0441275080126706 0.242024065064009 337.075260404125
"767" 0.2 -3043.81117079154 0.051187563744214 0.244484653351509 336.936811074428
"768" 0.4 -1715.43383276559 0.233081850198569 0.280585500626527 286.325092913606
"769" 0.4 -2071.50170676471 0.263573197803478 0.296763966214889 277.747047811351
"770" 0.4 -1902.36738604145 0.302355946757021 0.307052298699963 268.18398991779
"771" 0.2 -3649.63102531275 0.0578682958880946 0.242603853809784 334.381397197186
"772" 0 -10969.2315553004 0.059847236072433 0.242864199072224 343.016677919729
"773" 0.2 -3441.98307304632 0.0492647059596873 0.237359060143177 337.093557305308
"774" 0.4 -5863.82109571246 0.29620159018243 0.305894957483526 271.152257557283
"775" 0.4 -2682.69336615839 0.295741303411479 0.298344102723878 275.889493375388
"776" 0 -6531.78282144082 0.0825857832128907 0.252111075419139 335.224477245752
"777" 0.2 -3040.76985385738 0.221989506013958 0.274160287321319 293.860567997675
"778" 0.4 -1768.30631013639 0.480952163262868 0.365754266285298 221.364099137601
"779" 0.2 -3760.74006951859 0.244668406606983 0.286315042358115 285.969962021685
"780" 0.4 -1902.3253412437 0.257718452865203 0.291599679845965 279.645097332983
"781" 0 -5390.57921002175 0.0668372475724808 0.247869597470277 337.416899388283
"782" 0.2 -2429.60883080416 0.0443345639458057 0.241325236947461 338.595441382169
"783" 0.4 -11135.0924883592 0.48310854075061 0.366881231541868 225.807680991525
"784" 0.2 -8743.33726873482 0.455255509141943 0.356115538982451 231.594309629733
"785" 0.6 -1636.77411680946 0.501126246611991 0.377896174406095 215.204324559704
"786" 0.4 -2496.24934888327 0.243069057235726 0.285065964942995 283.877904523024
"787" 0.4 -3520.25392902883 0.663076653199929 0.467318729704242 174.897602018504
"788" 0.2 -3004.14662308336 0.507952154271565 0.3808839499863 211.89048526648
"789" 0.2 -3298.28074238249 0.0483647528095842 0.234453660802396 342.285127768037
"790" 0.2 -4338.02563267645 0.266445302710206 0.29214848053819 275.813749880763
"791" 0.2 -6431.88484055874 0.254248851657175 0.288915900038165 286.235578851658
"792" 0.4 -3137.15990297212 0.69796154062664 0.503196724172849 167.881435874337
"793" 0.4 -1902.40155848662 0.278845350030802 0.296852153342206 273.993911747518
"794" 0 -4503.53379749244 0.0306070607023612 0.239453607169929 340.931858641701
"795" 0.4 -3575.11023048374 0.342157848004215 0.325906296803138 264.000757345511
"796" 0.4 -2916.53791629784 0.261397576875103 0.286319021403375 281.901960211201
"797" 0.4 -6008.19276721506 0.456450084500468 0.354648723247164 228.085254956526
"798" 0.4 -4563.5384674437 0.501812329248723 0.369926111258982 217.701162771461
"799" 0.4 -1979.68390633308 0.284297747117194 0.296873618637805 274.628277238971
"800" 0.6 -5751.64308439905 0.492772209687421 0.368196322760626 222.619107997394
"801" 0.2 -6851.17071973334 0.0400268394833425 0.236903715980313 346.208838344785
"802" 0.4 -2540.83474680741 0.488833455533163 0.372012061316152 218.822917784494
"803" 0.2 -3033.07658854355 0.0633525307351194 0.248369463843308 335.748975487985
"804" 0.2 -15752.7278150635 0.0796510305881555 0.252521591234691 332.651304328861
"805" 0.4 -1939.52234584116 0.517202567943177 0.384083618090567 211.591278308956
"806" 0.2 -5782.88591659995 0.0693791965700629 0.249731008219682 335.109914603573
"807" 0.2 -2045.09509815529 0.0407261708835516 0.243957102352604 336.530468156026
"808" 0.4 -2334.5465135782 0.259100372604434 0.289555265453286 282.892632530443
"809" 0.2 -5244.96017259346 0.0618773819916572 0.244096638201439 338.688240528386
"810" 0.2 -3288.05171963113 0.247080463875681 0.283531657847817 282.665239728917
"811" 0.6 -2548.68067581389 0.472194815038628 0.357560173173164 225.237357218517
"812" 0.2 -5602.35799026307 0.0275480266855693 0.238548819919097 339.024678456411
"813" 0.2 -3227.2972693753 0.0451087410940463 0.240597227831298 338.119849190419
"814" 0 -4199.67381824122 0.0368313452218545 0.23690551430009 346.216326765437
"815" 0.2 -3844.6686055022 0.0293569676263054 0.239061622474454 341.162009771983
"816" 0.4 -2116.47864222403 0.294391561237863 0.303212417096596 270.626779600512
"817" 0.4 -7297.21874364582 0.307490658635933 0.302434476514697 274.939652985497
"818" 0.2 -4367.75554845362 0.0640815079816442 0.250001864453868 333.090350046963
"819" 0.2 -2135.25756424729 0.220742560674543 0.276984307273703 289.438986661634
"820" 0.2 -2714.28610171407 0.249370294420519 0.290876828883268 281.70346573235
"821" 0 -4448.61333773679 0.0276818652448139 0.237487141961528 343.133514194773
"822" 0.2 -4099.65575738186 0.303925342896657 0.314340667785872 272.864413163438
"823" 0 -3963.04519715828 0.0438159721950842 0.241963135725092 340.40248315162
"824" 0.4 -2343.03225012675 0.248094777545249 0.287592777108875 280.17201238228
"825" 0.4 -2421.16341589029 0.67399112625035 0.481035510408213 171.281436480908
"826" 0.2 -2956.72927855856 0.0326458495266156 0.241973461201439 336.985016007978
"827" 0.2 -1830.13107241565 0.276242066911428 0.297475753129978 274.870527591161
"828" 0.2 -4321.53257350065 0.0341974712091708 0.236426321027942 343.898554228735
"829" 0.4 -5053.92370551526 0.248364107060959 0.283165402877177 288.711014997424
"830" 0.4 -1732.35658783929 0.24323621185827 0.286681521481505 281.862235925626
"831" 0.2 -2608.65991971108 0.652079227612355 0.460356036892838 174.204256770154
"832" 0 -4595.56152530448 0.0213571266831332 0.236602011406329 342.950151671306
"833" 0.2 -3601.71008507522 0.264684793561929 0.293603250757141 284.087906174315
"834" 0 -5424.92710637673 0.0597618005778271 0.244462327864892 340.631518183975
"835" 0 -3559.10305409421 0.0229392579826753 0.237573580913275 341.889753208659
"836" 0 -5014.46588090936 0.0247915488615267 0.232999829696072 349.192300998513
"837" 0.2 -2319.23581200456 0.0595867548088106 0.243094843392679 334.705970800621
"838" 0.2 -8505.4221936888 0.24352182393483 0.284784092552245 287.601187861105
"839" 0.2 -2139.32124695545 0.0445050712717737 0.244277333080037 336.701518804999
"840" 0.2 -4698.91581310488 0.0528152863872073 0.244908906543193 336.584709175234
"841" 0.2 -2749.99738317155 0.0385506909875687 0.23940438793662 339.943188290484
"842" 0.2 -1814.84438646194 0.0324317034457786 0.242177222582749 337.100780171901
"843" 0.2 -7847.70424155544 0.251618916058637 0.291097104430806 282.276380712399
"844" 0 -17125.8351112628 0.00843527076396655 0.225313271447798 357.150486737047
"845" 0.4 -7154.50502095641 0.283893085947864 0.296497413319323 276.079713221849
"846" 0.4 -4711.97582222402 0.264547663857064 0.28890492047876 281.720143029466
"847" 0.2 -4784.2396246427 0.0502890467390924 0.245675809204703 336.537183740735
"848" 0.4 -2794.76554945711 0.280129695977254 0.293881890845049 278.750632817438
"849" 0.2 -1499.61784703856 0.230384981877674 0.282845950729432 285.152314810641
"850" 0.6 -1641.94650938068 0.481099382775838 0.369602134040602 217.465640086401
"851" 0.2 -2831.33709998745 0.0892373803802156 0.255207823684934 329.766621017526
"852" 0 -6566.53425856518 0.0734599686688792 0.247137204157246 340.137237468385
"853" 0.4 -2784.15957267993 0.496714810989426 0.380291785590626 215.631580272876
"854" 0.2 -3014.824320532 0.438750807687295 0.347855971800687 230.065515903966
"855" 0.4 -2149.53733615394 0.313503606837539 0.311563078957227 269.674558143923
"856" 0.2 -4946.76710891779 0.0747650348368748 0.242760412118246 338.399345744355
"857" 0 -1878.94932360009 0.0111130345873867 0.235708454199186 341.894011148764
"858" 0.2 -3338.6867327863 0.256441052917907 0.290093186495075 285.515260928357
"859" 0.2 -3748.47330574159 0.0595120226563398 0.244491954830439 333.521684559737
"860" 0.2 -3026.92492530217 0.0512849999806018 0.240331980905527 336.919067184976
"861" 0.6 -2785.75989950273 0.491829420623767 0.372744930632633 219.554109539511
"862" 0.4 -2538.24910129285 0.459934900355941 0.358113065508815 229.669270658563
"863" 0.4 -3695.40188221338 0.239497004933551 0.283642984047935 284.451055943081
"864" 0.2 -2151.18310291653 0.24399932322285 0.284997256987507 287.49860799571
"865" 0.2 -3661.45336641797 0.46700487437354 0.36518141269623 227.69299824019
"866" 0.4 -2288.52533261847 0.294129270975455 0.30341412040858 272.503759745229
"867" 0 -1867.50214447752 0.0272083094851546 0.239963303177617 339.39757144032
"868" 0.4 -2690.787033999 0.282120497941983 0.299135440892865 272.723603891232
"869" 0.2 -3453.71561615785 0.266361796540127 0.29342971182309 277.027456731815
"870" 0.2 -8881.02630692395 0.0418472156592137 0.236369961631912 346.385106687574
"871" 0 -2922.45767591092 0.0234790623695308 0.235178493983798 345.571333040763
"872" 0.2 -4704.03486361131 0.0334524942628611 0.234671078382139 346.566758802277
"873" 0.4 -2234.76777918034 0.552915220261101 0.412551488604379 204.221400015685
"874" 0.2 -6151.02264025913 0.0732856900988106 0.249935437664549 335.469210271584
"875" 0.2 -3243.29309794383 0.0260645936026461 0.236299544689697 342.986379392072
"876" 0.4 -1427.71572562094 0.486844213482333 0.37026383179051 219.73550205254
"877" 0.2 -4247.10664148823 0.100149867012382 0.254766857686472 329.81849502991
"878" 0.2 -3724.76266287678 0.0398427659651546 0.237316035939278 345.982202863507
"879" 0.4 -1129.97590719236 0.519575329275642 0.395400786411125 211.897327349288
"880" 0.6 -2007.7629208047 0.506156355583109 0.383052914331219 214.718752338574
"881" 0 -5010.98001448774 0.04260904629256 0.241175313552904 341.266415774496
"882" 0.2 -4841.48773375868 0.25496900551315 0.290540680158143 284.325980469491
"883" 0.2 -3412.1634808936 0.0710827222405367 0.250291274451485 333.46778626861
"884" 0.4 -3137.63002167963 0.505226298112032 0.376071199810599 215.521212903201
"885" 0.2 -4436.15397123451 0.0481243297869358 0.241680334367649 337.558217947395
"886" 0.4 -1191.29662408905 0.728897301070151 0.528754812164161 153.575115684024
"887" 0.4 -2997.732994338 0.271054254499016 0.289197883437225 281.264015572797
"888" 0.2 -5246.52195186433 0.0784897084149613 0.249717711654227 331.701089208736
"889" 0.2 -3859.3322540635 0.0508568509298533 0.242448538899009 339.499649147247
"890" 0.4 -2420.72067099105 0.249859243527985 0.288170048686212 283.244236335228
"891" 0.4 -3024.9971184424 0.489758139757373 0.373862775239496 222.041044825269
"892" 0.2 -3071.98158567487 0.232845774523021 0.280640787046374 289.087640100787
"893" 0.2 -2346.73942455466 0.526535007656597 0.394352680317514 211.549633974116
"894" 0.4 -8997.65079201115 0.552147078052082 0.412715596791074 204.950659074215
"895" 0.2 -2242.59367722964 0.273570698257507 0.291995238610993 279.892716961913
"896" 0.2 -3773.14043066531 0.234561750866334 0.278564549789432 292.661939054262
"897" 0.2 -6117.79274339976 0.220927342995606 0.275664603258095 291.333556882385
"898" 0.2 -3998.28132136441 0.0467317113161189 0.237876896227204 344.387258243305
"899" 0.4 -8263.52501909355 0.264138909876087 0.291225935042989 280.639691457804
"900" 0.2 -2484.89356004896 0.507001247146769 0.376520897179744 214.028070330992
"901" 0.2 -1931.23935244888 0.298443684182663 0.306809554215876 270.418949820986
"902" 0.4 -3329.656315214 0.333965895300606 0.30969834170972 263.681553908484
"903" 0.2 -7252.43791338278 0.269044553235027 0.28740567356611 285.048436157382
"904" 0.4 -3894.69823910486 0.273630436902131 0.29336561124207 273.022322727647
"905" 0.4 -5202.20753054608 0.658475009516608 0.465933617308036 176.653424449195
"906" 0.4 -3319.7474405791 0.264262158090114 0.294964710700686 280.907743950514
"907" 0.4 -2615.45138565906 0.286260234060833 0.295591418738597 277.37250877209
"908" 0.2 -2663.72693991138 0.0395438841728551 0.239706962164609 340.473644034634
"909" 0.2 -9489.52793189452 0.23875477918814 0.282161252758717 289.317996277544
"910" 0.2 -4647.29805163947 0.0427219240817919 0.236618808489231 345.082352947211
"911" 0.2 -1910.60498606629 0.279493365246922 0.298505349645779 272.696797606349
"912" 0.4 -1736.60693921085 0.514815131002558 0.383785715242372 210.590858120238
"913" 0.2 -4454.88363052991 0.279956351871434 0.299029180490072 274.610607233993
"914" 0.2 -2138.70271855854 0.458025579539752 0.360111740845693 227.591960670683
"915" 0.4 -4672.92521024201 0.248441662195728 0.288116763957464 282.451573118777
"916" 0.2 -4909.89994501015 0.0338586458729119 0.239569360884392 339.938410372892
"917" 0.4 -2529.06140924446 0.281903015747159 0.293677513393237 274.411258808803
"918" 0.2 -4254.8296622437 0.301547551495063 0.305977383242754 273.934495620709
"919" 0 -5485.60458965638 0.0269317871639941 0.234544327130586 347.362138369027
"920" 0.4 -1185.79643190326 0.259811930608416 0.290841938565626 276.152535948483
"921" 0.2 -1940.10486681449 0.523384154131233 0.388795478738172 212.55811246892
"922" 0 -4511.13084474254 0.0508671102066351 0.241408192198327 342.939772113575
"923" 0.2 -1925.27038499193 0.218847641404199 0.275162269487045 291.22799579273
"924" 0.4 -2747.14019434054 0.293928721029233 0.301027719592607 272.857437236654
"925" 0.4 -7065.18096033101 0.473573925551747 0.3677472251553 226.210073270183
"926" 0.4 -4531.83967384422 0.27379810200031 0.288109364381132 281.235133280768
"927" 0.4 -6162.1783576822 0.254010794137342 0.288296198937958 282.316570065659
"928" 0.2 -2978.89983270365 0.047171191557128 0.235043151967857 340.759296862385
"929" 0.2 -2940.93889095159 0.0829796596059109 0.247362275909458 330.799695017189
"930" 0 -3741.82204011061 0.0219380581488259 0.234828701795485 345.727486241818
"931" 0.4 -2713.58467714172 0.293449533366494 0.301901538836783 273.769554803288
"932" 0.2 -3273.98694597748 0.0338304531360941 0.232889836963787 345.944624971016
"933" 0.6 -2537.07480515726 0.70043876015318 0.50264899764904 160.109732532036
"934" 0.2 -2147.60146628087 0.0273889468939209 0.237566934153938 342.460581290442
"935" 0.4 -4801.13285920744 0.277152882035329 0.296147422748861 275.249672502698
"936" 0 -2803.77461794777 0.0251500780065594 0.238994168774687 340.327716491371
"937" 0.2 -2865.56539042939 0.0561589537188524 0.245458271050992 335.841959474399
"938" 0.2 -1933.64353272829 0.0317459365283571 0.238138865484505 338.482277252129
"939" 0.2 -3909.30257781319 0.217912761096722 0.274237508659066 292.154841233976
"940" 0.4 -7828.36587156737 0.317414662410158 0.306570831273416 271.850751014845
"941" 0.2 -3657.29333946048 0.255889677606758 0.291465748205155 283.450322115375
"942" 0 -3139.65879151589 0.00591370900225474 0.231026125306512 347.657975791255
"943" 0.2 -3043.51890144504 0.26132855757554 0.294590888035692 281.437626194977
"944" 0.4 -6869.58364376079 0.257887461256953 0.283916316918463 282.028072737576
"945" 0.2 -2202.58595462462 0.0433521856115991 0.244245565036303 335.47445571511
"946" 0.2 -2944.36447412252 0.0301713768268682 0.240521893786577 338.582722696103
"947" 0.2 -3908.80353270725 0.272601158812051 0.297373030832851 282.236227481463
"948" 0.6 -1543.57003052196 0.503403285338171 0.37755138271646 215.765328089846
"949" 0.4 -4596.23775623531 0.290244641426277 0.296039412197542 275.484285592218
"950" 0.2 -6851.89823315611 0.0500923537427888 0.244596182776256 338.030416539544
"951" 0.4 -1808.25890164883 0.724783504556564 0.523286358250567 156.442919839127
"952" 0.4 -2297.06368393467 0.275166044863155 0.297173129665835 273.759163064975
"953" 0.6 -1894.09923539166 0.518731857077688 0.393600388383519 212.825108147622
"954" 0.4 -3137.58584678769 0.243862336633891 0.285212863228255 283.793578448822
"955" 0.4 -2460.79718225781 0.287754711157552 0.298251108349712 275.546651879931
"956" 0.2 -5426.57566703897 0.039597069845682 0.235066137939015 346.727992915036
"957" 0.2 -2438.37024408661 0.508291023066832 0.379975742863533 214.531791127147
"958" 0.6 -1173.65733275602 0.543288107514307 0.405371320086658 205.00920722778
"959" 0.4 -2016.69417600467 0.702293817480731 0.506584788031343 163.238159333379
"960" 0.4 -6591.73236185955 0.458863458872657 0.354967824843587 230.985275312094
"961" 0.2 -5609.60565581832 0.441002097684226 0.349554597721566 229.310965602077
"962" 0 -5219.16805655839 0.0206750712534638 0.237661627886615 341.234623422334
"963" 0.2 -3247.85303081548 0.0383385894943066 0.240424427117666 339.74566353187
"964" 0.2 -2335.22043290264 0.25950304239624 0.288679116436912 277.655671035871
"965" 0 -4638.95309417917 0.0557255017183398 0.245824730913365 337.661966668232
"966" 0.2 -4937.99095531283 0.0373572158296578 0.240615893858264 340.358831806271
"967" 0.2 -5934.54143135267 0.0540743543813348 0.242087066171267 339.141327255825
"968" 0.4 -2247.29340868341 0.459168642506678 0.358064438183473 227.186716889869
"969" 0.2 -4742.60552101951 0.0667491218266957 0.250287403343318 333.866821251251
"970" 0.6 -1745.0831172823 0.745622206814992 0.543494594297226 150.889426326286
"971" 0.4 -3372.54066154104 0.286815106178972 0.30117523387543 278.603657742776
"972" 0 -6337.88399424736 0.0134309027872859 0.235979169526007 342.028068539128
"973" 0.2 -7092.62040588025 0.0798531651137427 0.249500629139451 337.659108577971
"974" 0.4 -2931.78621911301 0.522033997144987 0.391154507023341 209.107479544869
"975" 0 -2974.35767860407 0.068310663362238 0.249222189787629 335.834019606607
"976" 0.4 -2205.3170163171 0.273234713945431 0.298158285418782 273.462410904001
"977" 0.2 -4293.30826285984 0.211573348943088 0.268018344719734 298.522129180888
"978" 0.4 -2963.08267248599 0.276889789898146 0.293767916896929 274.680763027398
"979" 0.4 -1778.7461919541 0.263056744304068 0.295139152358364 280.179876825167
"980" 0 -6118.25586374304 0.0480566231025727 0.241198133058687 342.558332983893
"981" 0 -3680.14503320622 0.0360155875671482 0.235533885091143 348.096065619844
"982" 0.4 -2053.71430148816 0.263605645303884 0.288246328984335 279.550457730959
"983" 0.4 -2953.50783198044 0.251278613792506 0.288298721799794 284.683425093046
"984" 0.4 -7336.90903852849 0.686507973865219 0.488088156559369 168.353190547531
"985" 0.2 -4180.91713224779 0.0368869405123128 0.237861403963819 340.675492555858
"986" 0 -6025.48666195148 0.039606697157013 0.241450771591699 340.144376769173
"987" 0.4 -2526.90373300263 0.281657610863865 0.298679604505923 275.558077791194
"988" 0.2 -2336.31029319569 0.258674824333686 0.293229920807269 282.197271234984
"989" 0.6 -1784.81568435748 0.489635621223502 0.373550289096486 220.166140883137
"990" 0.4 -3040.037217495 0.237873853044543 0.282912132844513 287.595156925521
"991" 0.6 -1892.93428320239 0.723549187016115 0.530475827951409 156.084177280497
"992" 0.2 -3575.55813353474 0.272622229087124 0.299008484208351 280.081037177774
"993" 0.2 -7179.4279184527 0.0573908221829454 0.248018430703855 333.976855413872
"994" 0.4 -2164.01317476237 0.280684933743868 0.303542954343299 275.355468941107
"995" 0.2 -2314.29355173404 0.272350777311053 0.294987464807807 276.340910612093
"996" 0.2 -5625.71190150707 0.0300826207767598 0.238542875842513 340.343952797889
"997" 0.2 -2682.96611153707 0.276901919210384 0.295438059611266 275.673456822545
"998" 0 -4508.72663591103 0.0453330119094377 0.241182519897137 341.915516861086
"999" 0.2 -3925.2038440776 0.28287585893815 0.297828938264985 274.952946012025
"1000" 0 -14488.0204567376 0.0202954804131579 0.234026626668112 346.540785190393
