"SCI" "RCI" "GER" "MSM*" "MIG"
"1" 0.230769230769231 -222.202659756125 0.553299992268248 0.302713341731622 124.752282063924
"2" 0.307692307692308 -186.980652842591 0.573432453340092 0.315297724300978 121.891471482122
"3" 0.0769230769230769 -456.168819984266 0.125683579009394 0.168851929028989 203.594959760851
"4" 0.153846153846154 -741.813692623867 0.243660513030909 0.189988322561541 193.919498835501
"5" 0.384615384615385 -105.242513316856 0.755113758779911 0.4111398090916 86.7846199243632
"6" 0.153846153846154 -595.484185648553 0.271586269143499 0.224734443386379 185.912285459535
"7" 0.153846153846154 -385.325232951997 0.338138062276145 0.238218949786134 169.512264173529
"8" 0.153846153846154 -457.981936624946 0.472297275106902 0.270020153980107 141.975982830333
"9" 0.230769230769231 -457.150036879924 0.215345001802761 0.174047567644284 195.298769542212
"10" 0.230769230769231 -266.034952089835 0.584658785293423 0.370544617062136 124.980580957571
"11" 0.230769230769231 -433.411091877738 0.478748899430923 0.276057806452757 151.631230618576
"12" 0.153846153846154 -318.29550824494 0.452171136581307 0.261073238776909 147.412540424913
"13" 0.307692307692308 -182.385323224877 0.683240900371835 0.373958936065743 101.969529894038
"14" 0.230769230769231 -362.018593681267 0.335668705927579 0.213193190947538 174.652913627727
"15" 0.230769230769231 -1386.2264631584 0.248835506936904 0.184706642101985 195.184899153407
"16" 0.230769230769231 -295.995199161277 0.525711511462572 0.256190722664562 130.950943005478
"17" 0.230769230769231 -187.290111370044 0.75042711337263 0.429046668984481 91.0377018151129
"18" 0.307692307692308 -332.976165390187 0.452377815349239 0.251085969666354 151.132397168635
"19" 0.153846153846154 -498.915626056909 0.397417893434999 0.268398034808868 170.056921611002
"20" 0.153846153846154 -552.029501826277 0.255952974921077 0.193291180734399 189.766095061065
"21" 0.230769230769231 -398.303263620796 0.435184769627923 0.269247951071321 153.733340335444
"22" 0.153846153846154 -680.875403798601 0.302483702299754 0.219949494567459 187.206395867138
"23" 0.153846153846154 -371.594754582575 0.598286609157748 0.34520461321633 124.591486958687
"24" 0.153846153846154 -248.514828941426 0.386309623246976 0.257865951524677 160.398550552218
"25" 0.307692307692308 -419.119382198374 0.558872655185691 0.33587247332019 139.92071426386
"26" 0.230769230769231 -574.137364586355 0.25228864215863 0.172638052842472 188.2688047579
"27" 0.307692307692308 -345.546937258606 0.32561753699245 0.227531671323932 174.162321738831
"28" 0.230769230769231 -400.531773154103 0.322670683046933 0.226594486419403 178.394791935561
"29" 0.153846153846154 -574.611437077656 0.344083105246841 0.24247960472333 170.425441632057
"30" 0.307692307692308 -435.012863574691 0.508160561479443 0.289723290946737 142.959022191542
"31" 0.153846153846154 -504.582851370934 0.363989257947022 0.226705171839991 170.713706331744
"32" 0.153846153846154 -515.485633785837 0.330429902632757 0.244797505460261 180.704739401729
"33" 0.0769230769230769 -980.708310045516 0.141933602657103 0.166252252081195 221.489916161622
"34" 0.230769230769231 -567.708067183264 0.476046155532225 0.292708790220439 148.355608980239
"35" 0.153846153846154 -765.645278250493 0.361050072722199 0.249464291064594 176.162655998328
"36" 0.153846153846154 -494.895965222666 0.458344260957569 0.296480144395948 156.493572155831
"37" 0.307692307692308 -734.863863731696 0.405935077827652 0.286906374015126 164.728675217852
"38" 0.230769230769231 -459.241459483482 0.290864078665395 0.217526349879651 182.174755372568
"39" 0.153846153846154 -146.130295170193 0.685292533914121 0.368641383229806 99.3375677582948
"40" 0.153846153846154 -479.589239764785 0.335674777096199 0.234140842767502 178.795112203492
"41" 0.307692307692308 -191.39905777293 0.629663050656772 0.335092040345963 112.296513044424
"42" 0.0769230769230769 -443.685806653733 0.334400635844017 0.253299700230491 180.619207035284
"43" 0.384615384615385 -217.39966794203 0.538152601531703 0.263483278524679 128.325683414312
"44" 0.153846153846154 -417.734407228929 0.343844625737248 0.208100366843179 161.737723014743
"45" 0.230769230769231 -512.830638124154 0.337960584162394 0.269053192849647 181.537309031009
"46" 0.230769230769231 -524.87330991438 0.393850184083889 0.255689890189407 161.091055586433
"47" 0.230769230769231 -634.770173445113 0.362461124064916 0.247259312837816 169.918729453401
"48" 0.230769230769231 -364.313148786099 0.311366828258752 0.225245903535051 178.241950832926
"49" 0.230769230769231 -591.858072472919 0.603403985629005 0.370365327449598 129.959155175854
"50" 0.153846153846154 -423.45378059364 0.307824365107632 0.226585973768543 183.898567983119
"51" 0.230769230769231 -288.056214678734 0.279882713350661 0.198080038307874 179.224059272287
"52" 0.153846153846154 -713.271506774799 0.384655972547672 0.256416734637163 172.480335024427
"53" 0.153846153846154 -542.725497837972 0.26204661862424 0.236292141562175 193.006912038908
"54" 0.230769230769231 -319.717377038249 0.662197865594025 0.392019342987519 111.856967968175
"55" 0.230769230769231 -353.983720542533 0.477056381020083 0.290603781089599 150.291761759031
"56" 0.230769230769231 -226.905925461202 0.661514249629382 0.401419977174004 112.813487184164
"57" 0.153846153846154 -460.774778295463 0.373835725989893 0.226602673241992 172.596448758382
"58" 0.230769230769231 -501.261804150787 0.526080248468237 0.325208919329137 140.633049662039
"59" 0.230769230769231 -425.62279001256 0.360893450858554 0.209506185674463 168.230232656363
"60" 0.230769230769231 -368.047660261654 0.259115539890462 0.194178776829529 190.701728557574
"61" 0.384615384615385 -271.74434221937 0.596044378197877 0.307455835741353 118.539933946996
"62" 0.230769230769231 -191.738483953635 0.693298039278327 0.392570162541706 101.219687666919
"63" 0.461538461538462 -309.854206820997 0.682973968175635 0.42558013549465 110.421816356927
"64" 0.153846153846154 -516.522030458182 0.528901537256668 0.274027825999725 136.222578577183
"65" 0.384615384615385 -199.569868034289 0.784843544521379 0.478737878314212 81.4199012686777
"66" 0.230769230769231 -267.707372029622 0.526974886059588 0.249132846132239 129.815231567139
"67" 0.0769230769230769 -576.627464082171 0.389099761441862 0.228773083523311 165.133097998318
"68" 0.153846153846154 -383.708257075726 0.398100960177055 0.249359226303747 164.980920869391
"69" 0.153846153846154 -331.384910791039 0.371668931750997 0.213554532938185 155.760058946486
"70" 0.307692307692308 -494.808659913099 0.523538262344384 0.25825108056363 132.471898969614
"71" 0.230769230769231 -367.505012074328 0.424876592308207 0.255998430336036 156.191957287693
"72" 0.153846153846154 -83.7547644509634 0.615626229182592 0.301343499819445 108.19020579979
"73" 0.230769230769231 -488.268508005599 0.497312496444959 0.262309971475827 144.351520099875
"74" 0.153846153846154 -265.164671835351 0.365640021914538 0.20970878061726 159.088880401575
"75" 0.230769230769231 -773.913057015111 0.372226570952819 0.251335543772992 177.020727888776
"76" 0.307692307692308 -166.367268569757 0.775973301520685 0.436483575275573 81.8658497889851
"77" 0.230769230769231 -270.372893289139 0.451808950442759 0.251604788781977 146.172594161287
"78" 0.230769230769231 -514.341542495123 0.585496546430445 0.352465803475691 128.16408729423
"79" 0.230769230769231 -290.957209231978 0.429874008481873 0.24022393067086 149.266405391225
"80" 0.153846153846154 -1140.64423856596 0.32620606011363 0.282438014128665 187.906159545598
"81" 0.230769230769231 -259.079952728214 0.539064128554634 0.275185501810795 131.494247909991
"82" 0.307692307692308 -330.758924950113 0.540805738350773 0.269247676749453 127.516889127043
"83" 0.384615384615385 -450.373038221635 0.593614482136555 0.363076649039759 133.225732172299
"84" 0.307692307692308 -589.853932517291 0.474655706935368 0.254179367348315 147.420628193824
"85" 0.153846153846154 -847.24029968192 0.346672236379677 0.278483722027578 181.223184981137
"86" 0.230769230769231 -587.970049694401 0.522436997816019 0.33717552054567 145.773728313721
"87" 0.307692307692308 -673.404316295069 0.389882332568587 0.255505646380288 170.799310392067
"88" 0.230769230769231 -448.698536948446 0.453307119868506 0.219476559462255 149.087815840433
"89" 0.153846153846154 -536.67152918301 0.395571002207297 0.258222793355102 167.822275757331
"90" 0.153846153846154 -554.097150320342 0.309534204562399 0.227231304754918 183.401932276012
"91" 0.230769230769231 -490.924821611462 0.232421030399337 0.234671391737277 201.38742843782
"92" 0.230769230769231 -421.20156813683 0.309609882947215 0.220312742891751 177.620946402377
"93" 0.230769230769231 -661.874454821027 0.235588011882417 0.194005775917987 194.273192273634
"94" 0.230769230769231 -374.972899492935 0.542584283882338 0.292950557013015 130.791683064287
"95" 0.307692307692308 -286.571412396133 0.605373421134454 0.325113667591047 118.801674917105
"96" 0.461538461538462 -145.160855838589 0.695246795681714 0.359945364612206 96.2541721731633
"97" 0.307692307692308 -276.724606509589 0.574992983327972 0.303071142575344 124.462550491285
"98" 0.307692307692308 -601.237343956256 0.543546230578417 0.342676434313553 144.284691627056
"99" 0.230769230769231 -276.21885339928 0.53432964424654 0.3041118250288 130.831684388174
"100" 0.230769230769231 -536.026471661115 0.277939426647394 0.207029748171887 185.1985436357
"101" 0.307692307692308 -437.336707900464 0.405981616944406 0.2320068460166 155.490420969957
"102" 0.307692307692308 -325.987231136386 0.268897972067745 0.177839852468624 180.564512965644
"103" 0.230769230769231 -488.309650194498 0.565805806602992 0.336507501297851 133.250968822404
"104" 0.384615384615385 -335.98360004168 0.617680513223573 0.313846029891873 113.232422362503
"105" 0.230769230769231 -466.061765668659 0.354812458282814 0.217771906994262 172.77978075474
"106" 0.307692307692308 -541.53884826256 0.528097649809032 0.341868863875531 144.058228886381
"107" 0.0769230769230769 -592.752831113698 0.198231510595611 0.199823251134931 205.045284820935
"108" 0.307692307692308 -231.23090149603 0.618273336853495 0.341272038074509 116.070065620369
"109" 0.230769230769231 -829.832890864128 0.215059215447698 0.214462971573422 201.697226113337
"110" 0.0769230769230769 -785.367841854171 0.22862909976597 0.214501892552142 203.127447685413
"111" 0.230769230769231 -733.613510940556 0.368741425563402 0.217996244481002 163.975837617409
"112" 0.230769230769231 -454.105897738233 0.315315075347812 0.203183036252365 177.971783810574
"113" 0.153846153846154 -442.978384058646 0.244778012425488 0.181174661133868 186.105372943147
"114" 0.307692307692308 -520.99465948518 0.3693526934303 0.260363520788312 171.158735772222
"115" 0.230769230769231 -638.821481467741 0.550434956394366 0.281721040365524 133.742175165815
"116" 0.461538461538462 -578.888384899547 0.581362969986957 0.303848994140004 125.545976795815
"117" 0.230769230769231 -170.992132340779 0.751069649728011 0.466773538300521 95.5433192372042
"118" 0.153846153846154 -574.907764984056 0.270959145932228 0.194889501057787 183.501449268283
"119" 0.153846153846154 -398.267907184959 0.236287253512646 0.179235984980673 191.086851210145
"120" 0.230769230769231 -337.987301488903 0.419850683974433 0.292495763223672 158.935316050811
"121" 0.230769230769231 -340.44702789019 0.414284749830858 0.269859738486079 163.664754753201
"122" 0.153846153846154 -369.414723153448 0.36857254296228 0.265012818530327 170.73581358538
"123" 0.307692307692308 -485.081083399401 0.459244471682335 0.308428485576598 157.115658270735
"124" 0.230769230769231 -430.768005440734 0.579707060328485 0.301402974072956 121.041027217922
"125" 0.307692307692308 -642.742276148812 0.379009314726978 0.232883276568833 165.544099684113
"126" 0.307692307692308 -355.444967337104 0.5940954855866 0.32021007043237 121.494532303654
"127" 0.538461538461538 -500.47987579368 0.698092348437554 0.359934079516039 96.4582948000658
"128" 0.153846153846154 -450.893738537633 0.269594654187482 0.20092171391522 186.656043610459
"129" 0.153846153846154 -435.924524265453 0.379006325823505 0.249578901161147 162.53915858573
"130" 0.384615384615385 -233.451295651238 0.569217487456491 0.292615927372556 124.708006307266
"131" 0.230769230769231 -369.122856291803 0.441544384927697 0.248111191057913 153.791426833325
"132" 0.384615384615385 -145.501207777364 0.708344183823426 0.374624796304816 92.6290155014674
"133" 0.230769230769231 -501.762020280228 0.393628621755586 0.27210559795421 165.413368649166
"134" 0.153846153846154 -580.02076475831 0.314281120765779 0.190757571511328 180.818233438076
"135" 0.153846153846154 -457.7068744643 0.385459455686839 0.248745706077886 165.983885622422
"136" 0.153846153846154 -457.117789155797 0.294419344910836 0.242290489660865 187.670088768422
"137" 0.307692307692308 -278.873668042749 0.38253273833209 0.222688349822119 159.33558002219
"138" 0.0769230769230769 -402.763139133514 0.286269086928849 0.214827012537724 187.619246988942
"139" 0.384615384615385 -530.026219718808 0.668786113829026 0.423004224582195 117.034168370385
"140" 0.153846153846154 -485.263087712378 0.333645193391708 0.24711401911904 181.586244392462
"141" 0.384615384615385 -220.992782625277 0.617943797142986 0.324948689586669 112.352574440073
"142" 0.230769230769231 -431.174029756219 0.388980441211646 0.243757948769551 172.611168162289
"143" 0.307692307692308 -379.687413400478 0.318239085084829 0.207851929021001 173.465723532224
"144" 0.384615384615385 -351.921607059673 0.621711713670688 0.339264227504495 122.093152268911
"145" 0.230769230769231 -817.669712348269 0.312640090785058 0.196432057217565 175.516995777222
"146" 0.230769230769231 -199.528817172237 0.488456190872767 0.257436818324959 136.52441268651
"147" 0.307692307692308 -361.742517063456 0.361539188135205 0.23630455654965 163.839100032388
"148" 0.230769230769231 -283.998267255756 0.493702931749665 0.312883622182046 144.820574249532
"149" 0.153846153846154 -920.199968480642 0.333930301609264 0.215138732041444 178.32321068485
"150" 0.230769230769231 -532.860332151453 0.398157969461676 0.254762350177505 169.084298626885
"151" 0.307692307692308 -492.256196726139 0.457856024639541 0.267990383516479 151.32348367996
"152" 0.153846153846154 -440.28927190362 0.277687888669237 0.202255888126567 178.986797942123
"153" 0.384615384615385 -243.644129164845 0.643602472544541 0.324972434282258 105.749893229965
"154" 0.307692307692308 -439.442670584646 0.45199939181788 0.27442084021978 153.402381907226
"155" 0.230769230769231 -457.048489472167 0.268135072803043 0.18118847379327 181.33500089748
"156" 0.307692307692308 -294.333047587268 0.572402833218969 0.329953398971288 130.727149230589
"157" 0.230769230769231 -823.847081937692 0.182849183206892 0.209967359245152 206.820821779692
"158" 0.0769230769230769 -1688.21436020928 0.198962833396252 0.191537815771093 203.592659204812
"159" 0.230769230769231 -608.449920003153 0.243682477613935 0.187280694838327 189.472926917583
"160" 0.307692307692308 -288.263107175814 0.361167208343431 0.2309597740088 166.073276814269
"161" 0.153846153846154 -363.187170372307 0.323719857999942 0.209585920841213 169.303910469569
"162" 0.230769230769231 -540.199660725859 0.388048518306163 0.230493994887628 165.012858997004
"163" 0.230769230769231 -325.740357212426 0.459663216552316 0.275199028720435 145.87824356619
"164" 0.230769230769231 -433.643303092369 0.395558157331035 0.225977571420839 160.500808265561
"165" 0.384615384615385 -182.006267982567 0.654382107406933 0.367377639614339 109.335322064306
"166" 0.153846153846154 -230.593695802873 0.47663373053704 0.270100571302744 141.957186286892
"167" 0.307692307692308 -302.866399300687 0.591834231424308 0.340192641776006 127.678445240932
"168" 0.230769230769231 -592.48747435934 0.225010018739009 0.178796273629417 200.633377932894
"169" 0.230769230769231 -570.250802758662 0.34254468903034 0.223916122721837 179.081672284554
"170" 0.230769230769231 -329.787091775504 0.333522667385016 0.209386508459838 172.434047270119
"171" 0.153846153846154 -1058.28592628549 0.260944519218357 0.182152835419301 187.226448670826
"172" 0.307692307692308 -369.373147129518 0.405442083779864 0.300044634895152 167.889807522029
"173" 0.384615384615385 -396.462167139869 0.601378169469579 0.352003984060257 122.584497528809
"174" 0.461538461538462 -240.740899749958 0.699109873601947 0.431058931960347 105.325838801651
"175" 0.230769230769231 -611.486157813005 0.434896542537023 0.262060092112852 162.241532801084
"176" 0.153846153846154 -605.623768975286 0.290174202544687 0.202440975958934 184.178990383965
"177" 0.230769230769231 -587.710833074803 0.539414991062104 0.310665850458985 139.697548521259
"178" 0.384615384615385 -290.00804570934 0.485990923392029 0.247420796137031 138.014133990144
"179" 0.307692307692308 -298.673334492583 0.5554204034136 0.306912363434323 129.259180891032
"180" 0.307692307692308 -271.553492390717 0.605033745117784 0.357190574718696 119.334496372973
"181" 0.153846153846154 -480.870655395362 0.224379655973935 0.20082821670657 203.581480295802
"182" 0.307692307692308 -330.041664965536 0.428589954992977 0.248838827057656 153.331581676113
"183" 0.307692307692308 -446.490442953725 0.450553392862706 0.297388416256042 154.450023637749
"184" 0.230769230769231 -649.376075085736 0.529324564968104 0.34417233312424 149.5460176776
"185" 0.307692307692308 -266.057908377317 0.505456997957004 0.281270804693125 138.137577995753
"186" 0.230769230769231 -473.736401547673 0.486311117090944 0.27304104132127 144.898484966829
"187" 0.307692307692308 -233.718179399664 0.664065979026329 0.345007048974038 101.973918316888
"188" 0.307692307692308 -329.069876849479 0.676089786607423 0.369000520458934 106.898716486525
"189" 0.230769230769231 -275.769987247515 0.513308593115804 0.287385570275539 135.201666182903
"190" 0.0769230769230769 -312.323678384834 0.381473149187429 0.25452433841007 166.564552020885
"191" 0.230769230769231 -396.907671217893 0.221826223277898 0.187163212667908 187.200793768268
"192" 0.0769230769230769 -459.589102572343 0.157741111071558 0.189964585645521 206.818348013155
"193" 0.230769230769231 -573.148720981178 0.467585779480965 0.275022863415267 147.532174654796
"194" 0.153846153846154 -382.207286353622 0.290171494374606 0.19010129154348 177.584896193607
"195" 0.153846153846154 -703.521399324919 0.299315370192905 0.225341070296076 184.027827379808
"196" 0.153846153846154 -718.363788170309 0.394986545248976 0.258769882282531 163.85232261189
"197" 0.153846153846154 -402.292431117042 0.349601777454252 0.235203098739707 172.380969931059
"198" 0.307692307692308 -251.17296536401 0.563217739711548 0.298396101786138 122.02084450566
"199" 0.230769230769231 -267.244832522452 0.503038220489589 0.314034916660933 144.537389770339
"200" 0.384615384615385 -293.39212943369 0.404781702747519 0.247887588213755 158.19852268853
"201" 0.153846153846154 -487.812830813405 0.179266042102426 0.190715351047244 202.230209045522
"202" 0.230769230769231 -402.324531999167 0.402473674397867 0.221184958482048 160.804924366658
"203" 0.153846153846154 -577.187202423985 0.400232288558379 0.214697373865858 157.299476959943
"204" 0.230769230769231 -531.243976622517 0.616605039095607 0.30880130167677 114.321848228185
"205" 0.307692307692308 -325.842798357961 0.455287322260322 0.229769497687582 149.193438703017
"206" 0.153846153846154 -627.026271975437 0.370629713655081 0.246657941259857 170.530282531671
"207" 0.153846153846154 -186.818989117869 0.45271881857498 0.253814037432751 145.453956847403
"208" 0.153846153846154 -720.139218227707 0.213909631484879 0.168556745712798 202.582040661348
"209" 0.307692307692308 -466.843173716136 0.549572656804078 0.272966225914966 128.968941858914
"210" 0.230769230769231 -531.585269736726 0.437114758605595 0.266245971146302 152.363503445473
"211" 0.230769230769231 -431.756030738706 0.510043893782731 0.340530052835873 149.181238899866
"212" 0.0769230769230769 -612.281436331794 0.0883882332053573 0.176374782967473 230.758409569003
"213" 0.230769230769231 -507.109635939399 0.389301100970728 0.217290036553783 161.226700829403
"214" 0.384615384615385 -167.315657489435 0.745146903573803 0.447019492693904 93.5038471715548
"215" 0.153846153846154 -461.155312548647 0.366444387791207 0.21886420518544 160.01056845162
"216" 0.461538461538462 -62.8500345364466 0.797633246874948 0.477957971027424 77.0013632526085
"217" 0.307692307692308 -443.083440025669 0.486697094110212 0.260579044131806 141.888175151898
"218" 0.230769230769231 -605.177610249809 0.305323078815329 0.212816814776409 185.805987146434
"219" 0.230769230769231 -211.726509653626 0.528656228926789 0.260803115682525 129.80304937785
"220" 0.153846153846154 -599.162793558023 0.260690574451306 0.223511157216534 193.745468891183
"221" 0.230769230769231 -637.372314318056 0.503602712419237 0.281192712964151 143.245405440789
"222" 0.230769230769231 -431.648284623888 0.443474175600506 0.297835104330558 157.39982442813
"223" 0.230769230769231 -431.006522676663 0.356096755997073 0.22762316324111 165.349525414612
"224" 0.230769230769231 -310.058973730124 0.427445295603786 0.307573526905892 161.482294650695
"225" 0.153846153846154 -611.647521437926 0.299705928776051 0.194997154009128 181.595227778277
"226" 0.153846153846154 -427.555911414317 0.468769857801468 0.289688319648015 156.546949476292
"227" 0.384615384615385 -268.792324477497 0.535245501583823 0.27040527651936 129.022540892984
"228" 0.230769230769231 -490.848237346665 0.473445047095733 0.271508417595758 151.850669740462
"229" 0.230769230769231 -384.800210525751 0.316656781644739 0.215306582278897 174.64253865791
"230" 0.230769230769231 -250.116313408919 0.597481741283059 0.341701442743677 119.90412451769
"231" 0.384615384615385 -405.030465706456 0.598573146459864 0.33813885418133 122.116110255038
"232" 0.307692307692308 -468.730246090477 0.503461004628469 0.308776024486813 150.272342964401
"233" 0.307692307692308 -301.228494626363 0.633401661118462 0.374171158996142 116.151119670926
"234" 0.384615384615385 -613.24592919471 0.631086102025903 0.378077833666297 125.33544119583
"235" 0.230769230769231 -321.887101763924 0.618814144958737 0.374302618183722 122.78374756549
"236" 0.230769230769231 -313.275672590413 0.676306427196051 0.408584750426428 106.868172249873
"237" 0.230769230769231 -506.072226429746 0.267562568588051 0.198658787249803 189.318517374469
"238" 0.230769230769231 -507.298305529707 0.411504944851639 0.226940460668334 154.603265140948
"239" 0.307692307692308 -303.018688577832 0.590238312165486 0.313898571951612 117.844612848665
"240" 0.307692307692308 -181.230332503622 0.765954020642133 0.465561499447408 88.5697434166492
"241" 0.0769230769230769 -557.310310313799 0.114644744906902 0.156912906678881 221.948937075883
"242" 0.230769230769231 -440.539567580822 0.328901273069664 0.223905297407975 171.30151685819
"243" 0.153846153846154 -416.063774806383 0.321114302279297 0.219672584996301 176.298546387171
"244" 0.307692307692308 -457.048770047605 0.482168177631722 0.285713430212351 149.432038231536
"245" 0.307692307692308 -203.74511367285 0.705058952714899 0.39273551742863 96.1707846594159
"246" 0.153846153846154 -580.998319508143 0.35821506068 0.236332940132754 172.281672947744
"247" 0.307692307692308 -419.801454933591 0.407047161984891 0.236283635038126 161.603439225172
"248" 0.0769230769230769 -341.423010463455 0.365774228456464 0.21661815522767 164.79861116081
"249" 0.230769230769231 -235.847270746284 0.519963914553438 0.276053271951066 130.321170665065
"250" 0.307692307692308 -244.809505889677 0.672846345653223 0.380961874040822 105.625989156805
"251" 0.153846153846154 -442.091270278608 0.333282214001247 0.21051699347472 175.725202716572
"252" 0.307692307692308 -307.99070936216 0.606264927429465 0.32422961825437 123.809052949447
"253" 0.153846153846154 -549.70241261487 0.206918491358953 0.195126093425714 194.12053678377
"254" 0.461538461538462 -297.257989516915 0.463614663167744 0.287774724858821 148.31966405004
"255" 0.230769230769231 -270.17090958241 0.478437917369506 0.288222658757977 141.457303834176
"256" 0.307692307692308 -123.454908105858 0.751847678508844 0.457471484592421 89.2647446687822
"257" 0.307692307692308 -230.056083850774 0.577692675610784 0.29227497577433 116.699795200129
"258" 0.153846153846154 -392.388590166182 0.464597167945076 0.27896703345428 146.97463902955
"259" 0.230769230769231 -352.933260511692 0.372330552513941 0.254388818071113 170.5197233219
"260" 0.230769230769231 -305.12811095686 0.46393879298294 0.302252421814723 155.185561844648
"261" 0.384615384615385 -355.146735792661 0.517893876401179 0.257403986210788 133.664255210468
"262" 0.0769230769230769 -537.024407279665 0.209493702770941 0.194257905101364 202.306389466221
"263" 0.230769230769231 -295.866917968705 0.553865296754941 0.303737011116846 127.438889290902
"264" 0.153846153846154 -515.786498053324 0.416140018557328 0.215927416862497 152.435859502721
"265" 0.0769230769230769 -394.905791264766 0.256411770560827 0.206311913757762 186.875622827429
"266" 0.230769230769231 -383.128797000925 0.437578265352762 0.269578569273427 148.488447401749
"267" 0.230769230769231 -398.797704957682 0.411741355111411 0.215597352037091 155.025755403046
"268" 0.153846153846154 -478.269682771383 0.341515332902429 0.244675083555007 175.544029776086
"269" 0.153846153846154 -407.175644182333 0.332991901182725 0.20421743247652 171.543315563747
"270" 0.230769230769231 -252.409207153896 0.783548541746603 0.504754807655419 87.2995908300647
"271" 0.230769230769231 -733.922728774727 0.291142862832049 0.246686735501701 192.393836677591
"272" 0.230769230769231 -759.924099882907 0.318912354601933 0.214218517214035 178.220222635833
"273" 0.230769230769231 -371.802589874906 0.419067695977992 0.250913667643223 153.717878069149
"274" 0.307692307692308 -368.888522742774 0.626507064160992 0.309516615584769 115.006334062642
"275" 0.230769230769231 -320.024215423933 0.609185808037276 0.337290170055872 115.910818264973
"276" 0.230769230769231 -550.878830044161 0.21817004810045 0.170536478585692 196.759805930769
"277" 0.230769230769231 -335.796717724454 0.521161400950149 0.334071174457327 143.142017834624
"278" 0.307692307692308 -329.43573828259 0.72718632213948 0.457822502730378 100.075406993867
"279" 0.230769230769231 -501.171115228288 0.67943937392683 0.369778011354916 109.88829950876
"280" 0.230769230769231 -295.402864954228 0.507314436306087 0.256680446141619 133.17926478277
"281" 0.230769230769231 -1272.16913709534 0.399645293606035 0.209163418747383 162.902688869783
"282" 0.307692307692308 -355.511611519181 0.418690408026474 0.236194887384162 159.455331687585
"283" 0.307692307692308 -245.932010012041 0.625302781928244 0.324316541446423 115.121734299173
"284" 0.307692307692308 -489.909892824296 0.525448308928125 0.321029102790977 140.939910781479
"285" 0.384615384615385 -334.885818775781 0.543045305675937 0.305579390669011 130.399731246573
"286" 0.230769230769231 -296.827630685006 0.36499914434861 0.20234793101654 162.82414239984
"287" 0.230769230769231 -606.187009156132 0.290659485596955 0.255266892476643 184.833020438158
"288" 0.230769230769231 -445.467885206921 0.586355300777336 0.353947707502834 133.34435561117
"289" 0.538461538461538 -319.824183236389 0.68654687927443 0.396039877339211 108.027947437609
"290" 0.307692307692308 -277.764948479099 0.330230647781164 0.195020338638795 172.016009201139
"291" 0.153846153846154 -815.110113642991 0.28490508249721 0.26589257147977 195.799185907152
"292" 0.230769230769231 -594.717106393395 0.305395603010366 0.203077345755322 184.351858267691
"293" 0.230769230769231 -349.902247320468 0.621325171417508 0.353502420639138 119.175591755395
"294" 0.230769230769231 -606.566571521486 0.490002949220852 0.306039858148842 157.016637638602
"295" 0.307692307692308 -236.931360157204 0.691736529229217 0.383569380810281 103.153529719049
"296" 0.0769230769230769 -798.862880042951 0.181778648846986 0.183405334329498 211.295783518317
"297" 0.230769230769231 -229.20520063675 0.595154192145528 0.336936717891634 122.424418276464
"298" 0.153846153846154 -330.181349985595 0.405125821582596 0.249056977290752 161.085325287452
"299" 0.153846153846154 -311.387972445655 0.25192243490773 0.19941938570728 186.6579215625
"300" 0.307692307692308 -217.485951664196 0.710186910153404 0.44134977727576 100.922777011429
"301" 0.230769230769231 -454.645609685964 0.680491516491481 0.398131427582728 107.392739247598
"302" 0.230769230769231 -559.50606956175 0.447928491987026 0.283893612475242 151.873950000789
"303" 0.153846153846154 -316.0118317703 0.51481709618698 0.314310603431391 141.577534174518
"304" 0.230769230769231 -816.900041330734 0.478628028140899 0.279255811324834 148.857882442311
"305" 0.461538461538462 -108.170723569143 0.78764994002073 0.49273002444048 83.6757201519585
"306" 0.230769230769231 -370.300326526752 0.28632298523568 0.196183467845639 175.153093579824
"307" 0.0769230769230769 -811.54723178366 0.245738720791767 0.177915024809948 183.267239488074
"308" 0.230769230769231 -357.854400179628 0.538800409374783 0.338965077148188 141.699000105962
"309" 0.230769230769231 -307.031949644466 0.375360145840417 0.230132204279635 162.650817070305
"310" 0.153846153846154 -1180.64033561873 0.397491531851941 0.29009664096253 177.776269224565
"311" 0.230769230769231 -449.380633077181 0.468680520204156 0.28893950067987 155.790308110302
"312" 0.0769230769230769 -864.637262891083 0.2479977291853 0.177761823306366 196.223973422726
"313" 0 -1047.62984046641 0.000114526854712915 0.165342463626192 249.488529378562
"314" 0.230769230769231 -369.940799246087 0.5687739630671 0.324621314493683 133.235395021296
"315" 0.230769230769231 -303.321891983987 0.41681785576702 0.253474847863099 156.383086104446
"316" 0.461538461538462 -299.693184383325 0.659968849832862 0.36093822781961 113.216437381373
"317" 0.153846153846154 -686.345383960188 0.3340128944872 0.221261382564204 167.805841267081
"318" 0.153846153846154 -365.075672434525 0.342440821711698 0.232236911206078 177.327047370062
"319" 0.153846153846154 -437.641828834871 0.477153672735795 0.270786810342074 153.363400376066
"320" 0.230769230769231 -478.408860312749 0.328287619153619 0.208688727843383 168.975835912938
"321" 0.307692307692308 -561.899711366906 0.395658456216361 0.254128110800932 170.800394263414
"322" 0.307692307692308 -503.042646917561 0.473435748898964 0.299938077259701 149.345936797918
"323" 0.307692307692308 -246.527672150187 0.708535930793647 0.383002444301342 92.1689978548976
"324" 0.307692307692308 -159.006681748893 0.739399495173765 0.439887234675115 92.8227936014672
"325" 0.230769230769231 -350.773689643381 0.380411188457691 0.23373207138899 168.911891474374
"326" 0.384615384615385 -278.199717209515 0.731285559761867 0.428932109216984 90.6251132997753
"327" 0.0769230769230769 -605.701348395881 0.0830451204097193 0.178872425898992 225.424682670179
"328" 0.230769230769231 -387.945311359758 0.44016524024903 0.255518720088806 152.591576310098
"329" 0.0769230769230769 -481.522671193484 0.171984976038797 0.1974472404597 207.150438715771
"330" 0.153846153846154 -859.339493519359 0.257098470457425 0.21333085480699 192.442915160132
"331" 0.230769230769231 -614.339267489211 0.499276071539154 0.328392625572411 152.295135480449
"332" 0.307692307692308 -327.627872549245 0.508934640466038 0.258591217953343 132.202263298456
"333" 0.307692307692308 -319.695781772675 0.664445041354312 0.380911841670506 110.035195345012
"334" 0.153846153846154 -287.843711809854 0.335328575859741 0.214481889608062 167.517000256155
"335" 0.230769230769231 -629.471551934853 0.337154540515454 0.236381128807864 184.108637563367
"336" 0.153846153846154 -266.480135011342 0.549129538913712 0.300480784195347 127.377007654975
"337" 0.230769230769231 -389.492333148653 0.579992312369721 0.315116733781867 121.935911259055
"338" 0.153846153846154 -700.81299414393 0.197429929747157 0.188231004989739 204.122638768903
"339" 0.0769230769230769 -548.748057960729 0.319435750794672 0.256516610470542 184.092879367184
"340" 0.307692307692308 -364.28709111295 0.539283017785517 0.28979633746256 133.864699707238
"341" 0.230769230769231 -237.151019196742 0.485735305558269 0.274055792511459 135.927286746325
"342" 0.384615384615385 -274.243948120782 0.671645590517723 0.383927388870775 106.768876810185
"343" 0.307692307692308 -340.196150808184 0.702317528420941 0.381942228421568 99.7675800047045
"344" 0.0769230769230769 -490.899584935191 0.267209479337034 0.212828336956022 184.763046710645
"345" 0.230769230769231 -277.157914205046 0.685435310132898 0.399168010524892 108.099566905207
"346" 0.461538461538462 -163.548941910575 0.682460654529351 0.349055244522628 96.5324253783886
"347" 0.384615384615385 -96.011740234068 0.795512686511243 0.47646404775399 79.6931720082205
"348" 0.153846153846154 -488.084031927331 0.370057226826656 0.250881524376635 168.340171621726
"349" 0.153846153846154 -483.690641898023 0.338145444390475 0.268588556428115 183.203222221881
"350" 0.230769230769231 -266.59344930794 0.635752131425232 0.38689195248003 116.393931560253
"351" 0.153846153846154 -337.046312748537 0.277206597253857 0.1952272668893 181.369652956885
"352" 0.153846153846154 -390.565402752917 0.453296525614087 0.236270612160131 145.559826638654
"353" 0.307692307692308 -231.007230568495 0.731602395707193 0.476802510816064 99.0793615517392
"354" 0.307692307692308 -264.226996161327 0.592815896697456 0.300086182129503 116.224766442471
"355" 0.230769230769231 -328.693188049273 0.459766410227878 0.278263062484832 151.314533659373
"356" 0.153846153846154 -411.275139975331 0.478311368130369 0.26709313936177 146.747267549496
"357" 0.384615384615385 -234.264469372222 0.70307231935882 0.349940592009915 92.2877123576401
"358" 0.0769230769230769 -408.032963337288 0.273547421855043 0.224810798908911 184.402477465218
"359" 0.153846153846154 -353.977692752508 0.468023009136283 0.264523230919807 148.094741187992
"360" 0.307692307692308 -318.18854815643 0.445347704706612 0.282337237466048 154.372240086191
"361" 0.307692307692308 -504.713382214888 0.529845021393803 0.347159778271672 147.120550267587
"362" 0.153846153846154 -638.791443353847 0.229389111324242 0.201633392746734 193.336523366037
"363" 0.0769230769230769 -509.064420022234 0.343663399548834 0.224951475253499 174.833503672767
"364" 0.307692307692308 -360.314683557316 0.444771754810164 0.25060313055591 145.720005078029
"365" 0.307692307692308 -304.627745545398 0.655388682072269 0.393846014653519 114.813281344066
"366" 0.230769230769231 -558.223710271762 0.568944153533013 0.352663501422325 137.962898157397
"367" 0.153846153846154 -433.480612806827 0.329469351652154 0.212673182022413 174.185172207756
"368" 0.230769230769231 -290.647793596361 0.38374051995214 0.245022888412191 160.67440021534
"369" 0.307692307692308 -879.192973708576 0.440105366608062 0.282056962621367 161.333922509907
"370" 0.384615384615385 -227.510119385147 0.498514109176506 0.248713254868674 136.333253678295
"371" 0.153846153846154 -536.489128731029 0.301572687843834 0.211221243421877 178.526962720395
"372" 0.230769230769231 -550.777658385818 0.490266782341316 0.275041216622908 146.423477953556
"373" 0.153846153846154 -924.162019372086 0.156068704522009 0.168188976779466 209.918835477913
"374" 0.153846153846154 -368.966950417539 0.511127733461039 0.334549965199282 143.806511649815
"375" 0.230769230769231 -321.949131973354 0.312698248414435 0.209702890054465 173.007325138785
"376" 0.230769230769231 -553.094078237083 0.403442548752641 0.288943413078887 174.032053938953
"377" 0.230769230769231 -729.788271872256 0.410392599975115 0.261669407365583 167.357789630245
"378" 0.384615384615385 -297.08545278344 0.44245053957812 0.245421381479602 146.139468248403
"379" 0.153846153846154 -657.14808448468 0.223652072683475 0.219857609592425 199.178818255209
"380" 0.230769230769231 -474.726882298824 0.29573872502741 0.193263008100934 179.68525672687
"381" 0.153846153846154 -629.558980762615 0.22766693089461 0.202385237142083 194.223350742233
"382" 0.307692307692308 -395.245587040668 0.491445001315157 0.277454219388791 142.745895385174
"383" 0.0769230769230769 -449.764842065615 0.348685243571147 0.242849563325844 175.283807589293
"384" 0.307692307692308 -435.537339048513 0.544011538081891 0.321529377410837 137.588234797031
"385" 0.153846153846154 -662.327111849685 0.254542406707186 0.215132855565664 184.676848669441
"386" 0.153846153846154 -520.624741527073 0.351222230341207 0.212463729882396 171.584567150918
"387" 0.230769230769231 -430.662991448275 0.404171219665625 0.225975667569641 155.36397137807
"388" 0.153846153846154 -498.142767173325 0.216023151466861 0.174897343161171 187.060328064535
"389" 0.153846153846154 -389.677704209422 0.285655992079802 0.228452696530309 178.73115709282
"390" 0.0769230769230769 -369.53301566023 0.0985614084122162 0.162553554923435 213.068447114706
"391" 0.384615384615385 -288.148016535992 0.4746006825916 0.245016175618319 142.321633633936
"392" 0.230769230769231 -359.086896144304 0.417077335273712 0.241331413109507 154.689812234444
"393" 0.153846153846154 -339.92237831584 0.57961479683688 0.315880053101875 124.473576831142
"394" 0.230769230769231 -283.589045944551 0.402387972910507 0.258664122718237 160.464160178844
"395" 0.153846153846154 -820.326662331306 0.155730446773114 0.22097567451199 217.467669350539
"396" 0.230769230769231 -283.295730374624 0.345515904479912 0.223839679850677 168.094420346837
"397" 0.230769230769231 -527.903719344131 0.287480408972409 0.253515780338355 192.783736312478
"398" 0.230769230769231 -290.174386635511 0.566945679706034 0.290982616100631 122.894174578234
"399" 0.307692307692308 -303.640387897983 0.512896247277118 0.331999475136762 141.20050791743
"400" 0.230769230769231 -252.652921545933 0.484219031857831 0.263785152931653 141.010238277556
"401" 0.230769230769231 -195.233496429915 0.630549058036366 0.33635623955916 109.974739868538
"402" 0.153846153846154 -491.442535705701 0.227385339970284 0.218330905311892 199.698083531875
"403" 0.461538461538462 -91.0790916024353 0.857817828913048 0.569960335160983 66.3907496154773
"404" 0.230769230769231 -507.514691321033 0.487719598124699 0.314099625276608 151.286974123879
"405" 0.230769230769231 -862.06945406451 0.240712527231717 0.22494917917437 198.755340516942
"406" 0.384615384615385 -576.838688171446 0.624391075183468 0.376960724617352 126.576539505801
"407" 0 -454.559281867757 0.142380822273592 0.186179651284131 205.958217377692
"408" 0.153846153846154 -716.758638564712 0.28479897763148 0.235850737931505 186.969199161897
"409" 0.461538461538462 -286.367011754599 0.664079888759767 0.353774916166708 105.385530631349
"410" 0.230769230769231 -356.935381646452 0.28808224458502 0.197686716294395 178.350987634267
"411" 0.230769230769231 -365.028217935257 0.428299936263872 0.257820697522427 159.686372172669
"412" 0.230769230769231 -231.129668489949 0.584061909513615 0.301298028267779 120.23665864222
"413" 0.153846153846154 -318.18558521543 0.340754907554423 0.203089430751879 168.036177480353
"414" 0.153846153846154 -602.719328006412 0.433210707187557 0.273396022003001 165.944235156376
"415" 0.230769230769231 -400.163858845315 0.574679216369528 0.321778495109544 133.548970133222
"416" 0.384615384615385 -284.979204248382 0.564744128824053 0.293209525575248 125.055894735618
"417" 0.153846153846154 -798.894162888838 0.290470283584486 0.254108167320648 189.424514377706
"418" 0.384615384615385 -316.179726795756 0.637318667690057 0.326046124367999 104.771069211766
"419" 0.230769230769231 -449.704051741628 0.518590448578894 0.283497215249241 140.095143781546
"420" 0.307692307692308 -329.126586806057 0.601123575791892 0.369804554270053 127.65257016246
"421" 0.230769230769231 -317.644270711525 0.419711493939138 0.271822414780054 159.542711842526
"422" 0.230769230769231 -318.244261425984 0.366845680772486 0.208802310509563 165.937005621667
"423" 0.384615384615385 -465.954307517179 0.561686204411888 0.297100320808286 125.829568745384
"424" 0.153846153846154 -408.040396623251 0.209172330309827 0.185425264927905 196.840539209284
"425" 0.230769230769231 -255.054073581503 0.696076313563437 0.379711839160453 102.564258437506
"426" 0.153846153846154 -382.557137224326 0.162632951047837 0.17970595461312 203.621061065043
"427" 0.153846153846154 -357.415326029993 0.435017250751847 0.248979640157419 152.562069598935
"428" 0.307692307692308 -213.172058405908 0.621235874582128 0.33831082132444 113.906450278107
"429" 0.153846153846154 -430.941817141546 0.480884468047247 0.256857001282233 140.350737364897
"430" 0.230769230769231 -472.365807024169 0.348982044820536 0.214518371693876 178.42902805553
"431" 0.230769230769231 -428.717227321286 0.466299184463839 0.250861231045999 145.035743437789
"432" 0.0769230769230769 -602.269926690523 0.142346719774381 0.180744083468549 214.745044381423
"433" 0.0769230769230769 -605.606885374261 0.170188869127692 0.226936485760853 211.747378171119
"434" 0.153846153846154 -705.650399122991 0.318529007324605 0.20127658946956 173.814476705808
"435" 0.153846153846154 -813.893371198244 0.16973604028334 0.169426978493342 209.770295009338
"436" 0.230769230769231 -466.789409010339 0.463731913248981 0.263765560725454 150.810810996154
"437" 0.307692307692308 -405.299942449865 0.351302524920582 0.216117215990079 167.162694115736
"438" 0.307692307692308 -213.01364062774 0.705052738242002 0.455832440611139 107.268211099838
"439" 0.230769230769231 -430.090978180955 0.492388733269356 0.292086620246876 146.645443156243
"440" 0.307692307692308 -831.045578359573 0.479302396800262 0.315227811362285 148.013688491953
"441" 0.230769230769231 -701.948883126218 0.457203521494654 0.276876579632325 149.633201805462
"442" 0.230769230769231 -235.803535054814 0.485555013216854 0.268224958156382 141.051423694359
"443" 0.307692307692308 -382.841746783037 0.559341612039922 0.331816277800939 136.879921075071
"444" 0.384615384615385 -397.425027531441 0.700030813207154 0.440204868127446 112.148987702343
"445" 0.307692307692308 -447.590031807151 0.379198046921902 0.260049003772757 171.749704271229
"446" 0.307692307692308 -240.446723588425 0.551320173332096 0.290518413686587 132.92270245123
"447" 0.0769230769230769 -348.397516089451 0.29241827669606 0.197721957968965 177.77979205169
"448" 0.230769230769231 -451.889892656346 0.384265991621511 0.221692990629202 161.095470655919
"449" 0.153846153846154 -226.475896600107 0.460777714286556 0.249079909943899 145.963674613936
"450" 0.0769230769230769 -422.144121723832 0.276645444115106 0.216455980041033 180.182495385091
"451" 0.153846153846154 -362.689766195357 0.409790098925043 0.227532821507883 157.179386175913
"452" 0.307692307692308 -314.304389057679 0.50183964402854 0.263015504053172 138.698775894246
"453" 0.307692307692308 -389.88747030581 0.634422402223863 0.378540798756723 122.078747345817
"454" 0.230769230769231 -358.766006967981 0.39150645486903 0.23229015889753 166.570697957925
"455" 0.384615384615385 -304.975441393235 0.589247998617997 0.321617096138219 123.594148158985
"456" 0.230769230769231 -397.607701595356 0.403282683557015 0.282790707148228 164.364384395859
"457" 0.230769230769231 -557.920831920948 0.257764649646895 0.206517132152813 189.825979008004
"458" 0.230769230769231 -847.140596961953 0.205581071235298 0.211108832246102 205.512072410034
"459" 0.153846153846154 -525.079054975684 0.359532601096498 0.229843291060642 164.795580451477
"460" 0.0769230769230769 -772.858877390816 0.179909563324277 0.178667703918429 205.132316691051
"461" 0.307692307692308 -107.600121501506 0.738067620079152 0.432767441309109 92.0725945329129
"462" 0.230769230769231 -528.801607011442 0.330395320744762 0.21830115024685 179.201649957788
"463" 0.0769230769230769 -557.322761343015 0.323345911995635 0.205610472234662 174.095937460276
"464" 0.153846153846154 -293.426618775476 0.346898148093621 0.19926014764882 164.202588999436
"465" 0.230769230769231 -578.349077985513 0.222902842077174 0.182513008524925 188.418788862789
"466" 0.153846153846154 -327.879427509987 0.358426790731137 0.239185445341964 168.718400454055
"467" 0.230769230769231 -504.228849847541 0.502192052286851 0.311209734528873 151.14940278128
"468" 0.230769230769231 -794.112257646175 0.281156876654433 0.246221808204156 197.030614458001
"469" 0.307692307692308 -328.151668656887 0.647418290637279 0.374116510202116 113.097278390161
"470" 0.153846153846154 -331.595006251824 0.394033862403694 0.249229418074392 155.992803678198
"471" 0.230769230769231 -588.293080338769 0.327763954278715 0.243922343272713 179.265899698958
"472" 0.153846153846154 -538.808319332191 0.165791166964447 0.169157345960556 211.11634397739
"473" 0.153846153846154 -604.176118057577 0.471929910633453 0.269152639394668 145.710794218604
"474" 0.307692307692308 -426.949831705402 0.351081347128539 0.20471660887985 160.95963942989
"475" 0.230769230769231 -257.435650863607 0.428276595137375 0.241936554744423 151.328891356352
"476" 0.307692307692308 -405.62406797882 0.573357096637675 0.299201979174745 125.947913168378
"477" 0.230769230769231 -390.667851487396 0.485019439501966 0.249344863590289 143.731530463821
"478" 0.153846153846154 -367.231909092559 0.470349557456763 0.244079624210693 142.309070451697
"479" 0.384615384615385 -308.017326390064 0.601591008119146 0.319458895929529 119.763282729992
"480" 0.307692307692308 -375.439790318409 0.507359904834265 0.285340484518235 139.894748955075
"481" 0.307692307692308 -318.305794390867 0.612345390966186 0.298672316316539 112.108434100682
"482" 0.307692307692308 -832.69137974244 0.247701591541936 0.183740654417711 183.382206201853
"483" 0.307692307692308 -686.296030678626 0.252549024134538 0.182006092322018 186.602982428062
"484" 0.153846153846154 -627.466482627133 0.2690916196473 0.245984541562576 204.630752267463
"485" 0.230769230769231 -488.90069428873 0.500316794554128 0.318329678162292 152.189103334849
"486" 0.230769230769231 -232.447139538484 0.544353593786701 0.310892589360468 132.107986062737
"487" 0.230769230769231 -334.664333977203 0.431647983416434 0.257912403221824 152.413787336161
"488" 0.384615384615385 -380.023073434728 0.64493913855185 0.379236022304142 117.397684011659
"489" 0.461538461538462 -450.818653750972 0.595084275595736 0.294390873114224 121.733742624873
"490" 0.153846153846154 -697.696709505655 0.241313230463337 0.211291705812356 202.196663091322
"491" 0.153846153846154 -419.000648084045 0.433366805257506 0.268537298798047 163.063551714474
"492" 0.230769230769231 -1423.59097212462 0.310146969842325 0.259032525851951 194.996231679134
"493" 0.153846153846154 -278.778259260933 0.333237464472786 0.22659164326209 173.233047566234
"494" 0.230769230769231 -266.485422677667 0.596112169394319 0.322781442684242 122.124710829786
"495" 0.0769230769230769 -566.11394555068 0.246900414633155 0.223963572935799 202.683685714125
"496" 0.153846153846154 -321.818268483164 0.410420980554907 0.263549292901998 160.591979482898
"497" 0.230769230769231 -442.37337091502 0.388479497577833 0.24190531579188 160.923036418322
"498" 0.230769230769231 -363.407891285336 0.377561965291795 0.224008494784015 164.574711857659
"499" 0.384615384615385 -296.168880228829 0.508050158087757 0.265348538349068 138.451738476932
"500" 0.384615384615385 -206.999278510329 0.801718327324853 0.539611688637527 88.6069060544343
"501" 0.230769230769231 -535.06169119102 0.206164307521978 0.208706569130732 201.082909333776
"502" 0.230769230769231 -404.46366908991 0.47364325913693 0.291814977382113 152.114816670422
"503" 0.153846153846154 -542.448922369324 0.297781031877409 0.264260498028582 189.437140558823
"504" 0.230769230769231 -716.729801292086 0.572273891448313 0.323518740608259 131.531212074791
"505" 0.0769230769230769 -1100.29239130186 0.316139031742332 0.214918084328016 188.083370493669
"506" 0.230769230769231 -343.118390182683 0.5433514790582 0.31353577466301 136.81753937115
"507" 0.153846153846154 -564.055431973039 0.261878944399568 0.200649669112445 185.949364905723
"508" 0.230769230769231 -445.787466290397 0.237801083400831 0.199166494388963 193.037148118387
"509" 0.153846153846154 -606.413846109208 0.390545261851069 0.270613896998976 173.507386017116
"510" 0.230769230769231 -382.522140794171 0.564876183365147 0.28014970795439 125.614530450387
"511" 0.230769230769231 -545.135274146833 0.514670749055426 0.292022763186401 133.715178893581
"512" 0.230769230769231 -301.56576647915 0.568547512398454 0.34048145322556 130.344208866646
"513" 0.230769230769231 -477.590288045188 0.484266916357219 0.285275832670889 146.972187848124
"514" 0.153846153846154 -552.512920743501 0.214844653800743 0.204754750042071 198.662819234687
"515" 0.307692307692308 -101.269994197714 0.760434461662439 0.451046723321036 87.7665296440734
"516" 0 -796.71318285842 0.104761492297093 0.161463699035322 222.823111898722
"517" 0.230769230769231 -451.632850426177 0.439662035346787 0.248647487377931 151.705486543218
"518" 0.307692307692308 -277.286438837661 0.68714189930208 0.396495881598211 101.661196184102
"519" 0.230769230769231 -276.160373150266 0.452273486568397 0.273953214442437 155.479781820527
"520" 0.307692307692308 -293.449869390871 0.557215849262386 0.314251979308918 134.795794201225
"521" 0.230769230769231 -332.462457773007 0.308735780803209 0.22993285484284 180.337298175029
"522" 0.307692307692308 -278.69447914503 0.584446406229486 0.328020972916842 128.073395302608
"523" 0.461538461538462 -139.426143438003 0.698144329691463 0.374620341043568 98.5859349238965
"524" 0.0769230769230769 -539.525033981699 0.343064039549708 0.255309471013475 184.812313920408
"525" 0.307692307692308 -244.225325068823 0.531405228558147 0.285557437139782 133.249300964638
"526" 0.230769230769231 -640.948828519898 0.309902496067379 0.237787767108712 177.776257650142
"527" 0.307692307692308 -311.91089896117 0.55149604448732 0.311721332911175 132.2128594845
"528" 0.153846153846154 -298.895871711591 0.471468964430327 0.248319272008023 140.917517714759
"529" 0.153846153846154 -342.688049788324 0.137200861963003 0.163056784285485 203.794201168157
"530" 0.307692307692308 -498.376977479365 0.491106671999473 0.303358260224642 148.560676387914
"531" 0.307692307692308 -432.904091818503 0.513727249546648 0.284343124198867 136.199581440804
"532" 0.384615384615385 -343.202944896532 0.617877619834373 0.34440478961251 117.243256327498
"533" 0.230769230769231 -212.015169226899 0.576096495130261 0.306185604337101 123.492619387084
"534" 0.230769230769231 -333.149269533829 0.379519326724935 0.229049217186722 159.258057833528
"535" 0.307692307692308 -427.107080201498 0.320574735671364 0.202443646233961 173.783026389507
"536" 0.230769230769231 -600.653667855015 0.592937123634229 0.340852290917728 129.886952110876
"537" 0.230769230769231 -553.059588809441 0.274257725492974 0.189767593621221 181.804214302425
"538" 0.307692307692308 -298.127671541109 0.356001836287745 0.231983250913933 170.404581422873
"539" 0.307692307692308 -293.267365977867 0.718066494519309 0.401064190286944 98.7005626056504
"540" 0.153846153846154 -420.382454580301 0.45609346075803 0.266838603850244 153.178724270428
"541" 0 -829.520430633456 0.214391185845143 0.2134704954864 209.811486803016
"542" 0.230769230769231 -361.29923204969 0.381569049118081 0.250001573066653 165.486819090151
"543" 0.230769230769231 -412.905306064623 0.446391563544387 0.252483053331726 153.347847754627
"544" 0.230769230769231 -394.907083327286 0.388692197763005 0.221539218511237 161.904200403483
"545" 0.230769230769231 -490.233791684125 0.533154421290006 0.290855196061115 134.193908118578
"546" 0.230769230769231 -498.06567503338 0.455505404632134 0.277462184695214 152.162318729975
"547" 0.153846153846154 -316.415963790562 0.419153280655476 0.221275571051025 153.109439865367
"548" 0.230769230769231 -543.317717652693 0.324295613115245 0.274189083887262 182.092774828193
"549" 0.384615384615385 -558.672578698987 0.756000911704534 0.508871979872479 101.554006739431
"550" 0.307692307692308 -363.700841398292 0.560747674687319 0.311266780174229 128.608193801117
"551" 0.307692307692308 -290.853553480261 0.58843797639323 0.289087016417284 118.941479667912
"552" 0.230769230769231 -1081.6383680493 0.243575750313949 0.234070871121415 202.058671350633
"553" 0.307692307692308 -403.130416468008 0.581694882545562 0.340655979633323 127.230540953649
"554" 0.153846153846154 -769.18966085963 0.275709894140453 0.19715241889709 176.065261783712
"555" 0.230769230769231 -318.406247970841 0.625971334701424 0.330041537059212 115.648523939636
"556" 0.230769230769231 -681.150521266587 0.499972115609567 0.263650644110682 136.172544903185
"557" 0.230769230769231 -395.128864304989 0.653384201670508 0.392714220853895 112.719345456567
"558" 0.230769230769231 -523.528512712203 0.342751204205212 0.263786634940862 179.406602867388
"559" 0.153846153846154 -836.477807661185 0.165067036318946 0.199920121815456 211.892963842414
"560" 0.0769230769230769 -528.08509838448 0.352345883962016 0.239534239136775 169.030537964725
"561" 0.153846153846154 -308.040007517706 0.340049216539543 0.233478395943154 170.739715520243
"562" 0.230769230769231 -661.562253980426 0.320878668486453 0.216150777973763 183.007864570496
"563" 0.0769230769230769 -436.717524233015 0.110069466983113 0.172873221647449 213.485562073427
"564" 0.153846153846154 -526.96986613989 0.331844065956086 0.259818868519523 188.044999694773
"565" 0.384615384615385 -331.466890632818 0.698127482974168 0.448247995876742 112.980574072651
"566" 0.384615384615385 -389.660681351016 0.571397028251764 0.343392668594186 131.656241878189
"567" 0.230769230769231 -317.072535230926 0.512950457936944 0.285818926913365 144.570071978008
"568" 0.230769230769231 -401.127474350724 0.597509247047455 0.338264071188737 125.669382693739
"569" 0.384615384615385 -185.480822362268 0.57920960644554 0.30177016478583 114.552445363137
"570" 0.153846153846154 -557.611379066979 0.273641680977318 0.211019328457363 181.882428443338
"571" 0.153846153846154 -431.957032579152 0.286810950326923 0.226284485452552 185.165336267277
"572" 0.153846153846154 -455.232004699528 0.47118157692249 0.250296692181138 142.885659045074
"573" 0.307692307692308 -241.017846797061 0.378233095052596 0.250344999356568 159.588218398283
"574" 0.153846153846154 -501.582651195337 0.24910658801478 0.224601440300546 196.354937578936
"575" 0.153846153846154 -695.527010723554 0.196682402730417 0.222145511846749 211.49339090045
"576" 0.307692307692308 -222.099873748788 0.535108834865225 0.275162492607657 128.389192587281
"577" 0.153846153846154 -700.539676400883 0.342137657068173 0.240928711983023 181.322500413728
"578" 0.307692307692308 -350.880980415833 0.52808234895538 0.249336361633265 133.20934676581
"579" 0.230769230769231 -205.012156795822 0.666588605764904 0.358174687150275 103.562442497266
"580" 0.230769230769231 -388.886226763718 0.651564676142934 0.372992715648474 113.115467837383
"581" 0.230769230769231 -459.061217064403 0.41267347358645 0.30903560561142 168.813574942914
"582" 0.230769230769231 -368.869283189067 0.498476298993822 0.319606604503082 145.254808368764
"583" 0.230769230769231 -279.697115502882 0.486954101137916 0.270686761429017 140.887281934062
"584" 0.153846153846154 -569.464229423658 0.395743451536064 0.241718525781111 162.758936252913
"585" 0.307692307692308 -610.351578500043 0.317266876592181 0.219278584213366 177.171223583706
"586" 0.230769230769231 -292.995821189441 0.542708323766716 0.274594077104853 129.669213504458
"587" 0.153846153846154 -445.327145588895 0.407416674437718 0.234596321827452 158.255917023318
"588" 0.153846153846154 -376.258534426514 0.535846387867013 0.317382643515563 136.124781039811
"589" 0.307692307692308 -386.935663734653 0.397242385936302 0.256081783895494 158.095815090362
"590" 0.153846153846154 -629.692312677362 0.245705897114973 0.176276946233862 193.77590961392
"591" 0.230769230769231 -300.575593985877 0.551663292544098 0.318300900788463 133.057132343389
"592" 0.230769230769231 -430.857007652157 0.508952717664828 0.289691311736382 144.156665459387
"593" 0.230769230769231 -361.156538511584 0.46417032419461 0.235162788210253 143.885312779967
"594" 0.153846153846154 -534.500113888897 0.422210794882206 0.282208014466899 163.397485842062
"595" 0.230769230769231 -605.587760078613 0.572179654151086 0.303364336900552 124.566677096304
"596" 0.230769230769231 -540.50915834442 0.258185353150527 0.217559159633086 188.183096559127
"597" 0.230769230769231 -799.118904719313 0.384112716836209 0.227691850786653 165.14163888437
"598" 0.307692307692308 -213.015788389193 0.700349809653677 0.428199364931446 106.166215283719
"599" 0.153846153846154 -555.212479617791 0.363149225189673 0.234939761377973 170.737368350851
"600" 0.307692307692308 -532.858888403387 0.435294113564955 0.231549024467502 148.41249996809
"601" 0.230769230769231 -252.196451379108 0.665780393173717 0.434598240970174 116.419614976086
"602" 0.307692307692308 -291.026147876021 0.585105043992435 0.319853709757073 127.915821544998
"603" 0 -675.638973233556 0.0250803314774776 0.194427249316989 255.674824182833
"604" 0.307692307692308 -199.234309806137 0.740993285991792 0.433062917328598 93.8801671858224
"605" 0.230769230769231 -388.086523190419 0.431796635168272 0.302798808131689 164.337539913177
"606" 0.307692307692308 -388.860577349167 0.568781454762967 0.319495299679357 131.401329510335
"607" 0.153846153846154 -565.70504675389 0.225742743705254 0.216775353629115 200.795334380436
"608" 0.153846153846154 -358.722431259733 0.54077872121803 0.27296315120292 130.293224655469
"609" 0.307692307692308 -547.28964420784 0.442321378534619 0.256556623495958 154.751121149042
"610" 0.384615384615385 -318.822808797131 0.401715867687458 0.250054809182181 163.118922254057
"611" 0.230769230769231 -648.156812536041 0.299042830737715 0.255999375388501 187.168626126228
"612" 0.0769230769230769 -815.673173285032 0.0867712287393535 0.187067035802554 223.243283134838
"613" 0.230769230769231 -372.49888070152 0.518156741613376 0.331718253163323 148.633704898495
"614" 0.384615384615385 -285.412629168763 0.643527403704661 0.372521017700068 118.291276106564
"615" 0.307692307692308 -145.712418221478 0.73313205088764 0.407799782999816 90.4657672649481
"616" 0.153846153846154 -527.245681583578 0.202724221265445 0.207732232940354 202.716780588713
"617" 0.230769230769231 -364.811002505353 0.406512016814995 0.260659227707166 162.412401742551
"618" 0.307692307692308 -180.64630359669 0.622620276916735 0.325682842208984 112.153842187461
"619" 0.307692307692308 -656.088605235199 0.333144831308965 0.210894884985648 177.920085855506
"620" 0.384615384615385 -550.706665454971 0.557319486424503 0.342451633227083 134.422283135932
"621" 0.153846153846154 -438.413732521132 0.293219473212086 0.190954398098413 183.67903775847
"622" 0.153846153846154 -401.116975149314 0.48284248953946 0.27973290085804 151.514639875235
"623" 0.153846153846154 -498.305990100454 0.153474326427806 0.159046619622599 206.799997668734
"624" 0.307692307692308 -317.926526295358 0.395899586649172 0.265939121755431 160.629147191769
"625" 0.384615384615385 -278.296871515508 0.658237472005622 0.407599787880575 112.91390238509
"626" 0.384615384615385 -239.699491062377 0.75567038183499 0.444032237422778 89.0911732411895
"627" 0.153846153846154 -404.643447712582 0.291934624062012 0.212949958470458 184.559002869113
"628" 0.230769230769231 -271.971472041581 0.533399852231065 0.247621516259674 132.619152891051
"629" 0.0769230769230769 -755.427540432476 0.142300809647265 0.211575836060293 225.196582816042
"630" 0.230769230769231 -303.504765721043 0.386363980334732 0.216427453511053 158.50671549425
"631" 0.230769230769231 -294.472921867245 0.230965281284662 0.178903729371687 182.989948439938
"632" 0.153846153846154 -142.519462712973 0.629693273562465 0.3399531416984 109.227315175158
"633" 0.230769230769231 -544.854891045392 0.196216804514121 0.173451768585977 199.073446388745
"634" 0.307692307692308 -225.02646743155 0.473554014673741 0.240001735051483 143.808478841067
"635" 0.230769230769231 -353.630022865433 0.55223261052821 0.275572490464695 128.956590637297
"636" 0.153846153846154 -374.195467368983 0.364587686321356 0.259084412363133 175.954461901048
"637" 0.307692307692308 -457.130906982928 0.305620238651283 0.242146434743847 187.128647366618
"638" 0.0769230769230769 -443.799706418723 0.142836463806932 0.17395640509175 209.694957716951
"639" 0.230769230769231 -364.876046600636 0.317096672378935 0.198496528919632 168.415436260984
"640" 0.153846153846154 -256.057371454579 0.673226687802125 0.393514640060683 104.883034966681
"641" 0.307692307692308 -279.264676455827 0.503553526297301 0.253549609758613 130.383135035457
"642" 0.384615384615385 -179.291441923385 0.606642821240129 0.303584313688364 112.693036766164
"643" 0.0769230769230769 -432.36681563257 0.259258180891914 0.184684875613704 187.375288536241
"644" 0.0769230769230769 -394.667238613107 0.335653517392892 0.237599661922066 175.918238179337
"645" 0.153846153846154 -360.384925563375 0.212801789193788 0.196346602723257 195.161525264382
"646" 0.307692307692308 -251.679172720228 0.432276291110825 0.246789239905487 153.961444889107
"647" 0.384615384615385 -225.490860467156 0.501616490068742 0.258003078399004 136.945982914525
"648" 0.307692307692308 -285.605264549145 0.470219261905157 0.27165850302266 146.331256291817
"649" 0.153846153846154 -560.929759849962 0.242752954503083 0.205062930328431 185.980816214189
"650" 0.0769230769230769 -810.126814170891 0.221487373409453 0.196482895120353 193.726363928961
"651" 0.384615384615385 -449.321425785944 0.489535064872634 0.301904213682715 153.189458780978
"652" 0.0769230769230769 -466.510101029672 0.190095504026163 0.177553098536407 199.857292694405
"653" 0.230769230769231 -413.744129581205 0.464423480753928 0.23339726168148 143.663540650438
"654" 0.230769230769231 -524.665595159553 0.512650685356408 0.3035143121067 143.125399218483
"655" 0.230769230769231 -571.697334500523 0.366298968206318 0.24672796611766 178.151832670537
"656" 0.230769230769231 -610.651398362974 0.249507116905585 0.218670947793348 189.972552617458
"657" 0.153846153846154 -433.806111689167 0.39328851856401 0.268149619404724 164.605880657402
"658" 0.0769230769230769 -578.28605766738 0.334118567335608 0.220572344640724 178.956253119977
"659" 0.0769230769230769 -509.78679672997 0.08049398451659 0.151118429825329 221.395977437517
"660" 0.153846153846154 -728.120305738944 0.216317134323686 0.182028326489872 195.56779562871
"661" 0.153846153846154 -293.366812543776 0.341255347649282 0.215046610832154 161.235493725785
"662" 0.230769230769231 -233.631259315347 0.633573463987615 0.308635516520683 109.422043543707
"663" 0.230769230769231 -265.511042368162 0.631034608871322 0.386005569660543 119.042450445183
"664" 0.230769230769231 -538.02484851026 0.430607749587216 0.236463591264495 152.202180827777
"665" 0.230769230769231 -471.983640566426 0.449386042875768 0.28229086288331 154.301449178734
"666" 0.461538461538462 -154.217310231321 0.732575029143261 0.394246440314982 90.8367627316247
"667" 0.230769230769231 -326.605877014638 0.379559776023018 0.271761501386058 167.713477576717
"668" 0.384615384615385 -358.959071903642 0.380243944918126 0.262928175354318 167.931142768946
"669" 0.0769230769230769 -528.508727281095 0.352196788276601 0.245997569151209 169.573947921814
"670" 0.230769230769231 -250.088395551823 0.539058753326591 0.256424375017872 128.532046407009
"671" 0.307692307692308 -258.150035073684 0.59341359002465 0.299061622182669 121.950402704307
"672" 0.230769230769231 -270.180829859555 0.58843133722789 0.351723330957312 128.300098893207
"673" 0.384615384615385 -380.574062725273 0.479891314616788 0.235393548449831 139.122403878851
"674" 0.153846153846154 -411.094563600231 0.245027804072596 0.201714847560091 190.355920852818
"675" 0.307692307692308 -434.514038591939 0.489900829277237 0.282065334742442 146.338267379815
"676" 0.153846153846154 -680.198035272133 0.156186324501366 0.170164565611837 200.421228959202
"677" 0.307692307692308 -544.117133842533 0.503594369737765 0.284963240329958 143.426442548302
"678" 0.230769230769231 -345.750396116871 0.554241509930132 0.328376110321385 131.623266911886
"679" 0.153846153846154 -534.993977845666 0.270594625420528 0.210034250394386 187.075132505735
"680" 0.153846153846154 -336.37181765433 0.419259519788571 0.256275041474822 158.041960757035
"681" 0.230769230769231 -322.382568376691 0.449220312579781 0.259944912720921 147.302290053407
"682" 0.307692307692308 -741.960228778598 0.334984420500057 0.235987365928473 186.167514527566
"683" 0.153846153846154 -422.696078245973 0.296990105571989 0.216304348795325 177.717623579655
"684" 0.153846153846154 -330.521770331895 0.511467754327324 0.327895460909504 145.155298478708
"685" 0.153846153846154 -275.931241535356 0.432185803774001 0.218648347021897 155.180288281694
"686" 0.307692307692308 -657.96303216179 0.299769402873611 0.192684656779465 179.383821260873
"687" 0.0769230769230769 -678.581340575267 0.128386320525771 0.151551953992277 222.176575271494
"688" 0 -487.049202212807 0.154843743335868 0.211842995846675 212.850206161437
"689" 0.230769230769231 -532.643917198796 0.221690789635085 0.216823411597588 204.891282285894
"690" 0.230769230769231 -304.305338576592 0.531888821709467 0.342464739241246 140.662614630016
"691" 0.153846153846154 -407.198950564962 0.323012533066512 0.233939905852925 178.156785694889
"692" 0.307692307692308 -213.822784708021 0.602684456655396 0.314329846480771 120.934908063966
"693" 0.0769230769230769 -526.521242638695 0.11771889452019 0.166883652727157 216.731143562919
"694" 0.230769230769231 -487.703800018221 0.392973416719669 0.226809789772436 158.337576398107
"695" 0.153846153846154 -484.156766226695 0.407077911557158 0.274525178311981 164.136910770205
"696" 0.230769230769231 -305.02184353317 0.585890369329361 0.32759368403629 122.819827449336
"697" 0.153846153846154 -497.36383918588 0.335935173251048 0.250711979510343 181.475058524138
"698" 0.307692307692308 -308.109251379954 0.560088058893855 0.279061682699614 123.316859405543
"699" 0.384615384615385 -398.00359310045 0.582196944711508 0.313121476671777 130.200224723013
"700" 0.307692307692308 -256.320149375358 0.635745028944003 0.336822343731418 107.842092095762
"701" 0.307692307692308 -370.484509233239 0.412626288368096 0.264545308568644 154.4375629263
"702" 0.153846153846154 -383.642785546958 0.446861916413861 0.276464352583449 155.82846358584
"703" 0.230769230769231 -268.075621755205 0.423720622436146 0.255894599164335 151.996138769095
"704" 0.230769230769231 -404.200885842415 0.366854877393534 0.227949807345266 169.618722442691
"705" 0.153846153846154 -516.47314682459 0.254102225348445 0.230381339864128 195.479183490635
"706" 0.153846153846154 -751.786127911601 0.275707529407459 0.194358388331395 183.39176293409
"707" 0.230769230769231 -294.469005379004 0.63205936810968 0.320303463293962 112.123157537759
"708" 0.307692307692308 -492.653121216962 0.497910096048082 0.309076640979449 148.123614498633
"709" 0.307692307692308 -312.737918038822 0.581523917300242 0.316810227957955 123.052532738293
"710" 0.230769230769231 -311.877674320763 0.522923672668028 0.256876955972286 129.466972224822
"711" 0.153846153846154 -407.067623151777 0.420719943109906 0.260158429815875 158.702189092075
"712" 0.384615384615385 -123.846445523377 0.77668425481034 0.448713340426653 79.5411576254036
"713" 0.230769230769231 -245.790679830064 0.44282779222555 0.238060881209719 145.131343984543
"714" 0.307692307692308 -572.57205693742 0.560534425301035 0.329978051279956 137.016211423119
"715" 0.461538461538462 -362.843536354573 0.530941843570624 0.308024465186514 137.282851060012
"716" 0.384615384615385 -223.444848929416 0.795926818369711 0.515572593463907 84.3597233640635
"717" 0.230769230769231 -346.543773055208 0.478218845345446 0.268236433272054 146.889634440967
"718" 0.153846153846154 -503.452616967231 0.296398216301846 0.206854151540527 181.660902952075
"719" 0.153846153846154 -458.795969822494 0.395985486774391 0.277935018170145 164.576425377109
"720" 0.230769230769231 -408.989764224368 0.545936171311722 0.344121609023503 140.770519138451
"721" 0.153846153846154 -484.294492689809 0.314908750321756 0.2211329931304 186.004558915968
"722" 0.307692307692308 -308.133598236213 0.463973973806325 0.282960099286577 148.392239416591
"723" 0.153846153846154 -371.399806307923 0.400528423552734 0.221759605252564 160.091091312207
"724" 0.384615384615385 -265.949516605493 0.40176338666933 0.221419976442045 154.513588061859
"725" 0.230769230769231 -454.69344446332 0.38364021203241 0.217009408905605 163.717895419094
"726" 0.307692307692308 -362.278380505328 0.471068758186255 0.286246634153716 150.235132169567
"727" 0.384615384615385 -259.633855180552 0.455648591579336 0.237025751063403 147.148622155415
"728" 0.384615384615385 -290.314096347468 0.716499774393123 0.429540835627249 99.4691520991781
"729" 0.230769230769231 -432.949165404628 0.505751705557598 0.28932321702369 142.387140797111
"730" 0.153846153846154 -449.587124364183 0.137788552970739 0.210921758095279 215.833495324976
"731" 0.307692307692308 -188.173470006112 0.719572953406711 0.434252612013235 101.091441759595
"732" 0.230769230769231 -482.647127010059 0.471646130355454 0.284536957015528 144.103634068391
"733" 0.230769230769231 -389.14196039545 0.286568206025175 0.204705395701263 179.876361344398
"734" 0.153846153846154 -270.222458030555 0.637277610893415 0.39370128345504 118.541438634863
"735" 0.230769230769231 -317.067956375666 0.540590945684642 0.303731635104395 135.798881374483
"736" 0.153846153846154 -684.432904730294 0.283972964166114 0.240144092307614 193.21000910395
"737" 0 -609.612148084398 0.063769637563328 0.166789091227595 236.367615234421
"738" 0.461538461538462 -266.906549680744 0.739180076757555 0.418684308351589 92.580787015769
"739" 0.153846153846154 -306.895683724377 0.426029563682593 0.239006456080502 148.53254356818
"740" 0.153846153846154 -546.925167622685 0.265935821637053 0.218669282616897 194.105588062671
"741" 0.307692307692308 -183.818263977864 0.585143591342773 0.333807047727037 119.170738745392
"742" 0.230769230769231 -577.186513745423 0.514000035960171 0.31016112700308 143.167102949188
"743" 0.230769230769231 -292.085147996271 0.477087666790244 0.28629738415625 150.760725371016
"744" 0.0769230769230769 -795.247401462592 0.064021245040523 0.143273563105049 226.176019955356
"745" 0.230769230769231 -524.735178491606 0.288905700238501 0.198572043444977 184.847612415701
"746" 0.0769230769230769 -653.67195194413 0.314647465845099 0.198353458490524 180.179592847014
"747" 0.230769230769231 -683.909439819335 0.306401658521451 0.207041054383974 179.071342404778
"748" 0.230769230769231 -757.903695001208 0.3304491351624 0.210874594403158 175.598536519501
"749" 0.307692307692308 -233.563934051845 0.562092636174218 0.303924679076306 124.734030558758
"750" 0.153846153846154 -610.327551586843 0.278269641100457 0.217769099988643 181.393011348566
"751" 0.230769230769231 -298.102252093912 0.343140206326689 0.197957780024594 166.068034755608
"752" 0.153846153846154 -487.397195301547 0.434595175463023 0.297244637555612 163.498047082091
"753" 0.307692307692308 -165.851503395787 0.727079053258199 0.394894363892682 92.871039229615
"754" 0.153846153846154 -649.609930139647 0.302711001532146 0.242612950426385 191.413217789167
"755" 0.230769230769231 -434.715988672789 0.384395964311842 0.21578904871424 157.020177911836
"756" 0.230769230769231 -239.492943325609 0.487493347162846 0.264751338628623 136.651325814684
"757" 0.0769230769230769 -461.718593759427 0.193040954553464 0.207134400957407 199.952848108005
"758" 0.384615384615385 -326.169466662895 0.581849213582822 0.313837614291535 123.358323050183
"759" 0.230769230769231 -585.943753246107 0.367318393933536 0.211174404131311 163.450179487232
"760" 0.307692307692308 -286.47187253198 0.403418192836178 0.232007659765776 160.002127360557
"761" 0.0769230769230769 -481.568921716398 0.226535125437005 0.217758556515733 195.856255428067
"762" 0.230769230769231 -144.490718844819 0.612727795973316 0.332658710891711 112.126257043339
"763" 0.307692307692308 -591.667111890109 0.364723889378344 0.207742484678438 163.100889419482
"764" 0.307692307692308 -298.069580861245 0.531109350375946 0.276281982371922 137.802923675291
"765" 0.230769230769231 -863.700957285156 0.356614143817797 0.230656726409812 171.796534868851
"766" 0.230769230769231 -541.040087627697 0.531396081712116 0.322076702608859 144.064320170546
"767" 0.0769230769230769 -438.865790359908 0.162578471235503 0.178530224546842 207.675854274058
"768" 0.230769230769231 -649.028431771068 0.350852899403758 0.246103559966556 184.036898886687
"769" 0.0769230769230769 -504.047804981199 0.241274211732407 0.207299194001726 184.027932610996
"770" 0.153846153846154 -507.476686101817 0.166672144157086 0.164485854085336 205.68035737412
"771" 0 -525.820340047999 0.146672537790158 0.203133829885198 203.22146116426
"772" 0 -489.736074912395 0.316234645620514 0.238264649908267 181.971014938655
"773" 0.0769230769230769 -352.04220751682 0.402213143075204 0.25307133457873 158.820450241929
"774" 0.307692307692308 -337.891005206178 0.571546499359781 0.284253018130695 119.954822747724
"775" 0.307692307692308 -591.423685010766 0.364748362629148 0.219711732226172 172.111981698419
"776" 0.384615384615385 -676.054015929634 0.404124991629423 0.27645517246769 176.106360391455
"777" 0.307692307692308 -177.782791281012 0.680787851940055 0.374702690363044 101.505961115342
"778" 0.307692307692308 -541.636642832665 0.419791313237597 0.286018446821777 163.835042430153
"779" 0.153846153846154 -359.058439131631 0.369904559705272 0.216783595150045 170.041571813247
"780" 0.230769230769231 -262.035248595005 0.727865388036699 0.411651145113656 96.074898131045
"781" 0.230769230769231 -928.467923780088 0.290825688856015 0.214164071456935 183.281757186798
"782" 0.230769230769231 -484.158439246995 0.489750266244685 0.293334733032347 150.666063162144
"783" 0.307692307692308 -472.096228049605 0.379023279536836 0.216875341309869 161.774702275125
"784" 0.307692307692308 -409.610820410827 0.609403659555322 0.315713397796708 117.599924191031
"785" 0.230769230769231 -631.00180044196 0.366414220539281 0.219779783623186 169.858887093584
"786" 0.384615384615385 -139.741931580277 0.683930849786962 0.373814015532298 102.245651613939
"787" 0.153846153846154 -301.204454697553 0.332195377016282 0.203480322732456 167.404227631746
"788" 0.307692307692308 -343.129212644651 0.379554249426658 0.220649130632165 158.062470812902
"789" 0.307692307692308 -225.332962794306 0.430366880324722 0.225113619358223 148.431462253816
"790" 0.153846153846154 -347.735874168162 0.447280589698776 0.302822244547813 157.761850074029
"791" 0.384615384615385 -248.310753580485 0.591799116254473 0.360189459097935 124.707487517674
"792" 0.153846153846154 -588.491862985274 0.285440214878221 0.205392711897172 179.770622784106
"793" 0.307692307692308 -366.144134671433 0.345752304571645 0.230508105044049 172.152819919812
"794" 0.307692307692308 -367.075740140432 0.520832417781242 0.276488412266496 136.839937742408
"795" 0.153846153846154 -399.257572597999 0.245306275432381 0.191618623268839 185.471128292959
"796" 0.307692307692308 -606.948275900421 0.506918576282332 0.279205317254542 142.668467552429
"797" 0.153846153846154 -283.236234251072 0.666613039773074 0.379257285934399 110.94558286973
"798" 0.153846153846154 -365.859176375149 0.339228087554658 0.206750242804632 166.345252586016
"799" 0.153846153846154 -450.888676682038 0.284433289542614 0.220519863484895 184.190858064457
"800" 0.230769230769231 -509.749078666596 0.355084457900939 0.263225327798303 174.469016673544
"801" 0.153846153846154 -662.934121650674 0.151863387108414 0.187682803021496 211.622482051544
"802" 0.230769230769231 -307.338699390678 0.299428018133732 0.200989646316659 175.52550989317
"803" 0.153846153846154 -573.421357649801 0.371376868415884 0.220966193268578 167.073758331586
"804" 0.384615384615385 -237.931800907375 0.766304613971541 0.440243810248819 90.0393422519206
"805" 0.153846153846154 -205.102256848547 0.594844048410102 0.314679687152047 116.465227999817
"806" 0.153846153846154 -477.132562708623 0.206583087029732 0.206489817484719 202.197119878644
"807" 0.230769230769231 -375.313941102925 0.285625447810929 0.233179390033287 184.191717842594
"808" 0.230769230769231 -420.905326084016 0.354551862557095 0.232453487500157 166.432509206308
"809" 0.307692307692308 -391.924832612633 0.386938542083808 0.224387662541193 161.743601136992
"810" 0.384615384615385 -287.909472890417 0.545822798375014 0.321163998152555 135.413013623245
"811" 0.307692307692308 -469.983464551207 0.49856689532958 0.320742425577953 147.206899591503
"812" 0.0769230769230769 -1421.36809581415 0.189355678472893 0.217255587926094 217.195934883635
"813" 0.153846153846154 -489.856193613994 0.395553382551111 0.22688341184637 158.372218064319
"814" 0.230769230769231 -420.25267158591 0.499635121844812 0.337558216976714 151.461098513347
"815" 0.230769230769231 -236.716331089481 0.698594405484394 0.403861740583093 104.357263190152
"816" 0.153846153846154 -546.003088119065 0.446455493830273 0.287508497733609 168.555585402092
"817" 0.307692307692308 -182.190641304245 0.634548093555574 0.347073141130276 109.834004559219
"818" 0.307692307692308 -731.338608976325 0.474593916306375 0.287893419605086 149.835165238599
"819" 0.307692307692308 -227.028442445886 0.635289289688305 0.349473567834081 112.178700405643
"820" 0.307692307692308 -539.601595632962 0.500942619129874 0.241619996425129 143.064849350417
"821" 0.307692307692308 -225.826896408645 0.634723503446414 0.365899947042813 115.950545229183
"822" 0.384615384615385 -422.721348638245 0.488792021800884 0.300537886813585 151.243448299637
"823" 0 -414.462454200711 0.117693517460555 0.178325929639158 209.661998294205
"824" 0.0769230769230769 -559.533135215921 0.325238049460774 0.233795212463325 180.492179649433
"825" 0.153846153846154 -427.7000182025 0.281767593991589 0.203908339123806 183.55458575465
"826" 0.153846153846154 -668.857666234354 0.415973420411267 0.284248789742925 166.66256992277
"827" 0.230769230769231 -464.798935303082 0.221152320050225 0.197961181677422 199.104554629181
"828" 0.230769230769231 -477.22666032363 0.533772235079346 0.271953058053786 127.45361865005
"829" 0.230769230769231 -433.156497706677 0.183717284011877 0.179472008539502 202.334376311795
"830" 0.307692307692308 -405.789274963929 0.423869457561114 0.236135088053944 150.171312849782
"831" 0.307692307692308 -195.046346325228 0.555937569525444 0.333596857031597 132.853462193943
"832" 0.153846153846154 -574.864607014323 0.255836955503887 0.211970803281966 191.229234248609
"833" 0.153846153846154 -410.072022248097 0.322656509497243 0.22812209548262 172.236876638695
"834" 0.307692307692308 -102.397635309526 0.637490693395799 0.314496876518124 105.711485700705
"835" 0.153846153846154 -407.220788518071 0.301127252312161 0.246905934176221 189.862752889784
"836" 0.384615384615385 -371.074262236932 0.622619745435649 0.393366705282906 125.79140482547
"837" 0.230769230769231 -289.505160206242 0.354584693099977 0.263847560039859 170.965140629916
"838" 0.153846153846154 -593.970715118076 0.417739575649077 0.27648882259819 159.697508104159
"839" 0.230769230769231 -492.535119287102 0.315179636864047 0.209293202593736 180.067917442387
"840" 0.230769230769231 -248.15096983219 0.51746500138224 0.285800191559438 135.457181412149
"841" 0.153846153846154 -682.86290385926 0.302079195488649 0.264056835397047 189.773581702872
"842" 0.230769230769231 -543.886293511831 0.309933793930593 0.267607357043108 181.76945596121
"843" 0.230769230769231 -527.569008837701 0.654063644416681 0.343859796342981 108.80053133402
"844" 0.307692307692308 -765.272231761291 0.343557872228169 0.273848954162017 178.453394433737
"845" 0.0769230769230769 -523.406879904023 0.215251926500188 0.182697965932609 191.131506643959
"846" 0.0769230769230769 -585.89301374683 0.0867183933268806 0.214538768263214 226.371573612282
"847" 0.153846153846154 -574.847072252987 0.227932098775094 0.198042781834892 204.097294817239
"848" 0.307692307692308 -240.912950547992 0.47499025518707 0.283550915961599 142.339215918178
"849" 0.307692307692308 -454.359072320769 0.484925416841202 0.273651239157091 145.823946340182
"850" 0.153846153846154 -621.28381637689 0.239310968744642 0.194915751424041 191.891692008544
"851" 0.307692307692308 -359.645404932443 0.636983790864535 0.346660246455986 111.364128425636
"852" 0.384615384615385 -193.393891406253 0.696068822305772 0.375167889822945 98.6933730940636
"853" 0.0769230769230769 -1193.58572572537 0.260933696624251 0.228714058548806 198.902759801596
"854" 0.307692307692308 -463.244890151261 0.417746789972518 0.250634467328383 154.195339450713
"855" 0.153846153846154 -364.836404643828 0.319303764042105 0.196387256619507 173.118250253259
"856" 0.230769230769231 -270.001931591129 0.50108046314314 0.2577924750354 138.431845378326
"857" 0.230769230769231 -843.013888817013 0.359572679942065 0.225976366619254 173.179665281649
"858" 0.153846153846154 -676.434813573304 0.316553331113367 0.210821267208593 181.233103200816
"859" 0.384615384615385 -331.104106469358 0.510814686677763 0.292264283330567 138.914420858617
"860" 0.307692307692308 -370.146977673777 0.434564233670433 0.280149081205719 153.81918272465
"861" 0.538461538461538 -202.230769416342 0.740032413634898 0.43213345550358 91.8964988199528
"862" 0.153846153846154 -398.871029375833 0.436587215973477 0.249180744440815 149.363409826322
"863" 0.0769230769230769 -423.210198384286 0.277203073077649 0.228300626490019 184.867841763354
"864" 0.384615384615385 -261.660879823753 0.493934443697173 0.272461163327716 142.564977005245
"865" 0.153846153846154 -609.537623391828 0.461624798184298 0.248177417006792 150.303935753391
"866" 0.230769230769231 -748.995987365294 0.547284059299095 0.360422957879539 146.275023363587
"867" 0.230769230769231 -325.555787559506 0.362122375254243 0.23945780243186 166.83379144711
"868" 0.384615384615385 -144.156240429303 0.52783201551705 0.267405899432907 125.854626063779
"869" 0.153846153846154 -568.529743015544 0.23292023158009 0.193077873141295 189.750345355454
"870" 0.0769230769230769 -477.815098567062 0.1757398186295 0.166690144748826 204.180710097204
"871" 0.230769230769231 -180.139541052524 0.567820516917539 0.312881922039678 120.937585632172
"872" 0.230769230769231 -391.537533708612 0.607065964080966 0.384527800065875 127.56165449078
"873" 0.230769230769231 -372.524298296411 0.335589482818922 0.257790764367726 180.914939255816
"874" 0.230769230769231 -259.20364432859 0.436526618126691 0.247906466408849 149.629919470374
"875" 0.307692307692308 -392.277214861298 0.377687970424849 0.228677158893437 164.658810851483
"876" 0.153846153846154 -422.296055485003 0.268496448612025 0.208066595181046 183.329897380885
"877" 0.307692307692308 -343.757007563189 0.584830820816023 0.324714080637269 128.400155764618
"878" 0.384615384615385 -134.204935630396 0.719040638308116 0.408736634875848 94.5819474942958
"879" 0.153846153846154 -764.560195332 0.477131136995385 0.321070332209607 157.346844635061
"880" 0.230769230769231 -380.033285596951 0.351414007918891 0.205317687926394 168.631987147389
"881" 0.230769230769231 -541.360972269974 0.313147542049336 0.23145154765441 182.559749305797
"882" 0.384615384615385 -337.639417718295 0.657526159705538 0.365696267142859 111.855341521294
"883" 0.153846153846154 -647.336655880146 0.106994305068174 0.191180015907073 223.432052895764
"884" 0.307692307692308 -396.598258460735 0.612266474203145 0.384347872760737 126.221116846616
"885" 0.230769230769231 -516.377926584471 0.365789206850229 0.21786456552507 166.423609999563
"886" 0.384615384615385 -261.658216179679 0.563924871499518 0.30825412605169 130.036612417043
"887" 0.384615384615385 -304.344952906755 0.661431202326376 0.328432312440833 101.614758573996
"888" 0.153846153846154 -505.206255850066 0.415791670213063 0.238093389335531 155.829811044703
"889" 0.307692307692308 -292.304934583788 0.537024971170306 0.276976765169239 130.990607059102
"890" 0.153846153846154 -368.784704686762 0.457761763188516 0.234919508177437 145.345427993776
"891" 0.153846153846154 -616.654189525768 0.185697944458098 0.199595379745917 205.866177236479
"892" 0.230769230769231 -379.489548605034 0.256698546236414 0.191178419810601 188.297372442691
"893" 0.307692307692308 -422.788963441864 0.296495580927031 0.214542750312727 178.12473958005
"894" 0.384615384615385 -127.084589817209 0.711228486343554 0.427310064955949 97.5212152023986
"895" 0.230769230769231 -404.439955255476 0.459136035938663 0.2562046001407 156.237439347831
"896" 0.153846153846154 -457.628589566641 0.311293797266195 0.245943744972976 178.977319011436
"897" 0.153846153846154 -736.22032993994 0.421840785783886 0.273992386946252 162.594246554831
"898" 0.153846153846154 -338.801495587709 0.341674348516913 0.217878170475651 173.800350721297
"899" 0.307692307692308 -395.044251583002 0.416588305352028 0.286546986565262 161.792198172957
"900" 0.153846153846154 -553.908872785236 0.336248393736141 0.223921366139859 173.102635238226
"901" 0.307692307692308 -182.32341995034 0.739076223530368 0.494404232801765 98.8488954293331
"902" 0.307692307692308 -357.71647603315 0.659655509933553 0.414267361041035 112.736226268464
"903" 0.230769230769231 -419.155590884504 0.340484915414356 0.201077158040161 176.450283550927
"904" 0.153846153846154 -516.735452004147 0.238101939980881 0.209914174447687 190.565828302253
"905" 0.0769230769230769 -618.074857389237 0.123534187266295 0.193323788400314 223.760060614005
"906" 0.153846153846154 -557.781779288926 0.21606464873712 0.194851824614176 197.113466248808
"907" 0.230769230769231 -366.476569981092 0.406731359806507 0.217374994933105 148.934357011947
"908" 0.0769230769230769 -418.44212941456 0.290454782743177 0.209924285692447 180.608181332289
"909" 0.230769230769231 -358.523456374621 0.694515164580755 0.37497736221801 101.58675774948
"910" 0.230769230769231 -324.968770605421 0.422203906688226 0.234328475967869 151.94365205175
"911" 0.230769230769231 -331.464720567798 0.542250596804034 0.264606571321423 127.709277540774
"912" 0.230769230769231 -517.330007814681 0.435867538392298 0.292660680808257 163.073300884552
"913" 0.230769230769231 -337.963757227288 0.431352961949537 0.243414884742543 152.015019919565
"914" 0.230769230769231 -478.716656719493 0.506943468511141 0.335706368864624 149.587386036385
"915" 0.230769230769231 -240.129208421156 0.586154842319853 0.308868002620081 120.459030546085
"916" 0.153846153846154 -605.728245374705 0.199416543166536 0.182410751664762 204.278761307639
"917" 0.307692307692308 -396.944131810575 0.332421699250041 0.203342346170504 176.851996694428
"918" 0.307692307692308 -203.132842815394 0.73879562221331 0.442394907055154 94.2001213440996
"919" 0.230769230769231 -367.920752210827 0.47238547229821 0.311793966585044 152.702765108712
"920" 0.153846153846154 -709.167626346331 0.338441369803335 0.240648426480813 179.803092001124
"921" 0.384615384615385 -264.424357306738 0.680073811250205 0.400735546577892 108.332551251745
"922" 0.153846153846154 -381.849916491755 0.290028872903791 0.221241651890664 181.444445728634
"923" 0.0769230769230769 -681.486067371043 0.179305368206224 0.211289435025383 204.174944402326
"924" 0.307692307692308 -404.157039830076 0.48525010875641 0.28465873099496 141.691685209919
"925" 0.153846153846154 -319.411404173753 0.483551441789627 0.294088935008141 147.266255730169
"926" 0.230769230769231 -447.066539391287 0.500981299557237 0.265977393130125 136.623757336624
"927" 0 -800.702439572472 0.0915968688069121 0.168484351314244 222.382079807829
"928" 0.230769230769231 -368.831388026232 0.603143090079421 0.40007906432308 130.589760301423
"929" 0.307692307692308 -948.730309212017 0.459560563150728 0.292238843453509 162.44427405691
"930" 0.384615384615385 -242.799388570999 0.60186294967141 0.322342369350945 118.16263342652
"931" 0.153846153846154 -347.200334728917 0.438114859731709 0.271686066548817 156.020950066512
"932" 0.307692307692308 -660.417448355106 0.456926707671098 0.300984409530076 155.559083406194
"933" 0.153846153846154 -310.062453491116 0.239052195558345 0.180300624827597 184.749801850684
"934" 0.153846153846154 -287.158750461648 0.569933967352855 0.310143967707938 129.098809892686
"935" 0.153846153846154 -349.894002059435 0.160047030335793 0.167317457037554 201.135574394182
"936" 0.307692307692308 -284.877090833871 0.482016081768457 0.25413538669747 138.934016472865
"937" 0.307692307692308 -220.828517244701 0.714116466723883 0.427096465717462 100.21489207684
"938" 0.153846153846154 -638.749372332519 0.38307454038323 0.233382479313528 171.176434313101
"939" 0.230769230769231 -320.318734357142 0.550882229423274 0.305310899017455 130.794945443577
"940" 0.0769230769230769 -288.559633776626 0.146943613385246 0.171660809335553 201.745829677677
"941" 0.307692307692308 -134.604705715146 0.659817836165678 0.338056650042937 103.166249335804
"942" 0.307692307692308 -490.980428245006 0.413796288904211 0.296264876970172 167.790092875692
"943" 0.153846153846154 -378.121486388618 0.540435512034004 0.28407534798312 126.379580797877
"944" 0.153846153846154 -973.813648319994 0.335520025731566 0.239217835420555 171.17578127516
"945" 0.307692307692308 -298.867943332098 0.262590059286639 0.183289026359463 177.959122179926
"946" 0.230769230769231 -588.790426742199 0.351604745417426 0.211321163709696 168.306516604575
"947" 0.153846153846154 -431.697401741616 0.2546962433288 0.178425899494964 182.551868651945
"948" 0.230769230769231 -630.503786535479 0.312813857472063 0.204794135697634 171.547238732013
"949" 0.230769230769231 -441.040977349399 0.308115546878329 0.245806465583564 185.545388431593
"950" 0.384615384615385 -279.861053709424 0.6248197668002 0.299386516435226 112.590677184269
"951" 0.153846153846154 -278.892398361183 0.458971665668986 0.236439415794884 146.451855433644
"952" 0.0769230769230769 -372.285420863014 0.331061561066886 0.236453288790926 168.978026549529
"953" 0.230769230769231 -311.987675040818 0.529847340007105 0.311804159322989 138.336348454067
"954" 0.230769230769231 -385.864814183401 0.35601754953965 0.242348941997095 169.653753010898
"955" 0.153846153846154 -658.010649596549 0.238152347217916 0.237479851874358 201.699318302187
"956" 0.153846153846154 -618.620146834851 0.432311815908013 0.294808535887396 165.918028058391
"957" 0.230769230769231 -348.914315080546 0.242006383079727 0.179425219899442 184.605002033471
"958" 0.153846153846154 -489.669247663222 0.283631021795289 0.214230815613562 186.159961805216
"959" 0.307692307692308 -475.17599581446 0.569022234179913 0.302077410372224 126.48937179395
"960" 0.307692307692308 -351.465510637972 0.317824355846552 0.198832421120317 169.892609740472
"961" 0.307692307692308 -354.404585806267 0.597625217346192 0.310907539059697 118.23671813128
"962" 0.153846153846154 -551.816488065487 0.361084989299037 0.249440571972953 168.358692895502
"963" 0.384615384615385 -175.224832509269 0.630137182610999 0.319409604556698 109.387042377503
"964" 0.153846153846154 -395.153398963173 0.551056734484455 0.339740301925336 141.208879605862
"965" 0.153846153846154 -225.086756401245 0.438324586026794 0.22895213634471 146.176131540623
"966" 0.230769230769231 -508.761241985155 0.54404586536016 0.330068692422095 139.899409989889
"967" 0.461538461538462 -204.498478312665 0.674230084163149 0.422904905887033 111.529524726332
"968" 0.230769230769231 -535.575362980553 0.378434405487482 0.252293446705601 161.588948573109
"969" 0.153846153846154 -523.255685027378 0.179745901016188 0.218326119102124 204.215394840983
"970" 0.0769230769230769 -596.99021170813 0.112423565511057 0.181319220043718 220.556626331387
"971" 0.153846153846154 -279.506950998292 0.52012284842848 0.27211393965696 132.345532712233
"972" 0.153846153846154 -468.737404265427 0.233960982026707 0.21847627781447 195.05001757435
"973" 0.153846153846154 -393.414463202165 0.38454004869538 0.251149595167069 162.193658157741
"974" 0.307692307692308 -587.528311867513 0.470632809781063 0.324852448840878 161.939086365716
"975" 0.230769230769231 -492.949456046971 0.466674718608197 0.238637797849273 146.056734115816
"976" 0.384615384615385 -268.696779515877 0.685421274233524 0.410936790725713 107.63712309561
"977" 0.153846153846154 -551.320495100406 0.201751007971271 0.201400874164668 201.598722312292
"978" 0.230769230769231 -314.160230004876 0.442171233651821 0.25025184288604 151.75919863807
"979" 0.230769230769231 -362.056563459034 0.531800203147826 0.327128643763543 140.446953996755
"980" 0.384615384615385 -254.941959101406 0.801536631931841 0.505969673322171 84.633299336899
"981" 0.153846153846154 -535.508184870184 0.258293226005906 0.212127345116381 191.440576940227
"982" 0.153846153846154 -368.207137176123 0.30827794935922 0.206333108381032 176.020617443237
"983" 0.0769230769230769 -624.449789893386 0.259080874758658 0.213561270564254 188.996311636236
"984" 0.307692307692308 -702.42940627975 0.53147489613627 0.360959205627402 151.247766425677
"985" 0.153846153846154 -1018.15195344288 0.206497242084447 0.182415652976667 204.274006166851
"986" 0.230769230769231 -338.463933073191 0.261485533897943 0.20149663131209 183.11225312748
"987" 0.461538461538462 -286.807391798244 0.596707334236318 0.326679738129129 124.949006263919
"988" 0.307692307692308 -213.148719143717 0.587117925074086 0.355413845609969 126.342813278767
"989" 0.230769230769231 -369.707040316185 0.504798253768991 0.2425862714368 133.112632244504
"990" 0.230769230769231 -367.964899423488 0.466829143711687 0.306291382591785 154.366988714235
"991" 0.307692307692308 -232.09613412821 0.454724745551075 0.255552199490526 149.169640830606
"992" 0.0769230769230769 -495.072152895652 0.286884558757885 0.215099217870509 177.375299103395
"993" 0.307692307692308 -643.273039588217 0.508382946259561 0.274714364076021 141.100419987657
"994" 0.0769230769230769 -680.152182704843 0.087526784879644 0.159091792153387 217.359927824046
"995" 0.384615384615385 -392.044003873159 0.488871288647641 0.268481160316608 136.078657417702
"996" 0.153846153846154 -482.304165919517 0.300623575962586 0.227246706143559 185.545308140104
"997" 0.153846153846154 -524.659854371058 0.428817885449848 0.24750332014259 159.833044325958
"998" 0.153846153846154 -705.870350415999 0.447218848569725 0.265662205768587 148.89145070804
"999" 0.230769230769231 -376.593242811499 0.319510340563132 0.190684874387796 172.403696175017
"1000" 0.230769230769231 -266.134752587964 0.410303473198956 0.240937270605865 153.853778509057
