"SCI" "RCI" "GER" "MSM*" "MIG"
"1" 0.225806451612903 -1248.4317938655 0.277425978402376 0.0626478932156937 1565.40372432303
"2" 0.225806451612903 -1302.7977229343 0.340777770172892 0.064578466143247 1462.50077169916
"3" 0.290322580645161 -1094.51949302434 0.333021801780599 0.0665860850874005 1444.67871874412
"4" 0.32258064516129 -955.241042457025 0.442398761186932 0.0783461977987479 1252.08410311941
"5" 0.258064516129032 -940.925176027516 0.473800679852713 0.0839458850083849 1184.42104793253
"6" 0.225806451612903 -1532.85168547274 0.344550368147336 0.0677452482583763 1444.65549307568
"7" 0.32258064516129 -1046.87441506347 0.427226802413958 0.0773132067714463 1269.6156261068
"8" 0.258064516129032 -871.643194320508 0.336732436813205 0.0674270507881164 1454.70423203033
"9" 0.290322580645161 -998.326359587903 0.375966838758908 0.0697885990646663 1370.11600460287
"10" 0.290322580645161 -869.863689349189 0.339453537764128 0.0656521914968612 1447.18857614402
"11" 0.290322580645161 -965.29672974998 0.450066217851474 0.078699925332848 1224.76654743555
"12" 0.32258064516129 -901.313114713975 0.505819692711521 0.087872933833078 1116.83087652764
"13" 0.290322580645161 -1216.25381927098 0.368585063084469 0.0693167528749948 1401.43262194449
"14" 0.161290322580645 -1211.48324939452 0.241270324682085 0.0576822654509916 1652.17279204464
"15" 0.32258064516129 -915.504548805073 0.358995877451177 0.0678762179914213 1394.87962684091
"16" 0.32258064516129 -1397.81678134173 0.484789088460058 0.0840577062148438 1159.33714593028
"17" 0.32258064516129 -889.764425107356 0.468768211264876 0.0803461425930976 1200.80196751407
"18" 0.258064516129032 -674.877623493618 0.560461991890921 0.0968789933696739 982.361557013812
"19" 0.354838709677419 -850.612767150786 0.496266640259463 0.0852807109710776 1133.02465292395
"20" 0.354838709677419 -766.146760475796 0.487002320393266 0.0839079537804321 1152.47300695969
"21" 0.290322580645161 -1217.24447911118 0.426686697688922 0.0754405070660187 1265.55667160539
"22" 0.290322580645161 -1211.50735984271 0.314344183007441 0.0650374121293636 1502.40276558034
"23" 0.290322580645161 -1516.19684081269 0.462620830158774 0.0825685101957554 1214.97719929491
"24" 0.290322580645161 -1227.96103701494 0.351963701721204 0.0684654189134768 1422.96262649902
"25" 0.225806451612903 -1296.2546973702 0.368775626680969 0.0689128854075489 1394.18251473517
"26" 0.290322580645161 -1149.55898959472 0.402510469454624 0.0723718336043241 1330.38512002348
"27" 0.290322580645161 -776.216071149059 0.501871715464437 0.0856805826785877 1112.63648166203
"28" 0.290322580645161 -945.482846189285 0.410931144473345 0.0734793303697598 1301.47151022465
"29" 0.354838709677419 -838.443198137647 0.494719236263595 0.0865320962452332 1135.00729836743
"30" 0.225806451612903 -783.454237108485 0.299568136888877 0.0617644254545537 1518.27921599869
"31" 0.258064516129032 -1591.00792307066 0.403945775840653 0.0735158295760487 1327.99046752866
"32" 0.354838709677419 -667.379850912901 0.59119003307536 0.102454547005517 935.095891614454
"33" 0.290322580645161 -814.689610062104 0.552335518142791 0.0961469181640882 1019.42312880275
"34" 0.32258064516129 -813.204473365791 0.432232522890656 0.0759624275593908 1253.57631179194
"35" 0.290322580645161 -954.386391068524 0.40941717797271 0.0728171911532553 1299.94870456939
"36" 0.290322580645161 -858.730915441683 0.435725437502877 0.0789948305815128 1254.94597487924
"37" 0.419354838709677 -1121.87966383537 0.463464978178027 0.0814965744388146 1203.03301154042
"38" 0.258064516129032 -920.329427602607 0.456738991571902 0.0782134923288675 1224.55841718296
"39" 0.258064516129032 -1047.85783392071 0.46547521878233 0.0809690080573647 1196.55875976944
"40" 0.290322580645161 -1304.92823071498 0.388179324262855 0.0708068541512933 1365.41125614479
"41" 0.225806451612903 -922.504452601396 0.420827548549676 0.0734193555482653 1291.68005020694
"42" 0.290322580645161 -1012.62778418135 0.44796021229643 0.0788692433961003 1238.56231130699
"43" 0.387096774193548 -729.134089544368 0.561645877962457 0.0988206591171361 1005.30762398793
"44" 0.258064516129032 -1398.16554374224 0.433216866283378 0.074696408908896 1284.04992763684
"45" 0.258064516129032 -1110.76772118366 0.36443480883355 0.068837595577113 1404.47055746102
"46" 0.354838709677419 -1133.86937733624 0.363643820243667 0.0680871689390456 1408.33439489604
"47" 0.258064516129032 -823.608211207666 0.422535204369437 0.0760025232870729 1268.7493864092
"48" 0.32258064516129 -870.452345199501 0.445228479708039 0.0800567825086521 1223.48806047437
"49" 0.193548387096774 -1391.58576912794 0.347452735129926 0.0661880389452863 1431.66740848946
"50" 0.354838709677419 -953.620342765978 0.456001963692613 0.0817226791499212 1211.25993728763
"51" 0.387096774193548 -607.922356298156 0.584276908044638 0.105330888574106 950.648779966051
"52" 0.290322580645161 -1145.94765463164 0.393866101002744 0.072564767460785 1337.20421877584
"53" 0.354838709677419 -731.546870380543 0.52227459637918 0.0923276101381784 1073.63685696704
"54" 0.258064516129032 -1048.57716086044 0.314694952707912 0.0644811265645251 1487.95626733947
"55" 0.354838709677419 -863.294613479574 0.478825237362524 0.082188881013601 1169.66600937558
"56" 0.225806451612903 -1555.09580700883 0.289669057574756 0.0644171490644459 1549.06900869553
"57" 0.354838709677419 -1052.67341614559 0.461958804801878 0.0812822064078137 1191.95554403674
"58" 0.32258064516129 -897.928658538892 0.452405338282836 0.0817141514187898 1217.44225513556
"59" 0.290322580645161 -1342.73554928121 0.272608355123302 0.0605785316254478 1593.15922510965
"60" 0.32258064516129 -870.914984440023 0.34756435012113 0.0695129047194984 1409.07778487406
"61" 0.258064516129032 -1127.34620259505 0.372903861712944 0.0695014296048776 1383.97586282366
"62" 0.258064516129032 -921.752932811341 0.445774210907977 0.0786990130678144 1220.44564785352
"63" 0.258064516129032 -1284.66593608027 0.24429108116335 0.058241701441342 1643.27908510231
"64" 0.225806451612903 -1118.25508872654 0.32450428047211 0.0635979942328477 1495.29450824625
"65" 0.387096774193548 -923.421372947967 0.396305001098336 0.0743532625821429 1326.35644307301
"66" 0.32258064516129 -720.319622645014 0.515216111615236 0.089794860578338 1086.15984877383
"67" 0.258064516129032 -768.0242625833 0.360409352341771 0.0681993114670667 1395.3130705544
"68" 0.32258064516129 -537.923502624482 0.572851666962157 0.0977671451292636 974.023189481919
"69" 0.258064516129032 -821.837799793283 0.444004123124893 0.0792113634047905 1238.15022898111
"70" 0.225806451612903 -1390.17237672499 0.304664393710765 0.0639871809333777 1515.0219595561
"71" 0.193548387096774 -1730.07962452367 0.325960172242026 0.0627020809943929 1508.88571632477
"72" 0.258064516129032 -1209.69996193914 0.376114177383612 0.0698580490078121 1373.85402556567
"73" 0.258064516129032 -1073.37750065101 0.435404956080577 0.0758594412760499 1255.46547094838
"74" 0.290322580645161 -884.293618496565 0.456374156611276 0.0799223334002305 1216.0726313489
"75" 0.290322580645161 -1344.7094422903 0.395151048921954 0.0739221451011201 1330.59684981879
"76" 0.32258064516129 -761.349556699426 0.559514391687213 0.0962426517694418 1006.8706443274
"77" 0.225806451612903 -892.954424601885 0.396227027542918 0.0716275912920892 1324.02554679289
"78" 0.354838709677419 -1090.84558980428 0.37793781659067 0.0706702844403915 1362.46753701442
"79" 0.258064516129032 -1202.72401283607 0.294711701371856 0.0635857102359315 1534.78559920833
"80" 0.354838709677419 -794.481152930231 0.479758360021807 0.0828345293775289 1166.0353560561
"81" 0.354838709677419 -1324.83418404597 0.471664488188133 0.0800506885471639 1177.94447252578
"82" 0.290322580645161 -1068.1710518872 0.350174720662317 0.0663852546862503 1430.67741501689
"83" 0.32258064516129 -929.973695920839 0.41881363124205 0.0748039105449899 1283.29566689685
"84" 0.387096774193548 -957.077810806575 0.429249227511023 0.0743796986275092 1267.20355515291
"85" 0.387096774193548 -802.28159397408 0.521424774120547 0.0913730164313051 1076.83022073282
"86" 0.354838709677419 -1247.18868107978 0.405659910198417 0.0733142699961909 1316.94309050451
"87" 0.387096774193548 -846.36597372469 0.432404167514633 0.076447431766227 1265.36375838332
"88" 0.32258064516129 -954.779752110737 0.498787412715746 0.0857486396040864 1133.72574075894
"89" 0.258064516129032 -1001.04281342336 0.374327407154527 0.0711459031853768 1370.07781392119
"90" 0.290322580645161 -1844.40410557814 0.340481871081521 0.0659609456326951 1446.3428883461
"91" 0.387096774193548 -904.981289362305 0.615572078676483 0.112078215546958 888.551639501823
"92" 0.193548387096774 -732.224264398553 0.479044600652289 0.0845529812714802 1139.97954598561
"93" 0.32258064516129 -1000.1588334026 0.368583126382105 0.0691210142019715 1401.11786785615
"94" 0.290322580645161 -1019.90867886318 0.459492344662769 0.0785661598020056 1200.71422451053
"95" 0.32258064516129 -919.339468174731 0.348543273991997 0.0691871226578227 1437.36944427597
"96" 0.354838709677419 -1060.16745156398 0.378142004987033 0.0703899035978718 1370.54596660018
"97" 0.32258064516129 -824.924958379149 0.492676243262126 0.0846845770888357 1140.72764154134
"98" 0.290322580645161 -856.215061955633 0.453195078835431 0.0783433923888807 1216.99749291787
"99" 0.419354838709677 -906.73903483959 0.512238739482765 0.0860671114600922 1103.4412833178
"100" 0.258064516129032 -1053.7478815301 0.415135459636316 0.0745915459753516 1295.62421126065
"101" 0.225806451612903 -1125.13247010945 0.343927695382283 0.0677366808053439 1444.31284659404
"102" 0.290322580645161 -737.438243827878 0.469247850503777 0.0815510541060258 1193.38640793439
"103" 0.354838709677419 -891.876560813908 0.402041983714746 0.0730674743461042 1306.19881084517
"104" 0.32258064516129 -737.535360232575 0.555026674138692 0.0942343157698839 1012.65986867352
"105" 0.354838709677419 -653.168680084669 0.538957452504315 0.09452526810965 1043.0120631071
"106" 0.258064516129032 -1142.19153857615 0.321970735546718 0.0634202249296473 1497.3263979468
"107" 0.419354838709677 -691.460825015174 0.545266530988275 0.0936300658976532 1029.5573400755
"108" 0.290322580645161 -912.92595574189 0.417209534358537 0.074147978962583 1284.04850148933
"109" 0.258064516129032 -1057.70285170862 0.400539894283712 0.0731498243831135 1325.66732004302
"110" 0.354838709677419 -836.987201122912 0.464317012520421 0.080110917972107 1201.18256289595
"111" 0.354838709677419 -898.215233587992 0.506377575228255 0.0895997189487644 1105.90608295575
"112" 0.290322580645161 -1209.49644178225 0.403077792884352 0.0731915827462823 1322.41582758727
"113" 0.258064516129032 -1188.23443534095 0.324419174180763 0.0635947069245816 1472.22110122948
"114" 0.32258064516129 -947.10147330771 0.421604610149285 0.07615932586976 1285.52642339508
"115" 0.225806451612903 -1119.16397037482 0.37385586075074 0.0694207614338755 1381.62316216609
"116" 0.258064516129032 -1148.3992145002 0.314597121360395 0.0651287888119823 1486.40109910525
"117" 0.354838709677419 -1028.72129121126 0.434143712161558 0.0773623638976407 1246.95426501004
"118" 0.225806451612903 -1080.15977402357 0.201618264646696 0.054757117510804 1712.0608679889
"119" 0.419354838709677 -885.650668638574 0.462108104352577 0.0798963839253552 1209.6263137382
"120" 0.225806451612903 -1009.06940967451 0.358455727917664 0.0705480961380623 1392.45402336117
"121" 0.290322580645161 -888.180382410531 0.347188485554095 0.0682115246100915 1427.10090307145
"122" 0.32258064516129 -1116.6322372308 0.377030393452214 0.0726382774872549 1378.66861423656
"123" 0.258064516129032 -1288.70786946725 0.408727339064019 0.0715484816888132 1339.91209208922
"124" 0.32258064516129 -1058.96192073963 0.496108687107264 0.0855041898803188 1137.54728362839
"125" 0.354838709677419 -561.200326435001 0.571562113959465 0.0979460995713004 970.753072700929
"126" 0.290322580645161 -1462.82915942169 0.368111174672845 0.0697534178512385 1389.01892577182
"127" 0.32258064516129 -976.898783435823 0.302953155983017 0.0628411268165092 1508.17251253707
"128" 0.290322580645161 -1388.18269244561 0.378889557798402 0.0707570614588185 1387.21987308624
"129" 0.193548387096774 -1014.26561805872 0.456133141108389 0.0811073795765193 1222.6803282873
"130" 0.290322580645161 -1356.91054121355 0.431062780112072 0.075436361304735 1269.31387730998
"131" 0.193548387096774 -1056.20994680792 0.281265843436045 0.0614890437992146 1571.58698122872
"132" 0.387096774193548 -1229.4659193912 0.471581154669319 0.0833053242166574 1195.12669219892
"133" 0.290322580645161 -884.724772172835 0.414904351543571 0.0757802256754837 1291.9776536403
"134" 0.193548387096774 -1352.77955351903 0.350916608331881 0.0670101727154208 1429.93339498169
"135" 0.290322580645161 -1201.53699319053 0.432166084449989 0.0767217395511525 1277.17225852481
"136" 0.354838709677419 -880.187123627088 0.566882622511779 0.0980143471397308 985.365688476746
"137" 0.419354838709677 -799.949609613816 0.571269267890155 0.0968779922849573 983.191488271346
"138" 0.225806451612903 -1494.17474459513 0.332535355670656 0.0650543974089907 1507.93342611162
"139" 0.354838709677419 -968.913524188419 0.461288577346788 0.0812026025855963 1202.02772081804
"140" 0.290322580645161 -983.96812880715 0.380394756024608 0.0714293493139343 1363.16668190309
"141" 0.290322580645161 -1320.38884645478 0.295137590579887 0.064779148554644 1534.74616294323
"142" 0.258064516129032 -1444.69590440596 0.367627107469225 0.0687080330247932 1410.80762913502
"143" 0.225806451612903 -1192.69397843953 0.264498311877925 0.0590080973828892 1611.22877710571
"144" 0.419354838709677 -837.690531599771 0.565332958467032 0.0984036925303015 990.040637848501
"145" 0.258064516129032 -1237.21561903978 0.357115285327861 0.0689499416076504 1404.3793617462
"146" 0.387096774193548 -1228.82732271312 0.402287604204898 0.0713248097574451 1337.80756614959
"147" 0.258064516129032 -879.29326487474 0.524022217208469 0.093952439987475 1072.42537700453
"148" 0.32258064516129 -1303.14924994173 0.400814465843105 0.0720711598003979 1326.39945040384
"149" 0.290322580645161 -1283.70796764911 0.278551342174491 0.0607712296723877 1579.36557037321
"150" 0.258064516129032 -1306.34978374676 0.342508132172615 0.0654315543666825 1443.97806241702
"151" 0.258064516129032 -1109.80655537558 0.292294980446402 0.0610195613391253 1536.11293986327
"152" 0.225806451612903 -1261.21828137038 0.333086268885265 0.0654881887937797 1455.94361160973
"153" 0.225806451612903 -1557.39621534996 0.289424609768649 0.0622290826028304 1574.41738343695
"154" 0.258064516129032 -1128.37930052155 0.276077007855252 0.0617691179249485 1562.5785535351
"155" 0.258064516129032 -843.258231991426 0.48966030427655 0.0842217715161098 1143.78097102924
"156" 0.419354838709677 -1234.48390055151 0.470151294027524 0.0824818420738854 1200.15185061185
"157" 0.290322580645161 -1245.35869184752 0.424985566331325 0.0760388233273766 1284.30266326255
"158" 0.290322580645161 -1224.7428692586 0.514172812915483 0.0876476206202408 1113.4529612702
"159" 0.32258064516129 -1001.48717833047 0.394537176445306 0.0740960751726124 1327.24135955631
"160" 0.32258064516129 -1036.02416644897 0.365368292270527 0.0691963614587168 1394.70361832846
"161" 0.258064516129032 -1399.07101216367 0.380099198455087 0.0709016990246977 1354.45016648965
"162" 0.258064516129032 -1227.94321911634 0.29191062447831 0.0637931241000626 1541.44241250841
"163" 0.354838709677419 -1079.57722061243 0.532737774899103 0.0891602222058086 1068.00665434132
"164" 0.258064516129032 -888.797037947691 0.372362712421085 0.0715632520588405 1375.18177917713
"165" 0.387096774193548 -639.328144823125 0.486788051335242 0.084660958248898 1147.22040670362
"166" 0.258064516129032 -732.100239059168 0.419801946447543 0.0754372346453889 1278.44157801364
"167" 0.290322580645161 -819.637546783529 0.528882658479942 0.0919875529359087 1068.9351621949
"168" 0.387096774193548 -775.292500142694 0.497284330345894 0.085128805846009 1118.00978706148
"169" 0.225806451612903 -1239.30058768524 0.314288280501161 0.0625562423956064 1503.09177433343
"170" 0.258064516129032 -987.32007968753 0.377538136728 0.0709029961017113 1357.56960275776
"171" 0.225806451612903 -1145.3491847983 0.321677478320515 0.0667224163219158 1491.01375289608
"172" 0.290322580645161 -995.32638664909 0.492559911675222 0.0846909372926201 1153.43479110712
"173" 0.387096774193548 -764.950224447935 0.518132393194513 0.0890697466497187 1074.95026460488
"174" 0.32258064516129 -842.564024953925 0.552377304322995 0.0927347334862044 1022.10857600953
"175" 0.193548387096774 -1218.93601427661 0.167511154823391 0.0535448111576557 1785.29681387728
"176" 0.258064516129032 -929.033724705048 0.466606114179111 0.0798446372088207 1192.36036066455
"177" 0.354838709677419 -730.883909992775 0.457581406544098 0.0810119789034474 1193.67758539764
"178" 0.387096774193548 -1529.32063602429 0.487532295679542 0.0840192421377336 1161.05590397178
"179" 0.387096774193548 -1027.41623540496 0.444195096819951 0.075984273029033 1250.63436244329
"180" 0.193548387096774 -1473.7011593323 0.20307767860422 0.0549827541993384 1739.72275832194
"181" 0.290322580645161 -947.934448194649 0.395976756365259 0.0738133995687054 1337.65945490536
"182" 0.290322580645161 -1070.93405363181 0.441753355083873 0.0765065682534952 1242.87662788658
"183" 0.290322580645161 -934.809511982657 0.453701984073984 0.0792642110670235 1228.48912616494
"184" 0.387096774193548 -804.032287565505 0.486823350994718 0.0845700762880588 1146.27625870217
"185" 0.258064516129032 -888.026670438533 0.504309763336413 0.0874408319193924 1120.96631039232
"186" 0.193548387096774 -1021.00124071673 0.410824531112338 0.0720090656721678 1312.53996699339
"187" 0.32258064516129 -1212.25127742696 0.421397460665967 0.0757026597419823 1288.23209351409
"188" 0.290322580645161 -1444.59945015265 0.396261090000292 0.0711994191152924 1354.00497193102
"189" 0.32258064516129 -1904.14785795008 0.361085471689249 0.0689898952551861 1419.449871097
"190" 0.225806451612903 -888.758204444771 0.428959463756416 0.0765873189135711 1259.86582912376
"191" 0.225806451612903 -923.779625587995 0.372045322382101 0.0688937580234262 1374.6467324175
"192" 0.354838709677419 -1005.95570293822 0.476472415741151 0.083506839556759 1172.53545752478
"193" 0.32258064516129 -925.413275966008 0.457549453507155 0.0781902739678348 1212.67287870738
"194" 0.225806451612903 -1239.7701000804 0.322036615778908 0.0646403708920766 1477.53289089489
"195" 0.225806451612903 -1078.35644964571 0.292889850931891 0.0628851489971696 1534.97195762035
"196" 0.225806451612903 -1205.00077246765 0.248966719741098 0.0583794501144238 1633.02610254291
"197" 0.258064516129032 -773.736892993871 0.389831460960187 0.0707335493021237 1339.26060495408
"198" 0.225806451612903 -1562.13651584015 0.408846658302716 0.0744249628795064 1316.79269712979
"199" 0.258064516129032 -902.800130116629 0.338532402992826 0.066986365765259 1437.54886516847
"200" 0.225806451612903 -1053.03041346764 0.301062666396657 0.0620113422619573 1529.38699317251
"201" 0.32258064516129 -1112.07474893264 0.352953957613451 0.0681608843459926 1433.59574545054
"202" 0.354838709677419 -775.681644790553 0.515472165222183 0.0904703140871487 1083.29343970484
"203" 0.290322580645161 -741.612937654004 0.479076351273478 0.083014473937045 1153.9433747563
"204" 0.225806451612903 -1246.23192539654 0.232630569138116 0.0577669794448796 1671.33787342116
"205" 0.225806451612903 -1142.70296672794 0.350932405869318 0.0671070748916027 1419.2902953501
"206" 0.258064516129032 -682.148681227402 0.514135979931327 0.0910667794058406 1093.97224718238
"207" 0.290322580645161 -839.783804902691 0.412571857986665 0.0769392251864897 1310.15169329087
"208" 0.258064516129032 -1312.07811770374 0.424933664875653 0.0739434889311234 1282.17097560995
"209" 0.225806451612903 -1517.70306818653 0.352192067008852 0.0655538611372584 1434.22448089237
"210" 0.354838709677419 -1094.19260352453 0.430103583161784 0.0747808963917195 1266.39770171687
"211" 0.290322580645161 -1357.47303638999 0.314590531679134 0.0647171721320364 1493.15570570184
"212" 0.258064516129032 -1231.99323243296 0.318068818249255 0.0644130165042619 1472.68250384318
"213" 0.32258064516129 -732.99523042765 0.40419350241836 0.0738229115937016 1306.54626783486
"214" 0.290322580645161 -1139.19044796302 0.398733688038961 0.0729927499054095 1323.56024911525
"215" 0.32258064516129 -810.234775115598 0.473267030914684 0.0842769523248251 1171.63579435357
"216" 0.290322580645161 -811.423097241349 0.488908680715941 0.0861890474543189 1150.8791453521
"217" 0.354838709677419 -1008.2344825613 0.395691936888713 0.0728483427262451 1335.74984395483
"218" 0.258064516129032 -1039.76012044879 0.292175265621101 0.0627482687682586 1536.79513298071
"219" 0.290322580645161 -1324.41248378784 0.455782442160058 0.0814384979471029 1214.11391326789
"220" 0.193548387096774 -1152.18324211752 0.352248455508419 0.069813806501321 1420.88981482327
"221" 0.290322580645161 -1732.57404935687 0.271074625766325 0.0597959554589354 1585.95422751994
"222" 0.354838709677419 -805.026735817089 0.465066401496373 0.0819321840830526 1187.67407687586
"223" 0.419354838709677 -1156.29872430364 0.452091522254702 0.081467078057901 1225.68972940939
"224" 0.32258064516129 -1404.69733851601 0.45485471505652 0.0796611266022434 1216.81591245552
"225" 0.32258064516129 -1069.11793075861 0.377463690381015 0.0727613423257996 1361.11571901909
"226" 0.290322580645161 -1146.36183505495 0.395887055198011 0.0730721470209689 1351.77850934825
"227" 0.258064516129032 -1451.29410364482 0.386007902726273 0.0703824030643621 1349.01618782545
"228" 0.225806451612903 -1239.69717630931 0.352593265534572 0.068346067457808 1418.85820034263
"229" 0.258064516129032 -1323.37377271705 0.352538441618653 0.0662708198035253 1443.13622891507
"230" 0.32258064516129 -942.272262398293 0.396891243004716 0.0712810934715668 1319.46547407292
"231" 0.225806451612903 -899.482631781668 0.44785199792312 0.0771684768828794 1231.56790219886
"232" 0.290322580645161 -924.411647300797 0.411423061435615 0.0729125587539988 1305.06563544949
"233" 0.290322580645161 -1000.95146088392 0.40589583402433 0.0746118229108526 1324.48566816343
"234" 0.290322580645161 -981.768650021885 0.448634835731179 0.0790980922216166 1223.54688960087
"235" 0.290322580645161 -803.483180687689 0.367713080246875 0.0694763851501008 1376.63859757158
"236" 0.258064516129032 -953.469746707575 0.431818306562309 0.0769797694760251 1258.31723079933
"237" 0.32258064516129 -853.895626289935 0.354616153522665 0.0680971389492434 1411.38614316826
"238" 0.258064516129032 -1015.31518630856 0.342160178331191 0.0662209386489091 1428.22347783868
"239" 0.32258064516129 -683.895808995826 0.526158409977853 0.0897732475952618 1069.65858825617
"240" 0.193548387096774 -1170.49359422165 0.315600179340231 0.063461814760564 1494.94461947917
"241" 0.193548387096774 -1407.73466624791 0.304076827849787 0.0621563836851744 1540.07968157729
"242" 0.258064516129032 -1157.25009841928 0.332859303842913 0.0654023418589451 1458.16515949469
"243" 0.32258064516129 -893.649212360269 0.416164377544512 0.0754361608662311 1292.05895576773
"244" 0.225806451612903 -1026.31343928118 0.401873350204151 0.0711040357833827 1329.59895912472
"245" 0.32258064516129 -954.865721683475 0.529192514179031 0.093353600508054 1068.46661976364
"246" 0.32258064516129 -1070.50522159826 0.420890326975226 0.0736145458857826 1283.95490640388
"247" 0.258064516129032 -961.374230291995 0.408156772329481 0.0747492981078308 1308.14760658221
"248" 0.32258064516129 -1106.65402285822 0.551024213230167 0.0917368785594261 1026.1485992947
"249" 0.290322580645161 -997.461329457358 0.351703066497542 0.0673948774350373 1428.27243913427
"250" 0.32258064516129 -767.191885840736 0.419136949528846 0.0763542404374556 1264.62078058256
"251" 0.193548387096774 -918.515168153633 0.431411522293492 0.0777494394001365 1250.50069888701
"252" 0.258064516129032 -793.720502296722 0.495496221150342 0.0861179539732044 1130.83784750351
"253" 0.290322580645161 -1174.4774032624 0.301436415586583 0.0634387005729066 1525.49375357669
"254" 0.32258064516129 -915.832573656159 0.402167398281229 0.0748480047602466 1320.09221776586
"255" 0.258064516129032 -1313.60446217653 0.425675858387907 0.0770369405385528 1289.06607222582
"256" 0.290322580645161 -904.26315758716 0.437747230604117 0.0783475095668574 1236.91591842752
"257" 0.258064516129032 -1066.34981355992 0.313239411727334 0.0634363349933906 1516.19142346999
"258" 0.290322580645161 -1098.39928053765 0.404208225200552 0.076105148014272 1302.09330055399
"259" 0.354838709677419 -1310.42144315761 0.3946274918345 0.0717823845708522 1344.60062030703
"260" 0.258064516129032 -1541.72686097264 0.314793627348194 0.0641431955487539 1529.23990969241
"261" 0.387096774193548 -890.328930597134 0.487981187148197 0.0850764176450943 1139.2020932721
"262" 0.354838709677419 -972.91755462486 0.471030215487896 0.0815521183564979 1185.72849303524
"263" 0.290322580645161 -1090.36073705211 0.466682603882974 0.0809525969008913 1191.62808396337
"264" 0.354838709677419 -848.277915675108 0.451830161554601 0.0780333355114218 1207.22540894997
"265" 0.193548387096774 -1084.21134108847 0.340448326775483 0.0666268055636062 1452.21939995762
"266" 0.225806451612903 -1124.65615520439 0.320058613886012 0.0654283291049932 1492.85402498638
"267" 0.32258064516129 -960.949993922681 0.476944139499392 0.0827453600389431 1184.98862621624
"268" 0.225806451612903 -936.060374767228 0.436560781483164 0.0765838147835149 1238.11032854374
"269" 0.258064516129032 -910.098945354551 0.436060163464059 0.0782726143548165 1265.1167374178
"270" 0.32258064516129 -851.654375366994 0.53354175043319 0.0890011940331792 1052.52182556272
"271" 0.32258064516129 -924.630105243102 0.475781627967873 0.0841843664869441 1167.24501932096
"272" 0.290322580645161 -771.758507309122 0.477696074874328 0.0830068475107653 1166.34457241578
"273" 0.32258064516129 -782.249382669638 0.491144442992197 0.0836442515580251 1137.39188911855
"274" 0.225806451612903 -1023.85407503074 0.405939303918115 0.0738713424916692 1305.73756103669
"275" 0.258064516129032 -1153.89182952267 0.333360905772865 0.0667659026231575 1466.39613605316
"276" 0.387096774193548 -840.619303089594 0.460122770957834 0.0797481458463569 1193.76944646121
"277" 0.258064516129032 -876.834372937476 0.400892490139074 0.0716747304137208 1323.58898121085
"278" 0.32258064516129 -1135.99750954246 0.462303265255543 0.0809379662919357 1214.87418621089
"279" 0.290322580645161 -891.580523953861 0.447773287069931 0.0794711030637417 1227.38848287082
"280" 0.225806451612903 -1073.55423890836 0.374204486643863 0.0699550931059389 1370.37686294939
"281" 0.290322580645161 -745.308258937423 0.328329640481302 0.0665850094143248 1460.84709644793
"282" 0.354838709677419 -920.309685420337 0.409188387770011 0.0725236837068626 1300.22756173211
"283" 0.354838709677419 -1049.63577285478 0.467453275958903 0.0806884550059576 1197.69549486969
"284" 0.32258064516129 -1264.99466695133 0.417185922165228 0.0729941456203975 1312.02499115439
"285" 0.419354838709677 -993.104721885498 0.420873947082016 0.0745709445474335 1273.65344060599
"286" 0.290322580645161 -1217.25311294923 0.417040923784798 0.0732707843218576 1285.51049993179
"287" 0.193548387096774 -963.341968343007 0.268487832760172 0.0603308683451553 1583.0441186734
"288" 0.290322580645161 -920.868350382817 0.299706202820941 0.0643106168980976 1536.29587342201
"289" 0.290322580645161 -1758.88960081815 0.402881430049246 0.074472796653775 1320.59429479127
"290" 0.225806451612903 -1025.62208795542 0.335498973371481 0.0658086809394554 1453.94628424179
"291" 0.354838709677419 -845.530065864676 0.436316370179485 0.0778829838485309 1249.15655617974
"292" 0.354838709677419 -926.637177065958 0.476283031440843 0.0831895609662775 1168.43839682158
"293" 0.290322580645161 -1180.23869830833 0.385879601103049 0.0707497001947582 1372.47548134248
"294" 0.258064516129032 -996.281620220302 0.507665375652796 0.0866653226630915 1101.86104167409
"295" 0.354838709677419 -904.561294544195 0.387194402703774 0.0716496478119821 1355.3979060949
"296" 0.354838709677419 -1032.23379624316 0.522455373912105 0.0882455537437527 1087.37806627747
"297" 0.32258064516129 -1010.47969779631 0.508545896073644 0.0862713922781492 1113.56924918192
"298" 0.290322580645161 -968.526596632665 0.442732219983275 0.0796543841596116 1241.83945450794
"299" 0.419354838709677 -803.792024114677 0.55677588755178 0.0964122035662902 1009.37701637608
"300" 0.387096774193548 -1215.40319269354 0.391375000449086 0.0732663856904639 1349.84474523989
"301" 0.161290322580645 -1309.23094933531 0.266207612408928 0.0626885896297943 1596.58582172198
"302" 0.258064516129032 -684.092022615377 0.457343169285117 0.0792952691918622 1202.66265302913
"303" 0.258064516129032 -1306.57214038462 0.345419302207614 0.0657245747534739 1438.59869952667
"304" 0.32258064516129 -1350.25249159491 0.436814860192741 0.0761904958479121 1271.21918179847
"305" 0.258064516129032 -1224.51718648768 0.289682575260214 0.0618577433347928 1559.71914031211
"306" 0.354838709677419 -675.309713009248 0.51315328587697 0.0875939566941319 1082.14094782702
"307" 0.32258064516129 -869.956029727629 0.490842532132594 0.0848981195576224 1148.64706825602
"308" 0.258064516129032 -795.585034625323 0.587581769446142 0.102041317799944 940.913179041075
"309" 0.32258064516129 -981.348189675628 0.472926705999005 0.0839669484367599 1170.47973046862
"310" 0.290322580645161 -1173.42963042905 0.367318012120736 0.0702242221095571 1388.14156917729
"311" 0.193548387096774 -930.952669650696 0.291231354391087 0.0609773419605496 1539.38044348666
"312" 0.258064516129032 -1140.18563842922 0.414781659384427 0.0756489662777693 1303.20703180608
"313" 0.290322580645161 -711.463757623159 0.495475307484223 0.0855920402404256 1121.53890979616
"314" 0.258064516129032 -991.454828290765 0.494385231467384 0.0882564770478942 1140.43173835271
"315" 0.193548387096774 -1310.24621183028 0.328964560408369 0.0644013754436275 1478.51911254755
"316" 0.290322580645161 -1109.68819194603 0.386928661874999 0.0715660997991381 1341.75376899156
"317" 0.451612903225806 -654.362075275382 0.503371848871929 0.0868074823524694 1108.67157217931
"318" 0.258064516129032 -1090.1520893001 0.256481514182335 0.059587555280931 1598.51069915614
"319" 0.290322580645161 -962.558596810276 0.412838461198873 0.0772812579408312 1286.14191832829
"320" 0.32258064516129 -932.341459741254 0.469009388989078 0.0836731139652971 1183.78704826402
"321" 0.32258064516129 -715.63607754088 0.568867661923841 0.0982319847381866 971.547859114804
"322" 0.225806451612903 -1061.25005742765 0.374314694800019 0.0682653804225682 1381.30766487272
"323" 0.258064516129032 -1058.9900904329 0.361005470600324 0.0684593950352028 1402.49299072918
"324" 0.193548387096774 -847.060640290256 0.365519447224428 0.0683957580957207 1380.63225505469
"325" 0.225806451612903 -892.925143684807 0.49103851715699 0.0825051816636724 1151.81655917973
"326" 0.290322580645161 -958.843652682022 0.426812017788917 0.0775112986901135 1275.20026944864
"327" 0.225806451612903 -1374.76683928289 0.333499975752809 0.0640223229111077 1458.08067237877
"328" 0.32258064516129 -787.571245993205 0.459453889066084 0.0797651341469369 1194.01809822798
"329" 0.290322580645161 -1165.8805370647 0.326357241559404 0.0643726259788437 1488.45145884919
"330" 0.225806451612903 -1255.47337220698 0.301123072437041 0.0615143826370738 1524.23598063612
"331" 0.290322580645161 -1078.67143891784 0.413881911047404 0.0734102102767998 1305.01415308252
"332" 0.451612903225806 -1081.63032575876 0.549828629382774 0.0950080985836849 1035.7216122841
"333" 0.258064516129032 -1185.33863004186 0.424757261400021 0.076424423614715 1287.84055662249
"334" 0.290322580645161 -888.928659335245 0.477979385261331 0.0851002968228822 1159.89853635544
"335" 0.290322580645161 -1141.1538462717 0.283136860154058 0.0629532308750967 1568.49337478599
"336" 0.290322580645161 -1022.74352977424 0.417219673386183 0.0771346998525936 1297.76864485364
"337" 0.32258064516129 -1055.64319988241 0.479409957790558 0.0830658670198947 1171.7791626355
"338" 0.258064516129032 -616.597604993383 0.567270148803232 0.099095382431867 974.038979614838
"339" 0.32258064516129 -602.831760337972 0.504247931313919 0.0887227958380158 1096.7156362784
"340" 0.225806451612903 -1129.41949954144 0.387995019560892 0.0705390103456948 1351.05358004465
"341" 0.354838709677419 -955.034947996602 0.481545829459029 0.0842806657664277 1158.79496545713
"342" 0.354838709677419 -957.049349427909 0.393338612054167 0.0720334269316679 1341.30667148853
"343" 0.290322580645161 -894.83338814621 0.362763540199638 0.0673193075200991 1404.5906542453
"344" 0.258064516129032 -1254.56358108574 0.285757343970982 0.0621944814306754 1570.6253551116
"345" 0.387096774193548 -870.805597357926 0.473282259411361 0.0821647272885494 1174.5674995557
"346" 0.290322580645161 -906.924988626999 0.45967518847878 0.0795530122876054 1198.27818396687
"347" 0.354838709677419 -1191.92690407261 0.450541504688979 0.0777881285994158 1230.61427649071
"348" 0.354838709677419 -963.06787126427 0.415732503069701 0.0725788967011291 1300.39209717626
"349" 0.32258064516129 -1153.64464904076 0.508902455558309 0.0854539419312151 1129.94745423545
"350" 0.451612903225806 -949.972574321896 0.414703762339313 0.0764685605200491 1297.65877811731
"351" 0.290322580645161 -1286.27767769243 0.380203959315464 0.0709984349991556 1383.23238182557
"352" 0.354838709677419 -837.874896071181 0.458171212369129 0.0821008178892012 1202.87108214131
"353" 0.290322580645161 -1064.49069458955 0.420472682810021 0.0738211356975316 1294.08307600801
"354" 0.387096774193548 -675.736546212189 0.53428753210386 0.0920395548973072 1057.40577932369
"355" 0.32258064516129 -1004.08180660722 0.496931812199958 0.0871605197934273 1132.85001454664
"356" 0.290322580645161 -825.206671832123 0.411341431612797 0.0739750990748908 1304.10554010978
"357" 0.32258064516129 -957.681546447212 0.481576351982047 0.0803182191445114 1172.12846340605
"358" 0.32258064516129 -848.554506860113 0.471117024898429 0.080958093190459 1196.52939249434
"359" 0.290322580645161 -1231.0077480004 0.373653345075155 0.0698965343625828 1387.25381154713
"360" 0.193548387096774 -1058.01913502313 0.309490879517985 0.063619477359549 1511.5630727839
"361" 0.32258064516129 -986.994098569754 0.466442743345213 0.0809772897840524 1193.35968423233
"362" 0.290322580645161 -976.69160269224 0.432745694763405 0.0740090501103398 1265.6072325384
"363" 0.354838709677419 -1083.00698258064 0.413960014149836 0.0747850358811555 1300.04477604488
"364" 0.354838709677419 -1210.05201668556 0.362654044278265 0.0677621929097086 1382.52017097191
"365" 0.290322580645161 -1030.44031812117 0.365710600541272 0.0696742928596058 1398.78187538465
"366" 0.290322580645161 -1887.9092639983 0.321786689977135 0.0649207242398388 1497.35939453711
"367" 0.258064516129032 -1415.88381107014 0.238158506910699 0.0587459634524367 1653.398399023
"368" 0.354838709677419 -960.128295450131 0.444987069940815 0.0770197860887531 1226.90221837074
"369" 0.354838709677419 -583.936453045541 0.558292397087322 0.0993588217898329 998.388592165713
"370" 0.258064516129032 -998.347561879894 0.389985358789059 0.0717443519313422 1340.71173841248
"371" 0.258064516129032 -1221.9679858542 0.540659437723309 0.0902771810275737 1059.0793227271
"372" 0.32258064516129 -841.083035825587 0.471714991418041 0.0810506560220777 1169.05581902098
"373" 0.258064516129032 -1355.05014574809 0.289583470577652 0.0612946513823223 1562.62757712319
"374" 0.387096774193548 -726.786038894104 0.540017258990458 0.0918770302870569 1027.7042795751
"375" 0.387096774193548 -833.98024894783 0.463106867416244 0.0809066670849615 1192.54822187503
"376" 0.290322580645161 -935.805405930477 0.445236577877941 0.0771402316868125 1232.04292445583
"377" 0.258064516129032 -915.506748579994 0.426809794282675 0.0754674963750525 1269.3634302818
"378" 0.354838709677419 -995.696609024243 0.408183722819115 0.0739795732566951 1299.71191451414
"379" 0.258064516129032 -1315.44996192841 0.395891529422425 0.0733566872223588 1345.57852936296
"380" 0.258064516129032 -1168.99354621314 0.432350506164033 0.078923611935985 1259.61482903526
"381" 0.290322580645161 -1304.95680767085 0.31139411628209 0.0644153146692065 1528.2627553716
"382" 0.193548387096774 -1250.38728778552 0.328900068666475 0.0651280324692553 1477.22411564845
"383" 0.387096774193548 -798.819817179035 0.426157165868689 0.0740429723792294 1267.49510972307
"384" 0.258064516129032 -1361.1829973913 0.368686294251705 0.0693404288057372 1396.03537962474
"385" 0.290322580645161 -1018.71472738799 0.473620105435081 0.0817257531216929 1177.25877682122
"386" 0.258064516129032 -1040.42053054084 0.330957578091684 0.0669107227230194 1441.05117318043
"387" 0.258064516129032 -808.349830688311 0.453135153442934 0.0802682512227258 1203.4481140613
"388" 0.32258064516129 -1113.05824685505 0.456532030210058 0.0800968994869725 1219.25655041163
"389" 0.258064516129032 -1100.95749001612 0.338402807821345 0.0671552609514083 1450.16149982756
"390" 0.354838709677419 -742.115474812416 0.607534564111822 0.105863280387437 910.519842194056
"391" 0.354838709677419 -1150.44852568819 0.441546514259657 0.0755548039819502 1249.69262270159
"392" 0.32258064516129 -878.452653227815 0.507910770899781 0.0880717348761128 1105.76751800995
"393" 0.225806451612903 -925.861093486143 0.446797210794683 0.0787285354590119 1234.47718914233
"394" 0.290322580645161 -1248.94522301571 0.407209996468291 0.072556887957928 1319.63723135051
"395" 0.290322580645161 -757.812161418646 0.411353015760151 0.0759873689823285 1306.61520427681
"396" 0.32258064516129 -1112.9002881624 0.442480173604515 0.0777128260010285 1252.15501377532
"397" 0.290322580645161 -991.782975422271 0.401984920747214 0.0719004286743615 1314.20967721193
"398" 0.193548387096774 -1393.28585323444 0.333517221125519 0.0666576428639068 1492.56690644123
"399" 0.387096774193548 -964.080050889995 0.472163442828582 0.0808408265128952 1180.62351418706
"400" 0.387096774193548 -1156.0737343062 0.453959415339837 0.0804760951812604 1228.32059941946
"401" 0.32258064516129 -1079.26076107545 0.40994563622293 0.075847102046144 1301.94291191328
"402" 0.354838709677419 -653.280688390409 0.447851642491207 0.0789301960815212 1220.90290218622
"403" 0.354838709677419 -835.792022708275 0.464650990016172 0.0806582997780283 1196.7446950371
"404" 0.258064516129032 -977.017732897605 0.341042498216951 0.0680028272651384 1445.99052359913
"405" 0.161290322580645 -1336.89718036609 0.199663039018279 0.0554019485275501 1716.11400270844
"406" 0.32258064516129 -893.243900923847 0.441701400577783 0.0763287519940487 1236.22728153635
"407" 0.258064516129032 -1063.5698105056 0.394373611462717 0.0738127884776357 1340.4762536654
"408" 0.387096774193548 -794.996884651677 0.553894729745202 0.0941659796966992 1006.87614941487
"409" 0.32258064516129 -556.530004797619 0.538332822857118 0.0935023493140209 1031.01328527163
"410" 0.290322580645161 -910.696252492069 0.449420077034486 0.0804369892195694 1230.42406364278
"411" 0.419354838709677 -951.467443932643 0.420485097719952 0.0754872150217301 1296.68887614125
"412" 0.354838709677419 -865.890530281995 0.514914985769884 0.0913766513309 1084.3531101992
"413" 0.225806451612903 -1065.9094023497 0.51124201305002 0.0889882307631974 1119.08723614962
"414" 0.193548387096774 -1148.14721978927 0.333966517189197 0.0640586731328716 1474.459893586
"415" 0.32258064516129 -851.257980496383 0.512420895444882 0.088538083062524 1088.72949173261
"416" 0.290322580645161 -1332.42633691992 0.423399721726194 0.0740798362390458 1294.36445697913
"417" 0.290322580645161 -869.966065996825 0.363179507718803 0.0668517549406965 1396.09265223328
"418" 0.32258064516129 -1154.30844963935 0.54769757281978 0.0951262828474621 1039.72436397721
"419" 0.258064516129032 -1676.67809426262 0.488032109686102 0.0864854778788678 1176.28504204042
"420" 0.290322580645161 -777.797116714638 0.441357397757003 0.0765513101933776 1240.01858244137
"421" 0.387096774193548 -770.868648324835 0.49768358717266 0.0846181715182498 1123.808087537
"422" 0.387096774193548 -1756.98376759927 0.423121183124123 0.0776376061928391 1283.30595575075
"423" 0.32258064516129 -678.770305965253 0.558235406721348 0.0955538052178537 1003.22678657523
"424" 0.193548387096774 -2352.50524868818 0.273802392447414 0.0610177897128425 1603.83330912551
"425" 0.290322580645161 -841.310018200944 0.475352280511403 0.0822136156558636 1156.52878364926
"426" 0.387096774193548 -1007.55591134292 0.545529479958883 0.0919466724763608 1038.66302205746
"427" 0.258064516129032 -1338.06746022134 0.301653984174973 0.0634212756096078 1510.8768859223
"428" 0.290322580645161 -840.178963096277 0.422622879304148 0.0763990390396956 1277.46858929198
"429" 0.32258064516129 -1044.87161412381 0.587595480666537 0.100341845440139 953.01101538003
"430" 0.225806451612903 -755.193936872322 0.536550213180817 0.0961028250916933 1043.84300306247
"431" 0.193548387096774 -1300.70023321441 0.33855373336502 0.065966279632794 1466.60491873999
"432" 0.225806451612903 -1292.94824789104 0.296674415399193 0.0628017063738408 1534.52079301757
"433" 0.387096774193548 -1011.37859491942 0.534016051922883 0.090213955797297 1060.33134777212
"434" 0.32258064516129 -1239.79203130739 0.415127552814915 0.07755426054317 1308.43812554199
"435" 0.419354838709677 -1097.19103671046 0.452490809915271 0.0777317190373943 1230.94859665756
"436" 0.258064516129032 -938.565743080529 0.359342667028198 0.0696058559088826 1390.09828039358
"437" 0.387096774193548 -994.649142840873 0.524965428560643 0.0901742443515058 1070.55525172229
"438" 0.258064516129032 -1007.3952992659 0.341299478877105 0.0654799766423806 1463.92189718868
"439" 0.32258064516129 -1045.18691552664 0.40759584067583 0.0742959283497393 1320.67327036255
"440" 0.193548387096774 -1767.59713135263 0.353511643527967 0.0654173935993136 1434.08941676213
"441" 0.258064516129032 -1266.25940637457 0.376145297874962 0.0711136971471102 1373.49518751621
"442" 0.225806451612903 -1308.28998601594 0.269628822593561 0.0623035653115144 1579.64475954783
"443" 0.419354838709677 -1049.67641763814 0.53894746937608 0.0933010404260118 1048.36933728429
"444" 0.354838709677419 -759.721923679519 0.427509546679691 0.0746626245854934 1262.28742500277
"445" 0.258064516129032 -846.303980355031 0.39420203062353 0.0737064886724301 1315.61292978755
"446" 0.32258064516129 -1667.39379440654 0.383872362018718 0.0709554074989655 1381.10462142933
"447" 0.387096774193548 -990.569953909334 0.449313007979634 0.0777657073559248 1230.89433058817
"448" 0.258064516129032 -1424.35581247701 0.388639698992667 0.0700271099575468 1372.49702071669
"449" 0.290322580645161 -869.485536961948 0.400089498562214 0.0725750248225487 1316.00902473623
"450" 0.290322580645161 -1002.21028867923 0.319088190650246 0.0640025811302048 1486.9128643308
"451" 0.225806451612903 -1173.02629172574 0.265322201025677 0.0605576885786404 1594.84757081642
"452" 0.225806451612903 -1070.81284487264 0.37584231541847 0.0720522092710888 1376.5928453143
"453" 0.258064516129032 -971.797777361072 0.3246207681798 0.0659149040459004 1477.12739631096
"454" 0.161290322580645 -959.401265448312 0.324558520128232 0.0648239907487311 1483.39788266367
"455" 0.193548387096774 -1150.40249596994 0.321743259552623 0.0643154990007131 1480.56490750406
"456" 0.225806451612903 -1031.86901927598 0.402557414108002 0.0752180567496459 1317.51312300292
"457" 0.290322580645161 -1110.58851183865 0.43897870189906 0.0770768364461281 1251.11449255925
"458" 0.354838709677419 -966.467758442798 0.449510880915729 0.0786820933170188 1227.41658993773
"459" 0.258064516129032 -1086.53469191989 0.298469230225351 0.0656190321997554 1513.47143401515
"460" 0.32258064516129 -756.946597270401 0.418632500323789 0.0750427890857482 1280.79269379355
"461" 0.387096774193548 -872.739712213299 0.505441867032261 0.0877914253615033 1093.03830042695
"462" 0.258064516129032 -1066.45947266934 0.41406999570437 0.0748238465478579 1298.80781179745
"463" 0.354838709677419 -1149.96312297974 0.512672653089425 0.0864176164652143 1100.28343447112
"464" 0.32258064516129 -494.214593840765 0.609023495863487 0.108841191591121 893.983929843961
"465" 0.290322580645161 -1676.92884177662 0.363710339991204 0.067729463467278 1410.37717067959
"466" 0.354838709677419 -843.956365186352 0.433686616586718 0.0758167585497087 1255.96484968677
"467" 0.290322580645161 -1336.76343413827 0.311364627763482 0.0643706612068384 1519.7996796155
"468" 0.32258064516129 -1478.33741411205 0.432681085398273 0.0734019367987599 1282.52505642231
"469" 0.290322580645161 -946.211606832441 0.441632974653274 0.0777643565744021 1245.99398024527
"470" 0.290322580645161 -1221.5730312228 0.323143592944005 0.0646754059348275 1491.97701288464
"471" 0.354838709677419 -1081.85852971415 0.430492013354712 0.076717020448458 1280.45377397961
"472" 0.290322580645161 -988.994260578503 0.310379424902018 0.0646358996095203 1500.42568873179
"473" 0.354838709677419 -801.890574618831 0.454615072545369 0.0778424844822483 1217.08466017458
"474" 0.32258064516129 -1204.10505899748 0.443791042240994 0.0781099193727921 1240.78765706539
"475" 0.258064516129032 -943.285790746223 0.45330358201612 0.0817657001177679 1218.91334506193
"476" 0.225806451612903 -1319.06339944891 0.427984022877058 0.0740627871402248 1276.73536231265
"477" 0.32258064516129 -1255.33354333465 0.348330556859581 0.0676430141990566 1431.61202425256
"478" 0.225806451612903 -1215.26441749208 0.3792071466558 0.0705614363545933 1374.93260942397
"479" 0.290322580645161 -1432.03961689851 0.44215277430484 0.077466484181941 1261.75511007781
"480" 0.354838709677419 -889.415282273321 0.537369271642661 0.0912460912650396 1052.79243331434
"481" 0.290322580645161 -915.379437748552 0.484537938176406 0.08271584274109 1151.4943908861
"482" 0.258064516129032 -1243.1910824419 0.347565834668564 0.0662695625426485 1443.82522288722
"483" 0.290322580645161 -730.498117678137 0.441803017522201 0.0791972779710479 1229.4090596903
"484" 0.290322580645161 -1265.9335680758 0.384428339113387 0.0723974979871981 1356.35155747235
"485" 0.290322580645161 -1063.31674970999 0.382940008151885 0.0737611890319978 1345.81303105896
"486" 0.258064516129032 -936.527292280742 0.492808284917587 0.0821411810242353 1140.05509306178
"487" 0.225806451612903 -1135.58319898076 0.352698770169882 0.0671785421241903 1417.34532239022
"488" 0.32258064516129 -1113.19521906817 0.485745557781776 0.0843072613494057 1157.55363221465
"489" 0.225806451612903 -1184.75306472727 0.327364610930584 0.0689053125768289 1471.93581813835
"490" 0.387096774193548 -741.299641807412 0.501491795118918 0.0873405655055392 1110.66488230247
"491" 0.258064516129032 -1029.0997248336 0.377894055029409 0.0732130602987395 1368.3671857522
"492" 0.258064516129032 -1002.49560314424 0.422326043635585 0.0756918702099543 1282.94859647163
"493" 0.32258064516129 -851.990031476603 0.424353719463856 0.0761270399653298 1277.82586391102
"494" 0.32258064516129 -942.219334805471 0.362762221877079 0.0722467327066379 1405.41159916695
"495" 0.387096774193548 -762.786594537396 0.571945924890305 0.0970486864688196 977.197763020557
"496" 0.258064516129032 -970.935038598726 0.410591386431233 0.0738534317328498 1307.55596912713
"497" 0.354838709677419 -1039.76347144766 0.399739208589143 0.0723114603740147 1315.9845423334
"498" 0.258064516129032 -787.014820249211 0.476718792203624 0.0807440960995834 1189.24003928845
"499" 0.258064516129032 -1792.92853325673 0.357586111411315 0.066689784480717 1434.22627107631
"500" 0.258064516129032 -1475.99676215156 0.242483940461218 0.0574961454214189 1654.463715428
"501" 0.387096774193548 -777.083268323264 0.483484046204867 0.081952945167952 1161.84997334913
"502" 0.258064516129032 -932.232655132964 0.380702608762608 0.0718078121015004 1355.77525423602
"503" 0.225806451612903 -829.684310713504 0.344368596847274 0.0698259695159394 1445.84774147273
"504" 0.387096774193548 -1107.00785685346 0.428466444689277 0.0761469702186656 1286.76291045328
"505" 0.225806451612903 -1328.28198249929 0.31482732875394 0.0643458315360229 1503.86761921244
"506" 0.225806451612903 -977.429399440421 0.328182979192564 0.0657795908661337 1460.35695390061
"507" 0.32258064516129 -1060.15694076926 0.46202261655291 0.0808776359482919 1197.23435593429
"508" 0.32258064516129 -1111.31684706146 0.471263715305775 0.0824709303846225 1186.06995827339
"509" 0.290322580645161 -771.002394561087 0.420130635469144 0.0765773835223159 1284.91146003774
"510" 0.32258064516129 -1037.73521520795 0.340655287280073 0.0664362899592222 1441.91686809044
"511" 0.258064516129032 -1331.60133837672 0.305755015093965 0.0619605759896698 1518.34259934624
"512" 0.387096774193548 -1006.007087807 0.445622864649541 0.0787670738956922 1232.67660007174
"513" 0.225806451612903 -1372.59898378135 0.339217486849001 0.066948629963472 1446.26993090066
"514" 0.258064516129032 -1014.52781174938 0.334289714554525 0.0653868764513069 1447.02857597524
"515" 0.258064516129032 -851.773058627496 0.374806689969801 0.0691104947482952 1370.02012531968
"516" 0.258064516129032 -1036.41602140004 0.450154222970217 0.0814875548578559 1233.79685734541
"517" 0.32258064516129 -1100.54082591468 0.404625624682247 0.0716104005308877 1304.5674033221
"518" 0.354838709677419 -1133.48286269559 0.359296865148527 0.0662898941849891 1415.79537485237
"519" 0.32258064516129 -1097.60569782146 0.334865946892841 0.0658726869720422 1465.07898796642
"520" 0.193548387096774 -1480.88060462441 0.24322479158688 0.0581089827950467 1649.73878585238
"521" 0.354838709677419 -825.550317789574 0.446299149400589 0.0783549752437386 1226.82563810997
"522" 0.354838709677419 -776.964433244784 0.570206589815787 0.0985633647426744 961.398454358298
"523" 0.290322580645161 -1381.4563943885 0.351060278084546 0.0707566584707996 1422.10457521447
"524" 0.193548387096774 -1163.94130032764 0.41301663743716 0.0766044817933811 1303.29423656242
"525" 0.32258064516129 -1287.8880609226 0.398279935285317 0.0734025004390354 1336.72500467894
"526" 0.290322580645161 -892.098935454605 0.35703005891826 0.0688017556985113 1402.79262829191
"527" 0.258064516129032 -1363.54777035803 0.418622488785859 0.07354360046632 1292.15536377051
"528" 0.225806451612903 -1013.01778631868 0.409267470432976 0.0739092284702728 1307.9526779713
"529" 0.32258064516129 -1299.28751828353 0.357726108847891 0.0684900287602784 1424.04933827569
"530" 0.419354838709677 -669.651831309701 0.554095174200066 0.0970371791972087 1010.72306368443
"531" 0.387096774193548 -600.154926858728 0.564596753105502 0.0964529243772278 979.372296109514
"532" 0.32258064516129 -790.61413795966 0.48676919925933 0.0837936942804589 1146.07607239864
"533" 0.193548387096774 -1443.28703915085 0.314267185516846 0.0646860432910914 1507.54879015302
"534" 0.290322580645161 -818.602309560446 0.348813737833354 0.0677165862831935 1415.47924208145
"535" 0.258064516129032 -867.702586778929 0.455801170024261 0.078650204504625 1213.4487120476
"536" 0.354838709677419 -1049.90377033427 0.428931636623378 0.075567869803715 1254.89086528888
"537" 0.32258064516129 -891.740508592016 0.381936671493441 0.073138727515252 1355.22813244733
"538" 0.225806451612903 -1338.76413867539 0.278100697243263 0.0625604210586172 1566.39954381064
"539" 0.258064516129032 -1414.36800458883 0.401489855968472 0.072192589631368 1328.78126651212
"540" 0.32258064516129 -1148.15207996727 0.463953770329463 0.0837221864350767 1184.98024976818
"541" 0.258064516129032 -1140.20460214532 0.296013929508664 0.0630077891176396 1542.67252755166
"542" 0.258064516129032 -1292.52668219804 0.347186524037048 0.0666650999503101 1448.0223326368
"543" 0.258064516129032 -1711.41327893842 0.302051200390619 0.0634617704883288 1557.88057266148
"544" 0.258064516129032 -848.333441136512 0.423037373140343 0.0785982775464527 1285.20810779069
"545" 0.258064516129032 -1658.0380600125 0.352568925641194 0.0671200868717898 1443.502211775
"546" 0.290322580645161 -1180.7955673318 0.36688434262771 0.0695695903344793 1416.7071608043
"547" 0.354838709677419 -724.675982736622 0.554739156354809 0.0927220679528572 1008.86698872005
"548" 0.258064516129032 -1141.74459024136 0.305993511345165 0.0638700293000033 1509.62771893845
"549" 0.290322580645161 -1349.76343332528 0.280090028469937 0.0619831090111262 1569.70427159598
"550" 0.419354838709677 -692.339297195883 0.539141762535921 0.0940600929873171 1031.12820347923
"551" 0.419354838709677 -549.014209354869 0.672623668981665 0.128246266107176 770.352602991699
"552" 0.225806451612903 -996.679064914326 0.385017544738774 0.0733911877879119 1370.08908775055
"553" 0.258064516129032 -930.72659692638 0.368308850749736 0.0687315082684909 1386.97506078616
"554" 0.354838709677419 -937.108596049357 0.472761842900395 0.0825402441678046 1166.57187116064
"555" 0.32258064516129 -1116.20788793975 0.413119675009603 0.0751365035605244 1293.34555647867
"556" 0.258064516129032 -993.372442607934 0.390597923129787 0.0721135380859607 1339.14207116545
"557" 0.225806451612903 -784.326385928517 0.52101649473046 0.0941624210899731 1079.58748371321
"558" 0.290322580645161 -1296.90058150559 0.351356662163659 0.0662335467391741 1442.43197495638
"559" 0.225806451612903 -1246.25281997086 0.359531790630448 0.0669285404821388 1418.72286187676
"560" 0.258064516129032 -955.928640831731 0.526642199475683 0.0885463830210228 1073.2370855413
"561" 0.258064516129032 -862.04492938515 0.411447114488651 0.0729578962569883 1315.11913098153
"562" 0.290322580645161 -793.98696012739 0.566012075824017 0.0980714389124929 989.195916079925
"563" 0.387096774193548 -843.851184225137 0.500849052257045 0.0859599679523964 1111.08482255216
"564" 0.258064516129032 -813.320265161268 0.408008027143418 0.0770129468793925 1301.44888433263
"565" 0.290322580645161 -994.793605270746 0.470476887139816 0.0831823008067065 1184.42109681995
"566" 0.258064516129032 -1079.54830528874 0.301108366069168 0.0629953552067253 1527.43498964397
"567" 0.225806451612903 -1348.12775785473 0.281512099475201 0.0610394410967086 1571.05900929444
"568" 0.354838709677419 -820.950535057162 0.486795398988534 0.0838236334733378 1141.52748692883
"569" 0.32258064516129 -917.105516360103 0.441240977980666 0.0767914821345432 1242.16158854227
"570" 0.32258064516129 -820.963388098961 0.44925862738466 0.0807694949738191 1215.28903363169
"571" 0.225806451612903 -1120.17976167632 0.257779053523382 0.0597123045689631 1604.22377371382
"572" 0.258064516129032 -894.586464183296 0.432477690675146 0.07824534424358 1246.03422654237
"573" 0.258064516129032 -1008.52040023817 0.477113581632362 0.0840969169226659 1158.60586391045
"574" 0.290322580645161 -953.36097990352 0.412894688019995 0.0759893545903216 1306.10955139561
"575" 0.258064516129032 -1397.85398308324 0.313827273682595 0.0664855224855166 1508.62951016546
"576" 0.290322580645161 -1567.87392949881 0.351414711809225 0.0698305937960436 1426.94946578399
"577" 0.32258064516129 -1158.06766144175 0.46125305356749 0.0783843603332136 1203.18291273696
"578" 0.32258064516129 -921.517054592453 0.497575877555701 0.0862034548792669 1127.76450753326
"579" 0.32258064516129 -602.882674949281 0.525977779991422 0.0904427458081307 1057.11326869981
"580" 0.258064516129032 -878.431403913998 0.478090832342073 0.0836119883084146 1162.73349181423
"581" 0.258064516129032 -1148.94742537363 0.357440997068309 0.0675434751160521 1428.75524137798
"582" 0.225806451612903 -1295.43349902286 0.392698175354425 0.0708971164861857 1362.38606762753
"583" 0.258064516129032 -1192.90912989369 0.544305100978502 0.0922907262254226 1041.82446700494
"584" 0.419354838709677 -616.388858616641 0.608190311279077 0.105453364527587 891.853964010838
"585" 0.451612903225806 -931.260961475946 0.527484161336861 0.091279463909205 1057.9248334467
"586" 0.290322580645161 -996.143986847986 0.436408903660888 0.0792655572535881 1259.59312705922
"587" 0.354838709677419 -956.827251149324 0.444302946478846 0.0793947515503776 1217.26771022498
"588" 0.354838709677419 -1113.24421188169 0.389648839439565 0.0688024508412873 1362.93093681874
"589" 0.32258064516129 -788.407513374058 0.567764568381008 0.099266911214963 978.878215944767
"590" 0.258064516129032 -872.872036758729 0.399014636073001 0.0755999282080227 1313.85465922953
"591" 0.451612903225806 -1193.12607107095 0.456071282257211 0.078263300783464 1206.28264368107
"592" 0.290322580645161 -959.039977569292 0.387258112960451 0.0716123682552356 1345.82592579585
"593" 0.32258064516129 -758.448701975829 0.458552527089334 0.0813602785643221 1205.71213149404
"594" 0.258064516129032 -863.931910160573 0.375356598771669 0.0716164427074728 1373.63679345882
"595" 0.290322580645161 -1276.97727637098 0.454623743040549 0.0781977142135476 1238.23579131173
"596" 0.258064516129032 -1026.76469629408 0.354413046368841 0.0668695559374254 1413.0027987831
"597" 0.32258064516129 -1234.70413791289 0.358907755223848 0.0681061960385944 1411.23284605453
"598" 0.290322580645161 -1192.81189722956 0.258037005804396 0.0607513311347967 1613.19738788095
"599" 0.354838709677419 -890.974186373865 0.48893808888958 0.0846912781251768 1132.43738791211
"600" 0.225806451612903 -1205.04574169695 0.445447225366478 0.0752919194187029 1256.16166740811
"601" 0.290322580645161 -900.189554924536 0.412622701552762 0.0742456695076038 1289.6791692877
"602" 0.419354838709677 -673.617690571224 0.490063624143045 0.0825536595305776 1138.16457512167
"603" 0.290322580645161 -1026.22047740668 0.432127995014457 0.0747543879279475 1257.609709592
"604" 0.258064516129032 -1153.11430090499 0.358292611857491 0.0679316517799231 1401.09058593254
"605" 0.32258064516129 -1019.5232820431 0.467028636509678 0.0811286648972704 1197.48700985081
"606" 0.290322580645161 -850.956882484667 0.380040282794911 0.0698934836828823 1355.93702592702
"607" 0.32258064516129 -1032.31454625791 0.438758003926907 0.0763123412723293 1259.66776062464
"608" 0.32258064516129 -1356.22178094716 0.333422222158861 0.0647820115558176 1470.1547779307
"609" 0.32258064516129 -1043.61583118284 0.364075090183686 0.069473866445485 1404.6561257303
"610" 0.32258064516129 -843.269868787931 0.42726352495774 0.0777921540237368 1254.00974089404
"611" 0.32258064516129 -808.368922925134 0.500012875846091 0.0857215512270572 1125.29631383734
"612" 0.258064516129032 -836.980932403811 0.476169486651614 0.0825335823471853 1160.41199594393
"613" 0.32258064516129 -1430.66112987486 0.418222918426159 0.0744256976158492 1300.54979500472
"614" 0.193548387096774 -1218.97433558787 0.385836622411597 0.0734956264231991 1369.78435994726
"615" 0.32258064516129 -1037.45456327292 0.431837741665106 0.0791302070816775 1261.40638903132
"616" 0.225806451612903 -1260.80377720349 0.356740960652502 0.0693418101113616 1408.09065023856
"617" 0.258064516129032 -709.433436876185 0.434839478693145 0.0761068083603139 1250.6314136951
"618" 0.258064516129032 -714.76274959662 0.428421811886369 0.0768632603746482 1248.42602835676
"619" 0.32258064516129 -1890.29910538587 0.30414920103317 0.0611155457261003 1547.43476243851
"620" 0.193548387096774 -1122.70112817864 0.440395030797953 0.079940913362057 1263.35600757794
"621" 0.290322580645161 -940.199419466588 0.372735360965252 0.0706128125230322 1388.53503444255
"622" 0.32258064516129 -1435.0333996441 0.250962401442288 0.0592814008025997 1637.45460848482
"623" 0.225806451612903 -1073.29581526087 0.266678787698078 0.0611375113795724 1592.49970659083
"624" 0.354838709677419 -857.58459619215 0.426387862906731 0.075130844279358 1271.80980867543
"625" 0.290322580645161 -774.357063371564 0.443947792053215 0.0756985618841468 1235.39662167372
"626" 0.354838709677419 -849.920193264606 0.464498723352018 0.0803767466866658 1186.81389127222
"627" 0.354838709677419 -1225.26967090438 0.364754791593758 0.067284238907936 1393.49541307068
"628" 0.290322580645161 -1697.9250642846 0.346180930598549 0.0667635542698293 1448.5583808653
"629" 0.258064516129032 -1122.17685561657 0.382851828771571 0.0699764047913205 1365.26326661311
"630" 0.258064516129032 -1098.24464317019 0.364112832422248 0.0680156566345772 1412.39099693022
"631" 0.32258064516129 -884.734639359748 0.481513336612385 0.0861591643387839 1155.46263442462
"632" 0.258064516129032 -1292.29557439039 0.393878978257237 0.0746358560631872 1344.57261100253
"633" 0.225806451612903 -973.042651697375 0.378266118406144 0.0710968908718672 1366.22064518668
"634" 0.258064516129032 -1217.02254156177 0.255292124636396 0.060017724389477 1618.9234399538
"635" 0.32258064516129 -1008.63226845365 0.434547342571732 0.0775283942020404 1251.58943078156
"636" 0.387096774193548 -673.145335083148 0.549122870681541 0.0938162578263523 1012.77707729395
"637" 0.258064516129032 -925.25222360689 0.351453647094784 0.0684946345126895 1428.28308193528
"638" 0.32258064516129 -1222.06743466846 0.373484873944253 0.0703797032515864 1408.01358665564
"639" 0.354838709677419 -702.393541484205 0.40264797255438 0.072709348770364 1295.31102194423
"640" 0.32258064516129 -786.278088735011 0.437431191313833 0.077870716817174 1237.74572098639
"641" 0.354838709677419 -1174.85570754903 0.392663527114775 0.0729894430243738 1347.3520134205
"642" 0.32258064516129 -1003.19501460653 0.494766346739038 0.0877582488419114 1136.89156845072
"643" 0.129032258064516 -1595.47311467073 0.180562891716467 0.0553929714526814 1790.2825927729
"644" 0.290322580645161 -895.720753268111 0.43080361758566 0.075751760361544 1248.71079265809
"645" 0.258064516129032 -863.321180309478 0.323710320392331 0.0644880564325718 1473.05843667611
"646" 0.290322580645161 -971.656771302709 0.460280623043526 0.0831433135761254 1207.94043505055
"647" 0.32258064516129 -1000.97644669711 0.407170951174059 0.0749239010624487 1298.72902560319
"648" 0.258064516129032 -1050.07679413838 0.334864688525783 0.0666774569255726 1456.50286952722
"649" 0.290322580645161 -960.709623460821 0.338406015148198 0.067157019491807 1445.25011645639
"650" 0.258064516129032 -1360.51322442054 0.400035689456433 0.0723496502410978 1343.60932159669
"651" 0.225806451612903 -1163.18292033898 0.33685247532464 0.0663183266909065 1455.67193711292
"652" 0.354838709677419 -737.284044047737 0.63901650631294 0.11758894712492 847.062446240885
"653" 0.387096774193548 -1023.92898384967 0.591738658721596 0.101464382864987 939.609625340323
"654" 0.193548387096774 -1111.09438913233 0.352892320432592 0.068695626017297 1441.25947380033
"655" 0.290322580645161 -1007.95106441923 0.393277408014062 0.074928755446994 1342.9499017643
"656" 0.387096774193548 -904.701139010548 0.477797607069101 0.0806101232898339 1164.41592371565
"657" 0.290322580645161 -1241.79336543078 0.340058896835675 0.0650039636485274 1459.33319684949
"658" 0.354838709677419 -799.46598343955 0.497559639811428 0.0854641156325614 1118.7912175621
"659" 0.451612903225806 -1021.37292379778 0.465997442212195 0.0827220796168656 1182.92218346328
"660" 0.290322580645161 -1153.1974698918 0.391153237023321 0.0720335784252551 1343.98288415303
"661" 0.258064516129032 -1226.89179565304 0.351794425270168 0.0675686213671752 1425.87491935845
"662" 0.258064516129032 -759.353846800746 0.429417337529626 0.0763880355385303 1270.73940796477
"663" 0.387096774193548 -953.927355067333 0.517652552494829 0.0877912409417339 1090.62950850091
"664" 0.354838709677419 -887.738197105401 0.438306177798646 0.0788533834617253 1247.64866485837
"665" 0.225806451612903 -880.630459625833 0.29966240348445 0.064912940820302 1520.31956654533
"666" 0.193548387096774 -972.459116909821 0.331907645410914 0.0674953024732854 1461.41745133042
"667" 0.258064516129032 -1004.65370143631 0.507815232857557 0.0873948552355397 1116.99018589383
"668" 0.258064516129032 -879.767977680032 0.371557547388559 0.0690025698285461 1383.88925099941
"669" 0.225806451612903 -1174.51823202647 0.410377142158749 0.073455520263157 1312.47896864071
"670" 0.258064516129032 -1360.34857952261 0.38929167194919 0.0701802802625662 1352.2744214834
"671" 0.32258064516129 -1161.85906383015 0.460206405043182 0.0803991811754455 1215.8321085633
"672" 0.290322580645161 -952.771087082055 0.399933847897901 0.0730204571295384 1315.87997934839
"673" 0.225806451612903 -964.341324754852 0.250252743567675 0.0582925188397652 1633.03624084711
"674" 0.32258064516129 -1180.54707337761 0.397348376018575 0.0704431233176453 1345.37778648589
"675" 0.387096774193548 -798.576194786045 0.464842331622597 0.0832986513764767 1198.22824135187
"676" 0.258064516129032 -675.889417347799 0.552969079558551 0.0994716208358141 1013.22451441177
"677" 0.225806451612903 -1262.47818073021 0.394187260681772 0.0715381966091786 1339.90386945391
"678" 0.354838709677419 -947.848345938575 0.404341689741847 0.0738051940276914 1312.09115946096
"679" 0.258064516129032 -1804.17660313281 0.360589929175052 0.0689154234130088 1416.30583327564
"680" 0.354838709677419 -770.551397883432 0.520136880322326 0.089311890007049 1076.40953769868
"681" 0.354838709677419 -1280.51818458615 0.379948452876147 0.0713268486393131 1361.65156748166
"682" 0.32258064516129 -1260.6526096366 0.42854162027781 0.0747476081186963 1263.34938047824
"683" 0.354838709677419 -986.565149281885 0.432506365893077 0.0808700617230038 1261.50071196372
"684" 0.225806451612903 -1378.58315088501 0.392214966253605 0.0725171551487567 1347.07143333795
"685" 0.290322580645161 -1269.62842542686 0.401646276130916 0.0764415020441197 1328.81661746268
"686" 0.32258064516129 -1503.53579405078 0.393887355183943 0.0714885167676618 1349.37301190419
"687" 0.290322580645161 -1225.69444179776 0.340926379619411 0.0692621571469548 1456.27785531075
"688" 0.225806451612903 -1079.86517185721 0.354236169445366 0.0680358681314341 1394.9401777024
"689" 0.32258064516129 -1190.90250889689 0.436945234676213 0.076961118401182 1261.12576754697
"690" 0.354838709677419 -609.632973293836 0.501147231067863 0.0869733777950973 1102.37682498691
"691" 0.32258064516129 -1234.18324028391 0.364839168123546 0.0680249940952185 1422.05365812581
"692" 0.354838709677419 -801.343516836618 0.514615861976543 0.0897701623829193 1088.96740238627
"693" 0.354838709677419 -974.824115378402 0.385572494024716 0.0729494521021104 1345.89121723818
"694" 0.290322580645161 -995.437247242265 0.44550724039516 0.0780998552515921 1235.8400292513
"695" 0.258064516129032 -817.863521075897 0.431262959543161 0.0784073030736913 1260.34666410693
"696" 0.290322580645161 -1225.23077105764 0.397635844538549 0.071220636413267 1327.33895764537
"697" 0.258064516129032 -1236.00151530596 0.445560654020039 0.0801934558796922 1239.81928130176
"698" 0.258064516129032 -963.329403745677 0.303344595961607 0.0636404136362705 1518.94797613556
"699" 0.225806451612903 -1310.11360748912 0.230695176879875 0.0564423608006731 1657.26315435166
"700" 0.193548387096774 -1536.63945200348 0.318043954076935 0.0632805457865766 1522.07544501638
"701" 0.387096774193548 -724.350880350687 0.60505091491529 0.107533657191306 913.630924300358
"702" 0.32258064516129 -1262.25103652248 0.426941616925456 0.0757155481062927 1256.34613008485
"703" 0.258064516129032 -1357.44209061428 0.395751391785402 0.0713112668707885 1348.39983160313
"704" 0.258064516129032 -863.857955898101 0.425981854814073 0.0764907395974177 1270.12197144935
"705" 0.258064516129032 -895.476253026278 0.535208140686142 0.0926531340130523 1057.45860898164
"706" 0.225806451612903 -1415.28995536465 0.294432577021284 0.0632890044676394 1553.14158216162
"707" 0.225806451612903 -1040.45205492156 0.276652561733817 0.06027169045852 1566.45903387499
"708" 0.387096774193548 -880.606011512923 0.468385828147348 0.0804759434327851 1186.04938122396
"709" 0.354838709677419 -1107.268256416 0.393884067852144 0.0725946410455387 1349.94762452877
"710" 0.32258064516129 -1131.60598085762 0.492966269450161 0.0842079697229635 1161.48593477464
"711" 0.32258064516129 -1060.30832329233 0.49976431487074 0.0869021816270185 1133.30288555203
"712" 0.387096774193548 -623.599679442594 0.586562522219841 0.101113251506478 940.441338743297
"713" 0.290322580645161 -749.993522902279 0.438865148674172 0.0755070797743749 1246.57934188788
"714" 0.193548387096774 -1526.75181514438 0.193935249465162 0.0542442979548311 1744.8914172015
"715" 0.32258064516129 -1036.72094203652 0.388203685456245 0.0713801385286282 1343.946896332
"716" 0.32258064516129 -922.323504242029 0.447456806771282 0.0797439689365947 1223.61734965001
"717" 0.193548387096774 -1367.62378582952 0.332040786152567 0.0677789274549931 1460.66648520237
"718" 0.258064516129032 -1206.73753999238 0.38770640083054 0.0716710850191368 1350.6990925028
"719" 0.387096774193548 -1126.32363553834 0.44961755692682 0.0798793744627627 1226.77565617238
"720" 0.258064516129032 -830.467320128813 0.349552844896078 0.0680877783488991 1417.77800096401
"721" 0.225806451612903 -1356.7131220902 0.259618963938292 0.0598044373157898 1617.55116268089
"722" 0.258064516129032 -1001.22527714697 0.38939217382422 0.0696554936143284 1357.23196443018
"723" 0.193548387096774 -1606.91935916561 0.375832751380868 0.0707512313502411 1398.98954766294
"724" 0.354838709677419 -740.878194326889 0.562979571885395 0.0965931376255352 989.986600548169
"725" 0.354838709677419 -891.450601483809 0.459069700794436 0.0817264235247104 1207.91878010214
"726" 0.225806451612903 -1066.17933085654 0.29675286435244 0.0642656127272168 1548.00249344118
"727" 0.193548387096774 -977.094100625292 0.361085596041222 0.0695207506827217 1415.03802670196
"728" 0.258064516129032 -949.907424153458 0.410454698146269 0.0736972233777378 1316.7856968232
"729" 0.32258064516129 -1267.23223093206 0.42371088042712 0.0741707030637523 1275.3578868441
"730" 0.290322580645161 -951.050661299594 0.444533921042255 0.0803658961270952 1237.7724532982
"731" 0.290322580645161 -1086.07962686932 0.404702778715847 0.0719809771299274 1332.29087537918
"732" 0.225806451612903 -1312.46316660184 0.302532813045829 0.0635733935970548 1519.80282220046
"733" 0.225806451612903 -1020.31615645792 0.310966313833185 0.0657998348330392 1502.7836790557
"734" 0.354838709677419 -977.273361353906 0.427189888114664 0.0764016851583556 1276.31595772155
"735" 0.258064516129032 -1536.14054080342 0.244240444345468 0.0572806972588085 1671.35924575866
"736" 0.290322580645161 -1062.71376047766 0.295789599494048 0.0632567633488229 1529.19635012865
"737" 0.225806451612903 -1052.88199017309 0.423862439986782 0.0754683385462013 1269.06675886592
"738" 0.290322580645161 -816.72978623619 0.472519314003847 0.081355663080736 1170.92082771071
"739" 0.419354838709677 -1080.39136448041 0.419543600190877 0.0761674252844153 1301.83060536075
"740" 0.258064516129032 -890.461781155786 0.424139279518551 0.0759117162082519 1281.68179885869
"741" 0.258064516129032 -963.260863143356 0.273769905709198 0.0602413281288858 1562.14909552579
"742" 0.387096774193548 -1171.98573752356 0.446102479236959 0.0772916786629635 1236.58057317496
"743" 0.354838709677419 -1153.70698999252 0.42616392131284 0.0756199993239792 1286.20776929581
"744" 0.290322580645161 -1031.65418480063 0.33156276291792 0.068624883051842 1458.35361712567
"745" 0.354838709677419 -811.098372000023 0.44587774145661 0.0786622125352435 1220.52810152437
"746" 0.32258064516129 -1235.96413450283 0.446832175672227 0.0776355208292164 1233.43669258247
"747" 0.32258064516129 -955.681906898716 0.52222538844366 0.0897105798727565 1083.82717705977
"748" 0.32258064516129 -906.723525833049 0.409562091634972 0.0713632163042812 1326.17118053833
"749" 0.225806451612903 -1225.75242730161 0.346436946612058 0.069076510031049 1431.71674327699
"750" 0.32258064516129 -1144.76296447272 0.385858416417254 0.0745592682644476 1354.19155742112
"751" 0.354838709677419 -1222.27320612178 0.423232040961177 0.0721581219918661 1309.23178499954
"752" 0.258064516129032 -1236.407047029 0.433251824588765 0.0765979568198135 1267.92232926461
"753" 0.354838709677419 -903.91014312938 0.415810116617229 0.0739903265874349 1289.09380365639
"754" 0.32258064516129 -1129.5685066973 0.347271631161139 0.0667868006065538 1440.42085935877
"755" 0.290322580645161 -942.537157089032 0.463824588435903 0.0794386878605648 1186.44693656627
"756" 0.258064516129032 -978.034121242886 0.331075985563882 0.0655688534997823 1454.62232011846
"757" 0.354838709677419 -1158.16123459127 0.390293844462661 0.0709939528951839 1344.98035156201
"758" 0.354838709677419 -774.473931505252 0.507854140840967 0.0876610296163753 1119.99433494281
"759" 0.290322580645161 -885.76872543942 0.39982901996873 0.0703254937638952 1334.50344169293
"760" 0.32258064516129 -1131.76972157446 0.409100348493275 0.0752172726401879 1310.26787261972
"761" 0.32258064516129 -1328.57385179114 0.414267274407353 0.0729235897129142 1310.57675161689
"762" 0.225806451612903 -1251.84778999745 0.327529474337063 0.065972654644262 1485.67314699592
"763" 0.32258064516129 -965.253562828483 0.385959558431273 0.0707284623950649 1347.58456375133
"764" 0.290322580645161 -918.893621348585 0.330339577941447 0.0657068287755373 1451.26055747269
"765" 0.258064516129032 -1016.99545684675 0.296858038671535 0.0622661346186805 1539.75839623637
"766" 0.419354838709677 -925.45337882924 0.459763489929211 0.0802208355593259 1200.92616024346
"767" 0.32258064516129 -1146.80320857566 0.512496285812019 0.0871871647207781 1108.55891451927
"768" 0.354838709677419 -1333.94662158877 0.372988651420698 0.0686694677049075 1382.32503615222
"769" 0.387096774193548 -917.795391396774 0.45997201120239 0.0796102417838459 1189.56989163262
"770" 0.354838709677419 -733.241596984 0.436354622362311 0.0773271943460319 1238.48873439727
"771" 0.193548387096774 -1211.74120607261 0.259236415245466 0.0604226332616095 1620.59760059667
"772" 0.290322580645161 -998.251809357221 0.425261809415949 0.0782808169537545 1284.36537120975
"773" 0.354838709677419 -1076.86752942891 0.450944431418699 0.078490287100734 1224.87493565032
"774" 0.258064516129032 -1189.95163481102 0.431516502991044 0.0770277085245645 1265.38711463432
"775" 0.225806451612903 -1200.56547522446 0.375357655285842 0.0681643354464607 1390.46895556202
"776" 0.290322580645161 -1078.33539423443 0.372161842232903 0.0684802745042795 1369.67184724379
"777" 0.290322580645161 -999.789779398954 0.515807597113707 0.0895763239711169 1097.59627663791
"778" 0.258064516129032 -1122.71316958617 0.433570110603952 0.0765009133034364 1260.92457747523
"779" 0.290322580645161 -1272.05726158578 0.398406527789006 0.0733427325866773 1351.81047831345
"780" 0.290322580645161 -1012.27880654479 0.459125133763499 0.0802910071270911 1204.76608564275
"781" 0.32258064516129 -546.427388673667 0.575296141090968 0.0997670226773354 969.082722083486
"782" 0.290322580645161 -950.373028419404 0.42170278008017 0.0745785254109733 1286.62925989451
"783" 0.290322580645161 -1068.50146180311 0.423826698562568 0.0784267091132241 1276.41830195359
"784" 0.193548387096774 -1110.37068170808 0.233988478766189 0.0572577866881576 1659.26334667158
"785" 0.290322580645161 -1199.94553630952 0.339222969432129 0.0665747241974865 1450.06432853035
"786" 0.354838709677419 -1191.95291013163 0.428236512101252 0.074869007431334 1274.14971290594
"787" 0.451612903225806 -765.210441504929 0.609862898090946 0.106700307165001 887.339017932871
"788" 0.387096774193548 -871.590021251678 0.582146428528054 0.100024927702153 962.61408685518
"789" 0.32258064516129 -923.285094666612 0.450219780824339 0.0794108071213065 1209.848101918
"790" 0.290322580645161 -1331.36310123377 0.342167456903761 0.0650355403508968 1464.25998583072
"791" 0.258064516129032 -893.20042042969 0.374247867041736 0.0716299549588066 1358.69192437113
"792" 0.290322580645161 -834.702532509836 0.449228053299811 0.0781063213349906 1224.40080161857
"793" 0.354838709677419 -920.447822303831 0.510843549368603 0.0891444144570121 1102.10008074851
"794" 0.32258064516129 -816.764234795589 0.462866127210752 0.0829925304797264 1198.10916394951
"795" 0.258064516129032 -1297.11444383892 0.259213427362014 0.0594982616026546 1598.19026106996
"796" 0.32258064516129 -1030.46176234061 0.455631803839689 0.0822322056740215 1215.04441724647
"797" 0.32258064516129 -674.080870307799 0.496634957187967 0.0886725527141599 1115.54831616735
"798" 0.387096774193548 -909.399800174071 0.424468289422375 0.0747985485296933 1267.23952517547
"799" 0.193548387096774 -870.474186357044 0.271566541141575 0.0600382905212109 1573.14936759047
"800" 0.290322580645161 -988.983476838152 0.365217920756293 0.0680985106867649 1402.67803293312
"801" 0.387096774193548 -1012.38790645709 0.550165423168812 0.0968030315378753 1043.70365604137
"802" 0.419354838709677 -662.08476953913 0.548903068533747 0.0929563023001064 1017.65410916427
"803" 0.387096774193548 -749.991611267061 0.551756995341526 0.0952527487800093 1005.06313832762
"804" 0.290322580645161 -699.824481056548 0.539237057331027 0.0930475661901354 1047.92096900778
"805" 0.258064516129032 -1045.8216070524 0.264657453079311 0.0600691773975755 1594.09637025252
"806" 0.225806451612903 -1184.84467416215 0.328491721074473 0.0643079701898877 1473.16659369331
"807" 0.387096774193548 -1104.47847664986 0.521412066997101 0.0893700083286648 1098.09232397581
"808" 0.32258064516129 -871.394208430368 0.395429817774906 0.0712738887349262 1335.4287166532
"809" 0.290322580645161 -829.232157942993 0.444549419465287 0.078890069997585 1226.01291348842
"810" 0.225806451612903 -902.391818300773 0.343692207567808 0.066103568798447 1434.86389497142
"811" 0.354838709677419 -1033.12659059096 0.452307515651031 0.0803906712914066 1216.63608681622
"812" 0.290322580645161 -918.219301488711 0.415795447604273 0.0745181511766579 1293.57638200028
"813" 0.354838709677419 -1056.61179861404 0.369411384870706 0.0680248111811219 1405.890841397
"814" 0.354838709677419 -1200.72120757191 0.49777879572266 0.0847604123114185 1129.58416387347
"815" 0.290322580645161 -1389.17182258223 0.314739724089658 0.0636231620466701 1522.57124692995
"816" 0.225806451612903 -1250.6150916814 0.447277008079319 0.0772345837220992 1237.80979413955
"817" 0.258064516129032 -1184.02740719386 0.351045131971628 0.0686772635594196 1448.40640054211
"818" 0.258064516129032 -991.68976730983 0.268757292099073 0.0604840183604965 1593.20092678791
"819" 0.354838709677419 -905.452961275603 0.45605684276504 0.0794905507506561 1204.48912432611
"820" 0.354838709677419 -671.225397602128 0.471458484915939 0.0835524661755871 1179.11938526079
"821" 0.258064516129032 -1460.30874816385 0.313023781677614 0.0629014504527689 1513.03007744775
"822" 0.354838709677419 -743.329199235265 0.483966196447524 0.0828780951091054 1157.42026248898
"823" 0.258064516129032 -911.081544448763 0.378553468025124 0.0711267390892418 1352.45047745809
"824" 0.258064516129032 -1181.2178318964 0.342523980714658 0.0661780433526215 1449.62135038869
"825" 0.258064516129032 -1008.01726075914 0.326279877441196 0.064938451220864 1482.23136457324
"826" 0.290322580645161 -1449.34515046916 0.449314617871022 0.0799797905421864 1241.92656655168
"827" 0.354838709677419 -826.409336547417 0.491940768119185 0.0850288320407957 1132.86113270777
"828" 0.258064516129032 -859.955466108987 0.542936043008703 0.0934284835740069 1041.58488119547
"829" 0.387096774193548 -626.459014327171 0.615962448816919 0.108566380440972 883.854389278847
"830" 0.290322580645161 -891.296144093086 0.356502077615678 0.0678321087054576 1403.16559904213
"831" 0.258064516129032 -906.516048607738 0.406091045331358 0.074476765465844 1306.62143931001
"832" 0.32258064516129 -837.489733358112 0.469015021892176 0.0833261831786598 1188.82011040377
"833" 0.354838709677419 -1115.77429126789 0.387194555130542 0.0734575907442809 1346.21672254279
"834" 0.225806451612903 -1123.47160290652 0.257968526715883 0.0592495412876918 1615.7780793257
"835" 0.387096774193548 -623.100737842842 0.536418268121221 0.0927032550384415 1034.63842257843
"836" 0.258064516129032 -1202.40809740571 0.281888141944899 0.0612164867069787 1568.44828493419
"837" 0.354838709677419 -1141.90732835064 0.370976601946956 0.069618768989617 1377.38978511733
"838" 0.290322580645161 -926.065373977065 0.350564302081799 0.0671847051518515 1424.12379264272
"839" 0.225806451612903 -929.976354459257 0.287979116286747 0.0621726935638869 1543.3520710403
"840" 0.258064516129032 -954.695353179827 0.432421610232999 0.077338151742827 1270.54890691593
"841" 0.32258064516129 -701.621050514466 0.4065489578766 0.0732554230749241 1295.39536318262
"842" 0.451612903225806 -785.428805074846 0.517120070633273 0.090331120111692 1078.28229218728
"843" 0.354838709677419 -886.91140767428 0.337151887258149 0.0682768478260568 1454.56154358948
"844" 0.258064516129032 -938.131732331672 0.355150462563975 0.0706585197831885 1413.55747549817
"845" 0.258064516129032 -966.20894739029 0.407788226409284 0.0734721940882065 1309.21761201606
"846" 0.32258064516129 -1178.26189434179 0.350858572352612 0.0683139173586333 1424.78653232055
"847" 0.32258064516129 -924.85845897336 0.408721131685862 0.0737663927197378 1297.04375132825
"848" 0.225806451612903 -1150.33242734251 0.24777984175538 0.05891137850591 1612.9103297064
"849" 0.193548387096774 -1154.93552626476 0.358793646201325 0.0687968083982169 1424.88470389821
"850" 0.225806451612903 -937.875857952514 0.43659415868657 0.0783028246529076 1247.79079941773
"851" 0.225806451612903 -914.17394158606 0.386666324124701 0.0716739461401985 1340.29145614933
"852" 0.354838709677419 -1677.09651250882 0.441035544603023 0.0788647413304503 1245.37076904804
"853" 0.290322580645161 -1195.89264072161 0.411231369197213 0.0730861099788017 1310.08698308519
"854" 0.258064516129032 -1424.48994476969 0.378123519274138 0.0707461491558452 1397.67902015154
"855" 0.258064516129032 -1164.43116043077 0.262353015864315 0.0608945104759275 1610.48310198621
"856" 0.258064516129032 -630.642979084088 0.537306284426298 0.0948834747843981 1041.92216978878
"857" 0.32258064516129 -1010.19601649861 0.333342759484484 0.0679304331899425 1467.47890786538
"858" 0.225806451612903 -1008.60807561322 0.383329332061111 0.0719148437822489 1343.30445569971
"859" 0.354838709677419 -817.833870951583 0.49905001425123 0.0874857852140629 1123.19954937756
"860" 0.290322580645161 -1717.96609729031 0.331419198708684 0.0671959455770753 1465.63920088239
"861" 0.354838709677419 -828.377394784269 0.475244590747133 0.0832772284027741 1167.20891201528
"862" 0.32258064516129 -1240.22980031432 0.405976665991211 0.0727517719555648 1313.09301554312
"863" 0.258064516129032 -777.99033843202 0.449063709944062 0.0793133196046532 1207.05996966277
"864" 0.32258064516129 -1048.52369270777 0.355245871537082 0.0693053389385327 1408.96338769931
"865" 0.32258064516129 -945.726776354909 0.354480746045787 0.0703647150748229 1422.36755729711
"866" 0.258064516129032 -1128.11099238496 0.382508261055851 0.0703394428532141 1362.43982847942
"867" 0.258064516129032 -1183.07326446656 0.352832121723709 0.0708576374673861 1440.20673760733
"868" 0.354838709677419 -871.835203996444 0.489545772592856 0.0833320926494851 1137.53265959703
"869" 0.32258064516129 -1012.43109618068 0.447741824169654 0.0766585394070712 1232.54965685698
"870" 0.193548387096774 -1109.91188512077 0.276331595838024 0.0613514066632757 1583.67555681649
"871" 0.32258064516129 -1136.95131919836 0.370899942656105 0.0687813883797827 1377.26049632356
"872" 0.419354838709677 -923.661901604917 0.504686815638361 0.0876814449314366 1104.52212653251
"873" 0.32258064516129 -947.878159409105 0.445153547838288 0.0801416306329779 1223.23935863547
"874" 0.258064516129032 -1393.1955018986 0.242411225746593 0.0580201139687523 1641.29752009037
"875" 0.32258064516129 -767.966172542219 0.379696638793478 0.0700478966065163 1353.88144549266
"876" 0.225806451612903 -1174.73446355122 0.372304839254633 0.0725314015915274 1371.41694181467
"877" 0.290322580645161 -1213.82993153116 0.388172463978806 0.0707191047911957 1367.71108843654
"878" 0.387096774193548 -1135.13425579751 0.467420785717336 0.0824923830734133 1191.86940154411
"879" 0.290322580645161 -1152.35693754708 0.302947516155725 0.062471624321414 1538.95355419096
"880" 0.258064516129032 -1079.14727368501 0.364431911249822 0.068342135323762 1395.91408236584
"881" 0.32258064516129 -1168.87560327881 0.406519207650829 0.0735846970722983 1303.6314653568
"882" 0.258064516129032 -1311.35156113346 0.243247730156852 0.0601405533094548 1659.24167955119
"883" 0.193548387096774 -749.890555110455 0.399519424549822 0.0722245077700357 1312.62316611154
"884" 0.32258064516129 -986.563764118221 0.42466833938152 0.0748608736664805 1268.60752027937
"885" 0.32258064516129 -1229.03330769825 0.445614220782107 0.0764085566253676 1250.47512535529
"886" 0.354838709677419 -1052.11963669144 0.457847424015112 0.0788411411164891 1216.31322052156
"887" 0.258064516129032 -1202.02010108032 0.359556799580982 0.0677401779477046 1394.41528134594
"888" 0.290322580645161 -509.388334092075 0.590842132329325 0.104012000905154 934.506325893665
"889" 0.290322580645161 -770.818083392821 0.442971029195044 0.0787588294850636 1235.35037548236
"890" 0.258064516129032 -1099.57747175349 0.395943054200438 0.0711413841883214 1352.79734676246
"891" 0.290322580645161 -710.338090490987 0.533617418451518 0.0930078792289567 1052.46771229344
"892" 0.290322580645161 -901.452053985418 0.421258155218339 0.0742398447340904 1290.49073619685
"893" 0.290322580645161 -1077.06230216136 0.377747265814785 0.0697828613376388 1377.68965681032
"894" 0.225806451612903 -1441.08198254842 0.419656017483201 0.072992191186047 1307.41357825911
"895" 0.32258064516129 -1013.88270673835 0.348849079414829 0.0670514367738872 1419.08201711832
"896" 0.225806451612903 -1136.16012795248 0.285245570116982 0.0625587056918729 1545.51072174568
"897" 0.419354838709677 -1000.54628772285 0.361641783336515 0.0689441307588442 1402.1819349678
"898" 0.354838709677419 -984.143786269086 0.50896293967427 0.0867477793878127 1097.8647801022
"899" 0.225806451612903 -1002.18783623367 0.371923978086727 0.068860003408531 1386.96140550827
"900" 0.387096774193548 -818.922281162901 0.564963216580254 0.0972719502724062 991.630487267929
"901" 0.32258064516129 -746.812561587806 0.475193367388238 0.0844159701195232 1175.5622186626
"902" 0.290322580645161 -1013.2564138424 0.385421254218481 0.0696518039883612 1354.98475013793
"903" 0.290322580645161 -978.492601030184 0.443094245998178 0.0786954391032 1233.48712174038
"904" 0.225806451612903 -1087.55297681332 0.461494597018599 0.0815609600092616 1192.61823332308
"905" 0.387096774193548 -900.366956224666 0.508663761160896 0.0916593600316798 1095.04736459595
"906" 0.354838709677419 -981.340525491281 0.382488406749132 0.0698098451215499 1356.86895577854
"907" 0.258064516129032 -1020.33203245304 0.486764021060878 0.0840574722646655 1151.17315312987
"908" 0.290322580645161 -912.973112804528 0.422841309588657 0.0768974951931033 1285.221978587
"909" 0.354838709677419 -1059.11459978002 0.450880978603963 0.079544263811143 1233.20173865527
"910" 0.258064516129032 -966.397072359765 0.395868830064885 0.0719919788189837 1334.87426617848
"911" 0.290322580645161 -671.155463438857 0.553920032562407 0.0949111997358345 1007.97657842615
"912" 0.290322580645161 -971.401097322512 0.39274793908015 0.0734374027723326 1338.96076212271
"913" 0.290322580645161 -952.636859356449 0.377234521196684 0.0708542908097297 1372.24787880671
"914" 0.290322580645161 -1093.04739194466 0.381598184520061 0.0708945732021248 1363.32191058438
"915" 0.258064516129032 -1235.39809433339 0.2944015370633 0.0613455124704925 1534.94833312719
"916" 0.290322580645161 -1726.64630563589 0.348827410517819 0.0655345522836933 1450.61517595933
"917" 0.290322580645161 -1297.41788046554 0.356983098827818 0.0679658909746855 1424.87203574829
"918" 0.32258064516129 -990.150672625386 0.548654124546264 0.0936017804486182 1029.56669001545
"919" 0.354838709677419 -1307.62972426224 0.412757841963049 0.0724398260930824 1317.74360986282
"920" 0.354838709677419 -1305.91707047409 0.443688085930496 0.0774846052664552 1238.29803896905
"921" 0.193548387096774 -998.358530307253 0.272457609729757 0.0594700646820757 1576.56508542273
"922" 0.387096774193548 -972.173811396453 0.477150474713093 0.0827556555187807 1164.37333037608
"923" 0.225806451612903 -1003.98695649143 0.370153076804747 0.0712560085127549 1378.01046504097
"924" 0.225806451612903 -1425.96414546429 0.349724709567469 0.067757204263859 1411.51903679786
"925" 0.354838709677419 -724.731838784917 0.502308996350589 0.0860792479067829 1110.49331513782
"926" 0.225806451612903 -1045.09987131859 0.397443921249017 0.0742623215821789 1329.80385809149
"927" 0.32258064516129 -1363.15309286063 0.339374873106703 0.0653761441873925 1460.64611574339
"928" 0.290322580645161 -974.078408108238 0.413007472702192 0.0728849943539032 1298.93603993279
"929" 0.290322580645161 -1186.15049732597 0.350777848155614 0.0669002214280244 1429.44617033049
"930" 0.225806451612903 -1313.40268972929 0.334669651600375 0.0648457088201964 1474.08442715734
"931" 0.32258064516129 -1008.84423347112 0.356411570621543 0.0681714677271438 1431.65479411919
"932" 0.451612903225806 -1146.25550045917 0.512278830100822 0.0894975658923187 1109.51107974697
"933" 0.258064516129032 -1285.47946260262 0.323506808759976 0.06487142418795 1486.30457163778
"934" 0.354838709677419 -1580.89522347811 0.45518499122122 0.0790989782224195 1221.19379288577
"935" 0.32258064516129 -1200.62398739077 0.398135576975369 0.0716340477561104 1336.4637551065
"936" 0.290322580645161 -1046.05860835866 0.398478085884646 0.0733199365900415 1335.83426780518
"937" 0.225806451612903 -1059.58641583762 0.357520809526195 0.067772658061584 1406.69450429039
"938" 0.354838709677419 -795.83958383504 0.400739096943454 0.075226718403964 1326.77836345105
"939" 0.290322580645161 -1007.77921296999 0.442781949895272 0.0761717246518971 1249.52479589894
"940" 0.258064516129032 -866.319754686082 0.337565609630241 0.0655923345260728 1451.19139849086
"941" 0.32258064516129 -1044.80169963296 0.391876151713942 0.0716333763539918 1336.0537780585
"942" 0.419354838709677 -925.554317828962 0.538525017225717 0.0925039246249221 1040.49263320156
"943" 0.258064516129032 -1191.71692561138 0.405277556118914 0.0729479703928206 1310.75331512092
"944" 0.290322580645161 -860.143662422075 0.429944987378431 0.0764652965236303 1263.8626497194
"945" 0.225806451612903 -1037.35869725965 0.378640776035054 0.0695154582909623 1373.45171963848
"946" 0.290322580645161 -778.700801969299 0.387138306575016 0.0720748103330731 1347.79735233342
"947" 0.354838709677419 -693.574094665726 0.487852498746863 0.0838563316236065 1137.67852194504
"948" 0.258064516129032 -777.487500430297 0.419391758420752 0.0769023325026279 1276.23907036396
"949" 0.354838709677419 -1357.12677165415 0.445123988854612 0.076519389463344 1254.25263276927
"950" 0.290322580645161 -1151.9553829119 0.370020817580983 0.0696783638973133 1399.40466803007
"951" 0.258064516129032 -1070.06532215332 0.369720685634083 0.0696679392461855 1370.53231909391
"952" 0.258064516129032 -1279.16620955236 0.387784443265053 0.0702508287192803 1353.47315048905
"953" 0.225806451612903 -1217.66746986569 0.273976342424629 0.0611882392791544 1577.3697451627
"954" 0.290322580645161 -1414.37932537465 0.355997941765063 0.0664848917554771 1415.13636719536
"955" 0.258064516129032 -911.334308589252 0.335579440781602 0.0667420458663573 1450.71609992136
"956" 0.354838709677419 -1283.74361532878 0.334548894765603 0.0681026065973086 1442.26234326715
"957" 0.258064516129032 -1027.0561843567 0.305666590137329 0.0630603690397459 1525.44026358382
"958" 0.225806451612903 -1032.9789110785 0.328830146281149 0.0682935257114577 1464.60428816103
"959" 0.32258064516129 -1013.91762166036 0.369856442691156 0.0681940239528557 1391.47870850173
"960" 0.354838709677419 -1482.66426758865 0.397909702076904 0.0736918842049091 1336.62951868592
"961" 0.387096774193548 -839.75648610786 0.496938667555378 0.0846018601793763 1114.45902379797
"962" 0.258064516129032 -1307.71997908983 0.353584866028949 0.0684918988561194 1428.77220164564
"963" 0.225806451612903 -1310.40952704258 0.41938965092188 0.0760326711755094 1298.99006182627
"964" 0.32258064516129 -862.577149982963 0.508983870754352 0.0886923107044923 1104.39679089241
"965" 0.387096774193548 -568.752791580371 0.548486875543793 0.0964716514367223 1003.57293190045
"966" 0.225806451612903 -999.820751320419 0.222403227195605 0.0592465921246638 1664.4884982859
"967" 0.258064516129032 -1152.84389566914 0.316147525331226 0.0629869115488571 1503.56373430901
"968" 0.258064516129032 -1013.69394630331 0.407792230350842 0.0773354979539938 1298.96741913253
"969" 0.225806451612903 -1348.84715824848 0.245374242202052 0.0590953682607596 1651.23864335811
"970" 0.290322580645161 -928.883995560576 0.434226857947985 0.0766036194347705 1251.40070732528
"971" 0.32258064516129 -927.104506660044 0.420113235990359 0.0770823178852205 1290.1226294267
"972" 0.290322580645161 -854.569259271763 0.455773134435325 0.0797409127984837 1214.27917421644
"973" 0.354838709677419 -968.750186741716 0.435700288138366 0.077464798395879 1263.38833251059
"974" 0.290322580645161 -1199.34999157057 0.34025785760981 0.066410372372834 1449.22845915048
"975" 0.32258064516129 -898.810252909862 0.414204685232899 0.0748443797011591 1292.50759242755
"976" 0.290322580645161 -1221.68931303927 0.497064036189388 0.0869784505472817 1148.79641812541
"977" 0.290322580645161 -1397.93447403151 0.386623707503814 0.0729634709753514 1366.48798914456
"978" 0.258064516129032 -859.238929303388 0.413916551226521 0.074075666300629 1297.22590496343
"979" 0.258064516129032 -1084.73528647456 0.3479194183492 0.0694173856569876 1440.43192203421
"980" 0.290322580645161 -856.654113558737 0.519100681733081 0.0889665682801481 1077.41249413157
"981" 0.258064516129032 -1290.09338880256 0.277474654539831 0.0595826598002296 1584.49260766984
"982" 0.32258064516129 -695.25385365579 0.494569083482209 0.0883432550468068 1133.27866251133
"983" 0.32258064516129 -821.086376651969 0.484306076606492 0.0831208820178406 1150.72652774509
"984" 0.32258064516129 -1106.61817971257 0.332429092050788 0.0682870492387597 1468.09498292526
"985" 0.387096774193548 -670.512772415097 0.534348637982891 0.0929472090155604 1046.32563481563
"986" 0.290322580645161 -1035.43956079164 0.412457176758627 0.0753059867975634 1303.46079908484
"987" 0.258064516129032 -1075.85709970886 0.388879287525183 0.0711604760699076 1351.58026929488
"988" 0.258064516129032 -904.687145435519 0.437812326925798 0.0773621269863465 1246.15121951154
"989" 0.290322580645161 -700.998149529775 0.462770479118865 0.0798585213761419 1183.5554783268
"990" 0.225806451612903 -1669.24795193549 0.33808263628128 0.0656795707072322 1459.66276968672
"991" 0.258064516129032 -976.609902483515 0.414049736472463 0.0744121340461039 1292.01440137719
"992" 0.387096774193548 -835.806118413748 0.476040848335398 0.0815240528557478 1171.06997845537
"993" 0.290322580645161 -988.415429752131 0.427923242306551 0.0743585993151762 1279.58040451509
"994" 0.225806451612903 -1308.77084659506 0.318363405867913 0.0637723717917746 1509.46020323197
"995" 0.387096774193548 -980.615011682333 0.474086601167853 0.0806443637570417 1180.17651524022
"996" 0.32258064516129 -1165.12073311157 0.381874521751158 0.0717741447969534 1360.39491024564
"997" 0.354838709677419 -972.195728290432 0.47965607541374 0.081911219971479 1173.29076535872
"998" 0.290322580645161 -945.046713419711 0.36388899563063 0.0688837144231751 1401.94365898414
"999" 0.290322580645161 -1149.78695514253 0.351528219600808 0.0677618329674776 1443.40603146552
"1000" 0.258064516129032 -1072.32313996679 0.293453678862869 0.064751056733089 1526.48550628009
