"SCI" "RCI" "GER" "MSM*" "MIG"
"1" 0.354838709677419 -681.043149669859 0.547971873720121 0.0928378058367648 1020.1408103969
"2" 0.290322580645161 -1028.3268967721 0.386490999955042 0.0705110939899233 1352.31576210485
"3" 0.387096774193548 -922.543361113827 0.553526821066968 0.0950492580870463 1009.19796917462
"4" 0.354838709677419 -699.280130892472 0.522139794019923 0.0919932424110387 1073.26159977183
"5" 0.258064516129032 -1000.18780911132 0.485839443294011 0.0824273834881394 1155.11511908287
"6" 0.258064516129032 -1002.52147126368 0.573719552399734 0.101847899054146 983.465803544142
"7" 0.354838709677419 -1049.72089814756 0.473448390044278 0.0798662850145406 1197.48101055287
"8" 0.354838709677419 -856.55065371002 0.462190612915298 0.0813775726101757 1195.67000875546
"9" 0.225806451612903 -930.906712934855 0.395424604728702 0.0729153421417782 1353.51172590734
"10" 0.354838709677419 -843.34396616683 0.536482352890982 0.0927503037422113 1047.88739168746
"11" 0.354838709677419 -606.105674949749 0.661991669640048 0.123062417025749 793.822755224442
"12" 0.290322580645161 -755.36607384036 0.464833565072088 0.082523690299873 1183.8576847801
"13" 0.32258064516129 -683.469561832899 0.517800687926239 0.0895288326023992 1084.98722346481
"14" 0.483870967741935 -829.768822596263 0.604364895956645 0.109393839550783 911.992618069949
"15" 0.290322580645161 -882.968284324477 0.4671342130712 0.0830247828459379 1196.99820620655
"16" 0.354838709677419 -795.523119589127 0.467134247190371 0.0799598801205009 1182.2247671371
"17" 0.419354838709677 -635.355118997225 0.562757285727274 0.0972848227640337 980.530633409263
"18" 0.451612903225806 -757.118003266424 0.63710430310311 0.118893323681082 844.179530042946
"19" 0.225806451612903 -1097.01560139971 0.295148427597683 0.0619447904227163 1536.21372155836
"20" 0.32258064516129 -479.602953007771 0.726303826707823 0.147092929467185 661.840594168166
"21" 0.354838709677419 -445.072974943526 0.678243487056536 0.126972028898952 745.288876659228
"22" 0.354838709677419 -761.986865194026 0.559384047751231 0.0981335474890369 1000.59009347916
"23" 0.354838709677419 -483.779878946915 0.724824212161371 0.145174987636885 666.173138947843
"24" 0.32258064516129 -850.757184276438 0.462779024644655 0.0813481548598268 1194.62993735734
"25" 0.354838709677419 -912.554587695316 0.420982839370715 0.0763363819219107 1266.1386636126
"26" 0.419354838709677 -671.758148396468 0.651543085560951 0.119200846922375 808.0479297828
"27" 0.354838709677419 -992.832855258315 0.569536490774106 0.0957423208773512 985.609507727195
"28" 0.387096774193548 -914.480654231871 0.481227326103137 0.0806288193127258 1162.7228943673
"29" 0.32258064516129 -864.388150785422 0.502165655109885 0.0826859878875802 1130.09100545157
"30" 0.290322580645161 -1100.64559455467 0.44680485715119 0.0784548378312884 1237.97275310082
"31" 0.387096774193548 -744.45210673969 0.60515811579592 0.105690886588504 912.429459542083
"32" 0.419354838709677 -450.103788569287 0.646736315860439 0.116993472320014 815.116565129017
"33" 0.290322580645161 -758.246429218859 0.373224810489596 0.0694469568487821 1378.87648931052
"34" 0.451612903225806 -764.923003823098 0.602552366204614 0.109148034867467 909.344171705137
"35" 0.290322580645161 -808.385961912232 0.552968985294253 0.0957864695841157 1021.21048125698
"36" 0.32258064516129 -715.159501864763 0.52472534926595 0.0902934433248085 1075.2082943883
"37" 0.354838709677419 -753.70707261322 0.485307359136439 0.0866043772235319 1147.90902712652
"38" 0.32258064516129 -881.506338438851 0.492970491093029 0.082081512033597 1145.96982601377
"39" 0.290322580645161 -1086.48128885282 0.423556540818803 0.0789741788871203 1281.28400577721
"40" 0.225806451612903 -983.674403818068 0.527393980282026 0.0888700150365561 1070.20441535204
"41" 0.387096774193548 -1064.34172625002 0.459675633653247 0.0801966662295972 1213.40293275377
"42" 0.354838709677419 -780.690907571011 0.590532685844893 0.105327139666307 932.973805946049
"43" 0.32258064516129 -1096.79174510605 0.503756831669609 0.0873727765980721 1131.99652289674
"44" 0.258064516129032 -949.817806218448 0.493726052225351 0.0846718981725252 1133.76096571786
"45" 0.290322580645161 -1035.96710151238 0.419896978183797 0.0729532972509529 1290.82507129754
"46" 0.290322580645161 -979.97246878337 0.465208923459679 0.0820731792480456 1190.99477123545
"47" 0.354838709677419 -749.640293500873 0.507112890568629 0.087985827003933 1107.96498139605
"48" 0.387096774193548 -1062.29560207193 0.502000236689622 0.085562456587321 1115.17312108611
"49" 0.32258064516129 -927.338921097143 0.530207567829958 0.0875355388794717 1066.65914178422
"50" 0.32258064516129 -772.675808416934 0.528158786074616 0.0904864522916907 1069.71272063616
"51" 0.258064516129032 -1121.17455277388 0.384841846236427 0.069432603261161 1360.7476129357
"52" 0.354838709677419 -859.257176354818 0.469347402687319 0.0824211343875482 1171.76684251833
"53" 0.258064516129032 -749.499399475553 0.543384911642754 0.0934504088037919 1027.10133841294
"54" 0.290322580645161 -1163.42738048236 0.412935564352123 0.0739445935310591 1305.88320954307
"55" 0.225806451612903 -909.083541916124 0.417430363400319 0.075593339204199 1285.14067230412
"56" 0.225806451612903 -1001.56262382783 0.373889370571414 0.0702292776707446 1396.41544903262
"57" 0.225806451612903 -833.112544093164 0.419994594229019 0.0748757310067335 1267.58360738662
"58" 0.290322580645161 -1124.73533522254 0.385846496521873 0.0700196895264311 1357.92095022345
"59" 0.387096774193548 -940.547450023552 0.429558713540182 0.0764049427305266 1259.47229302013
"60" 0.290322580645161 -1254.64731795208 0.42128789180058 0.0762200985249468 1295.30996183794
"61" 0.290322580645161 -820.222605422652 0.460769932563323 0.0824719590052524 1198.04525921786
"62" 0.354838709677419 -753.364453519962 0.562495841837301 0.100867651585277 992.063994583001
"63" 0.290322580645161 -954.565702757511 0.459732413967416 0.0800785501487384 1212.32987726529
"64" 0.387096774193548 -844.179288796911 0.582036665840418 0.103997891826822 965.483115214326
"65" 0.387096774193548 -1078.92980692268 0.416682793944791 0.0755784289794821 1296.39422156299
"66" 0.225806451612903 -1505.33246793707 0.350266669651587 0.0664013209603638 1444.08550965266
"67" 0.32258064516129 -705.919042971392 0.59541505341273 0.101719957147776 932.729901324369
"68" 0.32258064516129 -694.69826259998 0.502678321472499 0.0872883396322807 1121.91761986999
"69" 0.290322580645161 -1142.94632528951 0.420025854652302 0.0738892171182075 1296.11338870936
"70" 0.387096774193548 -761.253453635757 0.510115893960677 0.0881329001819524 1098.12323430976
"71" 0.290322580645161 -1012.3249558841 0.416448958412785 0.0746553684905094 1300.04327194104
"72" 0.32258064516129 -797.384477582912 0.509998913630606 0.0862746301122768 1096.78177759039
"73" 0.354838709677419 -774.941067031289 0.495596284446428 0.0874909671685495 1127.40373025133
"74" 0.354838709677419 -624.308783171857 0.65925213270834 0.122302061353799 800.183140330932
"75" 0.290322580645161 -942.27005740527 0.396972616084918 0.0732351794902567 1319.56563513719
"76" 0.258064516129032 -960.651133867532 0.380897438017634 0.0708782350258778 1370.97842609444
"77" 0.354838709677419 -986.712513846988 0.467188823861117 0.0782316943549661 1205.62991198923
"78" 0.258064516129032 -1210.49729872855 0.470242970205319 0.0805032387563435 1203.16055249975
"79" 0.32258064516129 -723.64971198983 0.545709029143807 0.09642449715197 1035.72879594816
"80" 0.193548387096774 -1030.20836461345 0.385667680065457 0.07191018695483 1363.85558899967
"81" 0.32258064516129 -518.349766675783 0.661734978314934 0.125555196244373 796.871100608609
"82" 0.225806451612903 -944.63786682785 0.357891879761178 0.0692890799595777 1413.54988941116
"83" 0.290322580645161 -991.450970440336 0.410689327570001 0.0749136938115814 1307.96691121887
"84" 0.290322580645161 -858.193696957016 0.459171156872726 0.079989480421404 1206.12230445808
"85" 0.354838709677419 -1020.17051131595 0.483999488048244 0.0825208356290375 1154.5560514904
"86" 0.290322580645161 -1250.03593134834 0.449417810475741 0.0774183994482224 1236.82822161909
"87" 0.258064516129032 -1310.77917146689 0.429061716454559 0.0745295282161234 1273.38448890358
"88" 0.290322580645161 -737.73776174561 0.492421555390522 0.0848054627242945 1131.02418110137
"89" 0.290322580645161 -536.784352568555 0.667069707229384 0.127048740221868 774.487065736879
"90" 0.290322580645161 -1033.19733814272 0.440664436005363 0.0781353855355031 1248.02406747686
"91" 0.290322580645161 -1070.79546684767 0.457962166328355 0.0791488696996797 1202.04737609537
"92" 0.258064516129032 -1073.82327068644 0.483959693306118 0.0852967912213018 1165.32433494134
"93" 0.354838709677419 -774.586017367991 0.47438308889031 0.0821005657088998 1171.59162037475
"94" 0.258064516129032 -928.141437057046 0.314844208267166 0.0636625996078064 1494.73788846634
"95" 0.290322580645161 -910.640108230027 0.408697748633423 0.0768920798820255 1305.93617606764
"96" 0.32258064516129 -1099.70313144428 0.440343189996671 0.0775212940021724 1253.37424117536
"97" 0.290322580645161 -785.792522981307 0.423004858579054 0.0763756595638711 1273.92974086025
"98" 0.290322580645161 -689.743674961416 0.483452118781422 0.0841490367862234 1133.79961411606
"99" 0.32258064516129 -890.565135077991 0.489200874435357 0.0852725088244426 1154.50957341267
"100" 0.387096774193548 -876.896332190591 0.539358757535247 0.0966209232388187 1053.14630842872
"101" 0.290322580645161 -1052.21187698592 0.373792336252824 0.0702444412972065 1375.30581506886
"102" 0.32258064516129 -755.22985894661 0.584118660259729 0.102029383393663 952.389576995047
"103" 0.290322580645161 -887.560704568568 0.476866393117938 0.082957424814179 1166.16782430024
"104" 0.354838709677419 -1048.51529415087 0.555564125966444 0.093603796240646 1016.04943588875
"105" 0.290322580645161 -1028.29373689564 0.489290220443175 0.0849153578450036 1143.90718860762
"106" 0.354838709677419 -988.406912835129 0.478541856286819 0.0839253082191866 1177.19617795362
"107" 0.354838709677419 -1149.82316841928 0.442921022168414 0.0783982834812641 1242.30826686752
"108" 0.290322580645161 -905.994085325088 0.398554090921746 0.0721407100831065 1326.38646531623
"109" 0.387096774193548 -508.976995781954 0.681171846254887 0.127514665880346 756.604243602411
"110" 0.258064516129032 -697.393727340039 0.456405176734765 0.0804705938120445 1198.08185195637
"111" 0.32258064516129 -1016.6920066862 0.393236062987804 0.0717730459823047 1324.06569688307
"112" 0.354838709677419 -851.347478635819 0.541259173480112 0.093716200154297 1031.93144506429
"113" 0.290322580645161 -934.567675266047 0.502359053777608 0.0867948845904728 1110.39689824515
"114" 0.354838709677419 -645.048640436064 0.443886734880899 0.0801642453272059 1227.15189790915
"115" 0.451612903225806 -588.826912930505 0.714303224034713 0.14441618199353 684.188758649486
"116" 0.387096774193548 -803.048974039228 0.605412180403648 0.106946212086018 918.058487845613
"117" 0.258064516129032 -1055.27018975405 0.470041691574518 0.0807302076182587 1200.5747391873
"118" 0.290322580645161 -651.486638627309 0.506888825069088 0.0877250581097879 1107.10601563154
"119" 0.32258064516129 -656.949689091383 0.481395290636689 0.083454606047846 1152.35926358561
"120" 0.32258064516129 -765.60693162797 0.577870450281732 0.0991069008664437 971.65908057061
"121" 0.258064516129032 -1074.8620825026 0.376931332919998 0.069836073004141 1382.7509955803
"122" 0.419354838709677 -925.720943798198 0.547217916153212 0.0938889382006562 1030.42552151973
"123" 0.354838709677419 -1091.58314886104 0.585617550411712 0.101724214738833 957.631346764602
"124" 0.32258064516129 -684.551384286038 0.615488626861077 0.10969426728187 886.309759646433
"125" 0.32258064516129 -752.958840921954 0.499587029203069 0.0880679863703648 1128.7510278137
"126" 0.354838709677419 -671.050081088112 0.592570468306829 0.102964381644511 932.289190531475
"127" 0.290322580645161 -1341.26881276209 0.48753492234729 0.0849858018164586 1174.76588640033
"128" 0.419354838709677 -672.234776366299 0.545305317862119 0.0929653468631323 1022.94974667822
"129" 0.387096774193548 -846.354611477596 0.517625690224395 0.0890409090310884 1089.79210789499
"130" 0.354838709677419 -636.365932638381 0.587202251707129 0.100179582637873 939.953045112968
"131" 0.290322580645161 -756.007274031301 0.504832538289596 0.0868583133118265 1120.22992163303
"132" 0.290322580645161 -996.84336353924 0.574454324689649 0.0973994637228734 973.810659078944
"133" 0.419354838709677 -547.169998687301 0.591910471594795 0.109856262789822 928.307095005293
"134" 0.354838709677419 -643.494473766342 0.639905048868782 0.114991550399134 840.837027036199
"135" 0.290322580645161 -600.134362888142 0.461424360348559 0.0809287773823035 1174.5175132074
"136" 0.32258064516129 -1064.23106971731 0.48379631351874 0.0829403212554932 1165.6780810884
"137" 0.32258064516129 -753.36259252493 0.547204137117036 0.0961104206653576 1014.41636279843
"138" 0.290322580645161 -1010.33142653548 0.417737597031345 0.0751071815696174 1292.48393462246
"139" 0.387096774193548 -708.385704801255 0.529242738685316 0.0889968488432466 1063.80898789396
"140" 0.354838709677419 -787.068044364427 0.519437344748961 0.0887627095867297 1089.21610208765
"141" 0.32258064516129 -780.545968801866 0.502781774349571 0.0865831012158821 1113.11397379667
"142" 0.32258064516129 -831.77403015567 0.436411741912733 0.0771186883560437 1266.67834685827
"143" 0.225806451612903 -1176.42902085587 0.37125199353977 0.0696260753499066 1391.55338238301
"144" 0.258064516129032 -1305.35023133657 0.41065354290024 0.0735904018534458 1311.79551540911
"145" 0.258064516129032 -982.538383003479 0.414143600212147 0.0759579844511994 1297.2651088458
"146" 0.32258064516129 -1086.0616340436 0.48283637980034 0.0838685872305996 1142.1451732032
"147" 0.32258064516129 -1090.20110230729 0.472874894338213 0.0824724168399761 1178.71362361502
"148" 0.32258064516129 -656.089566320146 0.528660785922977 0.0907616666407749 1061.63984574545
"149" 0.354838709677419 -1048.13924002049 0.506980844029456 0.0880603039237137 1102.57160814418
"150" 0.258064516129032 -1252.09220989528 0.374811433125224 0.0711706352817154 1367.78969784579
"151" 0.419354838709677 -665.483704225028 0.574084851294214 0.100963244393508 979.728024125204
"152" 0.225806451612903 -1185.36910012529 0.4123846949669 0.0728750435264462 1299.75638975308
"153" 0.354838709677419 -787.872806041437 0.493415357484129 0.0850311346909523 1134.23895134449
"154" 0.387096774193548 -829.21654575743 0.438689158088479 0.0776002367837401 1247.46736254638
"155" 0.290322580645161 -1033.32966167429 0.469392570513819 0.0804648546643898 1184.95974903768
"156" 0.419354838709677 -837.693897328094 0.64364800241329 0.117470466701292 833.464550145583
"157" 0.387096774193548 -1016.88744625226 0.50635795678003 0.0847805851663854 1120.40788278745
"158" 0.387096774193548 -859.547732769677 0.524936268807616 0.0901825259109047 1089.36952905662
"159" 0.354838709677419 -773.080362502767 0.548064984709455 0.0952105492435791 1034.76202300136
"160" 0.387096774193548 -845.899892562474 0.533824038458657 0.0916921951563655 1049.45311551616
"161" 0.32258064516129 -810.357997794894 0.508045263246334 0.0848071243650259 1112.97378578995
"162" 0.258064516129032 -974.894251221543 0.420217995992958 0.0761999262205273 1282.9745336796
"163" 0.225806451612903 -1803.29840727351 0.393115315380627 0.0714221313495409 1349.34355500564
"164" 0.290322580645161 -871.790430198226 0.437946769989008 0.0779585734627774 1242.05443966808
"165" 0.32258064516129 -665.76281620635 0.516633056017124 0.0929218261192007 1089.19012013469
"166" 0.387096774193548 -1137.64900309682 0.441832995634775 0.0805697829131208 1252.08434194915
"167" 0.290322580645161 -1222.76507268155 0.505813562995878 0.0867904522162614 1126.30147711947
"168" 0.290322580645161 -770.626428299144 0.486573172312946 0.0837521946853834 1148.47607747613
"169" 0.32258064516129 -1297.35366194518 0.451244884806022 0.0792472031549951 1225.59237990722
"170" 0.290322580645161 -847.573175325191 0.473838667750812 0.0812305426508492 1185.52174849918
"171" 0.290322580645161 -944.703204544768 0.425062943601012 0.0758179446143276 1271.21779075655
"172" 0.354838709677419 -678.41927040127 0.514532399229576 0.0897628479115335 1082.56615156749
"173" 0.354838709677419 -957.610206208697 0.497868400741153 0.0856393040864556 1137.58986080783
"174" 0.387096774193548 -653.451020598484 0.539230131474618 0.0925684958419822 1046.15579222708
"175" 0.258064516129032 -1029.74211420129 0.512375447694728 0.0875565975871734 1095.97092751596
"176" 0.419354838709677 -824.644673131032 0.57929256377175 0.0999165795920406 968.364957459008
"177" 0.32258064516129 -599.402487743756 0.613461127093546 0.107015068949329 889.719833131009
"178" 0.354838709677419 -1153.69596140622 0.511905179797393 0.0877516544775799 1114.68172688173
"179" 0.32258064516129 -922.293462300241 0.451035323137831 0.0787481805099657 1227.31798643317
"180" 0.387096774193548 -827.902288299834 0.545108473718748 0.094480264130945 1023.70587737492
"181" 0.258064516129032 -888.604820793347 0.461506980140083 0.0810726163141265 1214.47446970914
"182" 0.354838709677419 -962.678760570525 0.552254870792129 0.0944365780737109 1026.62748990969
"183" 0.354838709677419 -876.368614694819 0.484076764791869 0.0841890303034397 1143.95536609406
"184" 0.387096774193548 -795.390653303744 0.526400053355806 0.0902739094355919 1066.77426683651
"185" 0.32258064516129 -984.34912542173 0.380328275902716 0.0713824668239935 1361.46628313993
"186" 0.258064516129032 -721.779587254417 0.423977295739214 0.0753245644083047 1270.23029150522
"187" 0.258064516129032 -1388.23323878261 0.413051231082371 0.0728280021181322 1305.42646860996
"188" 0.290322580645161 -1092.4322665755 0.42878574129589 0.0768554811965596 1256.14507902666
"189" 0.258064516129032 -1132.09037796643 0.43577233932579 0.077858186110051 1270.38407903245
"190" 0.419354838709677 -648.214214479422 0.607838431047678 0.107160546724696 903.999320309505
"191" 0.387096774193548 -466.099527785094 0.61046098381893 0.110590035493345 879.417876642903
"192" 0.32258064516129 -914.022517441885 0.524733663288374 0.0912973863411636 1067.32988166114
"193" 0.451612903225806 -545.675337057789 0.63589676980958 0.116318936915432 845.717135881363
"194" 0.32258064516129 -1374.30984163931 0.405848267613443 0.0725746879726614 1337.45831473961
"195" 0.32258064516129 -681.171962847147 0.499741075592409 0.0843340754770819 1110.32823052914
"196" 0.387096774193548 -933.944404310721 0.554963636546368 0.0998119867611182 1006.25092206882
"197" 0.290322580645161 -661.342169179617 0.582277051992322 0.10309218352413 951.599685854819
"198" 0.32258064516129 -996.360704031805 0.445357042355075 0.0807554103879631 1251.50541227747
"199" 0.258064516129032 -1201.71555616041 0.382023945989609 0.0692064241464772 1378.61538579161
"200" 0.290322580645161 -775.395188385658 0.502943990820952 0.0845649977607257 1125.05838347139
"201" 0.354838709677419 -871.121631453685 0.415906905023707 0.0764036046438045 1299.85237545208
"202" 0.32258064516129 -862.341572213835 0.446946733833017 0.0768557001628071 1234.00035573344
"203" 0.258064516129032 -1126.96459730498 0.389534510463267 0.0726480764249248 1352.80298180047
"204" 0.387096774193548 -706.036683904117 0.571530758068628 0.100747786641147 972.293892937282
"205" 0.258064516129032 -857.269209274536 0.524142004671143 0.0921801128429105 1066.3665179391
"206" 0.32258064516129 -899.748143951089 0.463808685136087 0.0798038275498344 1200.11945975342
"207" 0.354838709677419 -796.017247280922 0.552327561067041 0.0958860855060735 1010.7247603882
"208" 0.387096774193548 -1068.0082827408 0.502493166461746 0.086854211221564 1122.42100453006
"209" 0.32258064516129 -711.399396507731 0.460541953782791 0.0804141578358852 1192.18563689099
"210" 0.32258064516129 -1062.61295110717 0.380031104447289 0.0697350441121703 1364.76070014392
"211" 0.258064516129032 -786.228255113838 0.388800485879448 0.071606858041222 1340.34186458902
"212" 0.354838709677419 -858.744529824312 0.588867521825271 0.10222615955928 938.943414444034
"213" 0.354838709677419 -585.970250397331 0.667261638545599 0.122695740342937 784.634602473818
"214" 0.354838709677419 -675.695297431431 0.611856788158329 0.109450063308136 894.797135786391
"215" 0.419354838709677 -561.518726499808 0.639156413217009 0.117013582219328 839.783548677464
"216" 0.290322580645161 -1066.03238962751 0.443730545385374 0.0769909779580586 1237.36403595348
"217" 0.419354838709677 -831.339817277379 0.567129835421098 0.0974439831536119 988.644688772257
"218" 0.290322580645161 -602.984592401893 0.655346418373346 0.119616618194531 802.176735213934
"219" 0.32258064516129 -744.453678972186 0.473031406973542 0.0825416527156778 1170.81179185073
"220" 0.354838709677419 -700.067920777311 0.563779358468332 0.0978387905940287 987.738347099889
"221" 0.32258064516129 -907.909354939041 0.540472956553513 0.0944119572347882 1037.90988513821
"222" 0.354838709677419 -1022.9027843436 0.547130003943731 0.0915237723418625 1034.25638765299
"223" 0.290322580645161 -654.410989175254 0.499880154353604 0.0866180828892522 1120.06350531755
"224" 0.290322580645161 -1027.74960938351 0.545311971418526 0.0968207084715448 1038.7589299472
"225" 0.290322580645161 -874.512392504704 0.573379110804764 0.0965510410545128 969.56882108429
"226" 0.354838709677419 -862.864546715844 0.542587085935168 0.0972010855102678 1048.84335861095
"227" 0.32258064516129 -914.010350150808 0.520469512174112 0.0926993031937052 1081.38586732115
"228" 0.387096774193548 -668.694665920568 0.550497657168799 0.0971883806507458 1007.72489774039
"229" 0.290322580645161 -935.921051324101 0.416585470825898 0.0737658074578759 1302.52465993133
"230" 0.451612903225806 -630.415362287242 0.635093729510005 0.117639117201322 842.098281445354
"231" 0.387096774193548 -584.329179846844 0.667601897361415 0.12273862076293 787.652121357981
"232" 0.290322580645161 -996.439176172324 0.447911459804739 0.0783474819863112 1230.3992324479
"233" 0.354838709677419 -1016.5653134256 0.44107749398387 0.0766469679070674 1243.06803879594
"234" 0.290322580645161 -844.404968735384 0.376641113527662 0.0695743889487564 1364.06273105809
"235" 0.258064516129032 -1236.13079444759 0.414499056546801 0.0736143867506231 1299.26358888091
"236" 0.225806451612903 -994.886205916507 0.430647793216783 0.0770462337992667 1255.92767025537
"237" 0.387096774193548 -848.99153529074 0.477313036008261 0.0841633657380402 1164.32952968062
"238" 0.419354838709677 -756.219530843895 0.626649696093089 0.11272995197183 859.644672522182
"239" 0.451612903225806 -1204.09660248489 0.497607964072275 0.0843596588942761 1128.8706696289
"240" 0.387096774193548 -1083.76211053313 0.556396969192416 0.0960019821010378 1024.3383866549
"241" 0.32258064516129 -414.473735213051 0.716764456266259 0.145014529852477 678.733891359812
"242" 0.354838709677419 -652.999281602888 0.569116545434888 0.0993473544226004 971.506129970471
"243" 0.258064516129032 -1129.42004575955 0.550690919642577 0.0979197894212852 1034.07006947318
"244" 0.290322580645161 -761.893967267053 0.428813446808476 0.0783793809278677 1254.67411463903
"245" 0.290322580645161 -857.475438078264 0.45180702486188 0.0784811120632012 1209.01066225888
"246" 0.419354838709677 -627.970425084929 0.61213798696602 0.10959628603421 883.959741145279
"247" 0.290322580645161 -633.173740239763 0.459010729112251 0.0802901273742001 1177.0480732901
"248" 0.354838709677419 -784.94571323136 0.534546564929248 0.0906071218025104 1055.70023837138
"249" 0.258064516129032 -883.284949760263 0.492932364489281 0.0846049960724995 1136.34064713875
"250" 0.225806451612903 -780.577824908558 0.397128920853379 0.0726760029571289 1325.01537378874
"251" 0.387096774193548 -697.312642099752 0.525383682854986 0.0913955769125118 1064.94477798035
"252" 0.225806451612903 -819.353980783779 0.580285342279367 0.0991084051835589 976.7801232441
"253" 0.32258064516129 -995.468300705174 0.481961070106469 0.084098246451232 1158.35171045313
"254" 0.290322580645161 -980.437550530421 0.417156018360758 0.0758420573797348 1296.82527540665
"255" 0.258064516129032 -1150.90980906148 0.367261825108112 0.0694153575427257 1394.79465617773
"256" 0.32258064516129 -734.648995204169 0.591772392498118 0.106263685555184 932.078691760502
"257" 0.387096774193548 -826.117046365744 0.49676072427978 0.0877826227347631 1118.3768722896
"258" 0.419354838709677 -990.57084874373 0.513572254844011 0.0896988123166682 1103.39015521932
"259" 0.32258064516129 -808.266574702086 0.46738337154695 0.0814960800342366 1189.66444742715
"260" 0.290322580645161 -1004.25844932881 0.554332413280179 0.0949879385440015 1018.00233063595
"261" 0.32258064516129 -940.804658587325 0.419370047750581 0.0759609714519126 1297.45705704684
"262" 0.387096774193548 -733.960751372132 0.578612145888569 0.10034691936208 968.155148695433
"263" 0.290322580645161 -1437.24874224917 0.450911126855513 0.0787933046718851 1230.65867605287
"264" 0.387096774193548 -969.833451819283 0.498913285245606 0.0876843812975692 1120.59684237134
"265" 0.32258064516129 -1121.20813863398 0.412359364552838 0.0742094799255528 1301.19099365119
"266" 0.290322580645161 -1301.43665427068 0.388769248886068 0.0718453022527814 1360.2874071624
"267" 0.290322580645161 -1436.83883108049 0.403068682920614 0.0719111547385013 1346.6794578322
"268" 0.419354838709677 -996.161235097442 0.510033511123742 0.087386549771243 1114.67120025087
"269" 0.193548387096774 -938.078196835723 0.40077354940425 0.0738377641760718 1316.31439447928
"270" 0.290322580645161 -989.957530271919 0.430376660722446 0.0770088407784393 1256.48420439641
"271" 0.354838709677419 -764.731328046502 0.583265841261996 0.101481561344848 965.23134544062
"272" 0.387096774193548 -773.544893228456 0.534032066419688 0.0919776193434627 1056.15537149986
"273" 0.451612903225806 -701.287041767301 0.623775515786914 0.111989382641488 872.757426737435
"274" 0.419354838709677 -487.913706957921 0.651844943699063 0.119666290386472 802.702523835038
"275" 0.354838709677419 -777.539901739381 0.549400319363494 0.0957502032195724 1023.67219312147
"276" 0.32258064516129 -920.73490619574 0.439150587393306 0.0763111630165534 1252.91480370824
"277" 0.290322580645161 -900.376617631768 0.394433004983286 0.0715164268988075 1328.45769543302
"278" 0.354838709677419 -923.168997758778 0.513345279376766 0.0903631772941419 1095.79852081607
"279" 0.290322580645161 -1165.00677786653 0.426943289758479 0.0735031737485224 1274.74151961377
"280" 0.32258064516129 -890.916629470924 0.477229464386811 0.0826624469549561 1166.97711630485
"281" 0.32258064516129 -1296.50311578816 0.487939486333398 0.0838534946768547 1145.93360158895
"282" 0.258064516129032 -1136.69612253151 0.372801667891046 0.0693420824646944 1378.86525706408
"283" 0.290322580645161 -815.380328337253 0.520242785618453 0.0900473022032723 1074.74969796016
"284" 0.32258064516129 -854.844203658245 0.361767838409139 0.0701811860025893 1384.26371121625
"285" 0.225806451612903 -1023.45462058504 0.433383228227852 0.0765123590962058 1267.87853567292
"286" 0.290322580645161 -972.434568577724 0.530397116476405 0.0953343830322912 1064.818725073
"287" 0.290322580645161 -672.635949757137 0.555376671832741 0.0963798110642543 1012.44106775602
"288" 0.354838709677419 -861.240914875479 0.505104658950232 0.0859204276044109 1108.66201365655
"289" 0.258064516129032 -995.715513521813 0.361947462802056 0.068799034609051 1401.88155429092
"290" 0.354838709677419 -1025.88240846832 0.559411696350092 0.0963954794548208 1013.29152202556
"291" 0.32258064516129 -998.643571919746 0.450933570283377 0.0791951941376684 1219.13825991798
"292" 0.32258064516129 -1001.0208832858 0.503136513202211 0.0856635363051812 1109.49765532976
"293" 0.290322580645161 -1186.54503802915 0.371279285673789 0.0701088136638568 1397.27676737444
"294" 0.354838709677419 -698.39570587275 0.532243167909152 0.0898477382173856 1057.22200773883
"295" 0.419354838709677 -622.018174911756 0.573326819479502 0.097928023867583 964.076647686693
"296" 0.290322580645161 -1321.36576522248 0.310976972692167 0.065036657153557 1516.24384292083
"297" 0.354838709677419 -1154.49595432816 0.449254495214533 0.0772540422926481 1239.99032747311
"298" 0.387096774193548 -385.513123239416 0.718150840666684 0.142959009688314 663.664459310041
"299" 0.290322580645161 -1218.61264584542 0.483420901026521 0.0818808132373043 1167.95707543288
"300" 0.354838709677419 -1227.89451334131 0.406578910280226 0.072546330703428 1340.42151164587
"301" 0.290322580645161 -987.956141311649 0.452949366707913 0.0782395450231383 1220.93250275128
"302" 0.354838709677419 -728.410103879852 0.56324605323813 0.097921603033394 996.235888609733
"303" 0.354838709677419 -1129.34733985486 0.465372334255978 0.0831163478985576 1201.52452585341
"304" 0.32258064516129 -1218.21297106167 0.488123399843857 0.0826793770575414 1157.73681698187
"305" 0.225806451612903 -1132.96242961606 0.451007473843156 0.078067926572024 1224.28998009652
"306" 0.32258064516129 -1305.38651130354 0.465855115749645 0.0816399279069583 1193.83294766963
"307" 0.32258064516129 -899.786032411948 0.439727975446125 0.0790521395902397 1235.11244655378
"308" 0.258064516129032 -858.370507807788 0.392064345492785 0.0734646391541895 1323.44859901507
"309" 0.354838709677419 -768.597677218985 0.551563270494722 0.0929508062932879 1022.04237410478
"310" 0.290322580645161 -739.535779464872 0.428617391017869 0.0776659511389274 1268.34749438363
"311" 0.32258064516129 -1120.31875088994 0.371957248497384 0.0691911892768312 1396.12004875858
"312" 0.258064516129032 -803.748428458648 0.507596483395555 0.0862640384452748 1112.62386809021
"313" 0.32258064516129 -739.37500676558 0.525030255972956 0.0907063421158087 1075.37587717683
"314" 0.354838709677419 -717.921367290945 0.606959158657508 0.107814178867277 896.771494972692
"315" 0.419354838709677 -761.867046302644 0.615208513940431 0.107610209697707 894.996388647799
"316" 0.451612903225806 -390.90558079594 0.704763734956323 0.13847960358294 698.25410592875
"317" 0.290322580645161 -1204.00314714679 0.533061422004887 0.0910460276520861 1061.02053268854
"318" 0.290322580645161 -1216.8756844626 0.358776459324479 0.066525485086057 1416.88927614882
"319" 0.32258064516129 -998.923225946851 0.428573149836591 0.0767715059631928 1253.69587008811
"320" 0.32258064516129 -925.74604817209 0.494367009190855 0.0865436392165077 1128.694089459
"321" 0.290322580645161 -1108.34903802704 0.558464763223576 0.0938166557954775 1012.93302726345
"322" 0.354838709677419 -1005.17586089714 0.517721980011401 0.0903576650176362 1107.7187842838
"323" 0.387096774193548 -889.05476719824 0.517037492973538 0.0883483240163653 1076.77266112004
"324" 0.193548387096774 -972.095118214153 0.298813623543399 0.0630434537268612 1528.17084371142
"325" 0.32258064516129 -813.404687210206 0.493058200429635 0.0843293348279544 1134.07032627687
"326" 0.290322580645161 -1036.13013240309 0.491820170518844 0.0840746969417821 1139.19445567332
"327" 0.419354838709677 -607.584244279167 0.57037226568454 0.0992362275032618 969.496116905608
"328" 0.354838709677419 -1066.57713610642 0.429371651847061 0.076783594825372 1249.58347317409
"329" 0.387096774193548 -1030.8946745653 0.555346317340145 0.0973951015215421 1016.60939035444
"330" 0.32258064516129 -1157.47303107279 0.46052108888387 0.0823013001218971 1203.72217395834
"331" 0.387096774193548 -791.545912457303 0.595142913273194 0.103631685306185 936.084794255428
"332" 0.290322580645161 -882.800529656526 0.460584434498079 0.0811454153781447 1187.64422058715
"333" 0.290322580645161 -752.869963888533 0.577470757860559 0.0995705568482477 964.793775739095
"334" 0.32258064516129 -827.188002299639 0.458596487286725 0.0824757195004131 1201.42582415537
"335" 0.193548387096774 -1187.75953325591 0.393928667926936 0.0734108634782443 1344.04661271722
"336" 0.451612903225806 -789.268333347874 0.515549526358977 0.0876935844997495 1089.16109011389
"337" 0.387096774193548 -508.995107427752 0.632742754418332 0.113762412808998 841.540653301235
"338" 0.419354838709677 -458.793986443678 0.615959388202206 0.110784236244775 874.914641024508
"339" 0.258064516129032 -807.940838727297 0.330505279855614 0.0679803896940838 1461.5654494155
"340" 0.354838709677419 -1157.04991205452 0.359488289381276 0.0673658706664969 1396.00965889193
"341" 0.290322580645161 -1114.76179801387 0.405882649815363 0.0739371289470512 1312.93944963321
"342" 0.32258064516129 -1193.30140506129 0.446811393935225 0.0776554174859838 1237.7494527477
"343" 0.225806451612903 -1135.55438161468 0.435592517029402 0.0753538656138183 1270.72866135677
"344" 0.354838709677419 -837.568657601968 0.532888561359666 0.0910060940999 1045.80238959708
"345" 0.354838709677419 -708.607322009849 0.542221887022504 0.0911377981920602 1040.90433902185
"346" 0.258064516129032 -767.650840673761 0.583849630516244 0.10285200684855 965.196327469787
"347" 0.290322580645161 -1057.12820226269 0.43401251674006 0.0761122007973847 1254.69073651084
"348" 0.32258064516129 -911.418919137118 0.518093061564534 0.0887754294948433 1089.20370216585
"349" 0.290322580645161 -871.91433426596 0.387370043999361 0.0738629516679624 1338.3177600687
"350" 0.354838709677419 -619.010632505769 0.591707128513609 0.102331021254305 927.005356742766
"351" 0.419354838709677 -749.429565845435 0.563333274549485 0.0963806263675161 987.287202087301
"352" 0.225806451612903 -1107.37021123813 0.329118200112292 0.067228256294896 1461.79347111931
"353" 0.290322580645161 -1035.34895925007 0.389710144940188 0.0728770067922699 1338.87456802409
"354" 0.387096774193548 -379.133837263277 0.698750018394776 0.139654161796709 715.049473186056
"355" 0.290322580645161 -1029.96748260016 0.410764537640728 0.0748324857116866 1306.45440689173
"356" 0.32258064516129 -1105.49840915425 0.430048835649128 0.0762421830487274 1275.94161928568
"357" 0.32258064516129 -758.347129590664 0.4500759384504 0.0789766429244935 1206.52975595332
"358" 0.354838709677419 -940.761839473696 0.442253852479875 0.0794324363119428 1234.0085587399
"359" 0.225806451612903 -1636.49603820215 0.368936045777294 0.0709712108025398 1411.82752514511
"360" 0.258064516129032 -1352.56015013345 0.363660976729604 0.0679713765070228 1410.45422247886
"361" 0.225806451612903 -942.793582908846 0.450244683330542 0.078564331973411 1218.78235253815
"362" 0.258064516129032 -991.021675046418 0.451828431877854 0.0794525438272263 1224.90862806563
"363" 0.32258064516129 -550.882668849886 0.57753484310313 0.101073920339038 958.659985907779
"364" 0.258064516129032 -1065.71015519409 0.418391642741376 0.0756367026195528 1298.76584250494
"365" 0.32258064516129 -667.993119583878 0.556265986409774 0.098400932694602 1004.1001135548
"366" 0.387096774193548 -1070.75603025699 0.475237020494032 0.0809474022340411 1170.45523378298
"367" 0.354838709677419 -570.381841735005 0.524508430112735 0.0901069399057189 1067.62608541201
"368" 0.354838709677419 -791.077169134065 0.493222550489715 0.0858664423572744 1123.96352547779
"369" 0.354838709677419 -779.832932425842 0.544874523994394 0.094601319968952 1018.36580796825
"370" 0.354838709677419 -704.643162124487 0.572397431266664 0.104542795512945 968.910623507889
"371" 0.387096774193548 -897.515063267711 0.497470161086463 0.0856628579061038 1120.86804900323
"372" 0.32258064516129 -866.647071287077 0.432617898620471 0.0777852165294344 1259.11282557697
"373" 0.290322580645161 -923.862604543787 0.557319716666215 0.0962623083879628 1014.74531034303
"374" 0.32258064516129 -509.790572109067 0.616968487649776 0.110309118591351 873.101175032125
"375" 0.387096774193548 -849.343214787243 0.528959077284929 0.0895975113714667 1054.95555781697
"376" 0.419354838709677 -667.854032268449 0.65102153607738 0.123544809154501 814.951795276753
"377" 0.419354838709677 -499.786171241414 0.626365236254423 0.114284898592259 853.671207812678
"378" 0.32258064516129 -734.950966610206 0.509626417080725 0.0870304839508272 1094.94683062967
"379" 0.290322580645161 -783.433219242609 0.509365600565374 0.0869359679035157 1112.03881653252
"380" 0.258064516129032 -1165.23072099374 0.38972209595955 0.0703248881183773 1360.4305642879
"381" 0.354838709677419 -742.197746168182 0.501900088278571 0.0862063154806478 1105.24339728202
"382" 0.290322580645161 -946.570339130172 0.368008608729861 0.0695136790459568 1398.70240463755
"383" 0.258064516129032 -923.307301792421 0.462125369995399 0.0812429272790206 1213.28967989284
"384" 0.387096774193548 -1079.93758645572 0.469393319568287 0.081459658116912 1180.58064975558
"385" 0.32258064516129 -1452.56283909279 0.409874439008132 0.073660665067073 1324.8979288186
"386" 0.387096774193548 -922.663998360371 0.54839920181879 0.0957069419058059 1026.45596315214
"387" 0.354838709677419 -655.075855903882 0.614327208951266 0.106416019199144 887.899157483086
"388" 0.258064516129032 -1062.06303237264 0.442322710916736 0.0785451866992936 1240.11620986122
"389" 0.290322580645161 -1060.13597741106 0.466581107176188 0.0811086975853998 1198.91877033161
"390" 0.193548387096774 -995.228139591964 0.439594140098867 0.0768716189772529 1258.70408674786
"391" 0.354838709677419 -805.035606819906 0.588283550564044 0.105148065926249 952.165533719757
"392" 0.290322580645161 -1371.06127548747 0.352755262187598 0.0673845499936848 1429.89787884293
"393" 0.161290322580645 -1163.70060919197 0.404111028660462 0.0742097651133176 1309.22009239281
"394" 0.387096774193548 -744.463075192344 0.534975475884089 0.0931687582812989 1046.32017335681
"395" 0.354838709677419 -861.541353090075 0.507278687867708 0.0871562223308904 1110.16594047253
"396" 0.290322580645161 -1082.39039122573 0.413183390021628 0.0739754180210568 1302.79429315384
"397" 0.387096774193548 -782.031645432312 0.542105103746338 0.0928939951098708 1038.90042679424
"398" 0.354838709677419 -1060.04133979911 0.452369753904533 0.0809851389815433 1215.0685057058
"399" 0.32258064516129 -635.5108433704 0.551451082071469 0.0962050485044179 1016.06782725581
"400" 0.387096774193548 -875.952265788431 0.464061809470355 0.0806097765687235 1188.79277459864
"401" 0.258064516129032 -1108.88640395085 0.436988912181869 0.0761788813111502 1254.76828360993
"402" 0.387096774193548 -548.038019381139 0.691022454130667 0.137228229226442 738.482723749436
"403" 0.258064516129032 -1251.91585507827 0.479653863239305 0.0811785855658043 1172.88300493807
"404" 0.32258064516129 -1060.15095983893 0.559382323353525 0.095920779357701 1016.64984923645
"405" 0.290322580645161 -866.526109622129 0.483642703103477 0.0827686603339236 1153.39795659311
"406" 0.32258064516129 -929.432851463944 0.471551398879842 0.0796472765837795 1180.10371403645
"407" 0.354838709677419 -816.669256243328 0.526605135248118 0.0898611316224134 1059.18022805618
"408" 0.32258064516129 -712.652262893431 0.451001509750039 0.0786013153099947 1211.30680816013
"409" 0.32258064516129 -818.621441857173 0.517719667848592 0.0915022508348983 1097.4478946835
"410" 0.290322580645161 -909.287533453851 0.509084911708393 0.0891123953110322 1110.02763050039
"411" 0.419354838709677 -771.106143071527 0.557008233389517 0.098780092718786 1013.05669901967
"412" 0.225806451612903 -1240.01308324279 0.336484641221661 0.0668832399863316 1474.36818862866
"413" 0.387096774193548 -972.487731725941 0.582123055501546 0.0992755275892462 969.429540798625
"414" 0.32258064516129 -793.699159592727 0.406075606258316 0.0739257360330259 1298.3979513394
"415" 0.419354838709677 -724.980820175897 0.480817590331583 0.0830277292675577 1160.77835359133
"416" 0.290322580645161 -1021.20802682742 0.414475032628691 0.073653274310433 1295.62807776941
"417" 0.451612903225806 -715.74117575307 0.650630812712569 0.120755900312954 814.047664320718
"418" 0.290322580645161 -1005.60516307259 0.351692443705161 0.0695649186982507 1411.88407614173
"419" 0.258064516129032 -1003.57656527797 0.549367781346665 0.0951152170193874 1026.71186862965
"420" 0.32258064516129 -1599.2518434627 0.457982968350876 0.0816973358683787 1217.14145303387
"421" 0.225806451612903 -986.24699405576 0.446048456499638 0.0784503882960425 1238.0129184515
"422" 0.354838709677419 -551.531074674666 0.632165672429409 0.113601986488405 849.881940986845
"423" 0.354838709677419 -884.539691860776 0.475521542763249 0.0833317729405962 1170.30873160602
"424" 0.32258064516129 -696.017211398463 0.655575343575084 0.117203605551939 804.10036223351
"425" 0.290322580645161 -937.149971474477 0.458224495135856 0.0823326484435768 1203.3048658784
"426" 0.387096774193548 -781.721814498409 0.436288776832691 0.075931676541655 1241.44095411581
"427" 0.32258064516129 -774.709482244914 0.48079416195214 0.0834247076362258 1152.94221710638
"428" 0.32258064516129 -800.055585661595 0.558444838423811 0.0995345569372185 1005.08391445531
"429" 0.32258064516129 -932.538272424065 0.560293222205828 0.093997690180267 1001.67859600226
"430" 0.32258064516129 -963.831388562841 0.382746738580253 0.0706573825969614 1360.88009691447
"431" 0.354838709677419 -723.176706439046 0.599475958789066 0.105737695351321 917.277005048336
"432" 0.258064516129032 -1386.6357182063 0.384586113538671 0.0714088488344794 1377.03016917159
"433" 0.225806451612903 -1527.53213343727 0.29523260464066 0.0612986237674728 1544.65734520969
"434" 0.354838709677419 -397.912364975124 0.649045439083475 0.12090964645848 812.389051108179
"435" 0.32258064516129 -939.770350535627 0.485415530251605 0.0822757338322328 1143.47801944495
"436" 0.258064516129032 -1040.62541600235 0.467460457755635 0.0822834950103232 1197.6625655983
"437" 0.290322580645161 -1072.66647281765 0.437535581708476 0.0774172942457741 1252.54481018873
"438" 0.32258064516129 -932.046582919066 0.497953990057671 0.0870271972274023 1130.7965320364
"439" 0.32258064516129 -845.919540540903 0.540035830319258 0.0930781830486936 1028.7054825168
"440" 0.419354838709677 -667.612609053248 0.558980229022917 0.0993987678779829 987.578735404778
"441" 0.354838709677419 -533.057172408859 0.650308365324409 0.118472683763374 809.541747458389
"442" 0.387096774193548 -990.155515926354 0.513876584440779 0.0859366386528087 1112.0130934779
"443" 0.290322580645161 -998.038358719812 0.37944736583386 0.070640397261912 1374.13596081013
"444" 0.258064516129032 -1040.17468098671 0.349332268202625 0.067235440786388 1423.60870647001
"445" 0.387096774193548 -1096.61969055295 0.432299768970864 0.0757221657305589 1258.37796846987
"446" 0.258064516129032 -979.963079225186 0.425056889085703 0.077518111614807 1284.55655447759
"447" 0.354838709677419 -585.690901235278 0.62570678989061 0.111111717709752 873.137781804209
"448" 0.32258064516129 -1040.20628010309 0.453269284219208 0.0788836038818074 1218.59173085547
"449" 0.290322580645161 -662.182051436195 0.657693764881749 0.125637880275346 806.589615162274
"450" 0.419354838709677 -693.382104777613 0.556760483193919 0.0987017904160684 1001.84595157278
"451" 0.290322580645161 -963.305640596009 0.454831612585194 0.0822539116130036 1213.4284028389
"452" 0.32258064516129 -930.994890367154 0.439996034056781 0.0789004030037131 1255.3237969202
"453" 0.419354838709677 -691.936623517009 0.625772348156222 0.109076048498218 867.11779630603
"454" 0.258064516129032 -999.14851941655 0.359429373058292 0.069460337406065 1404.97129758321
"455" 0.387096774193548 -884.088206985244 0.526724353234881 0.090087258530666 1066.04150494079
"456" 0.225806451612903 -861.471472712306 0.407651003152921 0.0749105834545177 1298.77052457505
"457" 0.354838709677419 -852.192177800235 0.470637898552494 0.0821127574057224 1170.39429463131
"458" 0.354838709677419 -774.612552234171 0.453741551564965 0.0784145594183767 1216.95321725642
"459" 0.387096774193548 -935.521041634638 0.494031685215139 0.0861559834025132 1131.33477000417
"460" 0.419354838709677 -639.152257950994 0.56770587911632 0.0968543255463906 979.977502452699
"461" 0.32258064516129 -615.820939766771 0.648496030553577 0.116282886750102 819.879909439441
"462" 0.419354838709677 -764.45733766004 0.542472612168026 0.0935562259413697 1032.51001811596
"463" 0.225806451612903 -1075.92972372994 0.363997893267277 0.0694379822306262 1386.22225310713
"464" 0.258064516129032 -1057.83267325786 0.41868840648552 0.0739037211812377 1288.26828166741
"465" 0.32258064516129 -914.313568954196 0.470833991543305 0.0814873114041221 1186.75770775727
"466" 0.387096774193548 -813.361075225791 0.560853207697993 0.0986762717581843 1008.24032871376
"467" 0.387096774193548 -427.342277443495 0.647772963314548 0.119872723080233 806.31262132162
"468" 0.290322580645161 -968.013795241673 0.447597857096031 0.0767290176363622 1234.57753841315
"469" 0.290322580645161 -740.497060401339 0.519136259858533 0.0903991190316482 1082.90429800312
"470" 0.290322580645161 -855.46603231676 0.467252518126732 0.0822766243292724 1193.87290107086
"471" 0.354838709677419 -765.767022992985 0.51632194559313 0.0867723599139376 1084.23988531878
"472" 0.258064516129032 -752.612799221867 0.4146048226805 0.0743455990296043 1278.25183297998
"473" 0.451612903225806 -697.446053580656 0.662251970706982 0.119677998911826 793.172153172188
"474" 0.258064516129032 -745.015956707335 0.459494182378291 0.0822608746248323 1196.98263980434
"475" 0.354838709677419 -723.165113194641 0.564422760295522 0.098261670411885 990.8356466883
"476" 0.290322580645161 -832.868750401691 0.403941051425113 0.0723010651274554 1300.80885103262
"477" 0.32258064516129 -897.996070910084 0.476936465633117 0.0818308321816538 1162.75199056857
"478" 0.290322580645161 -725.774806910456 0.474562664816901 0.0808118969157245 1158.45522727937
"479" 0.32258064516129 -790.729664189238 0.559366541178598 0.0939446815235274 1001.01343479956
"480" 0.32258064516129 -736.831025582136 0.560969263284189 0.100066574738528 997.277082663402
"481" 0.32258064516129 -1202.53447602093 0.507080571748657 0.085964508277166 1114.2510325998
"482" 0.32258064516129 -878.114183791308 0.562395276922116 0.093757379889646 1001.04611255163
"483" 0.32258064516129 -1121.26493861442 0.380001192346915 0.0713704755843389 1368.49500208771
"484" 0.32258064516129 -416.235829189782 0.682088190887312 0.127257188307074 744.988701155344
"485" 0.193548387096774 -1797.93374215632 0.284568307888099 0.0612190030346298 1579.52660210355
"486" 0.258064516129032 -894.398186565567 0.536893035357573 0.0945307722972794 1049.22761207651
"487" 0.451612903225806 -692.077803588568 0.653694958338139 0.117883173872743 811.138399735624
"488" 0.387096774193548 -621.498968794602 0.596501698851537 0.108116360147647 922.479806280977
"489" 0.451612903225806 -758.343976252615 0.662545454255047 0.12272144431186 791.4407329555
"490" 0.290322580645161 -930.011704695785 0.471024337054412 0.0837986657531615 1185.28729294555
"491" 0.290322580645161 -984.581030617815 0.443739867218001 0.0793886240236527 1246.68805760251
"492" 0.290322580645161 -886.127315869631 0.391128718210381 0.0711432283293917 1352.96225490675
"493" 0.451612903225806 -723.314940660994 0.552531584454818 0.0945381497749333 1028.00858036798
"494" 0.32258064516129 -819.625401513985 0.470942851776345 0.0841316374622169 1170.64389847291
"495" 0.225806451612903 -630.314808958481 0.54615724199964 0.0932867061377978 1027.08161115877
"496" 0.419354838709677 -879.41995472608 0.446258533187583 0.0794143307860452 1233.3318827959
"497" 0.354838709677419 -898.257312034659 0.404667674614611 0.0738886094644451 1306.22421819749
"498" 0.258064516129032 -1031.58480599986 0.470084885698772 0.080264096866574 1181.7453596866
"499" 0.354838709677419 -831.263139516418 0.51028881091395 0.0891402839668177 1109.11074920655
"500" 0.387096774193548 -429.144030493477 0.696118541424708 0.136404786051738 717.484583859076
"501" 0.32258064516129 -754.970840355246 0.497980287534335 0.0876174210474594 1110.20293460348
"502" 0.32258064516129 -811.931205878371 0.441396181449626 0.0804632265976966 1230.68374431083
"503" 0.258064516129032 -1124.13486313862 0.405324064143256 0.0727566448989266 1307.6768196441
"504" 0.354838709677419 -638.419209098108 0.589466854822159 0.102296182017575 932.346558177841
"505" 0.290322580645161 -973.827031527608 0.546040216440273 0.0925236724887741 1038.12236363773
"506" 0.258064516129032 -1251.56458887364 0.40758104542684 0.0748224033082518 1297.15289854567
"507" 0.32258064516129 -968.19819363172 0.55087073930232 0.0953862868126418 1013.89629111708
"508" 0.258064516129032 -879.595220679546 0.363080542028095 0.0703843979649678 1393.98123879049
"509" 0.193548387096774 -677.698553575154 0.409079198343604 0.0742677614003793 1307.46001856887
"510" 0.354838709677419 -791.873431453994 0.524867649222097 0.0886587403784633 1082.82466250416
"511" 0.32258064516129 -1148.74378858739 0.375782976758845 0.0686462760141149 1376.00665848264
"512" 0.387096774193548 -780.00176167769 0.554567069584147 0.0958190471667643 1006.40025601033
"513" 0.387096774193548 -686.135347241372 0.611823035209571 0.109191718109165 896.062577665839
"514" 0.32258064516129 -953.956180352331 0.511729407177618 0.0862899913586676 1110.8809004163
"515" 0.258064516129032 -1100.14935142963 0.470042238792227 0.0805652679959468 1191.72754601058
"516" 0.32258064516129 -598.229747475483 0.525944842163202 0.0922796874900628 1062.56283335607
"517" 0.354838709677419 -1106.74753128276 0.504272859657701 0.0861286196351593 1108.70822382701
"518" 0.290322580645161 -1032.18601744174 0.540664744591119 0.0961136434366598 1032.52861668021
"519" 0.419354838709677 -771.135225604988 0.60582506266799 0.107030059330302 915.079846918387
"520" 0.387096774193548 -692.228103242725 0.570239213351377 0.098992857381924 970.479431101568
"521" 0.387096774193548 -947.588006515626 0.587754453806091 0.106361583657617 952.869663156108
"522" 0.354838709677419 -928.840142390752 0.473115561945889 0.0842902608752956 1170.41043065334
"523" 0.290322580645161 -960.403789381551 0.43111623467594 0.075364034734209 1266.20478187504
"524" 0.387096774193548 -892.13551792515 0.456107671388667 0.079268950234134 1217.09875970775
"525" 0.32258064516129 -1318.49406306475 0.567914007207447 0.0955993590769645 993.128155305167
"526" 0.32258064516129 -751.665359231172 0.520579723383009 0.0898105711739108 1082.04878932842
"527" 0.32258064516129 -624.706113480368 0.545590434236241 0.0953223184136146 1020.80868112266
"528" 0.290322580645161 -1366.4591739274 0.497771127740594 0.083800325164737 1141.805038954
"529" 0.258064516129032 -1000.16441283246 0.34450286289385 0.0677462321451395 1439.48861164799
"530" 0.354838709677419 -831.722559797841 0.489994666064893 0.0843913475846662 1143.78966328542
"531" 0.354838709677419 -856.091701611651 0.52690980162069 0.0909485780138428 1064.17281035837
"532" 0.387096774193548 -557.847693802928 0.670055751816598 0.123389993250481 766.940920109784
"533" 0.354838709677419 -703.625484236628 0.598785478799493 0.105047202616798 920.306142844732
"534" 0.258064516129032 -866.031432875308 0.514197985023913 0.0891990727804706 1094.96218936463
"535" 0.290322580645161 -390.719284165658 0.705968600448725 0.139746226276079 688.740668170413
"536" 0.258064516129032 -857.08541612779 0.476298816654829 0.0815226889928996 1189.44906408194
"537" 0.225806451612903 -1215.01391124599 0.401884355016611 0.0706572483728145 1335.9381261062
"538" 0.290322580645161 -952.53555685662 0.454472770496335 0.0780869104705301 1216.53605409818
"539" 0.354838709677419 -759.474872677097 0.540589444419179 0.092007080884827 1042.96568783084
"540" 0.32258064516129 -927.248682249914 0.474285912788458 0.0810087127256822 1169.45596830074
"541" 0.387096774193548 -1098.63834368103 0.403258079229612 0.070430574206451 1324.84778127322
"542" 0.290322580645161 -1126.86776131888 0.541983561186503 0.0919099478791904 1039.89584950128
"543" 0.387096774193548 -582.245848433445 0.579200835673169 0.100490308969411 952.472879636833
"544" 0.32258064516129 -895.252278332178 0.516568015948003 0.0910375869275297 1086.21646398682
"545" 0.451612903225806 -893.391814661104 0.49118077933001 0.0842040925463605 1138.57532076344
"546" 0.451612903225806 -335.939859788836 0.699126536392493 0.133971229078925 701.95898678822
"547" 0.354838709677419 -538.00034125788 0.670599710051021 0.126346266261858 769.204476751387
"548" 0.32258064516129 -855.647290777629 0.501028522180469 0.0855748374737277 1113.6181677409
"549" 0.32258064516129 -624.453236890863 0.520528647963067 0.091104500919184 1067.18859950594
"550" 0.387096774193548 -858.979484791293 0.569263345032175 0.0970786564022046 977.038571281314
"551" 0.354838709677419 -1032.94254036672 0.509587982140835 0.0878793486456093 1103.63472871327
"552" 0.258064516129032 -1148.90115147507 0.434315471526646 0.0757220557722759 1266.94425420787
"553" 0.354838709677419 -798.563081463487 0.464346124968753 0.0829538935658611 1195.19239534924
"554" 0.258064516129032 -758.807224427594 0.420481572228573 0.075266578878962 1266.30849878958
"555" 0.32258064516129 -734.619911034027 0.513992160064699 0.0890224125129872 1092.90300875519
"556" 0.290322580645161 -942.498778713928 0.352982818744257 0.0685000992687193 1431.03653363328
"557" 0.354838709677419 -648.884161342325 0.583107462489043 0.103311305234477 960.853047745989
"558" 0.290322580645161 -758.723665326472 0.398820530020524 0.0741920895047012 1307.55773615468
"559" 0.258064516129032 -911.010744138187 0.484173417949928 0.084286079669718 1152.27148435976
"560" 0.387096774193548 -1045.85282303111 0.504529523827936 0.0864963955929119 1111.39389418878
"561" 0.32258064516129 -1004.88548274152 0.498944156277177 0.0850618233733973 1135.24769133745
"562" 0.32258064516129 -1251.60857007812 0.478104332260875 0.0817627907998618 1178.74482921986
"563" 0.387096774193548 -925.351121971664 0.501786829201953 0.0901784355924947 1127.63408057838
"564" 0.354838709677419 -931.646751742617 0.524914666495713 0.0863026891192988 1096.28438907909
"565" 0.258064516129032 -952.009322075679 0.418935471456562 0.0735791194002782 1295.54279194174
"566" 0.290322580645161 -845.176760808621 0.372660597112421 0.0705376683975677 1364.87010243032
"567" 0.387096774193548 -506.761121836976 0.713754926884832 0.139636941315559 685.711004553095
"568" 0.258064516129032 -1039.96739045807 0.485704314801623 0.0861472005410792 1155.76597989897
"569" 0.225806451612903 -981.537895783148 0.381709144995445 0.0715639743037181 1350.10856607891
"570" 0.290322580645161 -1023.0924174016 0.410842677657608 0.0734741285186725 1307.68310549299
"571" 0.258064516129032 -786.612689979455 0.499644935491986 0.0875873316244883 1113.57286840277
"572" 0.290322580645161 -779.496957443241 0.537069002711813 0.0930428088284081 1040.72019748696
"573" 0.225806451612903 -1217.59018603144 0.323372342239533 0.0653810967997684 1473.23230160607
"574" 0.258064516129032 -1087.45217617852 0.304165292714243 0.0656795173113834 1497.30866446671
"575" 0.354838709677419 -1179.50232375331 0.47922775349907 0.0842173924387612 1165.69721670439
"576" 0.258064516129032 -1063.18006920035 0.417300866427147 0.0733476777598905 1314.89125601012
"577" 0.32258064516129 -762.301494657426 0.595185885815934 0.104835234865264 932.307922952764
"578" 0.258064516129032 -1219.11732179935 0.396879063347776 0.0734047292791119 1331.50024703713
"579" 0.451612903225806 -675.534854415184 0.582910287418725 0.101089747943072 951.601239000773
"580" 0.290322580645161 -825.203358150926 0.421360882665859 0.0754742262123026 1279.3375558157
"581" 0.354838709677419 -1241.97806245756 0.519152698636393 0.0894624423230851 1091.15555149357
"582" 0.290322580645161 -888.541111922638 0.500538317819855 0.0865687543141178 1118.58481683297
"583" 0.258064516129032 -1030.3276174636 0.420059732504734 0.0730945515211672 1293.48044562632
"584" 0.32258064516129 -867.285332375633 0.506094081130352 0.0866659564174534 1112.76595059931
"585" 0.32258064516129 -636.186612244091 0.517059640439699 0.0907440593281001 1077.22825380111
"586" 0.193548387096774 -851.519053805059 0.382282230922968 0.0726153997085629 1353.3251629155
"587" 0.32258064516129 -931.84716613268 0.460925193012905 0.080753669016105 1195.5890927138
"588" 0.290322580645161 -1090.85595366892 0.427626004500249 0.074797050689092 1280.8473152597
"589" 0.290322580645161 -933.247708370627 0.45497832835077 0.0790043182667803 1193.75720643414
"590" 0.32258064516129 -1246.54965886291 0.366638089572635 0.0706888365406536 1402.2860821189
"591" 0.32258064516129 -814.072632471473 0.447965053800305 0.0795787755088446 1218.82141150783
"592" 0.354838709677419 -665.518329749545 0.522521045172258 0.0918518796426668 1068.73048772834
"593" 0.258064516129032 -967.241504584912 0.488514310036479 0.0854645980744933 1148.64682409008
"594" 0.354838709677419 -977.374935618592 0.520889654687063 0.0883298157817501 1086.27716740662
"595" 0.387096774193548 -807.221015435453 0.440683680192294 0.0788870421471464 1222.16901853632
"596" 0.32258064516129 -451.702072471099 0.680179193523708 0.12788175612518 739.220001523264
"597" 0.354838709677419 -1083.75570146628 0.517211313005804 0.0861241520521599 1096.10969086787
"598" 0.419354838709677 -1056.02314036421 0.521666812493111 0.092390319210522 1071.01769157243
"599" 0.354838709677419 -1190.3803008135 0.478879462843201 0.0795281794468713 1185.07085103892
"600" 0.32258064516129 -665.51754882389 0.535253347571402 0.0938801367861781 1043.0121993214
"601" 0.32258064516129 -685.883283671616 0.594464449534555 0.105517740355328 926.032089803484
"602" 0.387096774193548 -470.028224861353 0.61048390108196 0.108830950534825 882.696069048387
"603" 0.419354838709677 -868.686120476672 0.578368369444297 0.0972781031232269 970.724274302661
"604" 0.32258064516129 -1164.39138770597 0.417417950521224 0.0745955910268486 1284.70729246803
"605" 0.32258064516129 -953.572556992612 0.486304448064883 0.0823258845567937 1156.98072781124
"606" 0.290322580645161 -957.315613717883 0.402861618493768 0.0758838222493531 1317.94065057942
"607" 0.258064516129032 -1449.05425599611 0.379159416605827 0.0705795996414493 1372.22958556757
"608" 0.258064516129032 -736.992967792295 0.426434453905705 0.0749348188190607 1263.34955667966
"609" 0.32258064516129 -841.359941908348 0.51426525856631 0.0901002933872834 1088.3887743329
"610" 0.32258064516129 -1014.39073547677 0.502595909694458 0.085440753734084 1127.719760813
"611" 0.32258064516129 -729.2614481112 0.524964378965126 0.0892930078927612 1075.54242654415
"612" 0.32258064516129 -1152.63654864377 0.41237180893766 0.0734957705325067 1282.14551478152
"613" 0.32258064516129 -994.038277361291 0.509916760934383 0.0879870097892028 1096.01674479916
"614" 0.225806451612903 -1027.16419278803 0.477224110628225 0.0844363197872183 1180.38413828177
"615" 0.32258064516129 -836.88556739665 0.4690542259785 0.0845422513080925 1177.50761826214
"616" 0.354838709677419 -842.133087914928 0.603291057171811 0.107415059210095 912.04362053423
"617" 0.32258064516129 -914.557635352943 0.344898452573443 0.0677930342238696 1422.79456975652
"618" 0.32258064516129 -906.739273327771 0.486758627739544 0.0871186866553991 1161.5831902802
"619" 0.387096774193548 -973.145216253783 0.522242573796341 0.0891164631505205 1079.84675961135
"620" 0.290322580645161 -741.375213249122 0.494084473321669 0.0873332781475636 1138.2889379742
"621" 0.387096774193548 -874.838455468718 0.477316813023971 0.0817610485766627 1170.07523516662
"622" 0.290322580645161 -735.838350417145 0.45910202378843 0.0817484810546583 1194.55422450728
"623" 0.387096774193548 -664.698930892008 0.626354523196462 0.111790165788488 856.990994348354
"624" 0.258064516129032 -942.508767564272 0.382215032948457 0.0709210065433763 1359.5241936991
"625" 0.32258064516129 -583.112380392446 0.58898834310116 0.105923979714575 931.675987573108
"626" 0.419354838709677 -859.195022731463 0.54020038043846 0.091007408086865 1048.15286311789
"627" 0.258064516129032 -768.672974397276 0.452755085906002 0.080262666412008 1206.51185327873
"628" 0.354838709677419 -801.044971118075 0.586685165542207 0.102193239343087 951.360905920868
"629" 0.290322580645161 -1039.34058821504 0.339903141676496 0.0661113796986029 1447.02816019391
"630" 0.32258064516129 -818.769655760718 0.546129553322336 0.0937353263064358 1035.52741045596
"631" 0.290322580645161 -777.819936168527 0.468306560449138 0.0821606550508398 1164.51789563497
"632" 0.32258064516129 -754.058196590007 0.512207247640202 0.0897472335357906 1089.43388291982
"633" 0.290322580645161 -1006.53085334606 0.429955319357222 0.077347317024898 1257.74410645833
"634" 0.290322580645161 -780.723024215879 0.550301217661612 0.0939885570960466 1028.82891130723
"635" 0.290322580645161 -1001.94999545578 0.475268102056017 0.0810390892635293 1161.39555349204
"636" 0.193548387096774 -1575.09980279915 0.320938178486207 0.0642284661484423 1506.96082682192
"637" 0.32258064516129 -760.927186159765 0.424450497595348 0.0790833177764134 1278.51836985064
"638" 0.354838709677419 -551.027838195288 0.568381775771457 0.0962734246589572 972.897997236918
"639" 0.354838709677419 -500.050522524524 0.614611280774446 0.110259140324466 875.291056054551
"640" 0.32258064516129 -909.508495967463 0.559360891043915 0.0962039775609141 1010.50530479827
"641" 0.258064516129032 -1009.35955612296 0.441106057160789 0.0792619787248702 1236.81016582551
"642" 0.32258064516129 -821.974911913947 0.405250247062668 0.0715191045415552 1313.84424638093
"643" 0.258064516129032 -1185.88163421393 0.413878433249508 0.0724620047317157 1307.90176517741
"644" 0.32258064516129 -872.330890578466 0.487155125054203 0.0862459072234712 1159.48669402465
"645" 0.290322580645161 -880.330817190444 0.394300550436691 0.0709135356320232 1332.30060293126
"646" 0.354838709677419 -815.036072471364 0.506773610987324 0.0895102957077329 1104.41642027768
"647" 0.32258064516129 -917.007834640795 0.465049463444918 0.0813355464066619 1194.59169688746
"648" 0.387096774193548 -630.108898085185 0.549557500343574 0.0939070492959768 1016.48456075387
"649" 0.32258064516129 -960.788559853072 0.50385442420857 0.084644870227289 1122.7955858996
"650" 0.354838709677419 -1136.95408815804 0.469090153796251 0.0794901276346182 1198.71085654025
"651" 0.387096774193548 -938.203160745972 0.423198117286286 0.0754373044328944 1273.30153204675
"652" 0.290322580645161 -709.745924049897 0.500210876460834 0.0836298470131072 1123.96135179575
"653" 0.290322580645161 -902.570103251679 0.448633210977987 0.0771137759152817 1219.34144622423
"654" 0.290322580645161 -1086.36596780055 0.466865391780305 0.079377351137657 1198.33985030468
"655" 0.290322580645161 -972.867954050537 0.415401187756839 0.0754300180363569 1297.39588624025
"656" 0.258064516129032 -958.688600293544 0.482202461249157 0.0824300155546955 1168.74230104349
"657" 0.387096774193548 -850.098789617808 0.553737024210344 0.0959456799067336 1012.14244913134
"658" 0.290322580645161 -717.07461814277 0.488728629152061 0.0850755499561223 1142.74408302784
"659" 0.354838709677419 -516.187272488194 0.644856648692789 0.116529569834552 826.075818577856
"660" 0.387096774193548 -631.173009406064 0.630882384719912 0.113147026108833 849.34818644952
"661" 0.225806451612903 -1372.60977806221 0.310108498050334 0.064826557590056 1518.94673533575
"662" 0.354838709677419 -1166.21470650536 0.536940992045992 0.0899455645967787 1047.28019796876
"663" 0.354838709677419 -1009.96686097733 0.516271545555569 0.0863320897993674 1093.77395011412
"664" 0.419354838709677 -757.75424024623 0.591178820564854 0.106450164465867 938.805835409779
"665" 0.32258064516129 -979.522333940685 0.448886093209984 0.0798490697272656 1226.2221862889
"666" 0.290322580645161 -667.95108686881 0.517945503333932 0.0878718605413455 1086.28997544416
"667" 0.258064516129032 -886.579558095278 0.323918484573759 0.0674994908622183 1464.40189633842
"668" 0.419354838709677 -688.308950042418 0.558484967111178 0.0963548528888078 1006.60205995203
"669" 0.32258064516129 -1528.11097787869 0.490024578638313 0.0849932949524445 1156.97082856453
"670" 0.354838709677419 -950.927873730525 0.4835216957414 0.0864340130193785 1147.38041761823
"671" 0.258064516129032 -778.17495884117 0.600701474232104 0.108944415180245 916.680661320831
"672" 0.354838709677419 -726.201100007393 0.556736788278472 0.0959668844255501 996.544584435048
"673" 0.290322580645161 -779.850615034134 0.492053904474948 0.0841293124776381 1133.50314923967
"674" 0.290322580645161 -670.161590837872 0.499825122519 0.0847490486692093 1121.73883607957
"675" 0.290322580645161 -856.157994377242 0.518984041413223 0.0906102602006332 1087.13907446251
"676" 0.32258064516129 -540.898860956698 0.647438827099665 0.119666081420763 814.309345458062
"677" 0.32258064516129 -1016.91379009753 0.437040685054638 0.0784339589176898 1240.81552362278
"678" 0.258064516129032 -1135.25954800634 0.39002375863364 0.0711767620402479 1350.2955054618
"679" 0.32258064516129 -1014.90592317364 0.462250511549101 0.0804766586034039 1207.70481080868
"680" 0.32258064516129 -1154.29922659538 0.406302361025201 0.0735521423499389 1317.59464100991
"681" 0.258064516129032 -1080.40141353864 0.440189237607273 0.077732296886757 1240.53785766772
"682" 0.258064516129032 -579.974179279523 0.528300084820604 0.0896946427865047 1057.51527689271
"683" 0.290322580645161 -818.379959591944 0.466154936288658 0.0795955848884989 1190.62051992541
"684" 0.354838709677419 -815.302069239218 0.42472900297125 0.0768877093847138 1267.67032787064
"685" 0.290322580645161 -1304.28701358553 0.353044205606938 0.067249954698059 1436.21364301312
"686" 0.32258064516129 -714.503218850238 0.546001637186886 0.0932646234036867 1027.52459799792
"687" 0.419354838709677 -683.100715359583 0.566587189910148 0.0964045688764613 980.057192120587
"688" 0.354838709677419 -586.023382834218 0.627983697836354 0.111468083580288 861.095487201905
"689" 0.354838709677419 -678.132705368056 0.546353774992435 0.0977776994875814 1028.43077164739
"690" 0.225806451612903 -898.049689576759 0.449766153534022 0.0810117735812782 1223.66263641913
"691" 0.258064516129032 -1051.83561012567 0.353570542234093 0.0679450426551879 1409.28268565985
"692" 0.354838709677419 -723.701922651522 0.526499623469615 0.0901736324978667 1055.88779253834
"693" 0.32258064516129 -821.729035449494 0.520360640215497 0.0866248405833437 1081.59987053885
"694" 0.258064516129032 -912.9682576813 0.387108482302509 0.0708250436456931 1338.07999095511
"695" 0.32258064516129 -872.862223219323 0.487609665347833 0.0838409765704263 1145.99897143944
"696" 0.419354838709677 -736.358232958862 0.609908304614546 0.107945693932066 895.976724835797
"697" 0.290322580645161 -1360.46761509171 0.424370211173695 0.075609358226588 1301.56319727225
"698" 0.32258064516129 -1233.33278535488 0.390237525163774 0.0713494503493756 1350.92751000989
"699" 0.290322580645161 -880.844218654455 0.435555381835277 0.0781418246271686 1249.4754023753
"700" 0.290322580645161 -1128.63990494591 0.534737843292924 0.0931043499238843 1056.42509266266
"701" 0.419354838709677 -995.517243753799 0.460017590035473 0.0819434500759997 1192.28690515783
"702" 0.32258064516129 -886.276121269691 0.480486512035294 0.0829982596453292 1166.7219894431
"703" 0.32258064516129 -801.025048425628 0.449222481171825 0.0788639692788093 1233.00480214188
"704" 0.387096774193548 -740.224667489256 0.485223239228591 0.0819484779996867 1143.15999466429
"705" 0.354838709677419 -982.894671718268 0.469926581358575 0.083207676695482 1200.14351242959
"706" 0.193548387096774 -1071.07930663122 0.470646100627458 0.0817041091719334 1192.63369362994
"707" 0.354838709677419 -707.677890884503 0.528821923520119 0.0891546780795869 1058.14047441286
"708" 0.354838709677419 -928.952786939473 0.533244645335024 0.0919863021514314 1070.21865549118
"709" 0.258064516129032 -1019.02984809839 0.391561686236481 0.0721773560072745 1350.80560189923
"710" 0.354838709677419 -672.797635544995 0.57567616607836 0.0995639290329557 976.328273743233
"711" 0.32258064516129 -1044.63224286646 0.54912321476588 0.096042683095931 1020.60002013282
"712" 0.354838709677419 -655.444669810468 0.508609855435245 0.0898897957931132 1090.31448388955
"713" 0.290322580645161 -686.206782163719 0.465068217155219 0.0839178907601756 1177.80410286422
"714" 0.258064516129032 -1255.68732249966 0.445382526034883 0.076642589725667 1227.55219743114
"715" 0.354838709677419 -1036.39404272364 0.519166698922438 0.0895073626456274 1096.90927639931
"716" 0.32258064516129 -778.687318426675 0.453763648512052 0.0796619531638759 1206.31833313688
"717" 0.258064516129032 -774.353929237703 0.438868482788419 0.0796800908445817 1235.63334002875
"718" 0.258064516129032 -854.73146910378 0.425268026151096 0.074454653965752 1274.34619789547
"719" 0.32258064516129 -924.615491866299 0.484881924712039 0.0817367340875924 1165.20489444653
"720" 0.483870967741935 -379.476322767617 0.662364276952667 0.123532036809291 784.2165755151
"721" 0.387096774193548 -608.863208346474 0.539020895257465 0.0945003789180861 1033.86581597417
"722" 0.354838709677419 -833.049304068411 0.490296550099388 0.0861310973886705 1138.55347874668
"723" 0.354838709677419 -755.480463472314 0.590956246576667 0.100351664604567 942.883829153364
"724" 0.387096774193548 -831.891413756502 0.514002535631185 0.0873067975320071 1088.3360201473
"725" 0.32258064516129 -642.301173375835 0.591534028575652 0.102548364738808 938.991609209778
"726" 0.354838709677419 -584.739998651582 0.534435647799982 0.0935915727538355 1041.61006088378
"727" 0.32258064516129 -934.555623705436 0.486527286211565 0.0829746205451185 1149.43661499969
"728" 0.419354838709677 -553.095911744927 0.685662196406294 0.129516736090571 738.768723769391
"729" 0.290322580645161 -1107.41134714325 0.42905286997181 0.0771462502451949 1260.87845347035
"730" 0.32258064516129 -920.632081168672 0.514136751707208 0.0900401084594189 1095.09401098412
"731" 0.354838709677419 -791.827543363427 0.626431195033402 0.111959816465664 860.557665234641
"732" 0.290322580645161 -1070.9771505232 0.417632504100032 0.0772317697635223 1306.50763542371
"733" 0.387096774193548 -461.593292452881 0.65916223495265 0.121240227439208 791.245043931063
"734" 0.387096774193548 -672.251337563565 0.549366036630238 0.0957862112795131 1021.62741413871
"735" 0.258064516129032 -985.626573986836 0.591061859019731 0.101658393325729 931.441685915131
"736" 0.290322580645161 -794.70654051078 0.46817868641885 0.0852726146312872 1186.94690220702
"737" 0.32258064516129 -975.481237758133 0.447021617724966 0.0789726455941661 1237.8924214845
"738" 0.290322580645161 -634.874688471237 0.536232471189888 0.0935706822332036 1043.76654585738
"739" 0.290322580645161 -1429.73988857927 0.353189937379587 0.065969013856817 1440.04011777793
"740" 0.258064516129032 -1549.14589714858 0.326166217174348 0.0639283385913663 1491.31482315637
"741" 0.354838709677419 -675.179807854697 0.528033329377875 0.0927244039559818 1055.86645774869
"742" 0.419354838709677 -789.863610246801 0.558953197601889 0.100517765039951 997.871188415107
"743" 0.354838709677419 -663.915121726108 0.51838976516312 0.0891641486292619 1064.2660519232
"744" 0.32258064516129 -654.045801745349 0.613107499194145 0.10696016166664 877.172678849867
"745" 0.419354838709677 -897.973338631481 0.548036891236774 0.0941490141451341 1032.37371260794
"746" 0.258064516129032 -1260.115117075 0.40126419491594 0.072427415467724 1324.17282871122
"747" 0.32258064516129 -825.018791915343 0.506918397303783 0.0870438074264298 1115.15440270552
"748" 0.32258064516129 -755.941157193901 0.546498135991728 0.0950233068170328 1025.97742553477
"749" 0.419354838709677 -639.669377715255 0.514937397746547 0.0894630558845467 1090.34787423132
"750" 0.258064516129032 -947.919457002243 0.48644309602362 0.0815095674677816 1152.5622886272
"751" 0.258064516129032 -825.926437695659 0.432592087312179 0.0769465650133685 1256.91434828739
"752" 0.387096774193548 -1147.88219241552 0.462913710399781 0.0808933918489873 1192.33099722869
"753" 0.161290322580645 -943.6473803569 0.531461621984677 0.0930542032835333 1065.09073784795
"754" 0.419354838709677 -703.739874875286 0.513561806378892 0.0868007354496491 1092.88681493138
"755" 0.387096774193548 -654.862042658004 0.575284766307901 0.0986557889091341 974.319317012078
"756" 0.32258064516129 -1064.5856159928 0.407952875693591 0.0747079866825402 1304.46619554585
"757" 0.387096774193548 -849.00089747478 0.555501412227607 0.0940016144846419 1012.42245719018
"758" 0.290322580645161 -971.741984734893 0.463996731636034 0.0785049757161082 1204.6197066565
"759" 0.290322580645161 -1357.98140120524 0.470532352275388 0.0793230467687283 1211.16281634012
"760" 0.258064516129032 -909.54702267713 0.391414538190389 0.0712267280728293 1340.46211328003
"761" 0.290322580645161 -660.020572724808 0.575356145988745 0.100468996030776 967.844058724013
"762" 0.290322580645161 -942.421431294561 0.439205026248775 0.0762480959840124 1252.41937788023
"763" 0.32258064516129 -898.333616851573 0.586134133031175 0.102084375197509 948.431909109068
"764" 0.387096774193548 -798.537376654968 0.651322483686142 0.118423270454801 824.736602123382
"765" 0.32258064516129 -975.769605533613 0.537951056890656 0.0930821703581922 1048.70195483281
"766" 0.354838709677419 -786.99110259503 0.522333007384106 0.0919527479352322 1080.76500454447
"767" 0.32258064516129 -1006.02991572708 0.421181407377228 0.0762774556074633 1287.31279051581
"768" 0.258064516129032 -895.195282040083 0.551684508583785 0.095766284946578 1020.73480151817
"769" 0.354838709677419 -638.253388320845 0.508871654786399 0.0862256070079018 1097.36722549366
"770" 0.32258064516129 -935.475254243928 0.444946105649581 0.0785642803494643 1222.17636751919
"771" 0.290322580645161 -851.112044930948 0.531000231849911 0.0901713034842423 1059.10400634444
"772" 0.290322580645161 -887.254595310777 0.502492905608106 0.0856636400795079 1109.93969759312
"773" 0.290322580645161 -886.006933006209 0.437232887040702 0.07974880316902 1240.85517177312
"774" 0.32258064516129 -948.269772324864 0.532830680886529 0.0928260084367236 1055.16648770771
"775" 0.354838709677419 -822.414725861091 0.582347855901918 0.0995701228807679 948.842814730399
"776" 0.258064516129032 -802.029841363512 0.5965272915135 0.106586412733321 930.913849804574
"777" 0.258064516129032 -1108.98574712605 0.393297749390715 0.0737629148374177 1357.21574879387
"778" 0.354838709677419 -879.972951015238 0.531029626079171 0.0906260697426104 1068.54307946882
"779" 0.354838709677419 -774.363152912347 0.542209118039047 0.0928321455408614 1042.9219344648
"780" 0.290322580645161 -1008.2050936338 0.506342985139531 0.086372229385397 1128.90946416253
"781" 0.32258064516129 -1068.59251923726 0.492488619611778 0.0858505791538654 1140.41247040427
"782" 0.290322580645161 -793.788481589921 0.49542452401794 0.0859294991265489 1121.80867096385
"783" 0.258064516129032 -779.690199621594 0.492188803062859 0.0847201094347357 1132.18756270075
"784" 0.290322580645161 -835.096894233125 0.381310996623017 0.0712965570501634 1356.75841346264
"785" 0.32258064516129 -1030.58237279196 0.558756313859278 0.0990517263625665 994.880318462048
"786" 0.290322580645161 -654.165473489687 0.473268512002166 0.0820002559317157 1170.71668305304
"787" 0.290322580645161 -721.823454342047 0.514442266738393 0.0879347260800138 1091.41545178098
"788" 0.354838709677419 -1221.7345944056 0.494148939918761 0.0830740006242638 1143.93143843345
"789" 0.225806451612903 -899.982631401521 0.456287230641139 0.0782396469326635 1206.87768278822
"790" 0.387096774193548 -774.631107267493 0.513541713031943 0.0888173681651435 1088.24572038054
"791" 0.354838709677419 -819.192080729406 0.528247229396229 0.0927458036874642 1069.11985940515
"792" 0.419354838709677 -1138.62554388189 0.46287265522626 0.0808765447793789 1196.48099022643
"793" 0.419354838709677 -606.644185549457 0.536558899665371 0.0934111038446398 1042.97742243996
"794" 0.354838709677419 -892.229408827381 0.545785747777673 0.0960205316365512 1040.77844708713
"795" 0.387096774193548 -757.318989531347 0.551721812970801 0.0940881023949927 1010.76621366089
"796" 0.32258064516129 -1093.53808056827 0.544900886018617 0.0930440926989054 1045.7388008075
"797" 0.258064516129032 -1098.97764832993 0.516129074311295 0.0868318575223438 1092.31070781083
"798" 0.354838709677419 -845.980785637803 0.559439383584418 0.0947231041373438 1000.83083090659
"799" 0.290322580645161 -897.591421652887 0.480010722410448 0.0851025858832042 1159.4831266731
"800" 0.258064516129032 -797.042742967575 0.379234502946277 0.0711615548254419 1367.46462927922
"801" 0.419354838709677 -1394.11397391571 0.508150055789867 0.0874620531305773 1108.10346791371
"802" 0.193548387096774 -957.165027392512 0.321589645746484 0.0646586092401683 1479.43464866306
"803" 0.258064516129032 -973.1690987713 0.34177986591639 0.0662500532159077 1438.47289796249
"804" 0.225806451612903 -888.711408477145 0.308229333297228 0.0625982234660003 1500.28203644676
"805" 0.387096774193548 -674.374560325072 0.578814893432828 0.102442297848531 952.855108028559
"806" 0.258064516129032 -1179.32764041803 0.296171243301765 0.0632512342860593 1521.73252488974
"807" 0.354838709677419 -897.136901287049 0.505781592381237 0.0853330081781072 1099.1749741306
"808" 0.290322580645161 -1091.8984695373 0.477390818882692 0.0834924387849239 1189.40879925668
"809" 0.290322580645161 -808.264705100231 0.507445365216379 0.0878491327803696 1103.18363255953
"810" 0.225806451612903 -879.894719168009 0.481579979557757 0.0826380797607633 1160.08563073653
"811" 0.354838709677419 -828.494669803533 0.532147075559832 0.0896607530950008 1055.21854661785
"812" 0.32258064516129 -613.987741625313 0.588685888243169 0.102648858587273 942.572307437728
"813" 0.354838709677419 -1049.59169442773 0.418147294502674 0.0751086190713106 1290.24592322244
"814" 0.354838709677419 -841.215858242354 0.552819215205579 0.0950542025826743 1017.78505710405
"815" 0.290322580645161 -764.301867036985 0.505589808761006 0.0868897104666268 1114.69582747652
"816" 0.290322580645161 -837.144807727184 0.441652823772454 0.078170801594726 1233.58714347105
"817" 0.32258064516129 -1238.59095311024 0.558356440452448 0.092190949591124 1011.9855267658
"818" 0.290322580645161 -1200.66970694837 0.491236450216555 0.083460336956683 1137.98844828536
"819" 0.225806451612903 -670.454002872688 0.540438545672799 0.0935619983996203 1034.39710907605
"820" 0.290322580645161 -1206.11253972466 0.382439647051398 0.0719694108304548 1359.62536568584
"821" 0.290322580645161 -847.533240391057 0.431684578637303 0.0759339724469854 1242.54128957779
"822" 0.32258064516129 -837.593178555558 0.451008817106107 0.0795530255544388 1203.13178969287
"823" 0.387096774193548 -731.459241911103 0.643270844429009 0.115298296382782 835.974700439479
"824" 0.354838709677419 -1126.9555300682 0.556283556707647 0.0965226421769961 1024.2925514281
"825" 0.290322580645161 -815.515525776282 0.405165641292374 0.0713712325888608 1308.4224144484
"826" 0.258064516129032 -1260.50539643137 0.360266654888281 0.0683543247230795 1397.50976292175
"827" 0.387096774193548 -474.696857062062 0.74892788267686 0.160653520861294 611.122139072623
"828" 0.419354838709677 -670.77932216384 0.624049471058762 0.111957129623022 866.108789033191
"829" 0.258064516129032 -929.439275240307 0.528802959122434 0.0898377375983402 1065.17230341889
"830" 0.290322580645161 -899.871149202976 0.419233046315707 0.07699719062725 1295.16093257139
"831" 0.354838709677419 -774.072931961216 0.522014394746132 0.0893113878177185 1075.47098619514
"832" 0.193548387096774 -953.866449196012 0.406315169222098 0.0741361644640365 1305.49518726152
"833" 0.354838709677419 -813.259520327671 0.48706493709757 0.0833673259040006 1143.16068141805
"834" 0.354838709677419 -1022.45177542569 0.540819269846239 0.0940911160907839 1047.5471322436
"835" 0.387096774193548 -688.948447469868 0.52965013868874 0.0913094274589611 1069.82027226195
"836" 0.387096774193548 -907.066777487154 0.560166976861634 0.0980931065621972 996.356352767192
"837" 0.290322580645161 -1391.40965512977 0.363631036148391 0.0698423395188935 1389.79354392531
"838" 0.387096774193548 -996.281687679215 0.421442361522217 0.0756586998592075 1284.45542728639
"839" 0.290322580645161 -1181.13095371948 0.413685477100481 0.0749190738533863 1299.05449281143
"840" 0.354838709677419 -809.779046621351 0.549076599222219 0.0960308602265382 1019.0300772818
"841" 0.483870967741935 -652.026714356976 0.60807091877906 0.109118976294369 910.505175847234
"842" 0.387096774193548 -1148.79632999152 0.493375651769284 0.0869573479807663 1142.34650210894
"843" 0.290322580645161 -742.311728370472 0.559341141632834 0.0947149114126752 996.411094823028
"844" 0.290322580645161 -1286.77075987053 0.439395533743443 0.0781989116398015 1264.30366583445
"845" 0.225806451612903 -1783.26078549753 0.370334176379581 0.0698798806902903 1385.16623351601
"846" 0.290322580645161 -786.324110917933 0.508600285382031 0.0875321231802703 1093.99131000579
"847" 0.258064516129032 -1138.08797451728 0.378815763398588 0.0685720201423657 1373.97480266469
"848" 0.290322580645161 -1479.22989150813 0.383738145518846 0.0702823654142971 1371.85825532782
"849" 0.354838709677419 -623.941794778023 0.682858702181508 0.129551394639879 749.418711842187
"850" 0.290322580645161 -1000.87754705647 0.531918422107009 0.09043551697095 1046.97954514747
"851" 0.419354838709677 -896.774164396808 0.548410591103616 0.0958163544400078 1030.8272293351
"852" 0.354838709677419 -763.468733769213 0.553946849785238 0.0941800900038505 1011.90136023884
"853" 0.419354838709677 -502.469521703262 0.598522732399792 0.103820281349291 914.819371364906
"854" 0.225806451612903 -1433.31785079515 0.364560176990169 0.0669696908496589 1420.06196110505
"855" 0.354838709677419 -474.02607101158 0.644487911470326 0.115518685070165 817.207377267853
"856" 0.387096774193548 -846.243380179289 0.566941639284021 0.100360394861538 998.140988250861
"857" 0.290322580645161 -1246.98461234434 0.472015124398875 0.0803948143500856 1175.83953677514
"858" 0.32258064516129 -784.6606419957 0.484738742472261 0.0832533758490397 1139.99363148693
"859" 0.290322580645161 -1180.73104994304 0.398657911663432 0.0714127067041246 1321.02343299328
"860" 0.32258064516129 -1062.62790394452 0.468754385225802 0.0828915125936002 1182.79510985291
"861" 0.258064516129032 -761.412783546789 0.571901371118914 0.0999031197906133 962.473468768085
"862" 0.354838709677419 -823.080216864168 0.545006602029784 0.0921726616437972 1037.0109667408
"863" 0.32258064516129 -736.923822500486 0.458571057371269 0.0802921836645452 1207.78509375913
"864" 0.354838709677419 -813.51755284974 0.531013607674024 0.0884094810141352 1060.12371982696
"865" 0.290322580645161 -744.267319230073 0.502353749343083 0.0860352817669277 1123.16814609675
"866" 0.290322580645161 -901.542644706183 0.509775103892063 0.0888173730715843 1099.86258963825
"867" 0.290322580645161 -1457.46820859445 0.595948114591333 0.103249008775941 946.644880069478
"868" 0.32258064516129 -875.833712057164 0.488667864039941 0.0848210789999622 1145.2676130128
"869" 0.387096774193548 -1102.73012182468 0.530253132634021 0.0930422776577545 1079.50267714253
"870" 0.225806451612903 -759.287057344202 0.585713171720064 0.100245076415499 949.801931078746
"871" 0.32258064516129 -928.38941798118 0.510315892936006 0.0862803954856669 1097.63632696367
"872" 0.32258064516129 -769.747207331401 0.602086705938946 0.10325091332008 916.310939366452
"873" 0.258064516129032 -1040.37237478096 0.475175272619701 0.0819412379352479 1170.70552418928
"874" 0.387096774193548 -900.109670366669 0.507218676532818 0.0844690493706567 1113.01999360621
"875" 0.290322580645161 -799.718060478768 0.367301711858423 0.0715184397207411 1387.47212368843
"876" 0.354838709677419 -930.537239352873 0.464328725638795 0.0823508136737202 1190.35684816861
"877" 0.258064516129032 -923.163651479518 0.439746637385126 0.0778146704810593 1239.45988957746
"878" 0.354838709677419 -896.012102443791 0.556072364925839 0.0946148685749534 1018.90442837046
"879" 0.32258064516129 -986.857485357861 0.41490765286903 0.0728028985863938 1290.87149931115
"880" 0.258064516129032 -693.451796478046 0.590877855375352 0.101299408122796 933.653831611539
"881" 0.387096774193548 -728.027971707686 0.478426664393776 0.0826393724010446 1160.57892951235
"882" 0.32258064516129 -689.374633139404 0.550632987530832 0.0983570869407343 1012.1394137053
"883" 0.290322580645161 -1403.59605837341 0.373201346555718 0.0696170045442464 1383.46213165114
"884" 0.354838709677419 -998.136068305842 0.425275385445843 0.0734223038875005 1272.41946134036
"885" 0.387096774193548 -842.902266384601 0.498139827305443 0.0864493085591751 1128.37067438611
"886" 0.387096774193548 -578.268929552687 0.517183422532075 0.088450968258849 1076.54652038559
"887" 0.258064516129032 -818.894020688709 0.36855321519501 0.0703638137137862 1379.50350991882
"888" 0.290322580645161 -948.239271035284 0.469206797785542 0.0815111999753935 1178.77005820632
"889" 0.354838709677419 -805.95448622999 0.591552805585036 0.102214140416771 940.415768903112
"890" 0.354838709677419 -769.019711307245 0.486576662394294 0.0838679783119339 1134.56882542118
"891" 0.387096774193548 -887.893814418941 0.430503019765176 0.0753584531115349 1265.77618572353
"892" 0.225806451612903 -1265.78695438949 0.45757069873334 0.0804867994268927 1211.41206318667
"893" 0.419354838709677 -780.918757043264 0.563006815905836 0.0967461699715635 983.849271920323
"894" 0.290322580645161 -1053.27915930012 0.50096954474204 0.0844908687812273 1115.31814101449
"895" 0.258064516129032 -925.762398919352 0.487078583372499 0.0847255049898322 1153.82271409772
"896" 0.290322580645161 -833.268719773863 0.477623359450423 0.0807373411171392 1173.02095487876
"897" 0.32258064516129 -1027.9587256539 0.379606270544424 0.0692662383624492 1369.56764810979
"898" 0.387096774193548 -824.00797594394 0.519545336848064 0.0930890109565395 1083.00908278521
"899" 0.354838709677419 -840.446947094625 0.47109879177442 0.0805070843291093 1167.5866218423
"900" 0.290322580645161 -696.463039505678 0.514533852347338 0.0871049398649029 1093.26781559217
"901" 0.354838709677419 -868.40299519811 0.536527016396959 0.0928567514140192 1053.57519678017
"902" 0.258064516129032 -934.688900518463 0.419611211334428 0.0750277592690254 1291.25630832297
"903" 0.32258064516129 -889.122428565864 0.412927345958666 0.0734233154397518 1295.59024719528
"904" 0.387096774193548 -677.404156579218 0.460598070997917 0.0836980157482569 1193.55069102273
"905" 0.354838709677419 -831.584860534998 0.544326969513886 0.0951111648218071 1030.41496662016
"906" 0.32258064516129 -1129.57417247973 0.376765477312862 0.0698680626848832 1371.30001057719
"907" 0.419354838709677 -707.78251936735 0.627727640968696 0.114486705947796 859.167210965424
"908" 0.419354838709677 -683.785641350908 0.563310600052148 0.0959159199948267 990.269746316013
"909" 0.290322580645161 -840.484551618925 0.557869112900191 0.0946678335000391 997.709544045488
"910" 0.32258064516129 -907.352937771306 0.463490547822197 0.0807711604603557 1195.21196135508
"911" 0.32258064516129 -891.384250246504 0.500661414343443 0.0870374015813639 1122.32228883964
"912" 0.387096774193548 -496.15216555345 0.600948355231651 0.107266656273519 908.789260851967
"913" 0.32258064516129 -840.302639457086 0.437994188378585 0.0773583512388293 1247.73334592307
"914" 0.354838709677419 -559.411170385712 0.521076025459254 0.0884101738800921 1072.49089726227
"915" 0.290322580645161 -870.48744124382 0.515484434578142 0.0872342680986781 1086.23808508349
"916" 0.354838709677419 -689.932276845168 0.531166675049295 0.0927579551086749 1058.12725806773
"917" 0.387096774193548 -1011.6738724776 0.467075927442063 0.0794184170614009 1181.73679351509
"918" 0.258064516129032 -854.079986466743 0.4161139672583 0.0735498304460945 1288.89020111771
"919" 0.225806451612903 -1100.99300082025 0.318094342413292 0.0655507107750276 1491.34118754476
"920" 0.32258064516129 -1121.8907790112 0.449659411296981 0.0771772825640058 1246.60284074811
"921" 0.290322580645161 -859.764737443903 0.510711433814775 0.0870627733064868 1106.16338358735
"922" 0.387096774193548 -785.934418869006 0.496734759355565 0.0856285622785552 1122.29453919895
"923" 0.354838709677419 -759.814934057607 0.562273177011759 0.0946307122963848 995.78882962659
"924" 0.32258064516129 -852.950068348371 0.489203704056105 0.0868300771093296 1131.52785971151
"925" 0.290322580645161 -659.256369293562 0.59331947025774 0.102799729665768 924.506530610444
"926" 0.32258064516129 -783.881258851458 0.511380656705225 0.0871664963943921 1094.85640276725
"927" 0.354838709677419 -741.28957017228 0.625576587090583 0.113100948783596 857.597064719012
"928" 0.32258064516129 -883.537128819382 0.444448500362435 0.077619088878429 1238.06852527936
"929" 0.32258064516129 -615.338532365302 0.618083836640285 0.107814611356854 881.233314592435
"930" 0.258064516129032 -1125.7840541063 0.458866328907432 0.0784957498336149 1209.29427187017
"931" 0.354838709677419 -901.871700606753 0.49059868958021 0.0843654633262742 1136.49380268878
"932" 0.258064516129032 -598.875031153012 0.576440022582559 0.0996219376300761 957.095075493325
"933" 0.290322580645161 -840.702420779054 0.491795255086931 0.0863854201082285 1129.74639938737
"934" 0.387096774193548 -660.440454795917 0.575596752047439 0.100362745259979 968.066796296947
"935" 0.258064516129032 -1509.72740300338 0.361694966257446 0.0680574028937626 1435.42119555191
"936" 0.387096774193548 -790.518425304092 0.518014040935175 0.089075293402679 1085.90896412023
"937" 0.290322580645161 -1034.26335841562 0.450950787948408 0.0791370142072698 1215.3605669735
"938" 0.354838709677419 -655.68017708021 0.582914685493882 0.100861774951316 947.298637699823
"939" 0.387096774193548 -1074.35583988586 0.577575662982943 0.0982542734038332 960.88835755731
"940" 0.225806451612903 -1129.84043795879 0.518240321221869 0.0876833309336289 1093.33830153248
"941" 0.225806451612903 -841.652033309476 0.563858784002476 0.0957590558590906 989.247554027201
"942" 0.354838709677419 -962.279963419524 0.464880116269376 0.0803088953563206 1199.86846238554
"943" 0.290322580645161 -902.32583920629 0.509816796318613 0.0865586878334872 1100.2587644173
"944" 0.32258064516129 -851.651353005858 0.410660528139359 0.0750365002172413 1294.20578750082
"945" 0.32258064516129 -1006.4641501384 0.461891855860749 0.080177417479447 1193.71880686401
"946" 0.225806451612903 -847.368960601073 0.388334299405827 0.0726894983063304 1344.10983792997
"947" 0.32258064516129 -798.949815378667 0.511856771621145 0.0875114229751936 1102.99490148989
"948" 0.354838709677419 -919.063112967947 0.509221115484433 0.0862461224915933 1097.39686289971
"949" 0.290322580645161 -860.500786157023 0.434104181467533 0.0766167621925413 1247.94198012565
"950" 0.258064516129032 -975.561118442218 0.435238611653779 0.0770878937963724 1263.37546701212
"951" 0.32258064516129 -660.681365828581 0.592799586401249 0.103370846861221 922.480587098468
"952" 0.32258064516129 -843.799611191347 0.433012335641222 0.0757495116881511 1243.12345292668
"953" 0.387096774193548 -534.329140156538 0.523599853463396 0.0910023737355335 1064.47244818464
"954" 0.32258064516129 -520.124723329487 0.651804380571871 0.12066160368374 804.586281697948
"955" 0.32258064516129 -802.290883491533 0.510755331078614 0.0869018442572869 1107.65849135577
"956" 0.354838709677419 -824.982771710556 0.500972706541505 0.0884427699067704 1130.1236297424
"957" 0.290322580645161 -1152.31621182785 0.417533296536027 0.0740097697900563 1296.32090124914
"958" 0.387096774193548 -701.348993787311 0.568923553636942 0.0986120281641936 974.147207763407
"959" 0.387096774193548 -931.842730404409 0.442522589306516 0.0756735802171942 1245.68024273183
"960" 0.354838709677419 -447.441827921812 0.695649576834764 0.134274870562363 718.953732704662
"961" 0.387096774193548 -824.688069001626 0.575865967250381 0.100959118738171 959.028279456301
"962" 0.354838709677419 -925.309579655402 0.527590943225009 0.0911604958713417 1060.61695641517
"963" 0.290322580645161 -849.231524570894 0.402172827447491 0.0732303548205672 1302.54847402086
"964" 0.387096774193548 -792.450755708851 0.533396202762721 0.0933969619142633 1048.08272832565
"965" 0.32258064516129 -746.752932537634 0.450072569590979 0.0781079938465858 1213.18632322028
"966" 0.290322580645161 -940.157214522832 0.466637232793462 0.0814932473843353 1183.18810882914
"967" 0.32258064516129 -1345.08152318227 0.412987476240144 0.0755645016528022 1305.5425213742
"968" 0.354838709677419 -740.239330776913 0.503830291656075 0.0883207276600197 1119.95014387057
"969" 0.32258064516129 -1167.99772645016 0.572760953801427 0.0996477091233912 996.923419553693
"970" 0.258064516129032 -1272.22814213864 0.410530812089749 0.0731532379361061 1306.6576318569
"971" 0.387096774193548 -931.278071966549 0.440658808149742 0.0774868095794397 1248.12159169457
"972" 0.225806451612903 -782.202660514833 0.440935745189936 0.0776324822508729 1230.45100027429
"973" 0.419354838709677 -853.764719375871 0.556537579948672 0.0945445879565561 1009.74555217393
"974" 0.451612903225806 -497.00580203544 0.627831907488978 0.113560434651946 867.337586426111
"975" 0.258064516129032 -1146.62577988395 0.337736552336965 0.0676861191609414 1457.16683878642
"976" 0.290322580645161 -794.531049964121 0.362716562593628 0.0696499861236183 1380.48289325147
"977" 0.32258064516129 -1339.91954862997 0.429928748397927 0.0767829511309747 1267.59302308175
"978" 0.387096774193548 -574.790366317724 0.58474031841584 0.103107784175622 939.472729005954
"979" 0.32258064516129 -1162.92667834307 0.414133565652434 0.0747580699199842 1299.49596201185
"980" 0.225806451612903 -821.64815280599 0.376093883970794 0.0714570148158526 1363.83732172965
"981" 0.258064516129032 -1320.04978683359 0.401600923560267 0.073199336971706 1315.5570356068
"982" 0.32258064516129 -811.495016465843 0.473056638122846 0.0808618806123416 1175.81336656497
"983" 0.32258064516129 -814.564540383753 0.559721802022104 0.0948348209083796 1014.90406526747
"984" 0.354838709677419 -1202.91256421639 0.436142417116245 0.0745656581144685 1249.2439161164
"985" 0.290322580645161 -872.416968981684 0.453803991420803 0.0780611518690255 1214.05029453656
"986" 0.225806451612903 -726.583539567719 0.397781667668708 0.0729438784478297 1325.66742253906
"987" 0.354838709677419 -1190.78301345344 0.399320513784136 0.0734933571190883 1336.63524512849
"988" 0.32258064516129 -1123.89298415782 0.485334666000043 0.082308087428145 1160.17488574239
"989" 0.419354838709677 -867.353487032976 0.497062193684584 0.0856012505448216 1137.88529407728
"990" 0.32258064516129 -1283.41493141683 0.373378614186024 0.0726297205294221 1383.64768389205
"991" 0.290322580645161 -674.601946610236 0.487680708234496 0.0843339591649549 1136.87947427961
"992" 0.387096774193548 -893.945865506585 0.530482786141457 0.0913336645944176 1069.51393677131
"993" 0.32258064516129 -1153.38844433554 0.452623284796393 0.0800780928161425 1205.82277731725
"994" 0.354838709677419 -890.196967761466 0.522547173599816 0.0888244386167844 1066.65946485128
"995" 0.258064516129032 -1155.62999685921 0.434031751212959 0.0798766634224343 1255.42745454957
"996" 0.354838709677419 -957.076655604168 0.432266007194588 0.0753356025168165 1247.92969885945
"997" 0.290322580645161 -1074.69038785009 0.435148261072937 0.0749847334164693 1254.01330142191
"998" 0.419354838709677 -1096.37855456933 0.529501854396715 0.0896902204349621 1059.16822234122
"999" 0.290322580645161 -782.878374259502 0.456254375525936 0.0798906962329371 1213.68900678832
"1000" 0.258064516129032 -822.850872514815 0.410825532508921 0.0731442865673095 1298.52429963807
