"SCI" "RCI" "GER" "MSM*" "MIG"
"1" 0.291666666666667 -1707.14759940849 0.416566026499084 0.0851695120311611 1142.98871547275
"2" 0.208333333333333 -1237.040550546 0.439755601672764 0.0906896978367359 1091.35550048565
"3" 0.25 -819.840986173312 0.534628985421804 0.104979094093041 926.855112426809
"4" 0.25 -932.599987773923 0.446008727692938 0.0881776300915757 1091.7267039818
"5" 0.25 -1000.47834504952 0.5296443148338 0.103180364653067 945.271042696536
"6" 0.375 -786.472676282326 0.758754168303307 0.181342532706226 533.57134113872
"7" 0.333333333333333 -1147.38015179573 0.538599434153734 0.102833556650591 930.388487628945
"8" 0.291666666666667 -1037.45197324593 0.51613867609138 0.100912212631849 964.355957143546
"9" 0.416666666666667 -765.320592318504 0.664980730983111 0.138983865632797 694.607913175286
"10" 0.25 -1534.01819837019 0.536986553405425 0.10685069352848 936.326120906665
"11" 0.333333333333333 -886.220963080572 0.66320859971381 0.140672204709737 701.117503367513
"12" 0.333333333333333 -1484.04970194814 0.541281121333403 0.106494430492382 924.294270468012
"13" 0.25 -1772.87602328866 0.408249021106057 0.0833027546009011 1172.71668750489
"14" 0.333333333333333 -732.649152080209 0.725618562604897 0.166168970944695 601.555066250223
"15" 0.333333333333333 -1341.5874164373 0.60380183958185 0.117303883406035 814.168442245475
"16" 0.333333333333333 -924.063477969151 0.622623780307763 0.12922432452102 778.457610670593
"17" 0.416666666666667 -755.422036938636 0.683205037871294 0.149246121369484 670.596738673746
"18" 0.416666666666667 -488.228270350033 0.79990479191035 0.209053273758877 454.339582420692
"19" 0.291666666666667 -825.370341945349 0.49774137097187 0.0955311829989616 995.160643796995
"20" 0.458333333333333 -862.80266610103 0.656229273362084 0.138576022487206 720.278921887318
"21" 0.291666666666667 -1314.46772631896 0.436305930992704 0.0863612012144986 1106.39060407913
"22" 0.291666666666667 -1105.7856990865 0.577192476675591 0.113839459701741 866.463822380949
"23" 0.375 -800.078733940829 0.637458990963693 0.129969382332453 748.475119623351
"24" 0.416666666666667 -540.228337429221 0.701325631375369 0.152149831558741 631.905375755893
"25" 0.291666666666667 -1233.51140168171 0.504198219914805 0.0965200781137728 993.76667581592
"26" 0.375 -985.260471224195 0.485896847124757 0.0951303583180942 1013.57629424945
"27" 0.291666666666667 -1539.3277259057 0.490462365034377 0.0956932592864536 1013.78770595632
"28" 0.416666666666667 -954.197391915842 0.520768191983717 0.100554905824103 957.544589960375
"29" 0.291666666666667 -1275.033070377 0.470628692396408 0.0905469699017622 1053.99179996392
"30" 0.458333333333333 -555.986035224561 0.762333386209542 0.185674757054636 528.387681983737
"31" 0.416666666666667 -1033.45986674162 0.521622611456292 0.101088264972695 959.40918280154
"32" 0.291666666666667 -1373.48581552699 0.538349372085639 0.102167173118845 926.289501840248
"33" 0.375 -1990.16273019619 0.559565775155184 0.109078783513542 901.942217211104
"34" 0.291666666666667 -1550.92895152741 0.478299946840079 0.0953665318285714 1031.64551482862
"35" 0.25 -1229.31935237965 0.497269167625171 0.0971097958514365 1009.68997781253
"36" 0.375 -750.077890764142 0.721399788649795 0.16335128515415 598.193101882096
"37" 0.333333333333333 -1487.36260341972 0.420289462173324 0.0843425219808191 1142.05483400496
"38" 0.375 -931.170262460315 0.62042043666374 0.126398142230544 781.786530896253
"39" 0.208333333333333 -1629.72079414582 0.489117259548253 0.0960739472619684 1014.08098945218
"40" 0.208333333333333 -1577.81421471243 0.546128654264403 0.107459744658325 918.193597021191
"41" 0.375 -1014.77731422039 0.634634100243604 0.127494185177516 758.480123035866
"42" 0.416666666666667 -701.323037205544 0.591421776666183 0.118629674809936 826.068682700302
"43" 0.291666666666667 -1034.09790283717 0.475731472247443 0.0945089756274875 1035.94049850319
"44" 0.458333333333333 -465.329865413217 0.786151994827742 0.200469038680996 482.502702056654
"45" 0.333333333333333 -1258.62777267632 0.510935976544837 0.100812896834574 983.167603117882
"46" 0.291666666666667 -1414.51921441151 0.470755570838414 0.0953733148513823 1038.91742866191
"47" 0.375 -785.146616230566 0.667298721027681 0.138992077652846 694.588261353839
"48" 0.375 -1138.40778271101 0.488465349219094 0.0939666778887008 1009.93237344011
"49" 0.291666666666667 -1253.39046730425 0.525474546480996 0.102513073659108 947.575453380749
"50" 0.333333333333333 -756.790618151277 0.703493402854117 0.157515291890691 637.714715479151
"51" 0.291666666666667 -979.075318325161 0.64639836724798 0.133372297882872 733.326942288382
"52" 0.416666666666667 -473.438844607268 0.775647690671805 0.194677265295293 497.876593068349
"53" 0.333333333333333 -869.069763916277 0.48260445821852 0.0939897614954338 1024.57935940093
"54" 0.458333333333333 -775.323335890493 0.629250214225237 0.132857055512708 769.309755652079
"55" 0.375 -1266.52729143451 0.476624974883559 0.0959320432084344 1039.77287749868
"56" 0.291666666666667 -1145.54095262564 0.555283786828023 0.111623514843823 904.484925224422
"57" 0.375 -1049.17322991085 0.641245157294404 0.129729865882255 743.784716810728
"58" 0.291666666666667 -651.869863977227 0.709513994957156 0.155858661507768 624.099718770112
"59" 0.291666666666667 -1242.54163765008 0.472024399046459 0.095611106647042 1049.91017747128
"60" 0.333333333333333 -1021.10520314748 0.607907648315799 0.120802252036612 814.893158346568
"61" 0.416666666666667 -2040.87010693744 0.46256810087764 0.0905913191347602 1059.82951664892
"62" 0.375 -845.146774290809 0.710880967961738 0.155316516906955 622.144404467614
"63" 0.458333333333333 -790.688092509211 0.623768661532879 0.124219931800432 759.980618927795
"64" 0.333333333333333 -1132.21163726081 0.547810887557898 0.104510084107568 917.216572841769
"65" 0.416666666666667 -899.85945449273 0.640947446690549 0.128724794352514 734.86896062172
"66" 0.25 -1735.38083564568 0.386840851289536 0.0809803399325464 1203.40351740636
"67" 0.375 -1142.20886582963 0.61393174295639 0.12231834356397 793.324628010928
"68" 0.333333333333333 -1499.53220571841 0.371401986951362 0.0809329685261547 1237.8196092356
"69" 0.25 -1322.30554136181 0.404772167946569 0.0814145555163595 1166.23222082421
"70" 0.208333333333333 -2054.14300139154 0.401634876671123 0.0818291098544622 1185.31856987739
"71" 0.291666666666667 -1611.77096317174 0.397539011962014 0.0820227342761101 1179.0909027202
"72" 0.166666666666667 -1524.59750080748 0.31832550348165 0.074488331182143 1306.41431529627
"73" 0.291666666666667 -992.67120711181 0.448981812383885 0.0900192122223722 1079.97185356401
"74" 0.291666666666667 -1440.0846200582 0.503302228030873 0.0999116801625097 999.855703070147
"75" 0.291666666666667 -969.555373686307 0.476043883561687 0.0946041651192995 1035.59320385811
"76" 0.25 -2434.29725781694 0.357285365366735 0.0773908017802626 1258.98192071326
"77" 0.416666666666667 -1132.02994400445 0.493268707034436 0.0971022701969187 1001.94799689234
"78" 0.291666666666667 -763.460681754095 0.654267675887627 0.139497949843904 725.549488224317
"79" 0.333333333333333 -645.652731448202 0.650101502531813 0.133508132343353 726.374378555988
"80" 0.291666666666667 -1567.4664162517 0.59672392121937 0.121352516365749 825.964806302211
"81" 0.25 -1088.62644359473 0.576139981685109 0.118499155760792 859.116796185519
"82" 0.333333333333333 -985.989375939678 0.613405244583586 0.119841254217593 789.839039295772
"83" 0.291666666666667 -1081.31387219522 0.697725879058007 0.154158538833412 647.472497300087
"84" 0.208333333333333 -1570.37277066969 0.531704910776195 0.104502199856737 945.187714021006
"85" 0.375 -755.235000072025 0.6449224931248 0.132419322877604 736.200269648689
"86" 0.25 -1445.48495200222 0.442487766015225 0.0884379865166732 1103.89975514054
"87" 0.291666666666667 -1231.31060333051 0.511954795804711 0.102549712067554 965.839423355947
"88" 0.333333333333333 -1517.16774084692 0.537111197842826 0.102496168340001 939.444619618691
"89" 0.291666666666667 -1111.86399488241 0.518661937054965 0.097455509803634 963.985730386001
"90" 0.291666666666667 -1778.18564033526 0.380445443752778 0.0815707868818392 1215.20165083334
"91" 0.333333333333333 -904.135966148032 0.675238905796017 0.141441779574607 679.558954058797
"92" 0.333333333333333 -791.730008005526 0.607926882748762 0.121592929263704 803.189605184784
"93" 0.333333333333333 -745.367007595599 0.715492992238618 0.159792409346424 608.880845557342
"94" 0.291666666666667 -1023.6110143183 0.499121527569718 0.0965514206343728 993.190999888645
"95" 0.375 -1254.82291295178 0.530019187756704 0.100438082332728 943.868190573212
"96" 0.25 -1321.13835238687 0.476769459964987 0.0952690049427739 1045.66827364094
"97" 0.25 -738.680982829268 0.683922964391224 0.142868967754532 666.538745929152
"98" 0.25 -1139.89326288027 0.465795734266726 0.0901594445795293 1046.61391725755
"99" 0.25 -632.186620493157 0.673147678053124 0.140375846718004 688.579002552847
"100" 0.375 -1447.68946552053 0.494987473493052 0.0972995423666602 1011.62582401666
"101" 0.291666666666667 -1292.21208806335 0.510668061366441 0.10094003456229 984.75951197233
"102" 0.166666666666667 -1648.10684051287 0.324440527123538 0.072593332419357 1319.63321111861
"103" 0.291666666666667 -1380.06745204532 0.438171328189564 0.0866539733079178 1102.62056784106
"104" 0.416666666666667 -899.9798156738 0.654635619223672 0.132817505525765 725.625824976666
"105" 0.333333333333333 -1451.86323345241 0.560158764792133 0.108435545745432 895.801709919213
"106" 0.375 -959.522555193809 0.631393634317788 0.126131489082682 763.362882846971
"107" 0.458333333333333 -680.871310629657 0.720579782345411 0.158500097091215 601.511460096054
"108" 0.291666666666667 -1563.85852491039 0.463180653789969 0.0937448581867429 1069.67167900441
"109" 0.375 -899.048482402828 0.65073248340473 0.130615313200486 724.395365645969
"110" 0.333333333333333 -1714.99740977984 0.456213260943416 0.089974035008482 1078.0940380946
"111" 0.333333333333333 -1345.73654298652 0.450744214300367 0.0890894511099274 1086.78990995898
"112" 0.333333333333333 -1385.37829109042 0.525798793277367 0.101252695802892 957.264219008479
"113" 0.375 -949.504605066439 0.594337144852258 0.115605718934057 834.512819471234
"114" 0.291666666666667 -1664.4894194365 0.470909487016327 0.0951817780533044 1062.19168258389
"115" 0.291666666666667 -1714.20554342574 0.434359214828197 0.0857801328761543 1109.26341690867
"116" 0.25 -1688.97366818553 0.362681595877741 0.0762034669701071 1253.16844293491
"117" 0.375 -1325.9740507403 0.596826423461465 0.120320394056304 834.035122720804
"118" 0.25 -1196.18164766872 0.40325925704258 0.0837703499728382 1164.47663111342
"119" 0.375 -1372.09586207573 0.535983695110918 0.105691562629813 942.077624390414
"120" 0.291666666666667 -1612.00627681854 0.535946277344407 0.102953336190755 942.017277470424
"121" 0.291666666666667 -1151.80299691906 0.496677195681479 0.0970730799906406 999.163463302103
"122" 0.291666666666667 -1093.29445140173 0.527866491265873 0.105980825072943 944.495460174987
"123" 0.333333333333333 -983.256864016909 0.676462827447076 0.143226141237695 686.816740594571
"124" 0.375 -390.023764525433 0.789974962490884 0.204486731492154 473.232827995485
"125" 0.416666666666667 -1267.82971502805 0.551239241676512 0.107512043179323 918.70773755172
"126" 0.291666666666667 -964.783808730479 0.564487684776473 0.109411649561961 880.857911222966
"127" 0.25 -754.197547097734 0.700182188139257 0.152917533184118 632.303084757342
"128" 0.208333333333333 -959.70238967814 0.482240157825413 0.0950058766870822 1015.98505111515
"129" 0.375 -941.435903497849 0.591430327572471 0.11698901098473 827.271958898208
"130" 0.25 -1339.59403867308 0.435934952391305 0.087563627780302 1099.25629461337
"131" 0.333333333333333 -762.085039944968 0.686016358065883 0.147405987359077 658.8686782117
"132" 0.25 -1054.15808039414 0.656800257134445 0.13615998881664 718.684048347611
"133" 0.375 -1207.66291582514 0.486662229048438 0.0956928512060091 1021.45313409447
"134" 0.333333333333333 -1101.83190928125 0.588136891458806 0.114092794710781 836.298136572256
"135" 0.333333333333333 -991.356932725439 0.658423306642395 0.134327214776037 709.954851588141
"136" 0.25 -1090.32844383497 0.498393864798894 0.100063139707044 1000.71547018977
"137" 0.375 -1138.97690333377 0.466778214293007 0.0921585857009235 1055.83988957565
"138" 0.333333333333333 -1138.78827410501 0.433223032651603 0.088320878700991 1109.49441905788
"139" 0.333333333333333 -1522.18230277045 0.505111709875553 0.098203277931798 989.980155936892
"140" 0.333333333333333 -1228.65273240242 0.422876511004688 0.0880585949075312 1128.95604133037
"141" 0.375 -1108.52474797928 0.64497722280988 0.131471155586435 743.049289154471
"142" 0.333333333333333 -1172.97250017245 0.666764925199909 0.136669001574256 698.728005234033
"143" 0.375 -1362.09044312457 0.54380992134634 0.105428109814231 915.762988749035
"144" 0.291666666666667 -763.106263033528 0.676994515980019 0.1453323383103 683.716774768592
"145" 0.291666666666667 -1486.53796505009 0.376938908535413 0.0811084338952247 1221.48836076678
"146" 0.25 -1075.46891814193 0.525247369821121 0.102130189599439 947.258517494169
"147" 0.333333333333333 -581.753580912785 0.686080758594895 0.150447295106466 658.924302804118
"148" 0.25 -1378.18091028628 0.392545481447985 0.0803712099606376 1196.90108601079
"149" 0.25 -1958.50435099126 0.324571945795319 0.0753215903639968 1311.84154861664
"150" 0.291666666666667 -1217.45158271658 0.461943573013463 0.0899795565282934 1078.70861356182
"151" 0.333333333333333 -1174.06550945646 0.5407473905941 0.110757004438209 925.67094571149
"152" 0.25 -1431.92265734996 0.567244173797352 0.1134688269473 883.191367581014
"153" 0.291666666666667 -1556.69231111966 0.38360931336253 0.0799612169451014 1205.97875970326
"154" 0.333333333333333 -727.431539698598 0.709311827778222 0.159863720220866 619.295580801135
"155" 0.291666666666667 -1662.7869322677 0.49461421604412 0.0966046330635813 1000.99690885963
"156" 0.25 -2139.81493312878 0.422930635373321 0.0887824241150475 1132.79415276776
"157" 0.208333333333333 -1847.96567347023 0.461055538666678 0.0900529129207525 1075.26729819372
"158" 0.375 -1199.14924561828 0.579239539995036 0.114640068252565 856.251498056319
"159" 0.333333333333333 -892.01452727835 0.615100918035795 0.125558084007115 793.050667500002
"160" 0.291666666666667 -864.574277884373 0.578937164809466 0.113408200256329 860.13145346456
"161" 0.333333333333333 -1213.60751561181 0.447702723080087 0.0924478175680167 1092.05025964
"162" 0.333333333333333 -847.10504616727 0.656949906160648 0.134401600620947 712.087282178597
"163" 0.291666666666667 -1034.70821907638 0.471238881248851 0.092120789833455 1047.76016639045
"164" 0.416666666666667 -643.814936671011 0.68566155781583 0.147807194851972 662.57059575317
"165" 0.208333333333333 -1691.77077939342 0.372082926412335 0.0799343672799202 1239.49548588694
"166" 0.25 -1311.64850106476 0.536344888661052 0.104403282006184 934.924781470033
"167" 0.458333333333333 -1115.63875809206 0.689448973206153 0.147976849340611 664.483435765565
"168" 0.375 -659.029800230285 0.712033214767362 0.154454298000597 617.860188285005
"169" 0.291666666666667 -1277.07261919869 0.421076437706446 0.0837958324556057 1132.310265636
"170" 0.25 -731.327302752471 0.624601377858286 0.128293269057274 771.831508655741
"171" 0.333333333333333 -726.509564434745 0.654820322287414 0.135539864074442 720.859828207945
"172" 0.291666666666667 -1640.65294205755 0.529353778798552 0.101509530733319 955.849645695547
"173" 0.416666666666667 -506.90522974784 0.79612969356714 0.208394724614881 466.461744312942
"174" 0.333333333333333 -1104.04705033774 0.531819409081518 0.104223100181084 944.137518477454
"175" 0.291666666666667 -1287.894996576 0.662941381342529 0.139545518459058 715.993047990836
"176" 0.416666666666667 -932.864000985586 0.777087792831613 0.199730894341373 506.930797019394
"177" 0.416666666666667 -838.92919328082 0.609509184077999 0.122930046176704 802.341099798614
"178" 0.416666666666667 -465.918465446023 0.748225393386451 0.174669020109119 547.165118833375
"179" 0.333333333333333 -1041.34176560555 0.592489922089197 0.11608167326837 830.830483284187
"180" 0.208333333333333 -1517.68978925864 0.461182418105596 0.0926291210956635 1070.62863277335
"181" 0.25 -894.99005743715 0.564752777280289 0.113418561494979 875.414750482733
"182" 0.375 -1068.34265476287 0.601568582770043 0.117542374405857 816.871735239998
"183" 0.375 -1296.50461122188 0.469072344063629 0.0916167305927639 1057.79576947418
"184" 0.333333333333333 -1198.71533214216 0.573061495724769 0.111990262928076 865.952097174311
"185" 0.375 -1072.14342966501 0.552046149566993 0.105975021429601 901.553157501146
"186" 0.333333333333333 -1509.99828145855 0.497834417954913 0.100606106348308 1001.29196834506
"187" 0.291666666666667 -1001.54048300414 0.550324061499906 0.109250522825504 908.910585149471
"188" 0.416666666666667 -701.716773941418 0.744144264132718 0.178721210003168 560.535789768859
"189" 0.375 -431.426975566759 0.834179072921467 0.245461882651399 398.796949438802
"190" 0.416666666666667 -1370.57825636482 0.513077678876015 0.10138177513437 980.138184159698
"191" 0.291666666666667 -1407.05070443348 0.458768971954772 0.0892042705182469 1074.83651415487
"192" 0.375 -816.863107483522 0.696033959787796 0.151657696638691 645.252036141232
"193" 0.458333333333333 -1130.2198446886 0.607144348239327 0.121895469412045 810.075036169565
"194" 0.375 -1136.29656720741 0.519239360736769 0.0992114711788266 955.497178761964
"195" 0.333333333333333 -1241.3202544981 0.484386456786704 0.0973255692783325 1027.05802920341
"196" 0.333333333333333 -1587.47016321798 0.505897735333247 0.0967883023056693 990.227722697323
"197" 0.333333333333333 -1427.8029658686 0.492549928858037 0.0965744778527213 1004.1695446972
"198" 0.416666666666667 -1045.04884051199 0.619739676464201 0.124808904899215 783.246786875906
"199" 0.333333333333333 -1281.60335211099 0.510652909424938 0.0999583933287602 977.061176895667
"200" 0.291666666666667 -1380.10159578691 0.363696072929213 0.0789226103336382 1244.87951938617
"201" 0.166666666666667 -1338.22094852592 0.376592995357524 0.0805666623508567 1211.62389677507
"202" 0.333333333333333 -1219.90311994301 0.529295267575886 0.102435201344166 945.34702816902
"203" 0.458333333333333 -558.47670295425 0.704836447954287 0.154826249544627 626.261211043203
"204" 0.25 -759.371235117284 0.724388747025032 0.165434690285892 595.166090631112
"205" 0.333333333333333 -1605.79522215224 0.554425232468208 0.107866538046618 910.543396892813
"206" 0.375 -952.763457221575 0.589802337846402 0.113087918528967 834.977138063675
"207" 0.333333333333333 -882.201733756517 0.646847389938658 0.130978471345812 737.618332795666
"208" 0.333333333333333 -892.987051735573 0.692983447049153 0.152874779869818 653.651953366599
"209" 0.333333333333333 -923.011514720577 0.506347359513185 0.0999741097201213 977.963637199667
"210" 0.333333333333333 -1934.35198879033 0.422631645793401 0.0872769331128612 1150.73670305323
"211" 0.416666666666667 -1224.91808365357 0.601694776202731 0.116807693822905 814.855802288535
"212" 0.375 -1295.69149699831 0.631808907546286 0.125143819793779 776.409782416718
"213" 0.291666666666667 -978.975341643497 0.510376762605959 0.102887309453664 981.854950098195
"214" 0.416666666666667 -1038.78415338014 0.618507915367966 0.127108372610735 784.067762376594
"215" 0.375 -1513.7563095259 0.445714656709331 0.0895179679174996 1102.30131449343
"216" 0.25 -1280.05181493118 0.48486452366909 0.0970178220219145 1022.35786032057
"217" 0.333333333333333 -850.575380396356 0.609491976411212 0.124863752452479 800.90591810093
"218" 0.291666666666667 -853.639372022365 0.638027132505819 0.130420366814916 746.793626090102
"219" 0.291666666666667 -1354.91176489962 0.427482537533304 0.0863177219963068 1131.67975924865
"220" 0.25 -1510.36705795283 0.36354131646303 0.0769829580313307 1248.81666725203
"221" 0.333333333333333 -1241.98264686338 0.5259099427062 0.101089528639532 955.548068726584
"222" 0.5 -823.884410157298 0.711905646523582 0.16370050126369 617.687320165848
"223" 0.291666666666667 -779.646309932484 0.557412076807934 0.106055363521448 886.81838602975
"224" 0.333333333333333 -1252.78287619817 0.562406980885896 0.111322304492165 890.115094983908
"225" 0.375 -1534.16974107554 0.619659789928888 0.125779902348853 784.652621209715
"226" 0.333333333333333 -1050.09150824572 0.592446214443173 0.117859179249685 832.508530779032
"227" 0.291666666666667 -697.321445906825 0.664895464218088 0.137218399897515 694.665384433703
"228" 0.208333333333333 -1257.62651244946 0.459958287752045 0.0915657894374134 1081.77397467892
"229" 0.416666666666667 -636.004207209222 0.717021810222794 0.162908938421797 608.30004821999
"230" 0.291666666666667 -1537.33202865705 0.544633082956378 0.109085084390751 925.54594440907
"231" 0.416666666666667 -1040.13081474296 0.668376348145322 0.138620448325868 699.467519211117
"232" 0.333333333333333 -611.672919660445 0.768780224122827 0.189264143533039 517.163471895298
"233" 0.375 -698.11775377901 0.647966999887963 0.130132640365142 725.71035435512
"234" 0.208333333333333 -1288.73123536335 0.395282344640131 0.0817729601912143 1178.32258780381
"235" 0.291666666666667 -1251.48433935841 0.477746181538714 0.0937368175259321 1039.46941925741
"236" 0.333333333333333 -1283.31168004723 0.58101527121222 0.114294488387993 853.459512567935
"237" 0.208333333333333 -1441.43925261053 0.364430239634132 0.0787273721143939 1245.79100441263
"238" 0.458333333333333 -852.454515261697 0.53790824470752 0.103984778142595 926.168524421344
"239" 0.333333333333333 -1244.64481723683 0.463206313644167 0.0921386791245463 1057.21519075997
"240" 0.375 -1170.08650677169 0.55882682756554 0.110363906987214 886.756203265979
"241" 0.25 -1413.90766265047 0.3835665499857 0.0807727160394616 1214.59228874708
"242" 0.375 -940.779809391307 0.666102994877774 0.13915030959399 696.975295150969
"243" 0.333333333333333 -821.022587952145 0.711913035986771 0.160793391614176 620.84691920537
"244" 0.25 -1710.40961052738 0.451656472507411 0.0875189911649013 1080.63385476329
"245" 0.291666666666667 -1279.19787184316 0.554652388503202 0.108896282754384 910.079388023317
"246" 0.416666666666667 -968.521538874229 0.547269576242313 0.108745947604013 915.957286811387
"247" 0.25 -1657.63831446149 0.368272966869587 0.0773438120696994 1245.38048808605
"248" 0.291666666666667 -781.87658651492 0.698200964588048 0.148146693104431 642.697474465193
"249" 0.291666666666667 -672.260425292434 0.653515538444977 0.135849315247925 721.044125979673
"250" 0.375 -1222.29275311859 0.556637931250414 0.108101758108536 897.333440973798
"251" 0.375 -1230.51828645751 0.543184265226247 0.104967378987803 909.533829681836
"252" 0.416666666666667 -640.963185443613 0.656567037012938 0.137545553246863 711.893662272403
"253" 0.416666666666667 -1600.98755580889 0.467060971238731 0.0952541120813081 1059.89582815333
"254" 0.375 -1337.31428969454 0.67342757530487 0.138819698555514 689.45402156075
"255" 0.291666666666667 -899.47953795107 0.585453422840974 0.11413008912248 848.030646517149
"256" 0.333333333333333 -963.061693974406 0.582496765546639 0.121466488394696 844.382429392054
"257" 0.291666666666667 -1366.05801563302 0.471777087356884 0.0918691950587052 1055.29943571958
"258" 0.375 -1224.712082748 0.467528236795095 0.0933930844619607 1058.56866373592
"259" 0.208333333333333 -1122.45175059932 0.430112958720656 0.0892963538065552 1123.94885441607
"260" 0.333333333333333 -1115.76543678039 0.560873766916749 0.108271088927636 891.096265572868
"261" 0.166666666666667 -1125.30505454862 0.559706255358167 0.112364533354966 896.146087432404
"262" 0.375 -936.802820335224 0.599939822357676 0.119931035252315 814.977323419126
"263" 0.458333333333333 -895.830433881935 0.639112099518679 0.131625288050983 745.531023814529
"264" 0.375 -1376.88828866143 0.643433993617208 0.134281053763169 742.8446204228
"265" 0.291666666666667 -1656.53017130022 0.510513141012738 0.0982215323981644 983.546600755802
"266" 0.291666666666667 -1470.74106516703 0.512888671646129 0.102343366842634 978.752617536234
"267" 0.333333333333333 -1131.11825291037 0.543095063927835 0.106598720847076 920.932888030617
"268" 0.458333333333333 -943.485554805149 0.645389956257732 0.132469773216309 745.274060821435
"269" 0.333333333333333 -1043.95883829104 0.520437647461915 0.104615265207493 966.313190526818
"270" 0.25 -1378.53622154793 0.438942309971048 0.0879899088846123 1106.30876831822
"271" 0.333333333333333 -1027.73401585128 0.516948547100113 0.102126379295078 971.9492250707
"272" 0.291666666666667 -1298.08205668933 0.439367634997818 0.0864215555732734 1102.49284644613
"273" 0.291666666666667 -1030.86591492917 0.620188134907292 0.12414614186513 778.011887068467
"274" 0.375 -1036.48853525887 0.55597728953931 0.108798914792032 891.981141888052
"275" 0.208333333333333 -1670.38549175389 0.515532718435934 0.0981078554526768 966.780991077956
"276" 0.291666666666667 -935.713976367798 0.526205985829034 0.102628517112786 944.826163723157
"277" 0.25 -1342.75198716673 0.41337893973515 0.0828051690256435 1160.59699463809
"278" 0.333333333333333 -1073.42553928301 0.543147985582523 0.102386707475182 919.334990207921
"279" 0.291666666666667 -1165.72654306733 0.443890505672066 0.0889592088402437 1100.87278142921
"280" 0.416666666666667 -1325.48581052086 0.474032638917426 0.0961740371702335 1050.01328532591
"281" 0.291666666666667 -1441.72384099207 0.449528640985468 0.0882348617548573 1090.38025678594
"282" 0.333333333333333 -1407.71031094166 0.422756927640231 0.0843971962775333 1132.79482309805
"283" 0.375 -2095.28583111988 0.509131791916218 0.100491694578276 992.756128774327
"284" 0.25 -1559.94404462532 0.431472696505192 0.0862852605657045 1125.7844675065
"285" 0.375 -947.926487279948 0.677376633778447 0.143263256165781 683.954911740823
"286" 0.25 -1620.33730467709 0.386838936566073 0.0797517300014735 1206.16437334812
"287" 0.416666666666667 -1412.5870209604 0.611680599528434 0.12239911067783 806.305712137194
"288" 0.333333333333333 -1031.51137984575 0.625704223515563 0.12667898078452 770.467233034968
"289" 0.5 -693.118303048456 0.73752169442662 0.174279597351192 569.604835887405
"290" 0.291666666666667 -958.266983366779 0.560337213102811 0.11180992366689 888.792376557703
"291" 0.25 -998.780009273896 0.474921127952499 0.0939098440410785 1036.47071943145
"292" 0.375 -839.759885038851 0.592183897035146 0.114396377788221 818.523581514368
"293" 0.375 -811.727704567265 0.670878907698837 0.141585263501954 688.289141165754
"294" 0.333333333333333 -1325.36490150126 0.532414647861249 0.101851447446404 936.089362894783
"295" 0.333333333333333 -897.390166295178 0.657366145972695 0.138673748060646 717.683066622098
"296" 0.416666666666667 -805.403293206429 0.615352606240813 0.121708628256748 782.027092929876
"297" 0.25 -917.995888500514 0.51564797975369 0.100623060639905 969.181415923983
"298" 0.458333333333333 -835.981389760298 0.700571552785099 0.154188601806181 639.340586807078
"299" 0.5 -841.730484946209 0.788586791543155 0.20470340690539 485.825715695587
"300" 0.375 -1686.63861285799 0.548052175163149 0.10578830104905 918.703880018559
"301" 0.25 -1221.09518971113 0.441284188692876 0.0898334926368571 1104.14936851823
"302" 0.375 -905.160122815687 0.68535542113687 0.146022030446831 667.914661171958
"303" 0.166666666666667 -1135.69680591699 0.502643344031753 0.0980290734802259 994.162164962185
"304" 0.291666666666667 -1440.29790392509 0.498942659639426 0.0961862422503103 1013.8607241536
"305" 0.458333333333333 -1386.44822274287 0.551908841066268 0.107724600880276 912.869786642899
"306" 0.25 -1443.36854194865 0.447468953043404 0.0882789542188391 1099.12953868005
"307" 0.333333333333333 -1647.44472401661 0.501629306813756 0.10020033096613 992.327054185259
"308" 0.333333333333333 -921.986835437894 0.545105262631043 0.10572084457898 916.303742274432
"309" 0.458333333333333 -835.49175791769 0.648046033117144 0.134336863663143 731.5323208379
"310" 0.25 -1393.18867663279 0.60219762441339 0.119386237703886 818.62673412971
"311" 0.333333333333333 -1698.89827633147 0.489341922599039 0.0962369807612181 1014.78497264527
"312" 0.291666666666667 -733.956099369184 0.659836653974382 0.138721546487829 700.550630927393
"313" 0.208333333333333 -1162.27723302531 0.478067851976011 0.094266427925803 1031.28834958277
"314" 0.291666666666667 -973.346238068125 0.642471557989565 0.134274361803958 743.061525170405
"315" 0.416666666666667 -1295.29489442256 0.50446600971009 0.100277677081582 1001.61934792036
"316" 0.333333333333333 -1158.50464405462 0.557106960721397 0.112274146523796 888.151334803668
"317" 0.25 -1587.34694590837 0.428489869952126 0.0879608747819753 1124.38475274289
"318" 0.375 -634.147279017821 0.656917192428446 0.135499037787029 716.772573969536
"319" 0.541666666666667 -758.231113556345 0.791684588062962 0.210531749975466 477.868537600478
"320" 0.291666666666667 -1201.24020415713 0.526717518064547 0.0999218478033492 958.587358385552
"321" 0.416666666666667 -643.955679208208 0.739436736114808 0.171323386874924 567.165848379904
"322" 0.291666666666667 -2050.37740726056 0.450196097468275 0.0900983538526108 1087.79296468774
"323" 0.333333333333333 -925.570045591289 0.640293336425287 0.126521765787085 744.505205196119
"324" 0.333333333333333 -979.482806975329 0.620881485913652 0.12309603947222 781.163110438585
"325" 0.208333333333333 -1173.07373043649 0.601001536119595 0.119132321467724 826.441602893937
"326" 0.375 -1062.55808669169 0.484251578852945 0.0931655382895451 1027.91623970943
"327" 0.375 -1113.54827749778 0.536050341961659 0.103879596750156 936.611146607099
"328" 0.25 -1848.17212029449 0.354579386942229 0.0769325245625734 1253.78778801222
"329" 0.416666666666667 -1043.29077337553 0.766440306182002 0.189748338527779 528.299827992138
"330" 0.291666666666667 -1345.55936458383 0.529062660518245 0.104175890550525 950.710774781878
"331" 0.333333333333333 -956.297622928287 0.712640349497987 0.158925819568882 616.58386662395
"332" 0.333333333333333 -886.578889638589 0.565154008570259 0.110092301102425 888.136163259297
"333" 0.375 -812.102170073919 0.715128223243496 0.161510728023252 611.919737406704
"334" 0.333333333333333 -1885.82236655713 0.395201773541533 0.0832121180698795 1185.1402063169
"335" 0.208333333333333 -1085.64417401367 0.442235373807504 0.0909798223620332 1102.86713443826
"336" 0.416666666666667 -355.999056692998 0.776687358616454 0.196081553705142 493.955952840426
"337" 0.375 -1220.86559460396 0.605165930932027 0.120305003515096 813.182880668058
"338" 0.291666666666667 -1257.11193902537 0.505566265379926 0.0992300205370799 990.381797261154
"339" 0.333333333333333 -1137.83800489913 0.509766206234768 0.101400998092887 995.738318317574
"340" 0.291666666666667 -1812.20071668559 0.432451160478066 0.0870540189985244 1123.53605506457
"341" 0.25 -1221.27788645573 0.582027049132908 0.115683311225673 850.481534693227
"342" 0.166666666666667 -1610.79115110576 0.295192086044912 0.0719082045543268 1363.65812946928
"343" 0.333333333333333 -872.931651061463 0.642456783907683 0.133636876196649 739.955312247863
"344" 0.333333333333333 -1501.35768065774 0.556820907198581 0.110703524904291 896.571435161424
"345" 0.291666666666667 -1076.85027425137 0.49246822532327 0.0953700991660695 1005.14974032719
"346" 0.25 -2012.71597539123 0.439643075661564 0.0866790643556765 1120.47385054979
"347" 0.291666666666667 -1501.08676416268 0.577907598275679 0.116300942866617 859.561612714811
"348" 0.333333333333333 -938.922812054557 0.650829358124954 0.136782210995407 723.844297898377
"349" 0.333333333333333 -1156.59466631611 0.510070678182875 0.0987704654689917 975.036835895316
"350" 0.375 -1236.89605020477 0.47816391595279 0.0978018843052093 1031.41594662017
"351" 0.333333333333333 -558.936909336955 0.750427517432282 0.179686918135485 547.584095671675
"352" 0.25 -1266.93484712066 0.621105976198756 0.125351792354351 786.926797463559
"353" 0.333333333333333 -1303.18879897246 0.484525836526976 0.0947608787164504 1019.61406908007
"354" 0.208333333333333 -1244.62665060188 0.429531815350939 0.0865020098257959 1121.96997298513
"355" 0.375 -1121.00820156251 0.557641934190998 0.10812726578724 894.818012150505
"356" 0.458333333333333 -968.193781638499 0.698005382108785 0.150872119249516 644.592779500501
"357" 0.458333333333333 -1140.32178771564 0.6246152027254 0.127821973951572 780.177982964567
"358" 0.291666666666667 -1504.13444430045 0.453668735662118 0.0884315925319662 1090.71820057757
"359" 0.291666666666667 -1527.77688771815 0.550239801165715 0.107905033230982 906.190237623444
"360" 0.333333333333333 -1307.07491622148 0.48829205676564 0.0954178356362701 1018.33180437868
"361" 0.375 -1692.84096956636 0.493595704869889 0.0996462288191125 1007.69295885889
"362" 0.291666666666667 -1552.68264970462 0.466105773898258 0.0891509084179029 1072.54806524696
"363" 0.291666666666667 -1401.69513408693 0.525930991450848 0.102629981896526 952.300590325175
"364" 0.166666666666667 -1912.80795315438 0.309819912897989 0.0759957140818864 1349.52021446766
"365" 0.458333333333333 -1108.9278750285 0.573900505377639 0.111117757192063 858.964442207431
"366" 0.291666666666667 -2022.54960196994 0.418209838325852 0.0867672630695125 1155.48737501045
"367" 0.291666666666667 -1499.38161028343 0.509043174361003 0.100621128458993 992.616358580266
"368" 0.25 -1435.40385459947 0.474035151794731 0.0910262118544482 1047.84286693686
"369" 0.25 -1037.9766604085 0.412772639789763 0.084769714593058 1142.23687681125
"370" 0.333333333333333 -1016.0811232315 0.577149535447254 0.110430113342394 860.118591065043
"371" 0.333333333333333 -1143.88299280951 0.653164925484127 0.132136700023284 726.246280780132
"372" 0.291666666666667 -862.737333777876 0.672828208816757 0.141739406125555 685.129992399462
"373" 0.291666666666667 -1124.46504671876 0.573623093347141 0.111710106730704 868.840767983859
"374" 0.333333333333333 -1223.27304510378 0.581339261015879 0.120235836843338 855.964595360879
"375" 0.291666666666667 -935.863148983679 0.605805820527564 0.121815532105302 804.793664027115
"376" 0.375 -650.606589172176 0.691717329290617 0.148863552554333 645.429792160401
"377" 0.25 -1300.3118952849 0.512306009366311 0.10156606778872 979.284382594167
"378" 0.5 -568.822508586581 0.741755993412606 0.171498592028228 566.063792535104
"379" 0.208333333333333 -1224.05044480016 0.477844649736075 0.0924038593086719 1045.30040954351
"380" 0.375 -1598.48547950016 0.479716095201854 0.0921909230939358 1032.11856758104
"381" 0.25 -1499.03230280065 0.441722737271863 0.0872525372760357 1104.0976004765
"382" 0.291666666666667 -1887.0371040722 0.377805204238488 0.0787965960560084 1231.2644099727
"383" 0.375 -620.257972336056 0.760440640473158 0.189668297345279 530.177181882153
"384" 0.333333333333333 -1215.95964339063 0.584166090576879 0.117403138660356 844.685747790779
"385" 0.333333333333333 -1134.63434988819 0.484498591707377 0.096117682974068 1024.75850070685
"386" 0.375 -753.808234223869 0.71326213656704 0.15872333756475 617.160366470883
"387" 0.291666666666667 -1045.01198975241 0.552013980373051 0.111695886045951 897.325833631651
"388" 0.25 -1204.89954733389 0.548516239085009 0.106349261648536 911.337386712357
"389" 0.416666666666667 -737.711271742272 0.662416586182686 0.139659114909867 704.66271841256
"390" 0.333333333333333 -923.567938060024 0.649278060284654 0.133026165159872 725.185089011758
"391" 0.25 -817.813487303206 0.656134701209813 0.133421934929204 725.183403741282
"392" 0.5 -1236.25692710867 0.626332378810306 0.126976236188453 773.412264344143
"393" 0.333333333333333 -1319.26928572853 0.555514267654194 0.106155036111895 896.584795511025
"394" 0.375 -568.423460091245 0.774503532341877 0.192318330168022 500.037532375404
"395" 0.333333333333333 -660.442833242084 0.707246279422346 0.151175824834053 625.054389069816
"396" 0.333333333333333 -1021.48243862181 0.502600592482661 0.0981299712576454 987.496622323121
"397" 0.333333333333333 -1101.77980432871 0.654773929505335 0.139207245535525 726.300841063142
"398" 0.208333333333333 -1285.45840910901 0.484431504976463 0.094584678658746 1035.27764045228
"399" 0.291666666666667 -858.748089131209 0.574337695571498 0.112016165386736 859.433307909877
"400" 0.25 -1478.86445441587 0.457522220826773 0.0916397366731692 1081.32209874229
"401" 0.333333333333333 -1166.93515772558 0.483019512708802 0.0935449032317025 1029.06151890114
"402" 0.416666666666667 -1317.39531229058 0.545140221248181 0.106076244144049 927.36968066484
"403" 0.458333333333333 -430.447793960542 0.823747066403142 0.231441826113359 416.48443479829
"404" 0.25 -1837.8465964407 0.377962725687927 0.0794045737021064 1216.93784604191
"405" 0.333333333333333 -750.50198079426 0.715001398498555 0.157091038652209 614.72069516917
"406" 0.333333333333333 -1243.83357280838 0.426379278812509 0.0861316070545301 1117.14307008366
"407" 0.375 -1250.11641393219 0.580399565712828 0.111524390491415 855.110670779017
"408" 0.291666666666667 -1039.98108974826 0.626008987637711 0.12686265942876 774.691553064373
"409" 0.333333333333333 -1390.46121605598 0.526708196993573 0.102428999050579 956.626032151026
"410" 0.333333333333333 -903.769768223116 0.676688710400757 0.145089965138058 680.960554696573
"411" 0.333333333333333 -2193.14886299116 0.466283280964417 0.0916681140268758 1074.66835884093
"412" 0.416666666666667 -1023.1302587792 0.558631331073111 0.11296290862297 889.67486591097
"413" 0.333333333333333 -1522.65297850091 0.455288006432662 0.0871722019183616 1088.20724798124
"414" 0.25 -1506.6852127778 0.483423630962123 0.094995914522415 1027.93730090526
"415" 0.375 -864.281096269811 0.730219817743516 0.166793373368371 586.039186176467
"416" 0.416666666666667 -1482.79058073794 0.530367204811444 0.103337980733677 937.630107769179
"417" 0.375 -706.144687597526 0.645728379449064 0.135549566368877 729.861641911976
"418" 0.291666666666667 -1141.48336178403 0.587697234578959 0.113239413853798 845.775841145872
"419" 0.333333333333333 -1668.81153501329 0.54799358676539 0.104692916920743 918.701315795956
"420" 0.291666666666667 -1342.90645665629 0.488436973195023 0.0964857996477761 1011.50945720341
"421" 0.291666666666667 -1201.01979232575 0.478622996350671 0.0944575796951755 1025.11431319327
"422" 0.208333333333333 -1802.52001191175 0.409417078978552 0.0836977333228001 1173.05872857329
"423" 0.375 -542.007664641213 0.637826109856421 0.128368753280461 739.519497792309
"424" 0.333333333333333 -547.648800093147 0.74589022358779 0.17614993435977 553.924978309674
"425" 0.25 -1152.87504543991 0.590053796096678 0.11904909445703 840.612322045006
"426" 0.291666666666667 -1466.31232412895 0.595880925233452 0.117775311511436 827.153396705675
"427" 0.375 -993.04003694793 0.516079232807613 0.100709430445167 968.771372111829
"428" 0.375 -1166.06679347666 0.476730558199581 0.0925327662689527 1031.69471503384
"429" 0.416666666666667 -485.818392893304 0.818707105512473 0.231030669608967 428.342276028455
"430" 0.375 -1156.66678381508 0.604336478951732 0.118521321036416 807.385677489676
"431" 0.375 -1607.92866328753 0.488015130012266 0.0944409052889265 1021.80000974087
"432" 0.333333333333333 -1045.60611667757 0.663409916096887 0.138343050196494 708.07199360386
"433" 0.333333333333333 -897.718898176304 0.536497730876164 0.105756882802804 935.202395441732
"434" 0.333333333333333 -1756.6320151516 0.476560262780372 0.09145249361078 1052.19839787256
"435" 0.25 -1314.78830866341 0.395012212731118 0.0819578375296915 1182.33589620965
"436" 0.291666666666667 -1064.87397638699 0.559108186917178 0.110931995286402 886.622033811701
"437" 0.25 -965.001788807706 0.723497351399354 0.160870776935534 594.762908933919
"438" 0.333333333333333 -1688.78876997323 0.457552335387852 0.0882678517724626 1078.22009084933
"439" 0.416666666666667 -1177.53716479881 0.673849278146119 0.139882434583485 683.308168749851
"440" 0.375 -731.071552986353 0.771866832275496 0.191700661617416 505.183084037667
"441" 0.375 -1049.26375118998 0.489239937312858 0.0946662781500048 1013.50926471152
"442" 0.416666666666667 -629.157993839258 0.749155972891081 0.182367485393795 550.3328202415
"443" 0.25 -1940.52670374496 0.380230723777128 0.0789448844818296 1213.68280274475
"444" 0.375 -1235.54764155569 0.68929828868928 0.146126167813437 671.216576576773
"445" 0.25 -1551.40731349939 0.447033019623009 0.0889008955531157 1093.57239962053
"446" 0.416666666666667 -1391.1753538233 0.480538003257836 0.0931552106575975 1042.86888364392
"447" 0.333333333333333 -1048.33503700586 0.496550701464517 0.0979038846365882 1001.53339168806
"448" 0.208333333333333 -1248.50050217839 0.484590016579634 0.091529739048202 1029.36438811892
"449" 0.25 -1155.35017434639 0.481557937864234 0.0943656660379819 1024.84811219136
"450" 0.25 -1081.30739318628 0.569939363661409 0.112052067188234 875.186466326066
"451" 0.333333333333333 -1529.23428766112 0.437967320740372 0.0886469012911829 1112.59222742063
"452" 0.375 -968.87354376903 0.634797275299363 0.126912131094161 749.179775246978
"453" 0.291666666666667 -1148.54783782687 0.566540570820719 0.112424097447314 883.005718459375
"454" 0.333333333333333 -856.269915884695 0.54506567397705 0.109876183948151 919.100119456439
"455" 0.375 -829.482980609166 0.733204915422314 0.169373458333922 581.163306018722
"456" 0.416666666666667 -1120.9915796821 0.579366920621263 0.112691547871848 857.027126250407
"457" 0.416666666666667 -524.05017957829 0.759457048874502 0.181341170648861 529.486915554795
"458" 0.458333333333333 -822.016311306433 0.672784326047793 0.141951111970986 686.53349099746
"459" 0.375 -565.124530505381 0.756317584385671 0.182052435131142 533.131628121715
"460" 0.291666666666667 -1497.81370473178 0.604154635832087 0.121576770252982 818.275551852663
"461" 0.458333333333333 -522.423875072305 0.720887533030804 0.17078728559505 599.41416851026
"462" 0.291666666666667 -834.639227087515 0.538550060788068 0.105082526151962 924.546668875986
"463" 0.291666666666667 -1323.46379472084 0.500292765760215 0.0955791248098003 988.395565316535
"464" 0.375 -1007.11043429898 0.593472461810459 0.118331076306693 829.404913164142
"465" 0.333333333333333 -1409.83255335672 0.557209820436791 0.108912030031564 899.162515595332
"466" 0.416666666666667 -815.663812889843 0.717174506363701 0.160858486079045 608.497563854116
"467" 0.291666666666667 -1130.73224852977 0.57013821143401 0.112050493632822 870.683441955049
"468" 0.333333333333333 -1071.43161311084 0.534958594627895 0.103546812379796 939.349414362223
"469" 0.291666666666667 -646.944120990031 0.648806656405611 0.132442100078654 720.115896092705
"470" 0.25 -1202.3312770293 0.492772474900108 0.0946162183716459 1022.1609105974
"471" 0.5 -1095.13732333336 0.638571909876615 0.128804583506544 753.207851919059
"472" 0.291666666666667 -879.742112277813 0.520477802233769 0.103519180235524 946.505874277698
"473" 0.458333333333333 -475.42121757941 0.781047729377403 0.202756846481377 495.616911964347
"474" 0.25 -2164.56193034192 0.42701731263936 0.0859468470661605 1122.05410747382
"475" 0.291666666666667 -715.130722498163 0.725193650335681 0.160311789269487 596.905273142632
"476" 0.333333333333333 -911.713314969398 0.653786766381198 0.132020875738441 724.687243978349
"477" 0.333333333333333 -760.900051038746 0.60286335864287 0.120611674654983 805.649072926165
"478" 0.291666666666667 -1256.57489884494 0.457423875911817 0.0953416333274245 1078.07225373659
"479" 0.208333333333333 -1690.30412598076 0.375495770214959 0.0825749191481733 1222.34245624883
"480" 0.375 -987.605531832491 0.645754661697855 0.13259884731382 738.820498086442
"481" 0.375 -1006.19482269663 0.609871728350587 0.123351284218121 791.463176057464
"482" 0.375 -839.778733030852 0.689603263863758 0.146641647227233 660.582601023558
"483" 0.375 -497.725006875804 0.700719839183548 0.154418031689445 632.241321623768
"484" 0.291666666666667 -1398.18448761762 0.485700320464354 0.0946140967442883 1016.63945735652
"485" 0.291666666666667 -952.095090586058 0.448621323032668 0.0921235849430323 1074.5535767961
"486" 0.375 -1344.75329640955 0.510561940785829 0.0973141321923017 976.728603084199
"487" 0.333333333333333 -491.265082943299 0.824036994769221 0.228617591432283 417.1005024775
"488" 0.375 -689.233258047793 0.746401400173694 0.176864395276061 554.291349057336
"489" 0.375 -866.442777516885 0.642563087506859 0.13009688989649 747.088578127841
"490" 0.375 -1082.10721290747 0.618383443250054 0.122367083971382 788.471698218977
"491" 0.375 -2070.26775158228 0.486183103151939 0.0958629801845081 1034.99309407601
"492" 0.416666666666667 -1284.5517430025 0.510609326371945 0.0989482293953306 972.604602988188
"493" 0.291666666666667 -990.71755759551 0.596319537065302 0.115928549996903 827.594148861174
"494" 0.25 -1262.60496697714 0.475166992766177 0.0970461127891737 1051.68350763047
"495" 0.375 -1883.38359534034 0.537445756473408 0.106254934060255 937.505304175653
"496" 0.25 -1262.24192338468 0.429466054522276 0.0854996999304819 1121.50580018442
"497" 0.458333333333333 -719.668176446658 0.592232201484603 0.12173420265914 826.369130384338
"498" 0.333333333333333 -1184.58207207678 0.557916536448633 0.106461542359928 900.729747533896
"499" 0.291666666666667 -1475.0378837754 0.422328085249205 0.0874769874691107 1148.24925860126
"500" 0.333333333333333 -1406.63740527467 0.488356133781109 0.0963337016271458 1024.89268520585
"501" 0.25 -1318.10514389409 0.403983643329384 0.0836217253290971 1171.10174007064
"502" 0.25 -1675.50361392327 0.610963261029522 0.121829540403965 810.073505152471
"503" 0.333333333333333 -914.136076053261 0.682637864305021 0.148914121108961 676.46388718769
"504" 0.458333333333333 -1165.38813265495 0.718488250668007 0.162197889119338 610.292702245177
"505" 0.208333333333333 -1286.77908805793 0.506499170386325 0.0982039942327618 984.009618590884
"506" 0.416666666666667 -815.776400365262 0.619491798007105 0.126102536139088 779.65815124834
"507" 0.375 -607.220964528231 0.781854824831609 0.200800839883463 494.482467384019
"508" 0.333333333333333 -1763.16922146524 0.54984530767399 0.106512651278754 907.554426114173
"509" 0.208333333333333 -1169.86333456381 0.518864439627531 0.102817849042862 966.646349590444
"510" 0.375 -996.987173303655 0.618518464304753 0.123166449208548 779.935201861709
"511" 0.375 -1433.16612895261 0.589733509677478 0.117334606124882 832.374192906332
"512" 0.375 -950.732475200861 0.625305455511618 0.125766659975477 776.879855851335
"513" 0.333333333333333 -1485.99940939641 0.510052335391503 0.0982069255580156 981.967501897313
"514" 0.208333333333333 -1378.53347014919 0.395454155063144 0.083204718655052 1191.86573795802
"515" 0.208333333333333 -810.235317090172 0.517075282709005 0.099285447041922 956.654177694607
"516" 0.25 -1689.63206787681 0.380936268833263 0.0825033131265976 1204.72337061951
"517" 0.291666666666667 -1478.98406645205 0.43259548682922 0.0891887273555934 1123.0428549955
"518" 0.291666666666667 -1877.57425716754 0.441568209571713 0.0896827348079149 1105.69623926784
"519" 0.333333333333333 -1343.40773856124 0.582032998921755 0.113658642650994 857.737334701242
"520" 0.375 -950.825053262928 0.656695119749306 0.131953119378342 719.992241984529
"521" 0.291666666666667 -1057.63775569257 0.430753291747091 0.0890150368322261 1116.38233209805
"522" 0.333333333333333 -1012.32213586525 0.642112055559487 0.128146008884029 742.108173466176
"523" 0.291666666666667 -1147.73459226071 0.47809809381781 0.0941505852935439 1042.40553856121
"524" 0.375 -839.688002014485 0.512738114634323 0.100531462911542 967.162532469257
"525" 0.25 -1114.65825547756 0.489399967158173 0.0955166481652523 1018.18456744829
"526" 0.25 -1852.32278954835 0.488706126071186 0.0941970571472445 1022.84329946233
"527" 0.375 -1408.05940464784 0.529307567991292 0.103691378281372 951.592743104971
"528" 0.333333333333333 -1707.58032983669 0.385122664830066 0.0811677285613667 1213.16251665628
"529" 0.291666666666667 -1226.02654452662 0.516837471907808 0.100087474184388 967.508589035505
"530" 0.416666666666667 -423.249308558981 0.75404001842778 0.179411583692422 536.832227691435
"531" 0.416666666666667 -1671.7148093866 0.582874469128631 0.11605471605282 850.571840237661
"532" 0.25 -1134.80449275039 0.537836552979484 0.104803102512454 922.358222645854
"533" 0.375 -1213.90150521167 0.600910137423272 0.118353120615055 820.90063952324
"534" 0.375 -740.279741891791 0.68609908404177 0.148376728162396 664.735854879599
"535" 0.25 -1248.73672327007 0.529487048491998 0.100542547884383 955.073217820679
"536" 0.333333333333333 -1380.9498391475 0.463976370937939 0.0923491890956605 1064.93077838158
"537" 0.291666666666667 -1123.70406635306 0.446843446677049 0.0893088762295717 1095.59461753923
"538" 0.333333333333333 -1014.37945654287 0.577347484624666 0.113969016161619 857.239067927487
"539" 0.208333333333333 -1242.40567038808 0.456763575230024 0.0899540505788362 1067.53844813
"540" 0.291666666666667 -1057.74560362474 0.527548460649182 0.103948419359426 945.222388270374
"541" 0.375 -828.365084257597 0.61906124298578 0.121452727489524 785.028769081994
"542" 0.375 -1210.70765331243 0.474017300881184 0.0928589922021135 1040.0581650821
"543" 0.458333333333333 -609.378313683476 0.794698488091376 0.209731844852236 466.038988833781
"544" 0.375 -985.804655342519 0.65128643062314 0.140142119552302 723.524178410147
"545" 0.375 -1274.74395231684 0.488339524154535 0.096346330558247 1019.37829137282
"546" 0.375 -1048.48907727529 0.681648810829599 0.143548566614635 670.987945835867
"547" 0.333333333333333 -999.401646203313 0.583972259606322 0.112969823392582 843.799591037882
"548" 0.166666666666667 -1226.68463919012 0.395375873881754 0.0859364811401791 1185.88972874287
"549" 0.416666666666667 -1362.09704785669 0.548421752014195 0.107326575204395 913.035360362311
"550" 0.375 -1117.06718735583 0.637221126751413 0.131276535885271 758.403434182503
"551" 0.333333333333333 -1458.33882080436 0.50387875927049 0.0964798713961823 992.805455279369
"552" 0.375 -781.350929350316 0.691877242592945 0.14852602639127 649.991621180284
"553" 0.291666666666667 -1137.53940467844 0.566931332523826 0.108317583432728 890.392593703284
"554" 0.333333333333333 -1024.86043854145 0.527655559538038 0.101896253806571 950.974559015175
"555" 0.375 -1080.16967479016 0.561550007546024 0.111862585205011 882.796680026154
"556" 0.25 -1135.75129611208 0.464783113006497 0.0903830186293816 1057.73832710988
"557" 0.416666666666667 -1016.19036263795 0.672661402248848 0.142668884440036 687.264923557965
"558" 0.375 -1361.66783128498 0.49657912974389 0.0978957305800782 1004.93699729866
"559" 0.458333333333333 -1194.2610383286 0.631405262955683 0.129955199539004 766.215114225787
"560" 0.458333333333333 -394.11308690609 0.764000350567754 0.185659540455793 518.742083839211
"561" 0.458333333333333 -1751.24208857966 0.671173164759507 0.137691798429353 693.774399736584
"562" 0.291666666666667 -1466.47798187607 0.458060750982986 0.0932328934662384 1077.66540119431
"563" 0.375 -1341.58171689364 0.535667478675588 0.104965195340997 939.239877164969
"564" 0.208333333333333 -1317.06519644005 0.417938758349308 0.0839232909543055 1147.23025579768
"565" 0.416666666666667 -690.711856573226 0.751786104880329 0.175640641273635 540.051235596696
"566" 0.291666666666667 -1240.04610645318 0.541609523035916 0.102981166727383 927.59023492259
"567" 0.333333333333333 -1438.19699497873 0.473623325439041 0.0945529762639252 1044.84758950182
"568" 0.291666666666667 -855.787218571229 0.566314944168968 0.111763143833039 872.822848968999
"569" 0.25 -1743.84442251437 0.383663276197165 0.0817067633696955 1206.1745919041
"570" 0.416666666666667 -1110.393988835 0.510745087061393 0.0982314388331982 983.023704968207
"571" 0.416666666666667 -993.411186966555 0.685643668859084 0.150229998321486 667.352662711972
"572" 0.291666666666667 -876.497551754894 0.666254843572992 0.141862389360361 699.414274304151
"573" 0.333333333333333 -1263.20445123103 0.560378508943072 0.113365886101047 891.952958765654
"574" 0.333333333333333 -1271.59400060679 0.534239100300484 0.102838953988276 934.92810368659
"575" 0.25 -891.743435353678 0.546531258565407 0.105180752861417 901.534935168617
"576" 0.291666666666667 -1407.30723174081 0.609379572207702 0.12020297432024 795.453770461904
"577" 0.375 -704.975738007361 0.688199732339134 0.146507079792463 652.296589847328
"578" 0.458333333333333 -887.714406979013 0.645200147969273 0.129793402088398 747.57041999693
"579" 0.375 -984.46195963197 0.731538726119667 0.17093127441019 586.296234503309
"580" 0.375 -743.562556722597 0.625159391191138 0.12462269897354 771.404287498072
"581" 0.333333333333333 -1369.13081627058 0.481043838640589 0.0930319932857005 1040.40942158762
"582" 0.25 -1792.16114560326 0.363907230033015 0.0781121278583854 1251.32271640963
"583" 0.375 -1516.58732533452 0.558118716601165 0.108046460379509 904.117160767615
"584" 0.333333333333333 -1263.48104619552 0.453047877084477 0.0896087438844937 1080.79959296538
"585" 0.291666666666667 -1542.15989979532 0.493749802129247 0.0984431158446353 1019.41051525177
"586" 0.375 -1211.14873869037 0.53902386053883 0.104608664632152 925.533277430683
"587" 0.333333333333333 -852.389196055596 0.488479518665263 0.0981245573801679 1009.56923020819
"588" 0.375 -1385.9746971967 0.483483546824719 0.0952953607874758 1027.72643828869
"589" 0.25 -1929.18243881815 0.390113774445417 0.0792159641792512 1189.19075948938
"590" 0.291666666666667 -1300.16197608021 0.540155977506186 0.10578775505474 922.789180109573
"591" 0.416666666666667 -1570.76071310535 0.454216736801493 0.0920733261202261 1080.93789415695
"592" 0.333333333333333 -705.966844639391 0.619409381649479 0.129015588963017 776.558627624267
"593" 0.291666666666667 -1000.0587584812 0.485681346944883 0.0964076643871267 1026.39745399019
"594" 0.25 -1419.38835790075 0.533808230612032 0.104757879320916 937.141297405236
"595" 0.25 -1635.58587814739 0.478497132160612 0.0938283223062009 1046.03290291836
"596" 0.333333333333333 -679.633588324783 0.624342543154061 0.126607687305991 772.849339979838
"597" 0.5 -691.10029326547 0.722221410316038 0.162301563365081 595.206219612854
"598" 0.25 -1072.47588279163 0.491875597229265 0.0935791386894706 1011.16017547746
"599" 0.333333333333333 -1048.72117937906 0.568950919124201 0.108976408931057 878.221789298318
"600" 0.25 -836.296055626503 0.550251883523451 0.105203932067621 907.742623553218
"601" 0.208333333333333 -1310.71749885673 0.418773376162608 0.0842391011167026 1144.69116437922
"602" 0.166666666666667 -1513.06662415423 0.486716085517156 0.0969660286371225 1020.5428040815
"603" 0.25 -1756.62089771367 0.453389619215607 0.0900818149218991 1096.44248207395
"604" 0.291666666666667 -652.031672361368 0.594186072554933 0.12024644085186 832.251830830192
"605" 0.291666666666667 -2145.21172392461 0.350291657455867 0.0758714663660168 1277.54946453688
"606" 0.416666666666667 -880.965164527741 0.625075819497003 0.128349317210793 777.255905721174
"607" 0.291666666666667 -1321.74832653359 0.469347279201791 0.092182765100852 1059.17867701284
"608" 0.333333333333333 -1087.51868626666 0.554227429234636 0.105132659781662 909.274078792296
"609" 0.291666666666667 -1492.88029570307 0.398270303456617 0.0822129041917039 1189.58443209147
"610" 0.333333333333333 -1334.09982004985 0.493944229193908 0.0954275270230841 1018.30050854416
"611" 0.375 -785.9549545989 0.690713581079925 0.151193193687031 654.220235839281
"612" 0.375 -544.628985435166 0.775942536175554 0.191988096826462 497.094366103383
"613" 0.333333333333333 -799.199899868814 0.691634362161286 0.146801983934068 649.846440674881
"614" 0.5 -958.243115642436 0.736548393292191 0.168512116112475 581.41881363126
"615" 0.25 -1464.86692044616 0.528578042743236 0.104400996564266 945.655835076438
"616" 0.458333333333333 -524.648274792552 0.783708682262584 0.195384057460788 486.408664780653
"617" 0.25 -1676.42036844805 0.452245913278387 0.0891771350150082 1086.99568604857
"618" 0.375 -942.500324116586 0.638060699737753 0.129973006507437 749.901955009801
"619" 0.416666666666667 -1697.0077654338 0.563386356447033 0.110523250873786 887.287042642715
"620" 0.375 -773.087871680227 0.694672321169404 0.150082499966816 641.986079145237
"621" 0.291666666666667 -1680.99261577511 0.517979591006315 0.0994599341318698 965.875118136103
"622" 0.291666666666667 -1267.69859990409 0.469257201520473 0.0911734152803951 1051.33714107536
"623" 0.291666666666667 -948.032246424304 0.624964957984833 0.128076983992377 770.486480962697
"624" 0.208333333333333 -1391.70414790974 0.53172605051728 0.103563473123962 947.432088546772
"625" 0.375 -607.547455783642 0.691729011742661 0.1529670639624 648.931186590428
"626" 0.458333333333333 -589.989100165581 0.728282357116745 0.168238622784424 583.479418047704
"627" 0.208333333333333 -2230.15632578495 0.38700546915153 0.0818960403476515 1221.18988240779
"628" 0.208333333333333 -1747.100393488 0.439761702099706 0.0864403543141373 1113.03480111857
"629" 0.375 -742.221319882996 0.651442312232332 0.136905562272314 720.640255437456
"630" 0.208333333333333 -1207.17756146727 0.439749313625323 0.0902047255331359 1099.88267112116
"631" 0.416666666666667 -1251.24775094197 0.668141008554558 0.139022754858859 692.599425131734
"632" 0.333333333333333 -1663.17360588781 0.505242939607137 0.0980503917519685 990.723135597135
"633" 0.291666666666667 -1545.67697856731 0.497047174213495 0.0987736105121084 992.638065234457
"634" 0.333333333333333 -986.249265244991 0.505633387348638 0.0985640707023226 991.429027842851
"635" 0.458333333333333 -672.126180810223 0.59415353480635 0.115787259063647 823.344414872001
"636" 0.333333333333333 -1158.72758581552 0.65071924175477 0.135491602666333 729.652741417219
"637" 0.416666666666667 -1086.26845242231 0.582842565096508 0.114279146131127 854.961349257901
"638" 0.375 -900.855726843867 0.620039996301531 0.125570453629287 783.901555405869
"639" 0.333333333333333 -983.096057654105 0.637715241079109 0.127829818295627 749.779033910434
"640" 0.333333333333333 -986.321165489287 0.588666574080588 0.117165544669528 836.382861554599
"641" 0.208333333333333 -1030.09594245167 0.459539897100169 0.0893262061154161 1073.95265644529
"642" 0.333333333333333 -745.554578841602 0.707211706454788 0.154734947765164 620.55400756092
"643" 0.291666666666667 -932.234824632908 0.579397532835494 0.113228715214655 853.018338382151
"644" 0.291666666666667 -849.932852325236 0.52473787709867 0.101568588767926 946.432686813192
"645" 0.291666666666667 -629.199756055689 0.697768520553613 0.151484431590811 647.213129159238
"646" 0.333333333333333 -1157.92123666972 0.53957669335433 0.103393163598476 928.57671465741
"647" 0.458333333333333 -732.709057460468 0.624241770474364 0.126987740299891 770.482650498315
"648" 0.375 -1069.40337183455 0.505041179767359 0.0974471874292017 989.175383509316
"649" 0.25 -982.373327717386 0.555744782298993 0.109052928582782 894.229415828548
"650" 0.375 -1742.11249717496 0.481735056493777 0.0925872096556727 1048.27110486993
"651" 0.25 -1222.49942171023 0.473650690440312 0.0917421214351754 1046.20374587913
"652" 0.333333333333333 -1523.07690097185 0.528724628932298 0.101203142146442 952.837102913773
"653" 0.291666666666667 -1105.34520794115 0.380580550433918 0.0791241547434054 1207.19247650549
"654" 0.291666666666667 -1872.00864588628 0.48902091276817 0.096459522557021 1024.40242801667
"655" 0.416666666666667 -1089.45267835938 0.598603621786909 0.116071023893898 820.455023489334
"656" 0.458333333333333 -933.393307003818 0.607590376478324 0.11953579965607 802.97319216344
"657" 0.166666666666667 -1269.50755224626 0.394253233286288 0.0843346225037601 1182.10628445889
"658" 0.25 -860.488093062455 0.480586179344783 0.0939513753773804 1024.09763373932
"659" 0.333333333333333 -804.939687069152 0.681002881732978 0.14429546821248 678.086804951238
"660" 0.416666666666667 -887.606601040387 0.582905343731939 0.117781045163656 846.246428055153
"661" 0.25 -774.127847841733 0.60775341232413 0.120034479642726 804.912152636535
"662" 0.333333333333333 -1154.75675904501 0.526707914874795 0.099942492493671 944.990361182475
"663" 0.375 -1066.36968682983 0.477706376169148 0.092346925666359 1036.59603491477
"664" 0.416666666666667 -894.708304778236 0.727998216486248 0.16523181171599 593.173651012138
"665" 0.291666666666667 -837.342309791482 0.49196456624007 0.0964856743933933 998.852664074877
"666" 0.333333333333333 -1129.61703850115 0.543628471938939 0.104276938388129 924.213647737752
"667" 0.416666666666667 -1175.54126382653 0.608406353729998 0.11911887997458 799.622124181855
"668" 0.25 -1470.97767324222 0.437532150502511 0.0872758628150006 1122.28448867873
"669" 0.333333333333333 -1037.30545613412 0.522962865165339 0.101837828111731 944.277538326068
"670" 0.458333333333333 -628.112121577484 0.76462824421955 0.184830809474742 522.847091534587
"671" 0.375 -782.328917188695 0.72052948758917 0.165500191106706 599.503882243228
"672" 0.458333333333333 -655.112477147332 0.782012677207654 0.194031999971634 490.380626738784
"673" 0.291666666666667 -1255.50271184241 0.511677432270267 0.0971652900193277 975.44290948661
"674" 0.333333333333333 -770.305858442922 0.602726050372283 0.121863834016202 808.739666947527
"675" 0.291666666666667 -1197.26506813163 0.432550481875414 0.0859946884345863 1112.88392153616
"676" 0.375 -828.290798970491 0.56558816396546 0.114174427427403 876.947300743479
"677" 0.416666666666667 -903.35427999733 0.570629404456038 0.114110686976231 866.231167864329
"678" 0.375 -1329.143080856 0.513625116692354 0.0968519100061562 987.414093836273
"679" 0.291666666666667 -803.096964371418 0.525120210260609 0.101538902259461 942.677035033293
"680" 0.333333333333333 -633.562090844016 0.653249736345677 0.136424777709557 720.276167909787
"681" 0.291666666666667 -1169.83859491619 0.61629785232284 0.12578915946427 794.857836897632
"682" 0.291666666666667 -1728.25353708581 0.540008146874969 0.108538309673295 932.803803736763
"683" 0.375 -1465.72156824102 0.506430595391375 0.0963850320231786 996.178686956687
"684" 0.291666666666667 -1379.34359537344 0.494251974317635 0.0972941554220235 1003.19440485829
"685" 0.333333333333333 -1823.74071521582 0.380583184697684 0.0791220608473667 1216.09418254874
"686" 0.375 -726.886491870325 0.690137871246186 0.146943844216278 655.502079444036
"687" 0.416666666666667 -711.495053642834 0.708754805739428 0.151854128957302 624.96382757274
"688" 0.333333333333333 -647.968615861488 0.616889596178404 0.122363914474251 783.145160933004
"689" 0.291666666666667 -1026.46571240262 0.581345741241223 0.115386943720573 853.755217972389
"690" 0.333333333333333 -1439.55436883373 0.506443652874146 0.0975156645752767 992.860535899829
"691" 0.375 -920.122310691262 0.657746305990895 0.133717966318827 714.237112613202
"692" 0.375 -961.312063421995 0.516606208525291 0.0990130650964369 968.610521886041
"693" 0.208333333333333 -495.413462989562 0.635062918834098 0.127902095833797 744.729710459022
"694" 0.416666666666667 -702.165515085457 0.72424478968029 0.163387188955458 589.144986416951
"695" 0.208333333333333 -1221.61440790567 0.476276996572526 0.0957342772160839 1037.41518114318
"696" 0.25 -1236.78704336996 0.492667199412923 0.0976042061031766 1016.94871771798
"697" 0.375 -1650.07477250608 0.492933489591259 0.0962856674966575 1012.23205303452
"698" 0.375 -495.584705971987 0.723556885096793 0.167812157561874 593.066748396726
"699" 0.333333333333333 -562.592257075385 0.741809701170881 0.170762468951614 557.545723593482
"700" 0.416666666666667 -1001.45690993999 0.611968419354621 0.122516124492793 796.849493722539
"701" 0.375 -925.601794175912 0.529777022663157 0.100825460469904 942.36167379125
"702" 0.208333333333333 -1035.45763606774 0.411183212976769 0.086649782796148 1147.43946682182
"703" 0.291666666666667 -1291.10733931143 0.497637439270238 0.0985170211889741 1001.14973689412
"704" 0.416666666666667 -783.287393180161 0.657665696718742 0.134533964375502 716.659965814794
"705" 0.375 -1054.23616291274 0.579768023927117 0.116972441699377 849.747625638458
"706" 0.333333333333333 -1071.19772804767 0.540618524207677 0.104879629287306 922.498073993928
"707" 0.375 -1432.69803026292 0.601783978573992 0.119686499451047 829.817327678969
"708" 0.291666666666667 -1460.5955700928 0.352345353838353 0.0761502512834707 1261.02714774408
"709" 0.25 -1378.48702724306 0.413503644421603 0.082143352360981 1155.83452795409
"710" 0.375 -907.47742821235 0.552247280210907 0.109780101476362 902.064350941954
"711" 0.458333333333333 -904.214454248381 0.717012857301061 0.156982296952508 612.498213472082
"712" 0.333333333333333 -1635.50912703147 0.44467049959972 0.0886929932302905 1098.29364502719
"713" 0.333333333333333 -1035.02107775104 0.496916077895565 0.0991322549322972 1005.08608684011
"714" 0.375 -910.884031214681 0.639370211255338 0.128922561283735 744.833632153529
"715" 0.333333333333333 -701.441629779072 0.662744262291263 0.137905962718696 697.393532518135
"716" 0.291666666666667 -1098.24608265201 0.484549914912064 0.0955496737023218 1032.77823621848
"717" 0.166666666666667 -1265.16161091782 0.416468245680733 0.0869573834121747 1148.23234293557
"718" 0.375 -1453.83616923095 0.475775155239695 0.0938719255937808 1045.52151088049
"719" 0.333333333333333 -1173.8862281426 0.505224950497286 0.100785850049043 992.363087876435
"720" 0.25 -1256.84444270809 0.409221330039902 0.0808427192608725 1165.31730428043
"721" 0.25 -1025.7399077423 0.482164500203918 0.0957217049470211 1028.92770297315
"722" 0.208333333333333 -2096.348940307 0.403328998087447 0.08436875603555 1189.26847272471
"723" 0.333333333333333 -911.508046254048 0.69650312787638 0.153851653001071 647.236276628161
"724" 0.375 -870.540137631322 0.706420314311143 0.156665678130755 628.435501578264
"725" 0.291666666666667 -1148.03372071929 0.486649691304929 0.0936320403063649 1015.95533617278
"726" 0.25 -1331.56144231842 0.527930540406054 0.10609892923315 940.48455080084
"727" 0.291666666666667 -1077.26698879871 0.447079177918236 0.0910452896591469 1083.05735408035
"728" 0.458333333333333 -527.587642090523 0.810805916790713 0.228733453555688 438.936840430349
"729" 0.333333333333333 -752.418655818249 0.67028045280066 0.141592281929261 688.379125002041
"730" 0.291666666666667 -1413.27965908804 0.390044798515004 0.0790778918889551 1194.56055329831
"731" 0.333333333333333 -1078.84616591346 0.545482557996102 0.106689164138865 903.298555697391
"732" 0.458333333333333 -921.64747199098 0.646403162717957 0.131649936853739 728.34453434753
"733" 0.25 -1228.23563153847 0.455533208423237 0.0878179482973099 1083.0603499301
"734" 0.375 -435.735122402905 0.794033969858418 0.20769944015113 465.815667561563
"735" 0.333333333333333 -1157.13718047877 0.523265925997297 0.102643291490466 942.887438613349
"736" 0.416666666666667 -1511.78166096891 0.608312577371369 0.118638479381694 810.448343958852
"737" 0.291666666666667 -901.390077843084 0.543034745119532 0.105004065503343 910.483098493023
"738" 0.333333333333333 -726.140976349313 0.648179656223996 0.136713936668821 728.500036886099
"739" 0.291666666666667 -1210.62898716276 0.41497824163043 0.0856918706027639 1150.59235991578
"740" 0.291666666666667 -1026.59193917165 0.586286703247988 0.11729943709818 848.531772122369
"741" 0.291666666666667 -1391.82583868872 0.467685293244001 0.0898488910178448 1064.67542268035
"742" 0.291666666666667 -1078.43092953804 0.622280271483761 0.126455652507744 778.425679303696
"743" 0.541666666666667 -625.796288406272 0.708565798887553 0.162901724413731 626.378076211745
"744" 0.375 -703.951011252886 0.685065326426279 0.147071240525313 659.028068429823
"745" 0.166666666666667 -1851.16082173687 0.261239063758815 0.0695825350933344 1424.909950959
"746" 0.458333333333333 -1091.68571991002 0.663338378940981 0.140551092383674 714.551843370898
"747" 0.375 -853.249878575493 0.54687989080309 0.105126850310508 911.782021525083
"748" 0.375 -982.014368608809 0.588253230227592 0.118357381168511 835.309862152683
"749" 0.291666666666667 -941.182094147144 0.706300995752424 0.150930016838564 634.722047012337
"750" 0.416666666666667 -1361.26312622798 0.520968522061818 0.0996968660181102 974.602676241842
"751" 0.375 -477.160977277042 0.764896600208957 0.18321555074902 518.807722690934
"752" 0.458333333333333 -937.393239942008 0.734052515921288 0.167689571002536 580.555119970464
"753" 0.291666666666667 -826.608500845632 0.691160018172293 0.149815227596732 652.554114521481
"754" 0.291666666666667 -856.353167335122 0.585605566775429 0.118909609640077 838.25040716154
"755" 0.333333333333333 -1482.05151691802 0.467776921398996 0.0887110247670449 1065.32504202635
"756" 0.25 -1827.59937200654 0.441699847828783 0.0881464977789979 1111.22355367128
"757" 0.291666666666667 -1568.50630396882 0.466950831421087 0.091666055820064 1063.65735646558
"758" 0.208333333333333 -1155.99863304671 0.440236549116749 0.0907351073235617 1099.86379304643
"759" 0.291666666666667 -1282.84105246936 0.531634616056463 0.102227975140206 945.413293729071
"760" 0.375 -1261.49564827073 0.473803581143363 0.094432347947243 1046.00466241714
"761" 0.208333333333333 -958.644203107549 0.405905495327625 0.0829380906629183 1154.64971261062
"762" 0.375 -1226.84444723605 0.459650832062787 0.0884313063318877 1075.58572487347
"763" 0.458333333333333 -831.863674768254 0.746255570060572 0.176690142383752 552.920988946164
"764" 0.333333333333333 -808.711225280637 0.647594512474201 0.136330586375229 736.881838497091
"765" 0.333333333333333 -1278.45253786344 0.4362377079929 0.0897741773355934 1107.30416912064
"766" 0.333333333333333 -992.098022633324 0.462032514494221 0.0906152459925252 1045.65126587791
"767" 0.333333333333333 -664.046655202249 0.655621651896885 0.137773780949701 713.575860817765
"768" 0.333333333333333 -792.844834681311 0.608862449826129 0.121003735921531 797.018537933016
"769" 0.25 -1069.51935702434 0.563640986660099 0.113800199798764 889.672640419244
"770" 0.291666666666667 -1758.38484834734 0.438573407408798 0.0896848067481597 1109.05219987737
"771" 0.291666666666667 -1089.30878964313 0.444579662075274 0.0917824394801362 1095.38826893154
"772" 0.208333333333333 -972.422357355872 0.399443198155652 0.0831437617255547 1168.6627468358
"773" 0.416666666666667 -917.757420903086 0.596491194401226 0.11809783291377 819.207216039277
"774" 0.375 -727.115950466132 0.733745204164113 0.165998760242551 583.423486130584
"775" 0.333333333333333 -753.722698967607 0.782362520915369 0.200358404622246 497.479079071465
"776" 0.458333333333333 -797.009908460376 0.695879688370071 0.150839682363852 648.587201269041
"777" 0.333333333333333 -1361.16882588173 0.509283573897922 0.100211048320627 986.494270332004
"778" 0.416666666666667 -1108.51065145975 0.532312647087811 0.101465641820406 952.419935317407
"779" 0.333333333333333 -1025.49909995569 0.565462602487629 0.112442927245773 883.974915040936
"780" 0.416666666666667 -908.873725776717 0.592698253373639 0.116423623529138 825.609006266594
"781" 0.333333333333333 -1190.65554802195 0.50308065880114 0.0985534780137537 985.356951745911
"782" 0.375 -992.518467171046 0.642941169782448 0.132190670610074 744.296480329353
"783" 0.333333333333333 -1189.54921007954 0.583194214987476 0.115856072774377 851.837597663896
"784" 0.25 -1418.27554069837 0.39917530625871 0.0818464798709672 1176.04405538991
"785" 0.291666666666667 -1706.08377731029 0.452521816557754 0.0883894760783929 1078.59321467751
"786" 0.416666666666667 -1422.67178046122 0.544799405379813 0.106146720977309 921.067602885882
"787" 0.458333333333333 -516.055734270158 0.821709590067608 0.23561555394391 420.199493393677
"788" 0.333333333333333 -781.712170467132 0.669487157594447 0.141054636532145 694.882624574641
"789" 0.333333333333333 -1313.86992197262 0.570150416302857 0.110208514107202 878.521171347073
"790" 0.291666666666667 -1628.84921331049 0.499168479395399 0.0996068656108734 997.537535564853
"791" 0.291666666666667 -1072.67875347703 0.48205132966024 0.0923644726258842 1030.20391114528
"792" 0.416666666666667 -620.155410593269 0.776773271151347 0.197784155594745 501.773251697672
"793" 0.25 -1097.35076714031 0.45977155416926 0.0886482525556909 1067.04924968749
"794" 0.333333333333333 -986.974090958016 0.647222860752125 0.138253788460139 740.701652368123
"795" 0.416666666666667 -795.980634907354 0.526792666450417 0.106156826646959 946.740964373853
"796" 0.375 -2080.2847361059 0.456168839446902 0.0900546929235163 1076.06794992356
"797" 0.458333333333333 -675.978664262452 0.688054022596821 0.151718470760161 659.255646692985
"798" 0.291666666666667 -1154.87126221884 0.437272427042395 0.0861867522165424 1111.34091159569
"799" 0.208333333333333 -1578.40211694411 0.386027982522184 0.0812275447561408 1208.45118805516
"800" 0.25 -1580.08924338441 0.438251761772772 0.0887640241503305 1121.13798090854
"801" 0.291666666666667 -1032.94891495717 0.498983832311219 0.0981905559054578 1002.83810344035
"802" 0.333333333333333 -1175.43491206663 0.496844662951516 0.0962608732324898 999.813434915296
"803" 0.291666666666667 -860.709008042336 0.517390412193837 0.102985701425455 965.059468493448
"804" 0.291666666666667 -1499.45078275239 0.46362501022926 0.0914874271317446 1068.32070110283
"805" 0.208333333333333 -1273.47556787242 0.459682526043418 0.0909122753047821 1068.95777097012
"806" 0.291666666666667 -904.075093165071 0.469801041652809 0.0936908353348957 1049.56322619633
"807" 0.208333333333333 -1700.74474803746 0.386591761930711 0.0808780554798025 1205.09613596004
"808" 0.333333333333333 -895.028074420314 0.659572836990758 0.133948010876303 712.649735638355
"809" 0.375 -1318.65071530545 0.632454001318467 0.128740355717652 762.797784902654
"810" 0.25 -1493.68506010146 0.403945456656005 0.0814673936730518 1176.65933314607
"811" 0.333333333333333 -946.343493370347 0.536862018881205 0.105645721250271 929.792194356113
"812" 0.333333333333333 -736.093004805956 0.635166736613092 0.131673452893989 746.710691536309
"813" 0.25 -1244.79084153394 0.416801102464071 0.0842599676313861 1148.19911487837
"814" 0.208333333333333 -1407.03003771511 0.338435819861786 0.075384474469173 1282.85017653638
"815" 0.458333333333333 -1221.02225778601 0.639962779951952 0.128167724957936 754.756160353115
"816" 0.333333333333333 -1323.85615189253 0.55894264428682 0.110216252853469 896.454959993907
"817" 0.416666666666667 -1104.83439194156 0.526029070322357 0.100357983060333 947.154673658754
"818" 0.291666666666667 -1560.98095629448 0.520736084512814 0.10335008971203 965.90670335188
"819" 0.25 -1555.16544770499 0.442981691730909 0.0894874719223387 1104.85269592661
"820" 0.375 -822.791708200809 0.558745090630889 0.10807465456449 882.446155637372
"821" 0.333333333333333 -1487.83297445113 0.558587601684329 0.110328893054704 890.776710488172
"822" 0.333333333333333 -1152.17920743671 0.511937700914445 0.0979312885661022 968.528513817238
"823" 0.375 -788.399499946943 0.72662706128694 0.164351511841077 588.695851384592
"824" 0.375 -1136.64088665644 0.572583784806223 0.114071730210059 871.708698953223
"825" 0.291666666666667 -1329.60914507188 0.552408489735594 0.108309125858509 908.020148550172
"826" 0.208333333333333 -1392.99881574991 0.42248389709905 0.0843064739389433 1131.14303756096
"827" 0.375 -1077.07174465067 0.601045715510792 0.120182139784018 816.741401050505
"828" 0.375 -947.410668358387 0.734674752365399 0.166731790687961 582.323345417052
"829" 0.333333333333333 -1202.47418918165 0.544573490930192 0.10569037004686 919.292482427484
"830" 0.291666666666667 -1498.25738468459 0.54278449911951 0.10600259304962 929.128445857493
"831" 0.291666666666667 -1322.34889976695 0.553764549770183 0.105853147318644 905.269536052863
"832" 0.375 -1093.87826847814 0.542519703876518 0.105460301290922 917.682138289485
"833" 0.333333333333333 -990.977188513011 0.622441324120938 0.125306067951302 775.011509552542
"834" 0.25 -713.455416888558 0.616584510317526 0.124464609719392 785.303893437572
"835" 0.416666666666667 -1622.13207745084 0.508093587228705 0.0981810469684328 989.659428999212
"836" 0.291666666666667 -1304.02650977723 0.43632761915618 0.088806864933939 1111.34545724175
"837" 0.333333333333333 -725.028752322366 0.695652789821398 0.153054466793251 643.362926094052
"838" 0.333333333333333 -989.093345880934 0.472771663024853 0.0934761490499857 1035.67515830989
"839" 0.375 -1509.9012211152 0.533225280378344 0.101006085892378 934.96974193003
"840" 0.333333333333333 -733.892011242138 0.721651662651356 0.163895894688152 604.896644068961
"841" 0.291666666666667 -1682.14972675649 0.4079593178053 0.0851070112082808 1157.97565688943
"842" 0.375 -1011.07386506793 0.566034583948333 0.113564725918405 881.088477782234
"843" 0.25 -1381.97883311602 0.486173744184025 0.0953257462519343 1028.72598651549
"844" 0.416666666666667 -987.210361729445 0.675466695219782 0.139912356127716 689.843587397966
"845" 0.333333333333333 -1097.20776773872 0.547073982550427 0.111138676395608 915.301598536512
"846" 0.416666666666667 -755.616698917465 0.815649574129112 0.232434301924598 432.012400675851
"847" 0.291666666666667 -1746.09744270648 0.414837090357725 0.0842604969553011 1150.84628866927
"848" 0.375 -1501.09420166685 0.482605967174901 0.0934837535377511 1030.93531474409
"849" 0.333333333333333 -640.724413197692 0.700976071264724 0.157076596487987 635.550403271737
"850" 0.291666666666667 -897.641983209068 0.667517814185771 0.140336895570104 699.121367126761
"851" 0.416666666666667 -1097.48374934411 0.533559413139668 0.102545041540609 931.900828340698
"852" 0.291666666666667 -1584.17681429397 0.473389963530607 0.0957184070614318 1045.11722417846
"853" 0.333333333333333 -1847.50742067509 0.426599153910038 0.0866222235940682 1142.10018683758
"854" 0.208333333333333 -1542.69543142997 0.378621243685547 0.0812650165311354 1208.88344865033
"855" 0.375 -1192.09184793747 0.580376672733178 0.116981351251058 863.955771435932
"856" 0.333333333333333 -688.869294328643 0.720637557157503 0.159110061687954 602.309236179476
"857" 0.375 -917.344340952284 0.683900007967161 0.142816938511815 661.862846404952
"858" 0.333333333333333 -850.112398794362 0.543410084862231 0.104609948658165 912.776074766726
"859" 0.375 -813.039066999228 0.747803124643874 0.172904795310737 559.768438742552
"860" 0.375 -1171.0827147521 0.596561470881272 0.120177970309462 830.010528031301
"861" 0.416666666666667 -1069.96529249349 0.61197132110718 0.12255637572129 803.890269632316
"862" 0.208333333333333 -1174.77743067359 0.392849958780534 0.0825689798930686 1192.2421829319
"863" 0.333333333333333 -658.103057583184 0.666035133446575 0.140587387302415 695.484203137364
"864" 0.333333333333333 -1276.81484739626 0.574668332545636 0.113607749542214 862.613875438727
"865" 0.375 -823.171809710814 0.640547962605011 0.13066343141508 745.345928348252
"866" 0.333333333333333 -1512.52286409139 0.49764157141676 0.0950101199234029 1012.61277549493
"867" 0.291666666666667 -1157.89660365488 0.499287685170244 0.0954637647870857 991.25210791572
"868" 0.333333333333333 -617.864228766784 0.737306291893822 0.167399151255187 566.561545909471
"869" 0.291666666666667 -821.335667221116 0.651567822702037 0.1354602964968 731.517882158354
"870" 0.458333333333333 -1061.57256750701 0.570735238896364 0.108829785116505 874.851273680807
"871" 0.25 -1440.32102295043 0.466307633121816 0.0893682537297544 1064.55607414838
"872" 0.333333333333333 -1313.44413620582 0.518948484417378 0.100605466262906 969.533140815876
"873" 0.333333333333333 -2588.50113998104 0.50433291961107 0.099495991189166 1000.70189841904
"874" 0.291666666666667 -615.178261077274 0.597562956447227 0.118728374015119 815.989608322713
"875" 0.333333333333333 -1116.35705333437 0.603983526965955 0.121135055966783 817.614425871647
"876" 0.375 -1024.8856448898 0.555555545425976 0.1080391605403 902.615273765721
"877" 0.291666666666667 -1136.88866242866 0.505132220727124 0.0972873800351245 993.158238821195
"878" 0.25 -2040.24679167865 0.472976626954637 0.0901863148211443 1050.35743664149
"879" 0.333333333333333 -565.933362527042 0.723559990839566 0.165298037926139 593.241626731355
"880" 0.333333333333333 -1251.20663371632 0.685311685017635 0.147050117794728 674.261259621088
"881" 0.333333333333333 -1960.58828479359 0.500227000028946 0.0946657408274699 1022.80733100954
"882" 0.333333333333333 -846.528038786831 0.666579735023288 0.140328798973652 700.535405154049
"883" 0.25 -1290.35435886747 0.407890863026461 0.0852598949762924 1171.56383265221
"884" 0.333333333333333 -1778.45170687432 0.442877566313307 0.0894678913586229 1106.01349401455
"885" 0.416666666666667 -1219.3176614969 0.480275468140003 0.0945116496082599 1040.62045599716
"886" 0.291666666666667 -1446.54850093133 0.508037740002812 0.101200984375132 993.878356407117
"887" 0.375 -733.722945946401 0.794842991405858 0.20856832324467 462.752546413508
"888" 0.375 -745.260610955696 0.70369319481518 0.14917682356145 631.428974916588
"889" 0.291666666666667 -1174.16251873997 0.428727668475644 0.088686681865156 1129.49549429331
"890" 0.375 -1167.57927466372 0.465973574634538 0.0949121953788729 1054.31970810362
"891" 0.208333333333333 -1712.18523094675 0.37360927727849 0.0811698116738152 1238.50313661888
"892" 0.291666666666667 -1441.69816682138 0.436434563767002 0.0874925279076728 1114.1443494814
"893" 0.291666666666667 -1517.13308189395 0.476993152074909 0.0919837073263842 1042.0479930536
"894" 0.333333333333333 -1622.82515327848 0.619050237561138 0.122788974314967 793.39990700162
"895" 0.333333333333333 -1271.28606049714 0.510238659970466 0.0973286427065475 990.588837653261
"896" 0.333333333333333 -756.088374208213 0.518429822818728 0.102191416670875 953.431325782647
"897" 0.333333333333333 -1025.34094824347 0.534588923243462 0.105956706272184 935.579061223916
"898" 0.375 -1520.70138792734 0.467622967214968 0.0926873893665366 1048.14050662344
"899" 0.416666666666667 -1651.54159496445 0.510175652190187 0.0991814584588191 983.606563555845
"900" 0.25 -1298.98829919894 0.635024797185912 0.130245899142395 751.040392580789
"901" 0.25 -1015.61281747469 0.676061115738821 0.142158171916564 692.549554441962
"902" 0.208333333333333 -1736.66385139832 0.337115991895228 0.0759754679434044 1294.69053209642
"903" 0.291666666666667 -995.697644356899 0.642075644660786 0.132783788567006 743.250965946945
"904" 0.333333333333333 -1109.00874113856 0.523957592692345 0.10094149600243 947.172774338643
"905" 0.25 -1250.96414971444 0.417365295784563 0.0856875173260508 1142.09448262452
"906" 0.416666666666667 -701.977744796763 0.684841113490035 0.144849790769659 662.457120427985
"907" 0.333333333333333 -1265.69132650799 0.59344595252393 0.115476255224343 838.643116595121
"908" 0.333333333333333 -1231.53990968875 0.533248883788855 0.102525792284779 936.541927609765
"909" 0.291666666666667 -1043.98684340661 0.534968288403645 0.102984222458556 936.906049915359
"910" 0.375 -507.686236801133 0.763763012340039 0.186347480077117 519.428552856601
"911" 0.333333333333333 -650.277930026568 0.733590235566665 0.16794404717413 572.098255418353
"912" 0.333333333333333 -1273.79595941783 0.472968969385897 0.0898712434630724 1050.0384245984
"913" 0.291666666666667 -770.120027270411 0.63770321122882 0.129571422325983 758.583392703582
"914" 0.25 -1762.45230280811 0.321396570305371 0.0715642159604465 1317.42310018505
"915" 0.333333333333333 -1063.02072766395 0.490967871977974 0.0934932118745635 1009.75522813873
"916" 0.375 -1067.57356888178 0.619502668714817 0.121952887725234 791.859851595925
"917" 0.458333333333333 -981.941323306247 0.598749451388309 0.120015207053949 818.726965245725
"918" 0.208333333333333 -1888.18331183987 0.362236286870975 0.0795790472241821 1250.11697447377
"919" 0.291666666666667 -736.88976351277 0.64823945933665 0.135303724641502 731.354344275603
"920" 0.416666666666667 -940.001698169413 0.634960894662399 0.130637477632664 757.058317091959
"921" 0.291666666666667 -1079.04742715523 0.502634717807845 0.0969495957968078 985.566099996783
"922" 0.291666666666667 -1389.13663951524 0.499038125371002 0.0992653065424674 1010.88166170508
"923" 0.291666666666667 -1375.75490893716 0.385788036194014 0.0821900084119013 1209.11888913941
"924" 0.25 -1159.0007333173 0.432415774548286 0.0869116681215765 1122.354520329
"925" 0.291666666666667 -916.842569784482 0.621824623255916 0.123655399203843 779.123652855023
"926" 0.375 -668.543805439369 0.731538020244034 0.168650196067562 576.860254768513
"927" 0.208333333333333 -1578.12063464155 0.376819028796307 0.0796320405653996 1206.45160254576
"928" 0.291666666666667 -1130.43204104235 0.521168019310569 0.102359104895375 953.640687641115
"929" 0.208333333333333 -983.116441445594 0.590107691756784 0.114845201613509 833.861397472555
"930" 0.208333333333333 -2279.75861527641 0.402006651592044 0.0821784748730472 1175.67343363419
"931" 0.333333333333333 -1178.9961091058 0.473714497695709 0.0929213943202207 1049.00440569363
"932" 0.333333333333333 -1515.90597594497 0.529493959472663 0.103442159348333 944.695747870344
"933" 0.5 -876.504236970191 0.734440929046258 0.166771826597245 572.573129638415
"934" 0.333333333333333 -1980.3487252432 0.472224929633979 0.0934037287555629 1063.2721061696
"935" 0.25 -1690.41246389348 0.41223899879943 0.0840626139898645 1152.57311446044
"936" 0.291666666666667 -1038.60997784524 0.476395001810251 0.0972246311835842 1040.68818589907
"937" 0.166666666666667 -1642.83922707767 0.413630105649316 0.0864990679253943 1165.57566389777
"938" 0.333333333333333 -1526.75636734721 0.639521040804187 0.134277962473159 745.831847445802
"939" 0.25 -1444.82902873687 0.374448269648123 0.0793300463202815 1217.9869116742
"940" 0.333333333333333 -1161.50881284737 0.4366902207935 0.0860327005494029 1118.4536904551
"941" 0.333333333333333 -1075.38203271782 0.479481563479613 0.0911035218784958 1030.91276794648
"942" 0.375 -819.913597818307 0.709412992075081 0.157576604939734 621.936670107397
"943" 0.416666666666667 -1228.57968311753 0.586216995059285 0.11455013649868 843.734043564154
"944" 0.333333333333333 -1647.50662320982 0.505397131828288 0.0990872551715001 989.635077283564
"945" 0.291666666666667 -799.292617535927 0.561335484763701 0.112445647233309 886.301599899645
"946" 0.291666666666667 -906.127515421665 0.611994983861761 0.125127739198601 796.607287647431
"947" 0.208333333333333 -1896.64320820025 0.466264172127725 0.0904018795452178 1046.82702803104
"948" 0.291666666666667 -1488.9830440796 0.404143728468197 0.0830790447571809 1167.17541346844
"949" 0.375 -1186.44610410752 0.516760031789858 0.101639969582763 969.139748591648
"950" 0.375 -740.491690317612 0.626441639636626 0.13019048996723 765.098594452243
"951" 0.333333333333333 -1260.75213583457 0.47911809859107 0.0961202225562739 1034.98182346906
"952" 0.416666666666667 -1103.67224011736 0.578619020529669 0.114352464670605 853.812277320214
"953" 0.208333333333333 -1448.34211761273 0.397882159579593 0.082662761919039 1173.23845729904
"954" 0.291666666666667 -1502.03179336774 0.415589025003983 0.0858452473718254 1154.97915337937
"955" 0.333333333333333 -1416.21942669432 0.765976720151128 0.188700273357159 528.532217932926
"956" 0.416666666666667 -635.895738416363 0.640963665449543 0.132474123989503 745.94598423834
"957" 0.25 -1181.09610537578 0.428934537741105 0.0899211306847613 1122.65027359291
"958" 0.25 -1309.84736960156 0.511761866869098 0.0998740398990006 976.599457790432
"959" 0.458333333333333 -687.477668133952 0.721693101232803 0.167111494173376 603.522117834343
"960" 0.375 -1178.16224454461 0.499726026431074 0.0967797944206587 990.290749893102
"961" 0.291666666666667 -1169.33422008647 0.545682214449964 0.104962212233495 914.142626840477
"962" 0.291666666666667 -727.919423427508 0.601117178721299 0.118028233671685 815.213139478024
"963" 0.333333333333333 -1067.74829524207 0.534750236804655 0.107930509748298 933.76681995505
"964" 0.291666666666667 -1493.3958756407 0.423312535855085 0.0856229907656069 1138.94658357419
"965" 0.375 -1264.53856651723 0.522127269757996 0.101368168108243 954.994482922228
"966" 0.333333333333333 -1129.23077068409 0.587127652400667 0.116579304215782 845.727545033628
"967" 0.333333333333333 -1222.4597441018 0.539048854386476 0.106602431721547 933.186386158995
"968" 0.208333333333333 -1240.96968653209 0.424769991453647 0.0863299526302396 1125.86156997742
"969" 0.291666666666667 -1112.40380282642 0.390264381187874 0.0830872539214056 1188.46188144363
"970" 0.291666666666667 -1171.20572502945 0.512131968211507 0.101848374796753 973.279676176391
"971" 0.333333333333333 -876.975987732475 0.651830902577123 0.132867098423509 722.863046393744
"972" 0.416666666666667 -1028.92104641913 0.62534759974307 0.125375916127434 774.120554622176
"973" 0.333333333333333 -727.088275517084 0.726139343532351 0.161098143636879 592.268119905936
"974" 0.291666666666667 -1520.095309956 0.4725818259538 0.0941720231662646 1058.39573872908
"975" 0.291666666666667 -564.627599885642 0.687133138730006 0.153221579852453 655.509078590558
"976" 0.25 -1389.32200242833 0.492242746196342 0.098631337447808 1018.45045589295
"977" 0.333333333333333 -716.200233043857 0.657327088564578 0.136083324662778 712.169898295253
"978" 0.333333333333333 -1316.44308109201 0.440865033698407 0.0875115140301174 1099.58665724606
"979" 0.333333333333333 -939.44114023113 0.64498821983957 0.133369410697851 736.57432714531
"980" 0.333333333333333 -1157.01749200085 0.595996659232214 0.116919804765498 825.761188893067
"981" 0.333333333333333 -644.676494967732 0.680839677984537 0.142631225789142 666.116048547858
"982" 0.375 -722.543893545697 0.682096350458161 0.144503374285963 671.4117029416
"983" 0.333333333333333 -1338.67692107674 0.49359088556982 0.0946582519923456 1017.66358415212
"984" 0.291666666666667 -1376.67394676587 0.42751948811021 0.086841129533036 1125.66274578869
"985" 0.416666666666667 -646.227078821167 0.701445349956234 0.151515379458073 638.952338508284
"986" 0.458333333333333 -479.887033702364 0.752343120989639 0.176478877920795 542.274716295097
"987" 0.333333333333333 -997.01043183977 0.523660274935053 0.103607849497081 953.570819973983
"988" 0.291666666666667 -1441.67980236562 0.512644519315286 0.100147892791474 977.652567089791
"989" 0.375 -935.959971021352 0.629857559648159 0.126732332717922 761.317250868725
"990" 0.208333333333333 -1316.06591333634 0.438870524138758 0.0875464455484206 1107.48718062452
"991" 0.25 -1292.16148190593 0.405352692902124 0.0828176573522355 1179.53997724452
"992" 0.416666666666667 -1012.01129842949 0.59718998038637 0.119789613587637 835.954682157324
"993" 0.25 -1513.0476647698 0.391575424082002 0.0842353658445761 1196.51842122148
"994" 0.416666666666667 -897.870285177783 0.543726097811843 0.109236067290595 909.657509786566
"995" 0.291666666666667 -822.714998489226 0.656767862089157 0.133374916259925 712.161314333605
"996" 0.375 -1230.0320093704 0.474500418057836 0.0915055218764444 1049.64351805417
"997" 0.333333333333333 -948.524939051949 0.581494200571442 0.112034713785999 847.903501931832
"998" 0.333333333333333 -1039.95688320156 0.608757152597307 0.118259632773081 802.846926939406
"999" 0.291666666666667 -1371.06813973316 0.533213962737887 0.10338919118864 941.591624156965
"1000" 0.25 -1422.46591916696 0.441085085954052 0.0881191325667329 1106.88166455947
