"SCI" "RCI" "GER" "MSM*" "MIG"
"1" 0.444444444444444 -780.842293831247 0.481608006290339 0.367361317463863 399.124350575055
"2" 0.555555555555556 -1619.83244450472 0.433156371069455 0.354190819215963 433.064552448434
"3" 0.333333333333333 -1784.29213019254 0.209548438685511 0.286257018127523 529.841780793248
"4" 0.444444444444444 -981.677533788104 0.495883632156541 0.376848626765396 390.357338841166
"5" 0.333333333333333 -782.894837408512 0.486699899358936 0.368989403439878 396.763239832688
"6" 0.555555555555556 -2220.85606779213 0.490858128819713 0.383194983720243 408.726178143546
"7" 0.444444444444444 -1776.59125255874 0.294272572948407 0.313470205787994 503.299606633722
"8" 0.555555555555556 -1022.99153171067 0.488468279096822 0.375079313537425 404.652472074493
"9" 0.444444444444444 -2341.34216800216 0.373839245036143 0.332882775856209 473.743822287652
"10" 0.555555555555556 -836.934221088383 0.550308040122523 0.407359630341623 370.930136965564
"11" 0.444444444444444 -1160.7890233766 0.410963376597072 0.349300554427871 437.087724333955
"12" 0.333333333333333 -2223.07690169732 0.267167067053529 0.303439984747102 515.977008965006
"13" 0.333333333333333 -2365.43714930755 0.232028741912485 0.273074035402772 530.34312566102
"14" 0.444444444444444 -1651.13385485333 0.532214828324349 0.405650129235728 387.636134624202
"15" 0.555555555555556 -1261.14626647429 0.533497552581914 0.404220616575586 384.21793288081
"16" 0.555555555555556 -935.219189372927 0.539707263935732 0.4020325511165 372.325898343651
"17" 0.444444444444444 -1754.00685429662 0.343225675962401 0.317105042696027 467.989516317379
"18" 0.333333333333333 -2086.95349143175 0.270504728373797 0.300257826811063 503.379595783958
"19" 0.444444444444444 -1604.62926700248 0.37530416601651 0.32252863022917 451.83529120544
"20" 0.333333333333333 -1341.63556568318 0.428487895305284 0.347359895437402 430.740452045668
"21" 0.555555555555556 -872.551978531776 0.613035067009793 0.445722786066908 338.87546360339
"22" 0.333333333333333 -2776.15732072719 0.451794085330989 0.349069657085822 415.799439104227
"23" 0.444444444444444 -927.722265008179 0.57852911128387 0.428684228779819 363.031345388968
"24" 0.444444444444444 -824.407920941182 0.529958967834411 0.389664210326695 380.53285751862
"25" 0.444444444444444 -1148.26279954284 0.482999771341664 0.365090616109649 395.883162076282
"26" 0.222222222222222 -2247.84667070423 0.0820075755808455 0.24845075900953 605.66218069687
"27" 0.222222222222222 -3207.30043397239 0.119878425799776 0.262440888523463 575.005013589724
"28" 0.555555555555556 -1206.38825308784 0.532561306468781 0.398585634970504 386.79152509314
"29" 0.222222222222222 -2076.80276807095 0.134029040461499 0.264414632638383 570.937286968902
"30" 0.555555555555556 -1296.07424709382 0.654629968297804 0.467079772009797 317.277043311251
"31" 0.222222222222222 -1387.54363167131 0.0741510293233454 0.248436250771274 591.456786292139
"32" 0.444444444444444 -1381.14179213291 0.426298037457611 0.348787865034662 432.470015566493
"33" 0.444444444444444 -1522.32624454872 0.285580248102323 0.30514499513671 503.827847917867
"34" 0.555555555555556 -2252.15904152184 0.439835369487316 0.354081533880735 431.770433312096
"35" 0.555555555555556 -1126.53571572727 0.564209672948235 0.41810252712874 358.454420354473
"36" 0.333333333333333 -1891.83349830902 0.319776680893892 0.303378861544081 486.358898136346
"37" 0.333333333333333 -3453.65378642367 0.280137448698315 0.295341204503486 514.969879008434
"38" 0.555555555555556 -850.915205837307 0.669391312887771 0.486804471731713 311.575231750216
"39" 0.444444444444444 -1432.43888538961 0.361768898272197 0.31751106462679 459.246527639707
"40" 0.222222222222222 -2336.40015529893 0.14873237922853 0.262636267568086 577.471632601088
"41" 0.555555555555556 -910.128159065555 0.655604299726911 0.463878561723698 312.292089412943
"42" 0.333333333333333 -1682.85550434355 0.21434116896176 0.278245734579778 532.588291904889
"43" 0.333333333333333 -819.894759169671 0.431781709065414 0.35887836131448 424.032256846619
"44" 0.333333333333333 -1416.86609070943 0.427329481576704 0.335552576263268 431.73443105435
"45" 0.444444444444444 -1757.33993836109 0.334829739344202 0.325184788082472 479.071379438485
"46" 0.444444444444444 -1563.3469735543 0.476806909399897 0.372231978009416 408.028108652728
"47" 0.333333333333333 -1212.52128848666 0.419198009408458 0.340151164795235 431.998718897509
"48" 0.333333333333333 -1757.78308892629 0.272862540154643 0.288614972957648 501.906147621805
"49" 0.444444444444444 -2274.97871820984 0.347290761991093 0.316658637920844 473.770313009992
"50" 0.555555555555556 -1246.33715175751 0.634056184837608 0.45859925641028 329.363157179812
"51" 0.555555555555556 -1477.74970521297 0.555799349668601 0.427839989794865 376.207308488106
"52" 0.444444444444444 -1833.19921703235 0.425274599285664 0.354072265306575 444.459617262753
"53" 0.444444444444444 -2682.35506153389 0.29079807407309 0.291952209741068 501.967310793092
"54" 0.555555555555556 -1541.01127805244 0.535012192962214 0.406180438028822 386.665230854857
"55" 0.444444444444444 -2131.39670701063 0.41682545319086 0.364050241704537 442.223049988807
"56" 0.555555555555556 -1070.20300419097 0.868713266536349 0.697534312174912 212.861826243647
"57" 0.444444444444444 -1515.16100755989 0.528715661538775 0.396530937289376 383.47197693265
"58" 0.444444444444444 -2004.84883776804 0.274019298345349 0.305579345138967 503.944852039195
"59" 0.222222222222222 -2211.98045420664 0.154137255319169 0.259371973620584 562.385234190128
"60" 0.555555555555556 -1877.36300731309 0.59498149581689 0.423058413962957 352.599063847144
"61" 0.444444444444444 -1479.17922822734 0.474741465882901 0.373861706402816 416.562934534182
"62" 0.444444444444444 -2314.15484948812 0.432195517167659 0.361882419349713 435.921279114275
"63" 0.444444444444444 -969.612640013971 0.649807651664823 0.456556695532251 317.809956851485
"64" 0.333333333333333 -2214.91049452522 0.447375373969509 0.358679477893958 422.585848128819
"65" 0.444444444444444 -1491.24809457212 0.636754993797644 0.465297659024028 326.335817816202
"66" 0.444444444444444 -918.902050187509 0.439151762184858 0.350338384706928 415.510270439344
"67" 0.333333333333333 -1233.73408056437 0.300713188157245 0.307940889008982 480.621691854927
"68" 0.333333333333333 -1509.83995345382 0.348326515279358 0.319176461492375 469.364196219482
"69" 0.555555555555556 -2807.28577851192 0.436734589861034 0.347260062537732 429.718359851371
"70" 0.555555555555556 -1362.46197322974 0.580321410906597 0.443916550785928 359.463188133715
"71" 0.555555555555556 -721.556728109582 0.678713957593049 0.481532949330647 302.346796602593
"72" 0.444444444444444 -1369.52098536196 0.592689932596995 0.426310144613081 347.004681875533
"73" 0.555555555555556 -1023.08160429235 0.513106955657076 0.376115131087908 386.194384233747
"74" 0.444444444444444 -981.452469508478 0.333273287320345 0.3093315408527 470.201355198771
"75" 0.555555555555556 -1152.11862136544 0.432462865449128 0.355169534971046 429.546679120325
"76" 0.444444444444444 -892.986096307918 0.570712690506227 0.410958989600069 352.544958942896
"77" 0.444444444444444 -1380.57941543839 0.376619314388215 0.330674375995571 445.084880628437
"78" 0.444444444444444 -1862.65250387067 0.293621314317666 0.296715033101981 494.371411605063
"79" 0.555555555555556 -1239.45008991113 0.546869685969961 0.401117046443937 366.119927264983
"80" 0.222222222222222 -1614.1327556226 0.299143557689314 0.298004133945689 489.51087952354
"81" 0.444444444444444 -1233.45793529925 0.350102736064303 0.315102192276694 459.414573574252
"82" 0.222222222222222 -1840.53098291723 0.425095843999142 0.33356857619489 435.086775936186
"83" 0.555555555555556 -1039.02398774781 0.447214055604972 0.366894310890907 423.788937429385
"84" 0.555555555555556 -2138.30226470229 0.524463570986632 0.406294741385054 388.8817708496
"85" 0.555555555555556 -697.413608682432 0.725667764845764 0.538655771013631 289.205766607216
"86" 0.222222222222222 -2214.85211459596 0.117436202608443 0.256541936157239 577.34869282085
"87" 0.333333333333333 -2401.58494993387 0.515680389427533 0.39037222129006 393.083470223262
"88" 0.333333333333333 -2353.45225470081 0.213830945469296 0.286225535295358 528.999210821581
"89" 0.555555555555556 -1515.65104946149 0.355386087691501 0.319632776804586 456.548223073385
"90" 0.222222222222222 -1259.11464539 0.139044065799364 0.258313150512148 562.933967260434
"91" 0.444444444444444 -1079.72475523624 0.616121583790792 0.457765239346653 343.874970701011
"92" 0.222222222222222 -1849.58727723444 0.165401018767941 0.270572426309687 547.735270013893
"93" 0.333333333333333 -2504.96687677852 0.495471034217451 0.374234178958228 390.344433845929
"94" 0.555555555555556 -896.091666512643 0.550678031164249 0.409208395766031 371.822664344776
"95" 0.333333333333333 -1167.41549296843 0.454869997767715 0.356353628506193 411.623527488508
"96" 0.444444444444444 -1163.82306801992 0.426355930822997 0.348090381441223 427.724657147052
"97" 0.222222222222222 -3999.53367646184 0.0633023256946579 0.246839739691475 596.970342446887
"98" 0.444444444444444 -1703.82440975064 0.464921930620443 0.374957414445374 415.634915314615
"99" 0.555555555555556 -2320.07984662563 0.427134155847872 0.340421189330721 434.473595091398
"100" 0.444444444444444 -2031.56979014515 0.406446830842583 0.352123951692102 447.913130182028
"101" 0.444444444444444 -961.842364568817 0.510627456534265 0.382312436494464 387.364443480037
"102" 0.333333333333333 -1485.26367284277 0.41905358013845 0.34635943831187 436.385652457969
"103" 0.555555555555556 -1267.14683837629 0.520957726563681 0.387820336854533 380.622453100816
"104" 0.333333333333333 -3078.62818223878 0.319030777429635 0.298410333974309 484.724316585367
"105" 0.666666666666667 -878.25145127988 0.573601934612463 0.429013464558166 360.420407519815
"106" 0.444444444444444 -1377.5968857456 0.348601832768623 0.331350568786473 475.511377069144
"107" 0.555555555555556 -745.189845127285 0.636661776898986 0.445540189718668 325.32410590346
"108" 0.222222222222222 -2917.10606396895 0.159142959932181 0.274927127287214 567.433206104184
"109" 0.444444444444444 -1655.99298648959 0.617030041130891 0.46565029097806 343.791980972979
"110" 0.222222222222222 -1477.82853083768 0.154221923023797 0.265848459414368 553.872873755358
"111" 0.444444444444444 -2868.22848733126 0.405646456945695 0.328518409311953 440.350006936258
"112" 0.333333333333333 -1815.61868512907 0.368830908287637 0.326867056522854 461.435498577263
"113" 0.444444444444444 -1459.9583731127 0.376678277689317 0.324572516960956 456.808380476967
"114" 0.555555555555556 -868.52339245392 0.428903902698765 0.363405368853687 430.527933573723
"115" 0.333333333333333 -1354.61741138839 0.433646111276147 0.345269262854392 422.358345860615
"116" 0.555555555555556 -1420.97425359923 0.645040098075768 0.464327436123914 323.947234550537
"117" 0.333333333333333 -1928.39101038689 0.43696963753192 0.362048705736212 429.146375858458
"118" 0.333333333333333 -1676.76280267871 0.257797954876043 0.305105662902929 513.512630671053
"119" 0.222222222222222 -1675.39517781585 0.246061887788179 0.301905063159617 521.581218915456
"120" 0.444444444444444 -2308.984021005 0.408271228104338 0.345489904461717 447.913268317771
"121" 0.333333333333333 -2426.88129226394 0.187206615672947 0.281620167158349 552.240198040195
"122" 0.333333333333333 -943.336175900768 0.614182675653929 0.43839948029358 332.675774414511
"123" 0.333333333333333 -1703.32255524336 0.325643245221708 0.325004129208454 478.998767611315
"124" 0.555555555555556 -647.374691684389 0.621982084440806 0.453989424914849 330.116554382723
"125" 0.333333333333333 -4058.86743125299 0.117842853312424 0.263746403303576 578.03025947318
"126" 0.444444444444444 -777.657156128372 0.460573749647334 0.364598003863756 409.65060676788
"127" 0.444444444444444 -1454.20271417895 0.432043458198187 0.352561353356697 432.66361450972
"128" 0.333333333333333 -1830.09034032014 0.303019756335854 0.298519517929397 490.575383807067
"129" 0.444444444444444 -1203.61599738129 0.472699053335765 0.366934080512447 409.445114376582
"130" 0.222222222222222 -1144.31764424042 0.300373889280775 0.300746750879396 491.51217905106
"131" 0.444444444444444 -1966.36155704117 0.323042069052737 0.305832979511083 478.113616881217
"132" 0.444444444444444 -2000.35320756949 0.53274374617283 0.405244859280245 377.106443598703
"133" 0.333333333333333 -1625.09240203903 0.204678494499734 0.282975098457185 530.077754053613
"134" 0.444444444444444 -2315.89141338256 0.351268364705087 0.321596553260033 479.852683284204
"135" 0.444444444444444 -1519.15699874842 0.425711475628496 0.366871899825154 437.822456172388
"136" 0.444444444444444 -4050.33772793484 0.358612963774495 0.329126174556968 480.340992165334
"137" 0.444444444444444 -1166.33553450782 0.387037872957888 0.334583217185525 450.88391735109
"138" 0.444444444444444 -1147.25738941309 0.481690856526232 0.375592799302462 404.394370353222
"139" 0.666666666666667 -654.759648190589 0.754537247262358 0.549970051718509 270.368006140785
"140" 0.555555555555556 -1293.1158691161 0.530484164886208 0.395149894680674 382.583327720407
"141" 0.444444444444444 -1322.55486512982 0.49658097843254 0.397237302825297 404.391715552239
"142" 0.444444444444444 -1450.23126591616 0.283744116057241 0.303770852914928 504.794200470066
"143" 0.111111111111111 -2231.87345203436 0 0.231662840195371 632.672453982057
"144" 0.222222222222222 -2704.0375255568 0.363213619689421 0.323028272224607 458.75047913657
"145" 0.444444444444444 -1619.08543094346 0.43758859217519 0.352494438407503 430.294521573116
"146" 0.333333333333333 -1617.1211450595 0.209164423441406 0.283203052268454 538.129184461944
"147" 0.333333333333333 -1622.14694472457 0.365018519188826 0.338226791356054 462.784971148823
"148" 0.333333333333333 -2039.29579848413 0.134074277613233 0.258030509344949 567.511221974669
"149" 0.444444444444444 -1782.84287154961 0.486497609048294 0.367584903812436 400.618828464998
"150" 0.444444444444444 -1095.32453947805 0.418091734460612 0.344871003481843 432.028378845588
"151" 0.333333333333333 -1982.53887688552 0.325206401175728 0.315713663962326 481.647803483927
"152" 0.444444444444444 -2835.69312573081 0.614656980579009 0.450894289248005 350.865673423326
"153" 0.222222222222222 -1340.07199674995 0.151128065577983 0.262319905666782 556.444553579646
"154" 0.333333333333333 -1321.12410218118 0.326259751482869 0.312139855459927 479.356411651918
"155" 0.444444444444444 -1487.20485024944 0.372447034452646 0.321477654209561 458.520251431246
"156" 0.333333333333333 -1030.37002852624 0.299683733694279 0.301732576814285 480.618336424325
"157" 0.444444444444444 -3260.29412698438 0.289485650703195 0.300059298264661 507.656087985844
"158" 0.333333333333333 -1089.9941654506 0.352307744998506 0.323012475828663 461.839887251775
"159" 0.444444444444444 -2119.29848196437 0.376910999170422 0.331249227715661 464.869172913837
"160" 0.333333333333333 -2026.12424206626 0.210605993263002 0.27922096565683 553.058805602603
"161" 0.333333333333333 -1616.54689760298 0.1174233721937 0.262711126874808 588.718561504688
"162" 0.444444444444444 -1300.14625095882 0.314003246705593 0.306527949902919 480.237960396637
"163" 0.444444444444444 -3249.35402545125 0.303906348837426 0.305574047234946 505.980409803614
"164" 0.444444444444444 -2930.78035759407 0.268622688129369 0.297020108206439 517.841310851742
"165" 0.333333333333333 -1274.17862384335 0.401044470576012 0.328080320705702 443.448632126069
"166" 0.444444444444444 -1117.29626700426 0.522731110810201 0.400981747460858 378.339320750092
"167" 0.333333333333333 -1150.29980872783 0.586063294055883 0.423530370012913 354.477049486479
"168" 0.333333333333333 -1863.06519577287 0.302431204652593 0.308102642919858 486.637796058506
"169" 0.444444444444444 -1789.65918235569 0.422871349738673 0.353732424366212 442.590797497891
"170" 0.444444444444444 -2791.86326955681 0.225077571814192 0.279840429956215 537.090984021686
"171" 0.222222222222222 -1886.09027903854 0.242075851964545 0.28076509847914 526.031381525728
"172" 0.444444444444444 -1692.06325357169 0.360727641510801 0.328928978339359 466.22008995912
"173" 0.444444444444444 -967.479799403038 0.591407447450923 0.422785457526239 346.727535862778
"174" 0.444444444444444 -1441.24290435273 0.576697440175973 0.40692519750803 358.131881858269
"175" 0.444444444444444 -931.727390947944 0.684130653420619 0.505645477609816 312.733289499674
"176" 0.222222222222222 -1596.27656445119 0.197421754721935 0.278520045569748 545.520376884635
"177" 0.555555555555556 -1844.0767832201 0.493970135980216 0.390553527191514 399.992319392716
"178" 0.333333333333333 -2429.66260776125 0.231160087534087 0.289428032144153 527.705727227079
"179" 0.444444444444444 -1838.79754873654 0.335471782417107 0.311770136311435 477.538536328613
"180" 0.444444444444444 -2087.33408903859 0.332652280659657 0.316473589231229 475.869103864697
"181" 0.555555555555556 -805.248984054714 0.491241757036687 0.377663642570993 398.055888008932
"182" 0.555555555555556 -1106.33803744137 0.612877865295618 0.440901466330141 334.189962796681
"183" 0.333333333333333 -1830.02797382187 0.306845027092194 0.298480433076965 491.310728378082
"184" 0.555555555555556 -1492.36126284153 0.429850692822542 0.349797737779065 432.43879068431
"185" 0.222222222222222 -1089.47985148761 0.437269554285981 0.349449167053051 420.478408775665
"186" 0.333333333333333 -1397.29874031214 0.335894621501977 0.312479362793112 463.621836134582
"187" 0.555555555555556 -752.089119076386 0.480300174902946 0.368820347552091 400.881237999257
"188" 0.555555555555556 -1393.41496448503 0.646220440609243 0.452483827333861 324.20494613112
"189" 0.444444444444444 -1104.49256099295 0.286969368845087 0.309953957355256 503.838243340491
"190" 0.444444444444444 -596.216595660096 0.70012143220326 0.502348599800363 294.293473833473
"191" 0.444444444444444 -1192.94288197251 0.296211338898324 0.304338880423025 485.627117771911
"192" 0.555555555555556 -1236.16696366671 0.568023615567971 0.423184189818442 366.086214648327
"193" 0.444444444444444 -1494.63602379456 0.631462774585302 0.445870837522568 326.978301261505
"194" 0.333333333333333 -1322.63129435734 0.299577353009149 0.295880087614326 492.063828907115
"195" 0.333333333333333 -1036.47598175033 0.31162218231604 0.302333778516527 483.381204371224
"196" 0.333333333333333 -1108.93527706263 0.186744721535196 0.271843102882158 540.879822804802
"197" 0.444444444444444 -1403.00092792256 0.518146841139198 0.385046212142333 385.555531703425
"198" 0.555555555555556 -2296.04316932606 0.592939418329938 0.418460715546869 352.362576914858
"199" 0.333333333333333 -671.359773398318 0.521548465008509 0.38541566961477 376.598405901249
"200" 0.333333333333333 -2168.84732958612 0.242885229949391 0.293496812497164 524.644890689617
"201" 0.444444444444444 -1217.69373245728 0.367354790577471 0.318600575456529 457.81624902701
"202" 0.444444444444444 -1565.46075483694 0.415667585934641 0.335140685113903 432.771983153583
"203" 0.555555555555556 -1245.10156671025 0.553308148099687 0.419857622255019 372.927004541317
"204" 0.555555555555556 -1670.9264034085 0.542070557412916 0.408935468396454 383.135928663774
"205" 0.555555555555556 -1164.74133987307 0.504037762672124 0.372911594806176 390.648187303799
"206" 0.444444444444444 -1245.98285676027 0.62924689734925 0.458320117391227 326.67680291466
"207" 0.555555555555556 -1219.37715178169 0.705371610663642 0.505680896782069 300.029853603896
"208" 0.333333333333333 -1729.85111439325 0.24586501978894 0.302533750645167 521.919292100286
"209" 0.444444444444444 -3379.97633965303 0.569145946185571 0.418651731662367 365.802466344507
"210" 0.222222222222222 -2780.49585086424 0.065645604695268 0.257149017638308 610.921563659213
"211" 0.444444444444444 -1191.4464082735 0.45612538257367 0.368845818266439 416.919081094489
"212" 0.333333333333333 -1758.97773571055 0.301020570484762 0.301864357514685 492.139084771462
"213" 0.333333333333333 -997.00362315305 0.4906404183152 0.386268724148399 399.645814565686
"214" 0.444444444444444 -1151.47066860557 0.456822629358188 0.36076266012104 410.466691552242
"215" 0.444444444444444 -2398.78908347033 0.258345558130276 0.287043352759702 511.82824838229
"216" 0.555555555555556 -760.622859705461 0.637095840908342 0.468292987711122 334.992362536676
"217" 0.333333333333333 -1582.09236548158 0.192319984931871 0.26504369886927 545.405617481726
"218" 0.444444444444444 -1928.89635211564 0.40272139548167 0.346417900928117 452.634554531495
"219" 0.333333333333333 -1765.28904151553 0.32590361668008 0.308495944885248 479.782390773809
"220" 0.444444444444444 -731.176484239066 0.557878847378092 0.410724064670589 362.716887466423
"221" 0.444444444444444 -2587.08002647453 0.422025103751705 0.342039220284523 436.849091658276
"222" 0.444444444444444 -1262.164692302 0.425319549828938 0.338894824840209 432.351936028479
"223" 0.222222222222222 -1855.24878350592 0.120930336928156 0.256112407858336 571.168952972116
"224" 0.555555555555556 -1013.93288181721 0.453070055051788 0.353712795953206 411.346490987134
"225" 0.111111111111111 -2173.98060438811 0 0.226922524139707 638.811390851065
"226" 0.444444444444444 -1541.5102289412 0.392336281519468 0.330984174522426 439.271998865437
"227" 0.444444444444444 -1692.45528061569 0.289778541497229 0.300165770699722 487.86881561582
"228" 0.111111111111111 -2238.68043367333 0 0.230097603509572 634.885509343655
"229" 0.444444444444444 -1013.69958263585 0.616652227442609 0.440004112104814 334.906726907659
"230" 0.555555555555556 -1302.54334159641 0.594683372256369 0.415443104697206 348.385453752079
"231" 0.444444444444444 -2627.09996501361 0.412121537288166 0.335679582826762 442.509168927767
"232" 0.555555555555556 -889.620100417714 0.6378003336153 0.465129953210132 329.098966820911
"233" 0.555555555555556 -1306.18842435933 0.594671408865616 0.429171591685393 355.648443636461
"234" 0.555555555555556 -1200.79126902052 0.508440788587441 0.382346319801593 387.144511517766
"235" 0.444444444444444 -855.673283474263 0.471998071339242 0.360328269558606 401.569353531068
"236" 0.333333333333333 -1423.59031530773 0.340335611777607 0.304839769231325 476.426506175543
"237" 0.444444444444444 -1105.54260824678 0.424823159811876 0.345772004805858 427.512126945425
"238" 0.333333333333333 -1751.73561960402 0.314511452289632 0.318866863683602 492.525472665299
"239" 0.333333333333333 -1325.24394485747 0.227884136354486 0.281910438801046 519.343308014539
"240" 0.333333333333333 -1713.3838093583 0.134784847523942 0.260491522355807 563.190724859503
"241" 0.333333333333333 -1542.01246489867 0.180370251561176 0.282690443122203 548.853514014953
"242" 0.333333333333333 -1797.45887007765 0.372579490859181 0.337191877184702 454.869089442329
"243" 0.444444444444444 -1349.48640102528 0.341278873903473 0.32399057938119 477.44311616309
"244" 0.333333333333333 -1411.97707226248 0.391833997982518 0.349374518818646 457.778543829499
"245" 0.444444444444444 -1416.25402169657 0.508205271762979 0.387762325697095 387.875855637784
"246" 0.333333333333333 -1394.01933133838 0.210252000590885 0.278458205094227 536.842190027656
"247" 0.555555555555556 -2409.83906909115 0.539134367575097 0.416413222840865 382.066386897932
"248" 0.666666666666667 -831.77972082771 0.741268992317967 0.537910098522065 277.685796735482
"249" 0.444444444444444 -1523.57075064075 0.503148775441081 0.38937684175611 391.52424788326
"250" 0.444444444444444 -1115.25055235861 0.277266877899078 0.302458898155124 498.039485419122
"251" 0.444444444444444 -1652.6659983708 0.354178182071583 0.33420572476822 473.584965346474
"252" 0.333333333333333 -1217.82648054428 0.276268507140741 0.295945566508123 493.409478784283
"253" 0.333333333333333 -3000.2902527594 0.304773260690967 0.304969132098396 501.914307057764
"254" 0.444444444444444 -1600.59631207191 0.439706746936367 0.351638151133705 422.374040484312
"255" 0.444444444444444 -1116.48245973525 0.350254249147292 0.317755991392518 462.225648535835
"256" 0.444444444444444 -884.713213748367 0.532378304418109 0.388705760949239 372.93093450279
"257" 0.333333333333333 -1921.38834821784 0.331011410924254 0.321544587355581 489.615022712806
"258" 0.444444444444444 -1059.57385836324 0.433527819149771 0.344822516875041 419.412776230113
"259" 0.555555555555556 -890.260577048296 0.790559860161203 0.593941203521323 253.279860065156
"260" 0.333333333333333 -3555.72549829507 0.199893084640431 0.267949071769722 545.113019699836
"261" 0.222222222222222 -1914.9169722493 0.27927545154361 0.296803924620208 502.816407294245
"262" 0.333333333333333 -1979.70631098725 0.65069803796904 0.469891879774678 333.425792400492
"263" 0.444444444444444 -1808.05725478213 0.571738558124833 0.424722971132547 367.669334511319
"264" 0.333333333333333 -2033.23893900682 0.445458278866889 0.347031492581671 427.102821895923
"265" 0.333333333333333 -2449.27349791575 0.330705538918905 0.320761796110063 484.86325773322
"266" 0.444444444444444 -828.048809529105 0.634906254209805 0.468880889699524 332.049060924398
"267" 0.444444444444444 -1015.19724195523 0.402809272939377 0.338652603222804 429.507513706107
"268" 0.333333333333333 -1142.57097737175 0.311524572770567 0.313704000846816 475.79438772744
"269" 0.444444444444444 -850.385458453638 0.521775628769715 0.386152451829872 376.787679571006
"270" 0.333333333333333 -1194.31285118825 0.513497063811892 0.376100250371403 388.598835029523
"271" 0.555555555555556 -1034.96548893651 0.423786965342535 0.338302703596839 431.338471252215
"272" 0.333333333333333 -1540.24069966898 0.421079155215365 0.356061714352349 428.708937229891
"273" 0.555555555555556 -961.655377056839 0.629232673913194 0.453808217992741 332.5841093953
"274" 0.333333333333333 -1585.1941325579 0.120897598335053 0.263339029816547 579.900094665331
"275" 0.555555555555556 -1119.59997695266 0.58140798141917 0.417613301123174 353.679466246231
"276" 0.333333333333333 -1234.98340498701 0.488951984572058 0.375150392254509 397.635366291762
"277" 0.555555555555556 -1110.88104877377 0.492363564124942 0.370896085386312 398.64808819443
"278" 0.444444444444444 -2060.43234904392 0.345069179029309 0.316358875994981 469.71094595266
"279" 0.444444444444444 -1539.71319839781 0.5740845418247 0.413004675626537 355.138127258397
"280" 0.333333333333333 -1807.15784779787 0.452378782157499 0.361534061769015 426.71277716672
"281" 0.333333333333333 -1586.20064931334 0.280181162152438 0.303798486405905 505.879209395917
"282" 0.222222222222222 -1624.70415188132 0.24089837005891 0.283378414313951 516.019942996721
"283" 0.333333333333333 -1706.74380677167 0.272100964232024 0.289493347626352 505.689576087356
"284" 0.555555555555556 -821.504409367065 0.575653501693004 0.407243519522501 354.855260152393
"285" 0.333333333333333 -1609.75643868132 0.47085220166037 0.363127607563967 408.110867746128
"286" 0.444444444444444 -1860.2461897639 0.560734917380731 0.412539745441638 375.724390887166
"287" 0.222222222222222 -1874.23129623613 0.297965014654706 0.299382314599724 486.266208448261
"288" 0.444444444444444 -2469.00978442897 0.568663301848861 0.413967521548827 359.604454438551
"289" 0.222222222222222 -1809.26465015021 0.220256531047416 0.279297145838508 532.90399060417
"290" 0.333333333333333 -1896.45461934495 0.271754212622369 0.300927311186017 505.163117921888
"291" 0.333333333333333 -1174.74868839261 0.511671547832701 0.377441532002717 382.982063680189
"292" 0.333333333333333 -1481.73985993327 0.39877207741428 0.332244723225954 438.754115575319
"293" 0.444444444444444 -1002.21320332065 0.436032259492637 0.351880990176598 417.089210599777
"294" 0.222222222222222 -1217.92667887606 0.188947095602582 0.277852061916722 548.519404353108
"295" 0.555555555555556 -1301.61862076986 0.522051681173437 0.395667283342896 389.429681030102
"296" 0.444444444444444 -1346.46790089271 0.591317596434726 0.435975048455056 356.16839885409
"297" 0.333333333333333 -1874.94157289564 0.206633528788554 0.277790012028169 548.882363793161
"298" 0.222222222222222 -2688.93300442856 0.474891010695854 0.375669219661924 410.309507924621
"299" 0.444444444444444 -1270.59311147815 0.630076577428062 0.457775495676756 332.162952249311
"300" 0.333333333333333 -1011.46080519077 0.455214390866512 0.358704385930137 414.479955405509
"301" 0.333333333333333 -986.315763611778 0.406332646083161 0.334368940368818 434.502909155982
"302" 0.444444444444444 -969.077157433258 0.538415950045825 0.38989936151594 372.676136443298
"303" 0.444444444444444 -1026.39564040176 0.274202375415227 0.294816576843386 491.419348954526
"304" 0.666666666666667 -952.071416152245 0.702389717846191 0.493517182020505 292.819368237164
"305" 0.333333333333333 -1871.3984993943 0.183954592983998 0.284552457611174 542.321383113065
"306" 0.444444444444444 -1017.16562935541 0.508309309272823 0.382932729093279 386.044343671738
"307" 0.333333333333333 -3921.93164957465 0.517039472696511 0.391310489536345 399.257772387029
"308" 0.444444444444444 -1729.53948081115 0.296447143368602 0.300698475616527 488.530513518304
"309" 0.444444444444444 -863.242124292482 0.362064905332823 0.329279842972209 455.073095543566
"310" 0.444444444444444 -2663.15094664332 0.303899798907225 0.306335606672527 485.696114415047
"311" 0.444444444444444 -1324.522285652 0.424012719392127 0.340652524523194 429.736905183177
"312" 0.444444444444444 -1062.18286242526 0.516638590155903 0.380657562847159 381.507593982224
"313" 0.222222222222222 -1416.91415009567 0.169724988490253 0.265090113060657 547.791577040614
"314" 0.333333333333333 -1042.75499021367 0.290295019139158 0.306234925941154 491.194903597492
"315" 0.666666666666667 -606.368040688866 0.746532968887803 0.543162501918912 271.329929327383
"316" 0.444444444444444 -1803.28864905936 0.399409550483917 0.343722253511261 442.436662273877
"317" 0.444444444444444 -1350.72169827493 0.619829361257026 0.459328113597964 347.697520567034
"318" 0.444444444444444 -1100.68205471585 0.473807639329139 0.376189405047981 411.457465859852
"319" 0.333333333333333 -2582.8334731482 0.23641521578583 0.293798435459657 526.968821641523
"320" 0.444444444444444 -1954.80004374148 0.598182468761992 0.433960291155346 341.171545957937
"321" 0.666666666666667 -831.78528189349 0.525308210581928 0.398664035758536 377.704399804492
"322" 0.666666666666667 -268.946911200354 0.935856684461386 0.822872210845191 177.130223993817
"323" 0.444444444444444 -1163.12895667163 0.442715852943778 0.353266182571643 426.673436653265
"324" 0.444444444444444 -815.570533390222 0.519582074542293 0.387834878892647 376.449291656003
"325" 0.333333333333333 -1233.67831679059 0.247304595549104 0.292483722109688 511.02355900493
"326" 0.333333333333333 -1500.69640759953 0.365307175653514 0.336099160419647 458.715046060365
"327" 0.444444444444444 -1182.16040931258 0.628932215801334 0.461590041235776 338.266508455318
"328" 0.333333333333333 -1572.24332664515 0.392745660380427 0.346970272434707 451.494104848243
"329" 0.555555555555556 -843.839528758501 0.636232061194329 0.461575154040864 326.912242515315
"330" 0.555555555555556 -1099.63107104308 0.427954821612054 0.347941965729568 423.256931055454
"331" 0.333333333333333 -5008.68079524358 0.23192799484453 0.292810205077799 545.652811108064
"332" 0.333333333333333 -1252.8290850367 0.497956058289361 0.366643122653398 397.568296384299
"333" 0.333333333333333 -1959.57114926372 0.238105317602481 0.29521034669801 529.773983066855
"334" 0.333333333333333 -2268.17360255737 0.367223652460636 0.329153129158277 470.328754311032
"335" 0.555555555555556 -1217.35641714548 0.535174332056843 0.40891037638779 382.563810485578
"336" 0.444444444444444 -1384.66808705863 0.330281294129802 0.308488952094392 471.976749012456
"337" 0.444444444444444 -1034.17910247983 0.407901953190932 0.350673582740457 441.844154975656
"338" 0.444444444444444 -1125.63808838264 0.421201422668279 0.351737720730558 433.011549794627
"339" 0.222222222222222 -6165.55897191893 0.0646377408530525 0.253197152765771 609.377920272411
"340" 0.333333333333333 -1282.28355322651 0.198775374938208 0.277295637540605 537.888297664607
"341" 0.444444444444444 -1446.58873871331 0.313486673562098 0.309422962409145 484.593973263726
"342" 0.444444444444444 -1735.33605302069 0.285105114523369 0.29881846528869 496.448779096804
"343" 0.555555555555556 -1982.79284619973 0.69839754040832 0.497164360241907 297.599657051242
"344" 0.333333333333333 -1823.6385631196 0.294471341443872 0.296908500822373 505.859214121266
"345" 0.666666666666667 -1776.36132458382 0.491957998441028 0.380557498238328 395.809636463108
"346" 0.333333333333333 -1385.75893476738 0.342155730383579 0.328329285842252 467.396952212462
"347" 0.666666666666667 -1243.59511996597 0.669783183903965 0.477126977271155 313.913433195138
"348" 0.333333333333333 -1376.79091649116 0.49413413012102 0.392188425366002 399.643332413444
"349" 0.444444444444444 -974.955984427184 0.545229087036422 0.397374018816484 366.136363379052
"350" 0.555555555555556 -988.085219782852 0.528712320318076 0.394240362313558 380.818067706726
"351" 0.333333333333333 -1027.36700531036 0.476356618361794 0.360471563342925 402.45323031866
"352" 0.444444444444444 -1748.16225970192 0.537429328389633 0.412194620396787 377.124558151257
"353" 0.444444444444444 -1576.88517042334 0.280418793140931 0.308967678128641 497.419894479588
"354" 0.444444444444444 -2291.95988463102 0.506797592150009 0.395669741154759 404.362879780075
"355" 0.444444444444444 -1134.84712773688 0.386945081749204 0.332045346613261 448.568235793966
"356" 0.444444444444444 -1386.69526413366 0.338020087545422 0.327092012941289 469.108211521013
"357" 0.333333333333333 -2564.6152231081 0.208701856859473 0.284457234532745 535.95521465512
"358" 0.444444444444444 -1884.14726400731 0.371005933089376 0.328286141630355 450.113310640305
"359" 0.444444444444444 -1069.89302567495 0.250393275321419 0.289190529211957 503.477488194127
"360" 0.333333333333333 -1230.44698991339 0.579325027908442 0.413982697605941 359.610415308829
"361" 0.222222222222222 -2076.95054040214 0.320481110694999 0.311451952422191 484.177697949973
"362" 0.444444444444444 -1427.39553565696 0.405558580154092 0.336248689645074 442.314740860043
"363" 0.444444444444444 -2297.14618244508 0.363608281635766 0.332493495126279 467.151588064129
"364" 0.666666666666667 -846.022265624376 0.668702646325968 0.478835309602469 306.948073120136
"365" 0.444444444444444 -869.643493476686 0.541772843167439 0.400654261969155 373.943312680838
"366" 0.444444444444444 -3299.55095695762 0.356188984995524 0.322932222065726 478.971549274609
"367" 0.444444444444444 -2223.96675491546 0.462860222418334 0.361563948360409 413.095291126892
"368" 0.444444444444444 -1708.75399771563 0.335166636289307 0.31380923877422 469.933852763544
"369" 0.333333333333333 -1012.68556853816 0.214460557149192 0.271680859608429 532.61841985858
"370" 0.666666666666667 -1058.10701868777 0.631871443505698 0.453930034009172 331.680622458411
"371" 0.333333333333333 -1084.59669711274 0.33741618343773 0.315928081211126 469.616095505166
"372" 0.444444444444444 -990.920763280539 0.45513811850427 0.362983741484233 414.380210052826
"373" 0.444444444444444 -1101.51689212618 0.466577195683948 0.369414631257796 414.547828159505
"374" 0.333333333333333 -1997.59838242374 0.390875351871428 0.334753063359946 448.732484896015
"375" 0.333333333333333 -2405.69325634678 0.42622745448205 0.357785613394501 431.755891236663
"376" 0.444444444444444 -840.149578387047 0.516667284508352 0.383222395198509 383.355455391668
"377" 0.222222222222222 -1695.87013561604 0.183550413191404 0.283726519643593 544.049292705115
"378" 0.333333333333333 -1803.23474859095 0.231952052207419 0.294730119987605 532.262604570179
"379" 0.333333333333333 -1622.45924480114 0.203808011077381 0.272864406299066 531.533154463931
"380" 0.555555555555556 -1144.72063056285 0.706030658485892 0.530367669932396 301.880052509112
"381" 0.555555555555556 -1252.32822866374 0.56436622024345 0.411663177506133 365.39825180592
"382" 0.444444444444444 -821.14931703181 0.499514619386499 0.378942063529012 386.207745725801
"383" 0.333333333333333 -1371.48300827129 0.461099904925869 0.366262166222812 420.519819781859
"384" 0.333333333333333 -1823.21974828602 0.214751145446321 0.28181330460485 533.280021549854
"385" 0.666666666666667 -600.917978629157 0.717907012049365 0.51660502461484 281.649382439419
"386" 0.222222222222222 -3074.70030431587 0.303145007901774 0.303126838941608 483.409774893173
"387" 0.333333333333333 -1764.35736313525 0.142815616271754 0.260585711584259 572.274764666078
"388" 0.444444444444444 -2074.7649885041 0.522181066979328 0.392793476816071 393.18143671935
"389" 0.444444444444444 -1421.9303803412 0.362815651657254 0.320377470028011 465.696281331778
"390" 0.555555555555556 -1707.38556253713 0.580953253349791 0.406219191788277 359.674322880269
"391" 0.222222222222222 -1163.48666887368 0.438215986311816 0.342487627412615 428.275679265917
"392" 0.555555555555556 -784.644311218004 0.696744029193254 0.50119219254817 297.377836351842
"393" 0.444444444444444 -962.413087496152 0.427888929654549 0.34605866326913 423.103891470516
"394" 0.444444444444444 -969.107389610437 0.359291674609326 0.328212107351676 461.089781258604
"395" 0.444444444444444 -1285.80373049373 0.537133059136611 0.409000358675118 375.900395837752
"396" 0.333333333333333 -1444.07590648959 0.279050950658082 0.294923705106207 502.863852236257
"397" 0.333333333333333 -1043.21126237923 0.650824964087153 0.468035066604247 327.880025670445
"398" 0.555555555555556 -1688.18031781119 0.438734300162132 0.366101562196605 432.5144031381
"399" 0.444444444444444 -1277.83492005834 0.372405747592028 0.338499595304111 454.342525636032
"400" 0.555555555555556 -742.657645499859 0.707383878667322 0.506498843947125 288.84451065131
"401" 0.333333333333333 -2086.27925630671 0.145478620904997 0.266680111948962 574.640718286834
"402" 0.444444444444444 -1517.33951276417 0.334258639985473 0.313914293738449 475.69860733808
"403" 0.333333333333333 -2798.53175261829 0.395410875178703 0.326673013437629 444.838963068463
"404" 0.444444444444444 -798.087862781977 0.584786068105634 0.433685919405906 353.379204078764
"405" 0.444444444444444 -927.182877637735 0.502814130933906 0.377877276385238 388.849448386091
"406" 0.444444444444444 -3895.55708402805 0.41421840749525 0.354390312975395 446.925699111004
"407" 0.444444444444444 -1627.63464121068 0.441164581001426 0.348974062879891 415.956645145034
"408" 0.333333333333333 -1708.73881695673 0.183057170868615 0.270526985092405 537.775758705963
"409" 0.333333333333333 -3217.11045690323 0.272276821430974 0.29570844497573 517.552666191384
"410" 0.444444444444444 -1510.69991990831 0.318231557623614 0.303155182321772 482.410035515344
"411" 0.555555555555556 -1391.00461571548 0.517662160733479 0.400221746844439 391.662222761149
"412" 0.222222222222222 -1427.42973921902 0.437433302063481 0.347944639562531 419.34455161537
"413" 0.555555555555556 -1063.99288108798 0.719161404693283 0.529311502257892 291.637227820349
"414" 0.444444444444444 -1611.37905437468 0.257443868958366 0.304995912728594 508.716787695256
"415" 0.222222222222222 -1272.03809136039 0.194134947969944 0.281192834176569 545.344316277909
"416" 0.333333333333333 -1273.43815273059 0.472876113489684 0.366415331727092 412.300839788583
"417" 0.555555555555556 -1274.55907033366 0.546011480579519 0.407886705714424 372.425797867193
"418" 0.555555555555556 -1055.1476058162 0.623441679614201 0.444514431360028 331.394368253113
"419" 0.333333333333333 -1371.57067805564 0.381577340793639 0.337737649059575 453.685644800565
"420" 0.333333333333333 -1460.67540352801 0.428692561478311 0.338272168534083 429.679534924985
"421" 0.222222222222222 -2352.87970584381 0.145166840057014 0.272372702981084 580.157977662049
"422" 0.333333333333333 -924.155413520171 0.360459698135159 0.322559511925271 457.624874724075
"423" 0.444444444444444 -1165.55885739877 0.609928268995069 0.429754180526809 346.239347584755
"424" 0.222222222222222 -2236.32981763021 0.152230535797033 0.26804519571991 571.575860236213
"425" 0.333333333333333 -2702.13834040336 0.222735415025636 0.280888992137741 543.553824767936
"426" 0.222222222222222 -2223.09556715736 0.572784524435261 0.406187709944869 360.124467205
"427" 0.222222222222222 -1819.09967423907 0.0608220665688971 0.246578722413496 602.287989313435
"428" 0.555555555555556 -1158.02884220178 0.598797996334104 0.422715087652016 344.536049034446
"429" 0.222222222222222 -3582.02191799061 0.154429053518986 0.262631935057368 563.60974545693
"430" 0.555555555555556 -1894.05320486746 0.46650240199184 0.367162360045172 412.065913295769
"431" 0.444444444444444 -2297.22967662524 0.367585209191244 0.329194035945123 456.488374757348
"432" 0.333333333333333 -1241.70739165427 0.551444542259415 0.411755539133878 368.654927523667
"433" 0.333333333333333 -1653.50387032683 0.22079211408193 0.284059060720426 536.339267631411
"434" 0.555555555555556 -1377.56946735545 0.493450250464784 0.384936144030495 401.876378744934
"435" 0.333333333333333 -2755.25741511901 0.319133529258021 0.310675318347438 488.699474230851
"436" 0.444444444444444 -1020.27538217025 0.346319475340275 0.31900670880744 468.189173245826
"437" 0.222222222222222 -1558.41311051323 0.250057409220827 0.287832509959474 512.895264334045
"438" 0.333333333333333 -1222.21456697408 0.358803454168682 0.323424085114408 465.012736088294
"439" 0.444444444444444 -1435.52846255991 0.49937742095635 0.375927392471191 400.695495594991
"440" 0.555555555555556 -1544.80629230523 0.408197853604962 0.353939557998962 447.081999235298
"441" 0.333333333333333 -2142.32438294829 0.209842204171795 0.277687556719497 529.185493611032
"442" 0.666666666666667 -1689.09361123085 0.618389544295037 0.45631360636714 351.152200149628
"443" 0.444444444444444 -2197.2864849117 0.402782975292852 0.339449757323317 445.721858966374
"444" 0.333333333333333 -2205.70817601842 0.332076169763102 0.324840688694368 482.955370472465
"445" 0.333333333333333 -1207.09472690515 0.257180961888989 0.289528406722977 506.15640577767
"446" 0.555555555555556 -934.030640753648 0.660811282182108 0.47251016022598 317.679087615805
"447" 0.222222222222222 -1982.92351497605 0.152618813924341 0.265661273394885 563.430451931665
"448" 0.444444444444444 -1801.85675426505 0.350144445506115 0.314598556188657 466.786242747563
"449" 0.444444444444444 -879.910770855984 0.573475925682955 0.418605016040706 353.882869348209
"450" 0.333333333333333 -1684.82909654526 0.552649930731486 0.400483153120506 370.958217128553
"451" 0.444444444444444 -2321.67717388768 0.471609190521266 0.365054373513853 415.823407633603
"452" 0.555555555555556 -967.549342055931 0.465535518555537 0.363303047239237 405.88537263344
"453" 0.555555555555556 -2492.90246065615 0.456157103515533 0.371153572671064 421.375981395273
"454" 0.222222222222222 -2741.38857127874 0.145780817041394 0.271710135198649 573.248063978692
"455" 0.444444444444444 -2127.62928086151 0.622123887599683 0.448191037628389 333.795795754972
"456" 0.333333333333333 -1722.94124382434 0.300806094545314 0.298778290459278 492.800793736661
"457" 0.222222222222222 -1943.38282199442 0.0569064712462153 0.245501423931662 597.116145584593
"458" 0.333333333333333 -1644.3493585562 0.387992269538623 0.333491691103031 451.764978472353
"459" 0.222222222222222 -3280.36617280819 0.142599825681745 0.273205856840068 583.667799327313
"460" 0.333333333333333 -920.000190033327 0.472228062032375 0.361519102582224 410.149268236151
"461" 0.444444444444444 -1260.91538933551 0.413321147217628 0.349851209009174 437.240186498198
"462" 0.222222222222222 -1320.3308861961 0.114292875469722 0.255994840871811 570.546769671165
"463" 0.666666666666667 -1177.87222438039 0.655387605429699 0.462673654923772 314.1148529422
"464" 0.444444444444444 -1136.14025477753 0.495089518657397 0.376421968687853 390.859645193233
"465" 0.444444444444444 -1804.69596302208 0.557466332147222 0.398693866719791 367.145742672402
"466" 0.333333333333333 -1999.08917445704 0.536690197573787 0.396666165551311 383.215837982809
"467" 0.444444444444444 -1399.48989432829 0.473364981064463 0.367743138149085 413.745838575508
"468" 0.333333333333333 -1326.88400489337 0.254832935676477 0.296612249051339 515.222603881592
"469" 0.444444444444444 -1616.91633862926 0.258447172903824 0.303963432322181 517.649222476105
"470" 0.555555555555556 -650.293628324547 0.549908213291211 0.403204731142447 359.186195108411
"471" 0.555555555555556 -1304.46769169343 0.493612838677969 0.371439463378984 395.136382279266
"472" 0.222222222222222 -2148.45728971779 0.160043426646646 0.272846821370422 562.063132559555
"473" 0.333333333333333 -1824.90465257159 0.362439970595825 0.314599725045367 467.931402107747
"474" 0.444444444444444 -2122.25840574373 0.367423116214849 0.331506851881507 459.820502184913
"475" 0.222222222222222 -3306.50332259742 0.0770743723780466 0.247604367956997 615.900098165148
"476" 0.444444444444444 -1610.39087662967 0.419072084982821 0.351300781831555 434.301765271625
"477" 0.555555555555556 -1389.33164711223 0.46540564931336 0.37439708538972 421.427115799743
"478" 0.222222222222222 -1291.04701804531 0.131535132816746 0.26691514219682 566.941302999784
"479" 0.333333333333333 -1168.2568708266 0.471273142114321 0.358978349608951 404.161747783376
"480" 0.444444444444444 -1636.93905363425 0.480420244362627 0.379326208877079 414.555056405021
"481" 0.333333333333333 -690.766650758492 0.70476936664825 0.511378430222124 293.609868265106
"482" 0.333333333333333 -1352.09935966557 0.29959354902069 0.315269151040893 495.132700282591
"483" 0.444444444444444 -1013.23531862621 0.65723667287025 0.484292079919533 323.851563620451
"484" 0.333333333333333 -1093.37164578182 0.360221694168735 0.325543871520468 461.600977660995
"485" 0.555555555555556 -1663.30174434104 0.568399710835414 0.419236713861291 364.952566705365
"486" 0.555555555555556 -1148.34670409269 0.484492552573366 0.368872234273266 398.503779148799
"487" 0.444444444444444 -1413.71147420244 0.291474387869478 0.308588213184163 496.233383173169
"488" 0.444444444444444 -814.921692261154 0.565668379100664 0.415398372034766 362.438552277465
"489" 0.555555555555556 -1321.65185015261 0.653304238147932 0.477664477076479 328.833920731815
"490" 0.444444444444444 -1566.85849647912 0.284739039805245 0.299988325438893 496.105617301841
"491" 0.555555555555556 -1594.85163443371 0.581756913144694 0.436628718894378 362.311852797354
"492" 0.222222222222222 -1427.88160751076 0.294844552312829 0.319150845124064 504.125125614926
"493" 0.333333333333333 -2387.20915245531 0.268349273981507 0.310662431122073 513.604193481896
"494" 0.333333333333333 -1457.15448899722 0.38348013401172 0.333367054645384 450.634333434165
"495" 0.333333333333333 -1310.97121464826 0.356576960468058 0.320053691852808 462.93138460163
"496" 0.444444444444444 -1801.22919220713 0.393618145270972 0.341758676869834 447.32506209875
"497" 0.444444444444444 -1516.95065325563 0.422032249185282 0.335779715347527 431.524780246406
"498" 0.222222222222222 -2418.79601423223 0.192760052595762 0.268881545032722 544.940106335911
"499" 0.444444444444444 -2024.14731602238 0.447930690610192 0.364532934918102 419.585056894645
"500" 0.222222222222222 -2299.26063977421 0.288625438532143 0.293392302090622 494.786832235428
"501" 0.333333333333333 -1321.85777841598 0.30698399436289 0.306061479211803 488.882841708232
"502" 0.333333333333333 -2427.88832649812 0.207285525988735 0.285892736111484 554.815984778712
"503" 0.555555555555556 -1652.17976421165 0.580228937720994 0.435737734531185 364.717295797891
"504" 0.555555555555556 -1239.06516215588 0.339584653804606 0.309656760723637 466.659844407276
"505" 0.444444444444444 -919.932824450285 0.554043160611938 0.424217168244896 370.467320181313
"506" 0.444444444444444 -1918.79491276116 0.390807556299515 0.325500869186042 445.533277997863
"507" 0.444444444444444 -1096.27654493082 0.551462104926682 0.40585139136547 363.510076391744
"508" 0.555555555555556 -1499.13629654635 0.576361871500628 0.426164205093694 366.138328248332
"509" 0.333333333333333 -1224.71227778595 0.18727422116713 0.270463735248446 542.306606670702
"510" 0.555555555555556 -1300.06901060945 0.561402608409792 0.403737735658031 363.032432730845
"511" 0.333333333333333 -1790.41290088154 0.231343198140762 0.276692583256981 524.540965486807
"512" 0.444444444444444 -775.845913768634 0.632506306256742 0.450691852813518 325.693699618615
"513" 0.333333333333333 -1069.5154529784 0.437524636582893 0.37100072174468 425.598226646986
"514" 0.444444444444444 -1146.08902382379 0.557564138341059 0.40819739260197 362.551909324387
"515" 0.333333333333333 -1254.24388675955 0.409512986718926 0.333223495594118 434.213290859875
"516" 0.444444444444444 -1415.47950006537 0.428504999741522 0.341995575735989 425.430513441213
"517" 0.222222222222222 -1370.0329448691 0.25135518496171 0.299145370190395 513.907604925614
"518" 0.444444444444444 -1511.56827065643 0.438593320393192 0.355138503534101 425.321725550806
"519" 0.444444444444444 -1681.40519191744 0.447790428555601 0.360556076381613 425.060885719559
"520" 0.333333333333333 -1496.48471281298 0.378197390091208 0.33907823788829 452.310969183058
"521" 0.444444444444444 -1670.63119565297 0.556854724674875 0.404054334106759 370.669228730677
"522" 0.555555555555556 -903.63376048919 0.503210692633638 0.374769240965723 385.878838981269
"523" 0.333333333333333 -1232.07222013719 0.363738289921314 0.339108382787248 465.226049899845
"524" 0.333333333333333 -1502.23941133756 0.325608196014276 0.311000073535811 476.413905626442
"525" 0.444444444444444 -1716.57585211736 0.535157135293766 0.399343470422018 377.872273750557
"526" 0.444444444444444 -1526.43556250541 0.531633758777702 0.402872494801391 389.744088445208
"527" 0.444444444444444 -1844.8368990173 0.474006306629747 0.365450409391094 404.124639602215
"528" 0.444444444444444 -996.509717079789 0.575241097204927 0.411997530629582 352.528250002349
"529" 0.555555555555556 -1237.90699513623 0.649361607079905 0.4564677947261 322.46734532211
"530" 0.444444444444444 -1909.98936135415 0.446009946420964 0.34676876450367 417.799652657844
"531" 0.333333333333333 -1290.48588594242 0.450490647288701 0.357218922334187 412.934891001019
"532" 0.333333333333333 -1037.34344348581 0.338247768300835 0.311682803661145 466.495795744471
"533" 0.333333333333333 -1537.66342534592 0.57061092572546 0.422823318931104 368.453235664591
"534" 0.555555555555556 -751.991877492222 0.641103088872425 0.465978822899635 322.879932414461
"535" 0.444444444444444 -743.120027671374 0.732767026480506 0.534615544934108 273.916852117144
"536" 0.555555555555556 -1606.38488142786 0.585038969778991 0.41958871240898 354.382413030532
"537" 0.222222222222222 -2859.82583260253 0.0539375229041062 0.241572781790238 617.844951791433
"538" 0.555555555555556 -1875.84955276574 0.437168922739684 0.347009409050948 422.533011415042
"539" 0.333333333333333 -1026.59487550479 0.495606396835508 0.377316403796397 392.255563327391
"540" 0.555555555555556 -1595.6827692548 0.492385458785218 0.37265995890054 401.627364594489
"541" 0.333333333333333 -1251.619657207 0.347757445141639 0.318396903820505 474.427047045692
"542" 0.444444444444444 -1021.91770796704 0.581855673542727 0.433317898257759 356.923096604086
"543" 0.333333333333333 -2524.15123359007 0.223456865921133 0.274101766607966 540.900503095426
"544" 0.333333333333333 -1340.80329948246 0.221308900118255 0.293324616307901 525.836394772306
"545" 0.555555555555556 -823.941497257015 0.608359674984546 0.455517462694628 344.542754280847
"546" 0.333333333333333 -921.134295710234 0.579859250215525 0.416077575246885 348.757490150468
"547" 0.444444444444444 -874.508979894427 0.54364679783485 0.402834947024803 370.507320129802
"548" 0.555555555555556 -667.445909626523 0.697769497708054 0.494279226233177 292.428678474622
"549" 0.555555555555556 -2111.53715445816 0.649360772965345 0.466134880736504 324.851865816698
"550" 0.222222222222222 -2383.03548068911 0.187765887170551 0.277522857273828 551.978299613157
"551" 0.333333333333333 -1412.03320230134 0.202534362443393 0.278632963423422 532.617399402708
"552" 0.333333333333333 -1160.80796625863 0.533712833326456 0.397732871631525 384.285571888229
"553" 0.333333333333333 -1278.89325223261 0.29397749844561 0.298710352992005 489.884160402045
"554" 0.333333333333333 -1986.26047986851 0.386333325795122 0.329161797311004 439.169821865088
"555" 0.444444444444444 -1956.72619758485 0.265693174057574 0.31132202920055 511.737469762959
"556" 0.444444444444444 -2557.02934944348 0.493584025435271 0.384512872555504 405.119718529377
"557" 0.555555555555556 -1440.99993161145 0.584999032328085 0.42102336967677 352.413652751083
"558" 0.333333333333333 -1750.43049286383 0.431033669152918 0.345755405801928 426.032793615758
"559" 0.333333333333333 -1472.76049022534 0.360710101653386 0.317285614493601 457.83792389601
"560" 0.333333333333333 -2146.74136162544 0.139541076007253 0.261780137711657 568.638858340331
"561" 0.333333333333333 -1358.08214794694 0.248698667817571 0.290689497821278 512.725447731093
"562" 0.444444444444444 -2032.07563362965 0.516026184446204 0.39789880841195 394.670463352161
"563" 0.333333333333333 -2269.19841321997 0.213005288939092 0.276949482287458 533.257780022616
"564" 0.333333333333333 -2008.6715386017 0.120389731749452 0.265725726229956 589.221486849966
"565" 0.666666666666667 -737.255738094032 0.870135068784189 0.693158419279356 209.365746930079
"566" 0.222222222222222 -2389.79298265894 0.177680700986277 0.275190673537382 554.953086441127
"567" 0.555555555555556 -1002.39964477224 0.706792472683223 0.516546644072579 293.407332695811
"568" 0.444444444444444 -2097.57987184767 0.535831296488166 0.397446357365616 373.074533088249
"569" 0.444444444444444 -1776.37636229729 0.289647003328076 0.299499390321118 501.960027198633
"570" 0.444444444444444 -1428.10866978007 0.508154385884734 0.38907620518284 400.886508261017
"571" 0.555555555555556 -1342.75410190948 0.35020592640167 0.314609329223636 459.342588361748
"572" 0.444444444444444 -849.623703718565 0.397716519498855 0.336133719924135 436.345972771686
"573" 0.444444444444444 -883.965610787128 0.560771564666769 0.412978308456872 356.180909995479
"574" 0.444444444444444 -2075.07265150391 0.460459044034594 0.362132746671747 416.39661482668
"575" 0.333333333333333 -2514.3878260433 0.210210046923622 0.288621333218292 537.730006612884
"576" 0.444444444444444 -650.038097584828 0.606859819783608 0.435872399764061 335.009619422909
"577" 0.444444444444444 -1602.20293956532 0.581007607537213 0.425912621491597 359.686050180043
"578" 0.444444444444444 -895.365389276307 0.565134847526419 0.413136568276494 358.317202065326
"579" 0.333333333333333 -1092.06912633148 0.511034580936047 0.381681292324921 386.997821239592
"580" 0.444444444444444 -1334.50853925734 0.475513502408088 0.36962869596071 405.172773866216
"581" 0.444444444444444 -1158.80558051224 0.605598927677406 0.447379780900259 350.841555537051
"582" 0.444444444444444 -1787.76610074723 0.489178096788164 0.371578591289675 397.929003986437
"583" 0.333333333333333 -1146.16683201674 0.514220650864593 0.385704251473079 386.935439990461
"584" 0.555555555555556 -1245.95104944028 0.41205610045209 0.360538274912954 447.26230291517
"585" 0.555555555555556 -1036.50176516685 0.625668205767832 0.447952098197268 335.529782896256
"586" 0.555555555555556 -784.272987609094 0.572281637489034 0.425767005427668 357.871844137763
"587" 0.444444444444444 -2650.95000636981 0.321988661168023 0.317305629254 487.866199674411
"588" 0.555555555555556 -2223.45369600053 0.641610601229085 0.456687317152068 328.642035664897
"589" 0.444444444444444 -1180.56631537802 0.417683186041051 0.346800294184288 432.896777993906
"590" 0.333333333333333 -1351.07328627987 0.341061675950868 0.325602384377823 469.09257913609
"591" 0.222222222222222 -2028.09952199331 0.194499811977158 0.289512280134253 550.154730808549
"592" 0.555555555555556 -859.068538062102 0.63337246113884 0.45204437890787 323.534092190024
"593" 0.444444444444444 -1068.99650836867 0.642732816099192 0.461344856506234 326.367970073153
"594" 0.333333333333333 -1635.05718931934 0.317457457691228 0.309128426622846 482.879837920214
"595" 0.555555555555556 -1029.77001360909 0.709617720445853 0.509440694238373 285.244081968418
"596" 0.444444444444444 -1132.10040136075 0.519773393929132 0.376052735720655 385.008220123593
"597" 0.444444444444444 -1408.94120849063 0.50328471401391 0.383480897447497 388.281264856039
"598" 0.333333333333333 -1385.54281652974 0.2184967754701 0.27626948545444 529.547596174944
"599" 0.444444444444444 -2079.56114874836 0.262744118158791 0.295111905053233 508.646836207388
"600" 0.333333333333333 -1070.58907192842 0.278416050902812 0.295740303081146 505.006464995071
"601" 0.444444444444444 -2003.70674796189 0.46222661392837 0.358679741353429 414.130976143666
"602" 0.444444444444444 -1341.61799852319 0.397964275053969 0.336457217030042 446.067737202696
"603" 0.555555555555556 -1287.27014964473 0.486542021810025 0.364904169421508 396.644139132067
"604" 0.333333333333333 -1535.89495793353 0.423770736846916 0.347426571896418 434.949387109233
"605" 0.333333333333333 -1479.90694271479 0.484217796324445 0.370174710535562 395.212164431531
"606" 0.444444444444444 -1921.6692077151 0.456924939330856 0.364706645580907 415.09437077879
"607" 0.444444444444444 -1745.47877019375 0.414341211548259 0.345526287946283 441.818209946458
"608" 0.444444444444444 -2219.93524325332 0.277424388985223 0.298109143196874 509.217894094903
"609" 0.444444444444444 -1650.85321120812 0.434094224039237 0.353726599156014 432.706871488294
"610" 0.444444444444444 -1665.22899237458 0.412414133545162 0.343482858715393 434.361687562358
"611" 0.444444444444444 -1132.42782203619 0.399254808727339 0.337958309672439 438.228592377389
"612" 0.333333333333333 -1602.92448214139 0.218467139530613 0.278017510382146 531.463481823145
"613" 0.555555555555556 -3064.42979606995 0.404110072144132 0.332138724223548 447.069601979177
"614" 0.444444444444444 -1425.43233520198 0.373355336253864 0.3315454634333 446.597143330704
"615" 0.333333333333333 -1795.19489162702 0.39326911248142 0.331451141649478 448.33215053454
"616" 0.333333333333333 -2050.71965811874 0.210449541237713 0.28239515582857 541.492594503635
"617" 0.333333333333333 -1337.53664550791 0.315282980328251 0.304861101138223 476.454429416545
"618" 0.333333333333333 -2080.6851257979 0.356211310671131 0.332959639976518 470.322188507207
"619" 0.555555555555556 -844.867891847688 0.611972185755252 0.43488307310603 334.124619065132
"620" 0.444444444444444 -2375.10651798055 0.458317436000079 0.357736196210884 421.335380362044
"621" 0.333333333333333 -1051.48666203368 0.296140101701902 0.307598873142727 487.879679337842
"622" 0.444444444444444 -1615.64242380108 0.524928395719671 0.40257599735202 389.027324464126
"623" 0.666666666666667 -751.661239164095 0.576742894889336 0.425240559914447 354.788759204326
"624" 0.555555555555556 -842.556483640988 0.581678023647931 0.415050580202224 350.363870842569
"625" 0.333333333333333 -1118.38089333289 0.381489948523253 0.339447133794566 444.763988369913
"626" 0.444444444444444 -1169.18004152302 0.62091353638717 0.45285088793577 342.856630025851
"627" 0.444444444444444 -838.496668942226 0.474055625232696 0.373977716849673 405.118783830712
"628" 0.333333333333333 -1009.62566871817 0.241385065343873 0.288596093437816 506.829869115096
"629" 0.333333333333333 -2461.60678735539 0.437855404255546 0.345937020759191 439.113441871246
"630" 0.333333333333333 -2678.41900563985 0.228465537405055 0.275261435047442 526.873978973716
"631" 0.444444444444444 -1298.86245141596 0.520735628836073 0.40681109034914 388.097811704106
"632" 0.666666666666667 -1019.10255683327 0.727499805377146 0.541878993114452 288.613505510008
"633" 0.444444444444444 -1014.74644023257 0.379838804029697 0.330367891267213 457.739308089181
"634" 0.666666666666667 -989.65196232968 0.765354082433558 0.573525546946644 266.956801006081
"635" 0.333333333333333 -1445.2950187011 0.49499022977907 0.373636758716993 397.295794855943
"636" 0.666666666666667 -2161.28540656105 0.574329351159955 0.432704062216684 363.782995838928
"637" 0.333333333333333 -2107.38757183213 0.319148657959088 0.297398277334797 491.591959443851
"638" 0.444444444444444 -1086.04225326183 0.515905215171103 0.398640572374903 384.696850145911
"639" 0.222222222222222 -1516.25144088575 0.199678297680683 0.279279721179288 542.98563380742
"640" 0.555555555555556 -1176.55139650417 0.545676382747649 0.404715972393389 378.180567107489
"641" 0.555555555555556 -1197.07630304792 0.587430732328426 0.425762097342519 342.117777795275
"642" 0.333333333333333 -2278.59884603744 0.560647096295394 0.410593249653165 370.981711058877
"643" 0.666666666666667 -931.791895665333 0.666708185644724 0.477453390403362 312.451512017404
"644" 0.444444444444444 -2766.13500674513 0.453144772958824 0.3594783933802 422.551213226467
"645" 0.333333333333333 -1477.24546945283 0.218326944157155 0.288617049680635 526.235539284674
"646" 0.333333333333333 -2020.12035415821 0.259147694819622 0.290736104911083 513.321236092783
"647" 0.222222222222222 -1851.6347066554 0.222605399576892 0.275955038202626 532.141151905735
"648" 0.444444444444444 -890.139272614938 0.558856581210131 0.403807313565738 358.193486990919
"649" 0.333333333333333 -1635.84518044577 0.364491171860749 0.328613463349473 459.93915605396
"650" 0.333333333333333 -3422.02340798989 0.224997549650417 0.282896056936845 535.243505200627
"651" 0.333333333333333 -2170.79385478571 0.345286683678486 0.32177086559979 467.940228070691
"652" 0.444444444444444 -530.358772442738 0.681495965750811 0.490069144220724 301.369276513066
"653" 0.222222222222222 -2463.48409593707 0.0799412951427008 0.254174278938022 611.67013140684
"654" 0.555555555555556 -1228.51366780037 0.55682292480691 0.422112922368787 367.963630571403
"655" 0.333333333333333 -1540.66713128243 0.246515465377287 0.288762964261651 519.504169805581
"656" 0.555555555555556 -1318.82256658967 0.566771662977825 0.418614311415876 367.023442892148
"657" 0.555555555555556 -1277.93261971741 0.540840059895273 0.390379869949586 376.266487297928
"658" 0.222222222222222 -2257.02069091309 0.296169364630265 0.303630430660931 499.266893567098
"659" 0.222222222222222 -1629.6496523302 0.0647019202508426 0.249735333108093 598.628281033318
"660" 0.444444444444444 -1201.1638322429 0.618651148073075 0.436036244795255 335.530565755372
"661" 0.444444444444444 -2102.65860798671 0.355386307489148 0.31460158224238 460.277317681722
"662" 0.444444444444444 -1898.24682238618 0.392592353955824 0.333894808459078 444.41337337608
"663" 0.444444444444444 -1812.92245317205 0.273544257981136 0.312220897815437 513.783343484509
"664" 0.222222222222222 -1390.2003638906 0.180560165073401 0.279687964060254 556.661102856346
"665" 0.444444444444444 -1140.42691658237 0.448746901053065 0.35661863665849 411.813048341055
"666" 0.444444444444444 -1506.09929337588 0.338604479120833 0.327949627761117 472.964063155302
"667" 0.222222222222222 -2056.88608585003 0.235197312764814 0.287852816705394 538.294698693021
"668" 0.333333333333333 -1555.17807170129 0.326665734804084 0.326765382009208 491.612924992736
"669" 0.444444444444444 -1564.19522629982 0.401502619442774 0.332964094090813 439.298134050285
"670" 0.444444444444444 -1242.50408695996 0.2023503677398 0.272722499458159 535.849974260805
"671" 0.555555555555556 -1548.157697475 0.467515969784897 0.367805406910844 408.365057497681
"672" 0.555555555555556 -1001.50838633539 0.674322106927747 0.492991795334119 314.439843862783
"673" 0.333333333333333 -2705.09861278943 0.483898935940651 0.392329281394331 411.122317861673
"674" 0.555555555555556 -1196.38065953937 0.479640842560843 0.374519377526164 404.279887070903
"675" 0.444444444444444 -1453.92454027228 0.545983963035273 0.411595909250242 373.237194863032
"676" 0.333333333333333 -2052.23882218602 0.20917408571101 0.27601832370815 542.15005031093
"677" 0.444444444444444 -925.651988300349 0.635461291498884 0.44826838902388 327.854279631819
"678" 0.555555555555556 -1044.39482202263 0.422171986939876 0.345431856269604 425.952114139101
"679" 0.444444444444444 -1243.5005422504 0.623540495020089 0.450828512048146 338.148816466238
"680" 0.444444444444444 -2322.63654634324 0.496109091266356 0.372092549162407 402.852358255046
"681" 0.555555555555556 -1438.72721536876 0.610333989766916 0.439678095646331 340.630222542537
"682" 0.666666666666667 -1932.42297270324 0.569053927956476 0.41172569573972 358.239909132849
"683" 0.333333333333333 -1246.02923481836 0.189761110186319 0.275177849931789 543.709490210074
"684" 0.333333333333333 -1761.41002676117 0.298023141309053 0.299584001358063 496.098359586927
"685" 0.444444444444444 -2075.62465878847 0.459081343849714 0.367345553273388 414.842427803553
"686" 0.555555555555556 -2229.27395589635 0.5173970200114 0.387722676806978 401.768305293424
"687" 0.333333333333333 -1295.02530757664 0.241491549153053 0.291497631273451 510.42556298757
"688" 0.444444444444444 -869.912937891775 0.719877899495432 0.51848884448957 284.976697196579
"689" 0.444444444444444 -1463.31342645321 0.403763567991525 0.333250972628496 435.484134854306
"690" 0.333333333333333 -1793.25573814915 0.441229419440281 0.354376890531909 429.527071624785
"691" 0.333333333333333 -1637.79678051378 0.301975958868027 0.303060657115089 497.94881538297
"692" 0.333333333333333 -1562.18701302616 0.224099316095364 0.290307421384984 526.531082401401
"693" 0.555555555555556 -952.761882961462 0.633488432816747 0.457068484362712 329.064876770927
"694" 0.555555555555556 -1217.05589918526 0.679542929505735 0.493851965735356 306.496067378344
"695" 0.333333333333333 -1194.05795106175 0.481426390914557 0.361932037098504 401.513390369434
"696" 0.444444444444444 -1536.6624634626 0.308974479182477 0.297712125032397 491.28576980338
"697" 0.555555555555556 -919.525069680177 0.454346117720648 0.360847737739087 413.385205082921
"698" 0.444444444444444 -1858.60895816021 0.411207238898651 0.343883570848809 450.020765654952
"699" 0.444444444444444 -1528.67473132821 0.363868015840394 0.322828002281059 464.306492091273
"700" 0.555555555555556 -1667.20256729202 0.364151981727917 0.332998954532618 474.527092489321
"701" 0.555555555555556 -838.036988342132 0.505347926597971 0.382531552043508 389.852176265954
"702" 0.222222222222222 -1312.99174347869 0.231637241133546 0.277405325502538 525.055666140863
"703" 0.333333333333333 -1606.40804993839 0.543981521179609 0.388610230891503 375.434673348931
"704" 0.222222222222222 -2963.25856385596 0.150876813253148 0.2600969946396 565.339458168484
"705" 0.444444444444444 -1609.80317824218 0.415958334039285 0.335240399647989 434.932573953969
"706" 0.444444444444444 -1104.48439554899 0.535556057144744 0.396636133586274 372.61702675845
"707" 0.555555555555556 -818.805702424833 0.56723880503494 0.416734332245436 364.032617647527
"708" 0.222222222222222 -2486.92242221944 0.30639875855352 0.312964888103731 500.167765523982
"709" 0.222222222222222 -2014.0713359023 0.0570683218757697 0.25072281130838 614.957669080608
"710" 0.333333333333333 -1775.55461635435 0.376493300938272 0.328794067599731 451.438524143631
"711" 0.222222222222222 -1262.90576363543 0.194185071504683 0.278994404123107 536.808078653342
"712" 0.333333333333333 -2200.14692237617 0.390894064428553 0.343004538415134 454.051601572684
"713" 0.333333333333333 -2360.93704982732 0.403836903005637 0.33473354209647 440.035577053204
"714" 0.444444444444444 -867.593249997635 0.800206881356431 0.606769072629014 244.208588212566
"715" 0.444444444444444 -1279.38132841602 0.417576473179379 0.338871566278901 430.443981690728
"716" 0.333333333333333 -4220.84310025805 0.319992593020704 0.300303000653156 483.809000291047
"717" 0.555555555555556 -1630.05018392953 0.474683272906068 0.375523641823087 404.630002518115
"718" 0.666666666666667 -699.24218601591 0.814129660244369 0.627176265501216 242.434890732169
"719" 0.222222222222222 -1397.24325147863 0.142500056762499 0.269205958301893 574.783987372625
"720" 0.333333333333333 -1923.65758374958 0.368821525055146 0.332404390086003 463.476308904914
"721" 0.333333333333333 -1128.87107078241 0.231348744094103 0.30295905178169 521.990073199384
"722" 0.444444444444444 -1129.67017353954 0.390636649901092 0.32837559221088 444.912255808269
"723" 0.444444444444444 -2051.42774520135 0.201566057838387 0.277976431698673 544.773283224041
"724" 0.555555555555556 -847.317930691068 0.500450404181705 0.383683675058123 390.554503151006
"725" 0.444444444444444 -1177.77253409699 0.400463577663343 0.345043052623708 444.716891027358
"726" 0.333333333333333 -1384.74153181408 0.27962643543302 0.296786602989749 497.404414493917
"727" 0.333333333333333 -1677.38264866524 0.393129145770921 0.340719479643954 455.832665608986
"728" 0.444444444444444 -1148.44474107238 0.515027064262663 0.379878665495498 382.026677259849
"729" 0.444444444444444 -2492.8342847049 0.468803547838035 0.360792779813075 416.827008197643
"730" 0.444444444444444 -1764.87195526435 0.440788367770728 0.362468951873327 430.378865763824
"731" 0.444444444444444 -2053.3126389392 0.474649070471885 0.383318257695627 414.024654434458
"732" 0.444444444444444 -1351.31730962743 0.332179807717316 0.310712431760251 465.657413422735
"733" 0.444444444444444 -1542.38635075351 0.446341398010028 0.360737137360564 429.610722177592
"734" 0.333333333333333 -1302.05948506372 0.456451313398431 0.356436367918889 412.588286806829
"735" 0.444444444444444 -2138.87893931321 0.413839191877879 0.34157129329749 439.094037922076
"736" 0.222222222222222 -3713.50579056694 0.0716494103181533 0.249218543767574 606.134302773955
"737" 0.555555555555556 -1254.63234025318 0.502299640719677 0.380187686892104 399.967941527069
"738" 0.555555555555556 -977.951688226186 0.601300984867905 0.437936792456144 350.132282067416
"739" 0.666666666666667 -839.074070995103 0.771780634278371 0.591272862742577 269.525372240273
"740" 0.666666666666667 -531.841975143768 0.864376092846048 0.690010925304291 211.140484289429
"741" 0.444444444444444 -1633.6084716277 0.572102587814392 0.416705576550868 350.462633571215
"742" 0.222222222222222 -2158.2469254304 0.203966242586108 0.277007075002334 538.335746490443
"743" 0.555555555555556 -1940.16129743869 0.569497206427348 0.413021228485134 356.024907588633
"744" 0.666666666666667 -1438.75640138174 0.560500911610659 0.414337677213564 360.167468334804
"745" 0.666666666666667 -1567.5678304206 0.567297705043294 0.415967487553038 362.183304309403
"746" 0.555555555555556 -1075.55302028134 0.410425006386592 0.342947391777583 441.195528545347
"747" 0.333333333333333 -1170.23763840899 0.315151426446819 0.308912590300857 482.188837254862
"748" 0.444444444444444 -616.344529704665 0.694056279572434 0.507354293774595 299.799515889934
"749" 0.333333333333333 -1642.45438566488 0.252160088922388 0.292085853146631 519.751856483007
"750" 0.333333333333333 -1478.38686207127 0.235473207319667 0.290126652969662 530.958736745245
"751" 0.444444444444444 -1069.17102064146 0.446098884964995 0.352624072310151 414.775679067033
"752" 0.333333333333333 -2067.09091724389 0.348666523947239 0.322215511170039 471.659194399021
"753" 0.444444444444444 -1497.29003291091 0.266274127364067 0.296567793005556 513.747802747227
"754" 0.222222222222222 -3141.93695931542 0.0594910191551038 0.240086660968072 619.565057951794
"755" 0.333333333333333 -1844.92433946485 0.271396610454051 0.28742691861891 505.446803069371
"756" 0.444444444444444 -1743.91627079929 0.465426428020911 0.370164737715933 415.751201020367
"757" 0.333333333333333 -2178.76289930965 0.352748885098079 0.314351631596104 459.892277259054
"758" 0.555555555555556 -2342.66039931191 0.445521937129252 0.345667529180079 424.179777499009
"759" 0.444444444444444 -1243.49512735841 0.463844407150065 0.359128311532603 410.098007298028
"760" 0.444444444444444 -3327.32469349302 0.580075836936815 0.411738820325924 361.201289662323
"761" 0.444444444444444 -1286.28677281619 0.527200882538466 0.398371786412596 378.331654218631
"762" 0.444444444444444 -1221.54292247371 0.53535389335107 0.398652576337667 374.693432671553
"763" 0.333333333333333 -1518.60690535841 0.380624059633539 0.343582064774817 451.13936549346
"764" 0.444444444444444 -1258.80120428055 0.564450474846241 0.408072556008263 357.301175696892
"765" 0.333333333333333 -1515.00205008157 0.209973134813572 0.283598778687093 532.399981226632
"766" 0.222222222222222 -2171.38149707581 0.180330971351197 0.274083130742857 550.447003372223
"767" 0.444444444444444 -971.778090216889 0.373988032185353 0.334063589838411 449.40994604989
"768" 0.444444444444444 -1685.70928860246 0.402172651965166 0.329694597829599 442.601196233719
"769" 0.444444444444444 -1899.43488686714 0.267718734425006 0.296505446606912 515.317105089943
"770" 0.333333333333333 -1537.53065002523 0.397326370882717 0.335595831400601 447.189199451171
"771" 0.333333333333333 -2138.8513334884 0.384606992495409 0.326001643112254 443.513303114753
"772" 0.444444444444444 -2140.28282264516 0.42930142408713 0.337300312828187 429.289188306406
"773" 0.333333333333333 -1437.65890431165 0.145971808529392 0.256460270021289 569.092992003192
"774" 0.222222222222222 -1321.15796096816 0.295882539337861 0.297586536106896 494.122114022635
"775" 0.222222222222222 -1667.09588549811 0.192155576279858 0.271431493950474 549.249637730257
"776" 0.333333333333333 -1688.45132999134 0.365115868199333 0.319207889919837 458.248997342028
"777" 0.222222222222222 -1195.22932164225 0.150395269310522 0.263304500428753 556.675749078183
"778" 0.333333333333333 -1573.22666627315 0.39502287976146 0.341583116341725 445.369233481516
"779" 0.444444444444444 -927.077211415441 0.317862479576245 0.315687792904344 483.447929836484
"780" 0.555555555555556 -992.827851627368 0.525551448946748 0.406920860766016 383.421425042953
"781" 0.555555555555556 -1446.09075752345 0.624882885330146 0.446752786069636 339.267113881721
"782" 0.444444444444444 -1588.95422328187 0.523565498354429 0.392575721889619 387.659834758495
"783" 0.333333333333333 -1775.80084476829 0.134922196048315 0.266350911328931 578.704519912018
"784" 0.444444444444444 -1127.03672686537 0.641335600657752 0.450553782939632 321.166063657147
"785" 0.666666666666667 -731.187465634235 0.610468479440067 0.452533292166338 340.153266465478
"786" 0.333333333333333 -2106.27980344459 0.28773820378034 0.291071154229299 509.081502327649
"787" 0.444444444444444 -1220.10871518825 0.282319330233356 0.299560645575046 497.468116307561
"788" 0.555555555555556 -1289.90600012276 0.560578442756537 0.41479986549326 368.641803891328
"789" 0.444444444444444 -859.674992756394 0.537223041479802 0.399111220485834 369.806717358599
"790" 0.555555555555556 -1054.97524203194 0.652868385002215 0.465165860402334 319.489745626319
"791" 0.444444444444444 -1492.64524296683 0.434617787011088 0.344947475834572 430.790728046349
"792" 0.444444444444444 -1243.12797031963 0.411364085443057 0.341012905676601 436.875055757817
"793" 0.333333333333333 -2440.47133079028 0.208060209009609 0.277742865027514 534.644733629352
"794" 0.444444444444444 -1152.64979639543 0.312722396254704 0.305341374612041 477.099897526996
"795" 0.444444444444444 -747.022412359963 0.619611473263976 0.43654187107145 332.471233776724
"796" 0.333333333333333 -1271.76564753513 0.496151465926533 0.390010101654463 397.988199998904
"797" 0.444444444444444 -2365.76509571954 0.514470294920268 0.377527033641216 390.462143033533
"798" 0.333333333333333 -1860.76941188357 0.434489728714411 0.358185471740959 426.47924003196
"799" 0.333333333333333 -4001.18635449051 0.226584216480878 0.281656209582363 547.915492775943
"800" 0.444444444444444 -1703.61329182246 0.442625437824235 0.365355431405332 434.730942539428
"801" 0.555555555555556 -917.064641526412 0.766650756790661 0.578526916566048 268.351679244731
"802" 0.222222222222222 -1116.08265525114 0.30491438026127 0.310464170770356 487.309164034529
"803" 0.333333333333333 -1294.59682332345 0.453743093004015 0.370463390416829 423.945504268864
"804" 0.333333333333333 -1504.3635020192 0.257212165800603 0.303850197404879 523.958725930005
"805" 0.444444444444444 -1575.95072906326 0.283996464415083 0.301527353816659 506.027499798592
"806" 0.444444444444444 -1204.99148540395 0.32849387509733 0.314869753444111 474.704905706085
"807" 0.333333333333333 -1000.99365438328 0.292856053944149 0.294574195317409 492.800723652635
"808" 0.444444444444444 -2744.81037008728 0.347869399424538 0.316182251402373 470.931934072822
"809" 0.555555555555556 -1687.68845345749 0.573607577179792 0.421044537581127 362.810298575414
"810" 0.333333333333333 -1430.56776148228 0.329721892735984 0.320419945456142 482.948172077467
"811" 0.333333333333333 -1213.68023124298 0.431905225533766 0.360725185079887 424.825829112274
"812" 0.333333333333333 -1900.1968907348 0.430458562379275 0.342290303887228 430.877537034661
"813" 0.222222222222222 -1178.25670466389 0.207422299771137 0.282071163225228 536.814008911396
"814" 0.444444444444444 -1850.23496061906 0.497235803607035 0.375740310167325 392.752567464882
"815" 0.333333333333333 -1916.71693007599 0.202266292591434 0.274815458971188 536.470198640786
"816" 0.555555555555556 -1957.17734663484 0.684748309334129 0.48652379669961 308.451833527931
"817" 0.333333333333333 -1118.12059876459 0.32346637199717 0.309105263742416 475.01986016226
"818" 0.444444444444444 -1712.79916484707 0.294002255163512 0.301785804277371 502.799199154112
"819" 0.666666666666667 -1311.1683312606 0.709824719098913 0.516563176752903 295.815947780106
"820" 0.333333333333333 -975.237935391164 0.294776987308555 0.299251958655408 489.691309673246
"821" 0.444444444444444 -841.600444170493 0.65156549726822 0.466521915062135 319.78215705289
"822" 0.666666666666667 -895.009513522172 0.600401473497908 0.431808196158523 340.636008652369
"823" 0.555555555555556 -914.981280662202 0.489195362236592 0.382956427563039 395.150849667145
"824" 0.333333333333333 -1524.07788271672 0.292243204939189 0.297139443800425 491.403107467969
"825" 0.444444444444444 -1256.64384884538 0.352470736108749 0.325925896658587 470.966934673395
"826" 0.444444444444444 -1202.61370585249 0.567341885267292 0.411618861754429 357.921125056455
"827" 0.333333333333333 -2580.28091192136 0.275837313409417 0.296207204685516 503.130987484683
"828" 0.333333333333333 -1168.49215985361 0.559179621100397 0.412299227527551 367.824525478436
"829" 0.333333333333333 -1162.02661805654 0.346830794277514 0.31114170601996 468.598383962689
"830" 0.333333333333333 -1414.41643383464 0.359804066753566 0.315790545148697 462.681993842148
"831" 0.555555555555556 -739.680464003091 0.617305384450794 0.453137359563763 336.474339644378
"832" 0.444444444444444 -1714.44460379762 0.374166359970077 0.335794755249016 467.958336060401
"833" 0.555555555555556 -1200.02452180052 0.632157445866883 0.444444814500422 327.156749382289
"834" 0.333333333333333 -862.2935147892 0.614308534195208 0.432049063730597 338.733663523616
"835" 0.555555555555556 -848.548948555955 0.636949515230232 0.45798096452585 328.417855696636
"836" 0.333333333333333 -1925.28202742834 0.211871930630864 0.278172183162577 531.200695702573
"837" 0.333333333333333 -2744.91383085079 0.382281943622155 0.341141969941179 458.466738090687
"838" 0.444444444444444 -933.6012911985 0.510824490104325 0.392672758575857 387.184264460113
"839" 0.666666666666667 -888.091521142464 0.651635346509149 0.457537805412464 319.386059874343
"840" 0.444444444444444 -1115.90768717874 0.375738937020282 0.331207732506387 452.763265035325
"841" 0.444444444444444 -1617.38045133839 0.461320540562728 0.37105804179184 421.91930365616
"842" 0.444444444444444 -1723.92350849833 0.436961570631911 0.353573141840124 425.598273735726
"843" 0.333333333333333 -2221.70886960108 0.217083056172382 0.277045162580512 526.526384348259
"844" 0.333333333333333 -1009.86126952486 0.390990716120695 0.328980871113519 442.913046166347
"845" 0.444444444444444 -1773.54625280527 0.535477412753455 0.409984699889801 376.906961483671
"846" 0.444444444444444 -1613.32077422006 0.507057188662434 0.376044981792767 394.146705197496
"847" 0.444444444444444 -1934.0626071331 0.435187567620108 0.344562160785168 426.620042649447
"848" 0.666666666666667 -791.361754199486 0.697774959577922 0.499370583011999 291.146972044627
"849" 0.333333333333333 -1930.98912736523 0.263028417095723 0.290164699834224 509.230176825868
"850" 0.333333333333333 -1751.11804892585 0.360210229194485 0.322104546033493 469.223884463427
"851" 0.444444444444444 -1442.39073294263 0.424016209473718 0.355594129641295 436.165112209669
"852" 0.444444444444444 -1385.55236799946 0.339513243833475 0.319190195699072 475.624391375552
"853" 0.333333333333333 -1418.52824742921 0.368613455881959 0.331175719056341 451.051965978509
"854" 0.555555555555556 -1639.62430527592 0.422832622943228 0.345423374172785 433.956546244794
"855" 0.333333333333333 -1536.7073736803 0.395023956986818 0.346702474904066 447.524860920617
"856" 0.333333333333333 -3226.83161477131 0.463638861444808 0.374173611518812 422.88714779017
"857" 0.444444444444444 -1159.7998866414 0.517480805002953 0.383980339826134 381.67257355582
"858" 0.333333333333333 -1126.2734508908 0.274161012141767 0.307066262374582 507.258709881874
"859" 0.444444444444444 -950.152436852557 0.500518804713092 0.381815466639559 390.588039278425
"860" 0.333333333333333 -2513.35311857466 0.350278038671977 0.322469934711289 480.883640484954
"861" 0.555555555555556 -1085.91011355928 0.66157444795189 0.477503496853524 316.556116747134
"862" 0.444444444444444 -1389.62295024558 0.442395922888519 0.352392868346457 425.412180150044
"863" 0.333333333333333 -978.476969816029 0.529323312713687 0.397769306605032 380.391927543259
"864" 0.333333333333333 -1393.18270876562 0.247674868075647 0.295864763047356 516.367420164193
"865" 0.444444444444444 -1220.67931043529 0.445184975947552 0.361501702865954 421.968769900664
"866" 0.444444444444444 -1150.31932217344 0.414584970897757 0.340663504121863 427.039164814656
"867" 0.333333333333333 -2603.58367352233 0.25631409447113 0.3007990873409 532.092565235868
"868" 0.444444444444444 -2671.82038121952 0.272144093832935 0.311357725613254 507.758270582999
"869" 0.333333333333333 -1973.78802795898 0.360277838689388 0.312729101098144 462.31606752302
"870" 0.444444444444444 -1226.65758489726 0.460573372447059 0.359006252554906 410.417300311336
"871" 0.444444444444444 -2186.77935508573 0.356013183179309 0.317838297857286 454.782946766354
"872" 0.444444444444444 -1414.92352152266 0.513288480150589 0.378698689684857 392.75392993181
"873" 0.444444444444444 -1122.90171592417 0.413992385453085 0.342771334630787 433.178763398924
"874" 0.333333333333333 -2387.44944616673 0.303194887226621 0.304688177744137 495.177416498121
"875" 0.444444444444444 -755.890829460552 0.577025682896328 0.431372377568597 352.475202943198
"876" 0.444444444444444 -1679.39830406059 0.283419631963059 0.302894034878871 509.337200729898
"877" 0.555555555555556 -1716.65871787555 0.485309147906323 0.376598742173697 404.150179409771
"878" 0.333333333333333 -1356.61339580478 0.501045050931807 0.389743874798298 396.876535371062
"879" 0.444444444444444 -2242.38203477096 0.421210312969198 0.337194722095492 430.10706206318
"880" 0.444444444444444 -860.246829053965 0.636012404796477 0.450870448853257 327.356232237211
"881" 0.444444444444444 -1396.53160060543 0.365581776272779 0.330802397647673 463.751411585603
"882" 0.555555555555556 -960.64808491706 0.703959064919218 0.502764588622141 292.497520148521
"883" 0.444444444444444 -1947.88911709597 0.357430470876495 0.326142690050911 470.710232802085
"884" 0.555555555555556 -1317.69261642463 0.658328835108659 0.471118630413513 316.196485533565
"885" 0.666666666666667 -726.356488317023 0.660986148454068 0.461974350449641 312.916994600836
"886" 0.333333333333333 -861.898557663888 0.452092897171724 0.356098745872836 411.430206201225
"887" 0.222222222222222 -983.865864390794 0.312144450602987 0.312446079335031 480.05121826937
"888" 0.555555555555556 -2366.60334918004 0.447492228882632 0.356034589363522 430.556746205012
"889" 0.444444444444444 -834.351728670698 0.505512202611055 0.377648986251844 392.531754386751
"890" 0.444444444444444 -1376.57724466501 0.457526359338269 0.358068431231264 405.955321900034
"891" 0.555555555555556 -1484.32918124328 0.503577574365708 0.379935141771019 391.006353740208
"892" 0.444444444444444 -1606.1323171909 0.498406917067445 0.373033639101646 394.36249886849
"893" 0.444444444444444 -1211.19952654666 0.313486235772504 0.318981660256477 481.928349188087
"894" 0.555555555555556 -1071.0982681153 0.501366888563821 0.387207872691063 394.726256251708
"895" 0.666666666666667 -835.439314496512 0.742207347757277 0.538202753558695 275.394461545697
"896" 0.555555555555556 -1534.54662219582 0.491472867258483 0.385851691280972 406.001499511069
"897" 0.555555555555556 -1113.5822745432 0.577564717703042 0.417901614074826 355.355647776392
"898" 0.444444444444444 -1762.67084462348 0.489274647600094 0.372396406295206 407.033949390566
"899" 0.333333333333333 -2777.29236117521 0.130793651864048 0.251681440371805 574.748894030042
"900" 0.444444444444444 -1251.10198912177 0.512433261341271 0.379856483990763 381.65780641709
"901" 0.333333333333333 -1576.33237529409 0.30289845066385 0.295161764105626 492.545956706279
"902" 0.444444444444444 -1676.65916091591 0.376176192845331 0.324623945716055 457.924950783164
"903" 0.222222222222222 -1608.95297073068 0.147945534617383 0.263916634677326 559.982341370801
"904" 0.222222222222222 -1301.18023107467 0.0651679159008647 0.245665635811877 605.766909584589
"905" 0.444444444444444 -1043.14502815135 0.285571926930509 0.303743614692385 492.231791511318
"906" 0.666666666666667 -1854.67876564426 0.591910979063693 0.424932998603221 350.05589006918
"907" 0.555555555555556 -1054.77016077908 0.657232324922636 0.472237641431082 313.032416385668
"908" 0.444444444444444 -1393.21674141451 0.459968464083596 0.35620566518072 408.440760088386
"909" 0.444444444444444 -1068.62999722069 0.500768570401543 0.368773076049118 392.135317287128
"910" 0.444444444444444 -1177.64950103201 0.351954814063623 0.325618354131756 469.200397109147
"911" 0.444444444444444 -1777.08567011407 0.358396225260122 0.314211849456611 461.447578473366
"912" 0.444444444444444 -775.964436665899 0.588994750958963 0.424948868211043 346.480599732045
"913" 0.555555555555556 -1792.01629921211 0.53820396883693 0.414616250048698 386.249111128086
"914" 0.333333333333333 -2221.51935064701 0.536058057414099 0.411337162794461 387.946685928293
"915" 0.555555555555556 -1832.65931075683 0.503203622324837 0.381277175537301 388.354277693434
"916" 0.555555555555556 -1696.85047832152 0.416535508346995 0.342134667934925 429.545821644063
"917" 0.555555555555556 -2020.41333002979 0.44069044080707 0.35273623270305 418.900834224932
"918" 0.444444444444444 -1005.10187141494 0.389195552946501 0.329025073075356 442.702529681497
"919" 0.444444444444444 -1290.65235165346 0.358624825669306 0.328901672772511 464.400237634778
"920" 0.444444444444444 -2311.26511423856 0.43243867311137 0.344104084355263 431.811472959281
"921" 0.333333333333333 -1262.02314771687 0.431684824228572 0.352232136391821 421.072743413458
"922" 0.444444444444444 -1698.86127590253 0.479255720950089 0.379269549337117 417.254423867329
"923" 0.444444444444444 -1042.76754180825 0.570812853727067 0.430550313289584 364.114902593405
"924" 0.555555555555556 -873.466044524604 0.51851041599251 0.387794550577249 385.085704160714
"925" 0.444444444444444 -875.904227797301 0.676371635817988 0.483099596105322 304.732415384008
"926" 0.222222222222222 -1332.80150758932 0.362648291249337 0.322149792271957 461.663576487941
"927" 0.444444444444444 -2797.99434775995 0.340981320539028 0.319190589014946 487.534871424828
"928" 0.333333333333333 -1305.95216789423 0.278983409887596 0.296608405190719 498.406416037725
"929" 0.555555555555556 -1428.36041815202 0.544432180715766 0.409779400585374 382.262056713202
"930" 0.444444444444444 -2226.57509700152 0.499666000926983 0.385863957949456 405.592289844435
"931" 0.444444444444444 -1059.95993505341 0.647502283211523 0.459987616737691 317.635888783564
"932" 0.444444444444444 -1299.28458459055 0.585467177316221 0.41910676439722 354.510576939466
"933" 0.333333333333333 -1586.84415046192 0.268600002656034 0.285975282226801 506.429464310198
"934" 0.333333333333333 -2502.46143673383 0.39616911899614 0.331616218574765 451.501852077385
"935" 0.444444444444444 -1626.6258416 0.456567763559298 0.360709405268048 426.380043895147
"936" 0.222222222222222 -3207.91186317549 0.261112613799192 0.289557481865696 506.542029496818
"937" 0.444444444444444 -1946.74879350018 0.455286637807573 0.358700462673817 409.928311879304
"938" 0.333333333333333 -826.588263378629 0.477683581029651 0.362750266637297 398.356687990669
"939" 0.444444444444444 -982.3446115044 0.396329812583638 0.3334483757499 444.565275801159
"940" 0.333333333333333 -1223.20323552663 0.359836289278132 0.32743840685121 463.539893550449
"941" 0.555555555555556 -934.370959297782 0.533605946034624 0.397485498337395 369.126808706694
"942" 0.222222222222222 -2037.3893995899 0.369516331331459 0.33098604501622 456.954626985104
"943" 0.333333333333333 -1804.67185237822 0.371585620981523 0.317462701849956 457.804303286481
"944" 0.555555555555556 -820.477237508544 0.733139215065947 0.531038724904154 277.27162060386
"945" 0.222222222222222 -1017.06162470167 0.299358834902963 0.303874208668416 483.336024792818
"946" 0.333333333333333 -1566.51507707988 0.574992251980566 0.407982398375361 354.894002215308
"947" 0.777777777777778 -656.797310807978 0.870179763695532 0.693078564248039 208.763440383994
"948" 0.444444444444444 -750.885490210334 0.502433971402309 0.374042324710692 388.079597654962
"949" 0.666666666666667 -968.680139201246 0.568552361353082 0.417578407651964 355.855518402555
"950" 0.333333333333333 -3218.67222407264 0.219360820412395 0.276466500297667 526.743712303392
"951" 0.444444444444444 -1338.87530003331 0.562550246327211 0.40552447703882 362.688902659621
"952" 0.555555555555556 -1048.22726063449 0.711537455679916 0.498700518093029 289.920950238197
"953" 0.333333333333333 -1700.24738489521 0.426250825902262 0.356989827117462 431.473410905269
"954" 0.444444444444444 -1365.22213530422 0.365100203061389 0.323118722641914 457.373099230416
"955" 0.555555555555556 -950.051883727402 0.691444562239535 0.494565724908398 298.371730535966
"956" 0.333333333333333 -1570.39960373492 0.434515603091562 0.355113539062791 423.538755406928
"957" 0.444444444444444 -1188.63680538497 0.417830050927773 0.354995778118314 436.248548988858
"958" 0.444444444444444 -1674.79775787889 0.393331019280489 0.34226469383585 455.902194649307
"959" 0.444444444444444 -2015.0111795738 0.45674505348824 0.359090357460308 412.227338284813
"960" 0.444444444444444 -1058.4267485357 0.393701313722576 0.333834029234164 439.312478947896
"961" 0.555555555555556 -814.741461572611 0.613821875434725 0.452788159679935 338.977590807295
"962" 0.555555555555556 -1572.08335133147 0.492102083370137 0.382189908458624 403.66763744636
"963" 0.333333333333333 -1453.83665624044 0.395464085874379 0.339342615368512 441.583565971255
"964" 0.444444444444444 -1002.46638932095 0.465498730579695 0.362343313762583 406.061970044486
"965" 0.444444444444444 -641.880619436602 0.648633370733713 0.468495006500339 319.451663467963
"966" 0.444444444444444 -669.155000618629 0.594266452642232 0.427036034453293 340.667376894667
"967" 0.444444444444444 -1783.96058601836 0.524409928541753 0.404574503106349 391.308169892989
"968" 0.333333333333333 -1537.52470078833 0.200177842149289 0.270380263632333 537.571011094307
"969" 0.444444444444444 -1543.58332930987 0.482439782076565 0.371063901922721 410.285115025053
"970" 0.555555555555556 -1032.49014372966 0.479763491789557 0.366979467667206 398.830193168763
"971" 0.444444444444444 -1014.83281668656 0.560566832002353 0.414048929983635 369.650468293577
"972" 0.444444444444444 -1366.88575067812 0.516078939441051 0.382180111071643 382.538117584307
"973" 0.222222222222222 -2904.96034082539 0.178276472209243 0.26091688525642 554.256703000772
"974" 0.444444444444444 -1809.83258628924 0.425618462256244 0.357750475717923 437.198452433292
"975" 0.666666666666667 -654.457067735515 0.73037598359208 0.526565691972863 275.708170896489
"976" 0.666666666666667 -1536.94216397017 0.577153854459274 0.432838786151003 365.752554704761
"977" 0.555555555555556 -1188.57477084389 0.616943360486052 0.447364005206841 332.871477600839
"978" 0.333333333333333 -1905.58842271988 0.445894588256999 0.352902498923459 431.572496916796
"979" 0.555555555555556 -796.294294603095 0.43082576712013 0.352225109881501 427.519619628531
"980" 0.222222222222222 -1451.05598735302 0.0600079313520252 0.248338424159378 611.968013907247
"981" 0.333333333333333 -2494.49645240865 0.215505562265949 0.282271114900982 535.729608708434
"982" 0.555555555555556 -1167.35033136865 0.592991237628676 0.41882642189589 348.852230559033
"983" 0.444444444444444 -996.177200421062 0.603831369316236 0.432798775741049 343.058710945374
"984" 0.333333333333333 -2184.60750549784 0.214548996229264 0.281841495634061 540.329521595803
"985" 0.666666666666667 -810.609165928304 0.661165794765412 0.47983399937207 311.683780749282
"986" 0.333333333333333 -2971.78693516356 0.213476994958837 0.287770257895317 549.941334736254
"987" 0.333333333333333 -1150.27991512946 0.241685115469201 0.286011745321891 518.651301963162
"988" 0.555555555555556 -964.573909580629 0.432693493225913 0.344050448107123 426.606672193436
"989" 0.222222222222222 -2350.77151686732 0.144495656377777 0.259977515954888 570.877200523228
"990" 0.444444444444444 -1550.65640545095 0.258230819868798 0.297920955993451 514.10452801222
"991" 0.666666666666667 -1442.51504924501 0.670444125134153 0.493396884912639 321.087770630792
"992" 0.333333333333333 -1614.32574236084 0.201080884602626 0.278949994290727 547.101146619697
"993" 0.555555555555556 -1060.00560193986 0.581558627861956 0.429764945164389 350.830459521012
"994" 0.444444444444444 -1097.52212080413 0.614893958273249 0.444571436851842 338.138878241251
"995" 0.555555555555556 -1210.78230690183 0.643551058256462 0.464642764024266 325.550888719084
"996" 0.333333333333333 -1828.8642907711 0.356360111968517 0.328131311262175 472.396670628781
"997" 0.333333333333333 -1832.66293678308 0.335432734614527 0.317271006361906 478.095464100083
"998" 0.555555555555556 -2269.85202450177 0.339568683718326 0.326147932227036 472.107296545454
"999" 0.555555555555556 -1703.44522485597 0.529012508491505 0.396915449626234 381.510087227332
"1000" 0.333333333333333 -919.053062126505 0.593886947889839 0.417187579399628 346.373487209296
