"SCI" "RCI" "GER" "MSM*" "MIG"
"1" 0.4 -1257.10124977294 0.544182071799397 0.0813246248847064 1668.9492072838
"2" 0.371428571428571 -1367.63568271366 0.396793486999515 0.0630996699635166 2167.0147599857
"3" 0.257142857142857 -2501.39857488406 0.453297757566387 0.0701919690157338 1986.70014884491
"4" 0.314285714285714 -1538.39272212158 0.510413261766305 0.075433994440297 1805.26600756592
"5" 0.342857142857143 -1642.84386506557 0.428459876622887 0.0652245241577767 2061.75534831049
"6" 0.314285714285714 -1974.95554902717 0.447577318226266 0.0684824440451874 2008.23832498012
"7" 0.257142857142857 -1095.36752301836 0.464475461556241 0.0702370254876366 1934.12547830002
"8" 0.371428571428571 -1508.58241933739 0.501334611684969 0.0747406198950209 1826.24761724252
"9" 0.457142857142857 -961.295764844751 0.611405371721447 0.0936883788472144 1449.68306454304
"10" 0.342857142857143 -1649.27175241392 0.388393746844668 0.0606683194400014 2199.17194558346
"11" 0.428571428571429 -1445.53003093305 0.577207094868821 0.0876350993486003 1569.53258619747
"12" 0.285714285714286 -1177.85624140317 0.415583159090049 0.0634814434599364 2102.80313055429
"13" 0.314285714285714 -1805.40295434145 0.474456466976897 0.0707348814640064 1923.56791011729
"14" 0.342857142857143 -1377.45793991658 0.48809308993408 0.0730147741958444 1867.16599414164
"15" 0.314285714285714 -1696.6960087753 0.377649232631492 0.0599019671426262 2233.69354895728
"16" 0.257142857142857 -1649.32681881795 0.327879682329106 0.0552687959635112 2404.78832715476
"17" 0.371428571428571 -1612.19938456833 0.515821905345791 0.0765509117989962 1771.50762936626
"18" 0.371428571428571 -1035.98029109095 0.578703080077767 0.0875222420164068 1562.03105635696
"19" 0.342857142857143 -1103.83530416576 0.572895199934444 0.0866474313178081 1578.81535397276
"20" 0.285714285714286 -1668.1204727424 0.482184678918106 0.0727269474614154 1895.50626231701
"21" 0.285714285714286 -1965.71190579488 0.409665424660982 0.0653782194203228 2135.41457480164
"22" 0.342857142857143 -1309.19141135102 0.475868690315361 0.0708166935973142 1906.7399587599
"23" 0.342857142857143 -1176.66632222062 0.522984255054236 0.0785546889472004 1741.49163355301
"24" 0.314285714285714 -1510.31445698509 0.494314902983802 0.0728612158456604 1848.34551347935
"25" 0.371428571428571 -1393.24719784059 0.456518351208293 0.070385931620956 1961.37385433262
"26" 0.342857142857143 -1519.96950836507 0.489501472946695 0.0730993925631174 1852.3549364546
"27" 0.371428571428571 -1497.47046369775 0.531583986046034 0.0801123157242024 1709.83379219479
"28" 0.428571428571429 -1205.2076251147 0.57209719254648 0.0864180135118162 1573.15917251604
"29" 0.342857142857143 -1982.27806287666 0.469471642144667 0.0707426814317143 1926.57229846652
"30" 0.371428571428571 -1404.41757041741 0.457713948579582 0.0686598174483473 1973.86196016674
"31" 0.4 -1104.44009033738 0.504306804418084 0.0753350758051836 1797.01075230603
"32" 0.4 -1262.90282167669 0.572162861867896 0.0858776024034375 1583.80636205973
"33" 0.4 -1725.94034761927 0.464267706301859 0.0720310308744018 1958.26080660061
"34" 0.371428571428571 -1608.21593115891 0.556438597275255 0.0842808044600736 1636.21929093386
"35" 0.314285714285714 -1410.89887507579 0.473232483586723 0.0698863507032565 1902.04979128647
"36" 0.257142857142857 -1751.85867708717 0.387740418100786 0.0617651397470114 2199.90056627496
"37" 0.257142857142857 -2513.07038764421 0.409617970797316 0.063357153321611 2130.61004167923
"38" 0.371428571428571 -1456.07908634803 0.442313831278589 0.0677693387296055 2017.69257214652
"39" 0.314285714285714 -1893.7569318149 0.399921971233068 0.0619434576507216 2165.374407347
"40" 0.285714285714286 -1466.19896275101 0.413346740576785 0.064292300623453 2105.63018163291
"41" 0.371428571428571 -1477.77229011885 0.511539027367429 0.0782632196043216 1795.43259455028
"42" 0.314285714285714 -1575.90012261599 0.573741594900455 0.0848871060450318 1583.23193188077
"43" 0.285714285714286 -1525.02452707578 0.418019099396576 0.0664834790011251 2095.59698002017
"44" 0.4 -1056.52418049478 0.537241934827569 0.0789958142796935 1699.59290938582
"45" 0.4 -1913.20207316345 0.495988534587772 0.0734153987766674 1829.90308687092
"46" 0.342857142857143 -1370.11031774058 0.557722718205656 0.0853276422950545 1629.88396247676
"47" 0.314285714285714 -1517.93606230804 0.443110296836971 0.0677521753323193 2015.58654240683
"48" 0.314285714285714 -1327.64821741302 0.552624393811478 0.0816506642175254 1634.71501598937
"49" 0.371428571428571 -1528.13715339128 0.497825548996043 0.0748915397397251 1826.67277968251
"50" 0.457142857142857 -1409.23410012642 0.555559798203459 0.08160880587325 1637.2294620519
"51" 0.4 -1121.5806418013 0.4816437057686 0.0723485237735268 1880.29410193232
"52" 0.285714285714286 -1333.86036761539 0.441101632233487 0.0652050070106867 2036.26329743768
"53" 0.371428571428571 -1732.50268569865 0.476315857209683 0.070694822382056 1902.61232434793
"54" 0.285714285714286 -1649.43243450947 0.36952862917376 0.05970977710453 2258.4706844613
"55" 0.4 -1271.0708501691 0.554692196089229 0.0830834866358173 1639.74726174452
"56" 0.314285714285714 -1308.88974872844 0.507807317033307 0.0748753507343365 1792.00587780682
"57" 0.342857142857143 -1720.27814857936 0.359282966858108 0.0590829635681404 2310.18002211027
"58" 0.342857142857143 -1813.8689488767 0.414008232752868 0.0626382353752758 2115.68936432462
"59" 0.342857142857143 -1190.16976512516 0.525936215193758 0.0767970993568956 1732.28870702913
"60" 0.228571428571429 -1501.23263573977 0.454640536638024 0.0700986895800022 1978.09157906697
"61" 0.314285714285714 -1362.51464844552 0.506581336119746 0.0751018396253017 1796.3078086984
"62" 0.314285714285714 -1410.30237069643 0.455696561822332 0.0692129018486414 1970.74814575833
"63" 0.285714285714286 -1878.01888175429 0.406680546275314 0.0625292462890802 2136.60310424828
"64" 0.4 -1297.06288411675 0.491542418773714 0.0741300658466504 1855.03304828502
"65" 0.371428571428571 -2220.1697407665 0.424163249700262 0.0658790966007292 2085.5299818867
"66" 0.285714285714286 -1949.84932806686 0.383963588749399 0.061728951998554 2228.89165523083
"67" 0.314285714285714 -1357.79682052587 0.438800929294206 0.0675837891443749 2022.59751585838
"68" 0.314285714285714 -1791.31088948323 0.460678195582698 0.0698104868072839 1954.84756780955
"69" 0.342857142857143 -1695.21673365271 0.463619701774808 0.0686174419085804 1958.99047233964
"70" 0.314285714285714 -1281.82883241219 0.559269588577943 0.0839497548095807 1617.80330015516
"71" 0.285714285714286 -2070.8303585761 0.373629551074432 0.0608198001817734 2262.03737557541
"72" 0.285714285714286 -2058.152161022 0.41305736788627 0.0630779345916592 2143.17657505988
"73" 0.4 -1118.20687740737 0.508143801773654 0.0764834662576313 1789.58815265336
"74" 0.314285714285714 -1667.66421531573 0.516962204642125 0.0760538796306783 1768.58892072201
"75" 0.285714285714286 -1362.0773529271 0.423388852785396 0.0644923844303253 2083.23356676564
"76" 0.371428571428571 -1110.75631791618 0.506468475081328 0.0763985980371999 1805.50802166722
"77" 0.314285714285714 -1821.35427944999 0.441546448984393 0.0666962124202721 2023.35378644815
"78" 0.342857142857143 -1249.03846862853 0.585405027593979 0.089322833783959 1542.72585042945
"79" 0.314285714285714 -1931.4205073915 0.518977358156166 0.0778167457295412 1763.98479480319
"80" 0.371428571428571 -1613.60586068474 0.507975060518472 0.0748287746544209 1807.26826802543
"81" 0.428571428571429 -1638.79308974339 0.457294620832811 0.0679453646885105 1974.69617142562
"82" 0.342857142857143 -1701.87913683171 0.458578199425738 0.0687053684740084 1984.56870229331
"83" 0.2 -1855.71943016605 0.378763278633113 0.0612457093171196 2213.79339117316
"84" 0.342857142857143 -1461.51958912192 0.457300201745615 0.070957465073363 1972.10436317776
"85" 0.257142857142857 -1655.9696384857 0.366755020810446 0.0597648605423409 2273.5203199788
"86" 0.314285714285714 -1252.47784538823 0.528259835808966 0.0790161102508005 1735.13805279143
"87" 0.257142857142857 -1761.76722234053 0.373790009737639 0.0605341105885308 2245.95576549731
"88" 0.314285714285714 -2299.36380291756 0.411055796939417 0.0630893172286713 2133.06657855697
"89" 0.228571428571429 -3320.46255257276 0.294277002021396 0.0537982639428136 2524.53549431913
"90" 0.314285714285714 -1267.59303206285 0.448311687014944 0.0684509626962025 1991.50405577572
"91" 0.228571428571429 -1542.05366329832 0.342798683877029 0.0576782638477551 2346.96313255866
"92" 0.371428571428571 -951.661132736292 0.585534612533138 0.088079098711827 1532.10907186323
"93" 0.257142857142857 -1417.05124093212 0.37105794064488 0.059640278600917 2235.97359702201
"94" 0.4 -1159.02215344694 0.518647303629593 0.0784342557283866 1757.04630335255
"95" 0.314285714285714 -1855.29541679721 0.38143924393669 0.0601386512632381 2230.31852903326
"96" 0.314285714285714 -1849.70732789663 0.430261501066784 0.0650885518019363 2087.66431041168
"97" 0.428571428571429 -1079.46165587559 0.596675627545111 0.0901880014216587 1502.36708025278
"98" 0.314285714285714 -2013.17474170194 0.423515538975841 0.0661672942441129 2090.54186363636
"99" 0.257142857142857 -1446.06985830941 0.440031641116025 0.0664776573744554 2020.50156509004
"100" 0.342857142857143 -1866.25021421372 0.465910698756957 0.0692214906669743 1949.21640297523
"101" 0.257142857142857 -1962.9676073923 0.396967440489005 0.0625746759803117 2181.54914811882
"102" 0.285714285714286 -1559.97548622711 0.443545382723382 0.0673114718758089 2028.66086661212
"103" 0.257142857142857 -1700.96506232757 0.364612888036371 0.0598235224018749 2278.00163636337
"104" 0.285714285714286 -1461.15455317502 0.409649064334483 0.0642568338158213 2116.24641412436
"105" 0.4 -1426.76174560319 0.558214369758488 0.0866414283661028 1642.6723043483
"106" 0.428571428571429 -1246.82956152451 0.482758300797191 0.0702703701024731 1883.37353815306
"107" 0.285714285714286 -2053.68492334788 0.315691042202331 0.0556304565767554 2447.62682860014
"108" 0.371428571428571 -1861.90132223433 0.461857257845734 0.0686285218929427 1947.99545641531
"109" 0.314285714285714 -2277.5985533596 0.390559041340419 0.0612505950280127 2205.60016476604
"110" 0.4 -1539.0116442677 0.558418079434779 0.0821245101113485 1631.87149262936
"111" 0.371428571428571 -1114.87555638436 0.502164074323531 0.0748185266052683 1802.69356087826
"112" 0.228571428571429 -2353.20332241162 0.317070120230567 0.0551665273300061 2443.0184299725
"113" 0.371428571428571 -1293.52343656456 0.490929627693608 0.0728951950642188 1847.87851975992
"114" 0.285714285714286 -1161.31966103788 0.427333032068538 0.0649977563676297 2050.45302205849
"115" 0.428571428571429 -1380.5019921876 0.543113247780183 0.0804938534424841 1684.14416598941
"116" 0.4 -1592.77328103834 0.545837019303009 0.0800355425522206 1679.10231624441
"117" 0.285714285714286 -1628.11004333346 0.500461340819544 0.0750396655478781 1824.33468486788
"118" 0.342857142857143 -1003.7469274181 0.569677166347492 0.0856987728032926 1591.59479573437
"119" 0.4 -1577.77022394569 0.532735697518616 0.0782264503600169 1713.86563669513
"120" 0.428571428571429 -1373.09706160048 0.579636498307122 0.0861100003808558 1563.37923058216
"121" 0.342857142857143 -1612.32592759091 0.394909852071864 0.0611102641603604 2193.38661965699
"122" 0.342857142857143 -1617.23683592968 0.540981688497631 0.0803716659036527 1695.74801701201
"123" 0.257142857142857 -1630.01726592779 0.43385445441355 0.0668075477421406 2039.44316814418
"124" 0.428571428571429 -1570.90337814435 0.478603130714215 0.0718221852525474 1883.10935256941
"125" 0.371428571428571 -1861.12699964415 0.467326528905667 0.0709055410370788 1938.71237344872
"126" 0.314285714285714 -1227.40904451139 0.506232190943416 0.0774357349739398 1800.21341485579
"127" 0.342857142857143 -1563.06157100605 0.409794361800518 0.0657315122641302 2137.12950117576
"128" 0.285714285714286 -1273.98176227763 0.427297805708722 0.0663367154023855 2062.60054700639
"129" 0.342857142857143 -1516.49475769366 0.408100404133545 0.0645958872981578 2134.02832342971
"130" 0.371428571428571 -1717.22432688148 0.479284075021406 0.0702143734374267 1895.01484488158
"131" 0.342857142857143 -1391.25319673346 0.42850332115526 0.0653567425901714 2060.53748445762
"132" 0.314285714285714 -2106.59014399176 0.392212285122606 0.0645081245750015 2199.22891914463
"133" 0.285714285714286 -1719.84629625751 0.423653661175773 0.0653456684462621 2110.2905180392
"134" 0.342857142857143 -1298.48710918354 0.493847439583434 0.0755150194215868 1844.33176193316
"135" 0.371428571428571 -1174.05466543048 0.571954975115223 0.0873526144247228 1583.23500586897
"136" 0.257142857142857 -1746.96070015152 0.410856655439439 0.0646670701706158 2126.35070460737
"137" 0.314285714285714 -1186.97777739055 0.532142038523752 0.0778644025595214 1714.07851464855
"138" 0.342857142857143 -1065.25844303585 0.60673868954997 0.0930652435527051 1464.0094823761
"139" 0.4 -1105.57091015169 0.641460551803547 0.0997002942338314 1358.57751179378
"140" 0.371428571428571 -1588.16743911882 0.507381418524643 0.0754669672460544 1800.88118664084
"141" 0.4 -1548.98452487073 0.513800834892174 0.0788155509320959 1779.30874709745
"142" 0.314285714285714 -1639.37539331558 0.474415542806241 0.0728108769182055 1921.53287962535
"143" 0.342857142857143 -1450.68723077825 0.40946874001226 0.0622160422452502 2126.60909502948
"144" 0.4 -1495.99200039347 0.479516133765282 0.0711271314673325 1889.8402235891
"145" 0.4 -1573.82593252102 0.506090619277442 0.0757000796359153 1806.18628793241
"146" 0.285714285714286 -1495.15362006141 0.400819218741385 0.0620127698389715 2167.70620692921
"147" 0.371428571428571 -1280.51579701274 0.474245653148305 0.0706024206232275 1906.03671364531
"148" 0.342857142857143 -1477.86585895491 0.469001442080446 0.0707490796558134 1928.24346964532
"149" 0.428571428571429 -1334.38920744535 0.612484740639612 0.0946928849173481 1445.04647902995
"150" 0.371428571428571 -1243.08452118926 0.48137340113107 0.0726078726934417 1886.63820278045
"151" 0.285714285714286 -1867.57340261386 0.395776559791798 0.0623500319248587 2177.8830117367
"152" 0.285714285714286 -1275.33719765588 0.45469674566002 0.0673496481652237 1977.12850596665
"153" 0.342857142857143 -1394.73523210282 0.538299361674155 0.0802725190438345 1702.55468102377
"154" 0.342857142857143 -1061.19019450789 0.590997228506543 0.0882395322039067 1508.5337816077
"155" 0.285714285714286 -1681.69198311938 0.440069507486114 0.0679361370770253 2023.59008823482
"156" 0.342857142857143 -1222.47199304635 0.480177673892244 0.0720430294139833 1882.99108822008
"157" 0.314285714285714 -2254.58118267441 0.469053153304986 0.0705946083667933 1941.82178589923
"158" 0.428571428571429 -1703.54472687388 0.464441047836816 0.0690437344550917 1957.35034131314
"159" 0.342857142857143 -1291.09344352135 0.501155916974783 0.0750515256476495 1820.18725357783
"160" 0.4 -1328.76421211103 0.559052534327803 0.0827017975827686 1624.11590892518
"161" 0.342857142857143 -1823.86712897535 0.478114344161193 0.0707292623987421 1902.04828667018
"162" 0.314285714285714 -1992.79264610637 0.51271983951719 0.0783208155092494 1799.3805531179
"163" 0.342857142857143 -1707.44747331242 0.413087623701168 0.0629901233495892 2107.52545796723
"164" 0.314285714285714 -1858.3608963874 0.482957762304353 0.0698797465871866 1888.9216160441
"165" 0.314285714285714 -1293.08738688334 0.502221371061544 0.0738317510220639 1813.86290835088
"166" 0.4 -1497.99890221433 0.507395925906248 0.076214741879576 1816.80361146538
"167" 0.457142857142857 -1528.78207291139 0.583697551406584 0.0867484309311593 1540.59227625884
"168" 0.285714285714286 -1641.2412790532 0.464840784999954 0.0700169989073744 1953.91184095708
"169" 0.314285714285714 -1604.23032410386 0.422225762003851 0.0643840712084688 2077.93744391894
"170" 0.457142857142857 -2089.10479248235 0.598565501867768 0.0896397988142345 1505.17798830353
"171" 0.314285714285714 -1415.54689601675 0.436977721594177 0.0674536680092126 2027.40789829012
"172" 0.285714285714286 -1684.86130845881 0.43321363978924 0.0669541970545693 2042.53458331445
"173" 0.285714285714286 -1235.59112849594 0.561074035488226 0.0843044894369012 1623.70240391069
"174" 0.428571428571429 -1197.7470355431 0.507204030896235 0.0741092969319895 1793.45505586051
"175" 0.342857142857143 -1409.4036551491 0.451744350776494 0.0684333687491468 1982.15318919169
"176" 0.257142857142857 -1483.75178630711 0.497503248570001 0.0751285321509768 1837.29659738067
"177" 0.342857142857143 -2122.61688198447 0.482353013004017 0.0725075492151336 1886.04795152732
"178" 0.428571428571429 -1456.39117763087 0.465793464223939 0.070062091087405 1935.27337567009
"179" 0.342857142857143 -1461.89892783222 0.408510991077385 0.0638449183442815 2121.36249718152
"180" 0.4 -1184.92734603086 0.571787874639676 0.0862925734192046 1592.30363743877
"181" 0.342857142857143 -1240.76130448876 0.473278563757619 0.0715533023273275 1902.6233972981
"182" 0.342857142857143 -1482.87988319376 0.521826302450882 0.0782312370903569 1753.44590137288
"183" 0.314285714285714 -1315.21133175006 0.564623011026347 0.0850065018762689 1608.53013261494
"184" 0.371428571428571 -1350.25370843182 0.511082220616264 0.07651537608468 1781.35054464358
"185" 0.314285714285714 -1727.61713275024 0.475039251229811 0.0734632324908951 1920.14299896294
"186" 0.257142857142857 -1233.85416160113 0.492207177391976 0.0732789897024286 1846.13706148172
"187" 0.371428571428571 -1630.61981429653 0.449265625770863 0.0659085677739817 2000.17650459185
"188" 0.342857142857143 -1141.96033072877 0.611856448620677 0.0960326919324738 1441.54745238466
"189" 0.285714285714286 -1303.69374834528 0.527727238071324 0.0785818680742647 1731.37012185429
"190" 0.371428571428571 -1308.71061087969 0.528602647948926 0.0784435336658579 1728.72817704014
"191" 0.314285714285714 -1613.40201373307 0.352072152109254 0.0575778310859579 2325.2475839921
"192" 0.257142857142857 -1415.90006565596 0.459833115545867 0.0699806250930117 1961.59717458337
"193" 0.457142857142857 -1586.81680456362 0.586244240945525 0.0869007980345791 1529.5051558024
"194" 0.342857142857143 -1482.67053597319 0.414639379077457 0.0656911391930175 2110.01211211216
"195" 0.371428571428571 -1404.86618324855 0.467474554637945 0.0699508765715525 1928.86389007134
"196" 0.257142857142857 -2451.2237862634 0.505123176207292 0.0747676177632668 1816.7782490456
"197" 0.285714285714286 -1434.71226153051 0.500400280790725 0.0741679759379568 1834.32996433202
"198" 0.314285714285714 -1449.52963271042 0.482276824482071 0.0717293220196603 1885.19235081659
"199" 0.314285714285714 -1932.34821282451 0.396902769047523 0.0640275013181502 2171.89283110718
"200" 0.4 -1575.18697878692 0.421465368392982 0.0642898849144748 2071.21814621241
"201" 0.314285714285714 -1854.65978928336 0.463444611640556 0.070124615864278 1955.5291341294
"202" 0.314285714285714 -1499.77311254385 0.46901719072552 0.0698031335471512 1925.71525158531
"203" 0.371428571428571 -1997.92548504342 0.537346193922212 0.0811920953096631 1713.32351502355
"204" 0.342857142857143 -1765.73643384668 0.526636560410708 0.0779597978264784 1751.14991840574
"205" 0.228571428571429 -1661.97779248146 0.394469517351112 0.0630658647938295 2184.42911267476
"206" 0.314285714285714 -1532.03126125548 0.527198901390232 0.0778879637495427 1735.31099161125
"207" 0.314285714285714 -1147.9899777542 0.577306521382665 0.0878057685920918 1566.2676569697
"208" 0.371428571428571 -1477.8168342061 0.524309982479516 0.0776130201781972 1742.02663716797
"209" 0.2 -1212.19359455488 0.446101889279122 0.068425316118945 1990.36335578966
"210" 0.371428571428571 -1244.80687245266 0.522292072470864 0.078232314635471 1759.85870393648
"211" 0.228571428571429 -1765.69071979599 0.368190765376664 0.061122639208133 2255.33624990091
"212" 0.257142857142857 -1875.15339631022 0.31955406634595 0.0553020988052769 2450.58493819151
"213" 0.285714285714286 -1461.835408774 0.438533333595422 0.0676451713055444 2033.52562450901
"214" 0.371428571428571 -1478.52252457008 0.474688742734582 0.0720563535546607 1912.9263644259
"215" 0.342857142857143 -1404.41653885719 0.432247248515578 0.0666111457035327 2043.21153939658
"216" 0.314285714285714 -1596.15956515176 0.484243261060732 0.0718623043744 1886.21978516932
"217" 0.371428571428571 -1504.69574278588 0.440264367136117 0.0685132712868575 2015.85593534852
"218" 0.371428571428571 -1862.23533367743 0.508242961490425 0.0758211969079571 1790.67104848772
"219" 0.285714285714286 -1908.13989285737 0.52903939789367 0.0784429179537929 1746.05221435071
"220" 0.4 -1070.50941211887 0.478604849840043 0.0723291272031055 1881.57676594766
"221" 0.314285714285714 -2192.95199288677 0.514654570762827 0.0772186815546748 1770.11358956566
"222" 0.371428571428571 -1509.99991940227 0.429962626767017 0.0656829479689597 2067.88262474838
"223" 0.371428571428571 -1352.28569631714 0.446490241585769 0.0673758403904608 2001.83780497277
"224" 0.342857142857143 -1436.78250593561 0.485683516912893 0.0727423553987109 1871.06760386601
"225" 0.314285714285714 -1953.0157329164 0.392676745313589 0.0599203831972469 2190.44088520702
"226" 0.342857142857143 -913.256047294013 0.541323524932534 0.08127144126151 1668.92861768586
"227" 0.257142857142857 -2111.90542043414 0.339083082921341 0.0581893199047166 2361.19654362113
"228" 0.342857142857143 -2008.29544585265 0.529982916305636 0.0780717633732878 1725.39141647288
"229" 0.285714285714286 -1544.77935509386 0.429648199911657 0.0657498799523127 2067.09123888816
"230" 0.314285714285714 -1200.54455827675 0.493077676903907 0.0720868337533381 1839.67306006335
"231" 0.285714285714286 -1324.36662311548 0.359558472224956 0.0585381800394767 2286.30526209544
"232" 0.257142857142857 -1452.658782244 0.445714453246107 0.0667523481277145 2008.37640085538
"233" 0.371428571428571 -1585.38504704612 0.471513319421492 0.0702756410822407 1920.58934916249
"234" 0.285714285714286 -2083.38688400493 0.334210228461041 0.056094241769247 2407.07333990694
"235" 0.371428571428571 -1672.37019735944 0.469089066762235 0.0700565952982739 1934.26050909801
"236" 0.285714285714286 -1831.42357017933 0.434960929682159 0.0675015970983212 2040.45573892054
"237" 0.285714285714286 -1483.69671504208 0.40961669919356 0.0640862386395197 2139.40320824768
"238" 0.314285714285714 -2565.30350007598 0.440463080818793 0.0666120954704663 2035.04341691078
"239" 0.342857142857143 -1698.39827094653 0.432077704469187 0.0671335752530385 2056.32393397809
"240" 0.342857142857143 -1071.70041490968 0.485236686402449 0.0729602852092586 1852.43763232337
"241" 0.428571428571429 -1171.19935674169 0.623390044935318 0.0962118187440478 1402.31182284665
"242" 0.257142857142857 -1636.7766815223 0.418913523266071 0.0641441124003801 2095.20266238215
"243" 0.257142857142857 -1478.93211903401 0.475005122421567 0.072059442858365 1910.80686643248
"244" 0.342857142857143 -1267.79903380589 0.540078142656696 0.0831490701901652 1702.38792769764
"245" 0.371428571428571 -1293.63503785329 0.559263984409471 0.0820894173244934 1632.39937711975
"246" 0.342857142857143 -1678.91109744875 0.405795811488301 0.0636031512006975 2130.46499622152
"247" 0.4 -1444.71999709594 0.496500108160062 0.0729704068637954 1845.87412816513
"248" 0.314285714285714 -1395.16837378298 0.4575162367278 0.0683686572509761 1959.68916670562
"249" 0.428571428571429 -1376.08982370046 0.543220285245603 0.0803909787493319 1674.35782418205
"250" 0.371428571428571 -1839.06410385096 0.501065105184306 0.0759304143100168 1825.67874290897
"251" 0.342857142857143 -1287.84488629044 0.539840205754281 0.0805007556945915 1677.00642376267
"252" 0.371428571428571 -1302.6406971591 0.577552759660311 0.0866423901947536 1559.29405129737
"253" 0.428571428571429 -1334.0967073428 0.533781740545578 0.0784939465736874 1703.51896552564
"254" 0.285714285714286 -1762.45969704234 0.303387627626014 0.0537262749914387 2480.85145647564
"255" 0.314285714285714 -1620.95712433828 0.328377452810735 0.0561571285632421 2407.89554338777
"256" 0.228571428571429 -1939.80548301051 0.376524489205683 0.0620405751633251 2243.78184852497
"257" 0.342857142857143 -1550.78718991 0.562605360444511 0.0848028194993239 1619.29627981451
"258" 0.342857142857143 -1342.99528789864 0.476761621218998 0.0707665824885784 1916.03624332709
"259" 0.371428571428571 -1629.33495846742 0.39651062805959 0.0617774498561923 2182.68339090054
"260" 0.314285714285714 -1755.33853899177 0.454084895117226 0.0679842453435922 1989.06405344335
"261" 0.342857142857143 -1251.23716755422 0.448961391650078 0.0690437510388686 1993.02132146795
"262" 0.257142857142857 -1867.99283148614 0.46509334366646 0.0689560794962059 1949.84645392313
"263" 0.314285714285714 -1334.04032549808 0.565325151411703 0.0844359946683656 1606.60023078837
"264" 0.257142857142857 -2167.86944361096 0.303620173156257 0.05489716101323 2491.67701327714
"265" 0.342857142857143 -1841.42888909517 0.473789682975849 0.071193638040981 1910.72817695833
"266" 0.371428571428571 -1372.67099600347 0.537717620879647 0.0798946484290851 1703.2314940407
"267" 0.285714285714286 -1670.87263015266 0.415332789373563 0.065130447923779 2106.50389731682
"268" 0.371428571428571 -1069.2647898155 0.447175825625115 0.0693870093626171 1997.61961020161
"269" 0.428571428571429 -1606.97599074097 0.527455082680868 0.0773428996318887 1734.412344708
"270" 0.4 -1177.05395299267 0.553609737449243 0.0814720922580343 1637.60258927393
"271" 0.371428571428571 -1582.56530948162 0.549509733872326 0.0820407022252641 1669.34532141369
"272" 0.285714285714286 -1506.73945330856 0.396011612823869 0.062749727026421 2165.52296409835
"273" 0.314285714285714 -1244.00141680292 0.485698191018456 0.0714573354247652 1855.60495496583
"274" 0.371428571428571 -1366.68065352118 0.513663618066718 0.07685184138725 1774.73007663364
"275" 0.285714285714286 -1689.66262399072 0.496949846638683 0.0733531860914942 1845.80738145181
"276" 0.371428571428571 -1536.23870725035 0.501718187366799 0.0737499882135447 1827.04434359397
"277" 0.228571428571429 -1540.7368888198 0.419691911462721 0.0632755642611718 2095.72957571475
"278" 0.371428571428571 -1251.19500466395 0.488493543174021 0.0739881165194482 1865.31833017353
"279" 0.4 -1353.30436733716 0.541201831171846 0.0812387425918636 1686.69838393978
"280" 0.342857142857143 -1444.40784163876 0.44590230688327 0.0680904496604014 2003.72267865591
"281" 0.457142857142857 -1446.00321301398 0.573166759539236 0.0837412886258563 1577.8951622287
"282" 0.285714285714286 -1107.83487114405 0.545453601666546 0.0813107028025284 1673.59584829842
"283" 0.428571428571429 -1098.32322974779 0.606812372707795 0.0920948818344464 1461.01635449847
"284" 0.285714285714286 -1615.01598556028 0.495824861099304 0.0746417684738753 1843.34366279243
"285" 0.342857142857143 -2030.70501431414 0.452172507757973 0.0672990876676226 1984.00082517571
"286" 0.4 -1210.45492927418 0.580041781367335 0.0861749038868038 1560.06039480294
"287" 0.4 -1222.71277971764 0.557308817377621 0.0818227361262831 1639.76302889253
"288" 0.285714285714286 -1329.24214854214 0.421407122350688 0.0664499317698682 2082.3369030679
"289" 0.314285714285714 -2348.78889627871 0.425001007951662 0.0644515514298622 2099.15399463183
"290" 0.285714285714286 -2040.45803616078 0.36796297651474 0.0590413746809214 2287.99939338529
"291" 0.342857142857143 -1336.3830974898 0.587336252643854 0.088231647491646 1534.83387108046
"292" 0.257142857142857 -2535.66247137804 0.392888035116008 0.0613299674198264 2211.61842915604
"293" 0.4 -1659.6140998527 0.519765195765646 0.0797026639019876 1761.77840108347
"294" 0.457142857142857 -1633.06741910037 0.5205441184826 0.0758870719513584 1759.77996718182
"295" 0.342857142857143 -1427.74516187576 0.496721252794305 0.0729273409871103 1845.13837588818
"296" 0.457142857142857 -1345.24820904497 0.533709206934705 0.0776677757124899 1717.74860564631
"297" 0.285714285714286 -1544.04713341401 0.404959376365928 0.0626491544321812 2145.36378148444
"298" 0.285714285714286 -1305.82090716765 0.444606452704055 0.0678956117737778 2004.90485883181
"299" 0.257142857142857 -1490.0901242635 0.42490041968105 0.0665215794480759 2069.11294158173
"300" 0.257142857142857 -1246.81503742901 0.496478431584832 0.0750023270672701 1833.35884786796
"301" 0.314285714285714 -2287.64484333018 0.403144030342308 0.0635121227325361 2151.92903835031
"302" 0.342857142857143 -1352.95525359008 0.496233925978572 0.0769040353475804 1832.24564823715
"303" 0.314285714285714 -1221.26749990226 0.552895902917602 0.0830103599439631 1651.07781919097
"304" 0.257142857142857 -1994.45722725307 0.372040398763335 0.0589448481593443 2252.15403205986
"305" 0.342857142857143 -1441.70602810246 0.521548691955847 0.0782191122096714 1746.17446767258
"306" 0.428571428571429 -1487.9776376411 0.50735465005491 0.0740376763100937 1794.57269181743
"307" 0.285714285714286 -1127.16385091976 0.535498785492365 0.0779769403191987 1703.30414198389
"308" 0.371428571428571 -1644.90877027373 0.442608325790227 0.0672047142694047 2008.73347305574
"309" 0.314285714285714 -1585.6932297757 0.515170373042527 0.079103688726125 1782.19631771039
"310" 0.228571428571429 -1691.63601374832 0.427763321454089 0.0668449637131387 2066.45283500011
"311" 0.342857142857143 -1465.74583192532 0.471877056882015 0.0709004003517348 1916.88677800642
"312" 0.314285714285714 -1453.8438879636 0.444425441208498 0.067735775542959 2021.03068913856
"313" 0.285714285714286 -1529.45509705937 0.478056145668566 0.0697667483148067 1906.41844293204
"314" 0.342857142857143 -1672.27936172463 0.413535876363834 0.0643687611697754 2126.25737179189
"315" 0.4 -1648.94583474806 0.52719216096676 0.0777233910044225 1743.52476277144
"316" 0.371428571428571 -2172.83325607041 0.442188251446418 0.0662267321449852 2018.40946831663
"317" 0.285714285714286 -1183.2660366873 0.428341994106663 0.0658842554759965 2051.75412988168
"318" 0.371428571428571 -2191.03259005595 0.507751253559741 0.0754387553746436 1806.3400873857
"319" 0.285714285714286 -1326.92066473049 0.507142151346624 0.0771634012611993 1786.0850362994
"320" 0.4 -1782.24969919302 0.536799149323208 0.079313294088819 1703.01487009765
"321" 0.4 -1775.60334183543 0.427452432675166 0.0649122842093391 2059.05565837177
"322" 0.314285714285714 -1458.33368351729 0.454616314296944 0.0678927813104156 1981.77233634361
"323" 0.428571428571429 -1676.17811866722 0.569111414479507 0.0848248758672683 1599.44763799773
"324" 0.342857142857143 -1979.79834074228 0.446188906619009 0.0679908464135767 2021.77503076873
"325" 0.314285714285714 -1561.32763194137 0.436469482365882 0.0673295828816999 2041.90931351112
"326" 0.257142857142857 -1751.54993024286 0.366572239056876 0.0594028933031922 2278.02123054447
"327" 0.285714285714286 -1205.55613852879 0.528414568070422 0.0791598943463638 1732.33962462719
"328" 0.371428571428571 -2013.47431554906 0.40260828367322 0.0622094959452867 2166.38681650433
"329" 0.257142857142857 -2097.08332889724 0.356471436883615 0.0587505982800072 2314.561648904
"330" 0.428571428571429 -1219.91051189059 0.597770116953718 0.0913382413629707 1486.62597814617
"331" 0.342857142857143 -1141.27484388757 0.55936386827877 0.0844714161255035 1631.00948555288
"332" 0.314285714285714 -1596.60939709902 0.479798690880288 0.0720679868258672 1880.21265807526
"333" 0.314285714285714 -1801.85842224157 0.455532147966624 0.0667953541399228 1994.14578333439
"334" 0.342857142857143 -1263.30435144163 0.534108904328631 0.0791592408459382 1709.67312538744
"335" 0.4 -1132.57642254727 0.573174951803223 0.0865372417681795 1572.61111518307
"336" 0.285714285714286 -2339.499404125 0.35554603203727 0.0580858632301053 2322.54677760855
"337" 0.371428571428571 -1283.87704931493 0.595884505540748 0.0890555726863823 1498.41050135452
"338" 0.314285714285714 -1221.78845584559 0.54749701382934 0.0809972460878308 1668.81517078842
"339" 0.4 -1399.13697385352 0.430659539604942 0.0656231870458782 2057.18665934725
"340" 0.342857142857143 -1767.82033677113 0.48268748743517 0.0722948862401822 1890.73719786142
"341" 0.228571428571429 -1216.18482559813 0.417765226441614 0.064463519059123 2081.48308042749
"342" 0.285714285714286 -1548.95578723588 0.389917823828979 0.0630306965071042 2187.54302936441
"343" 0.285714285714286 -1861.2391895869 0.461880550515806 0.0686886677591449 1959.14601630081
"344" 0.342857142857143 -1256.81530023777 0.518021050720119 0.0778086308087391 1762.35292921424
"345" 0.342857142857143 -1370.60754809058 0.536723303404322 0.0794330032396599 1692.26920027357
"346" 0.314285714285714 -1161.93206199724 0.568032175302033 0.0874636138370609 1602.40736293935
"347" 0.4 -1585.12645704351 0.475760238733259 0.0708698394550312 1899.02240817123
"348" 0.314285714285714 -1629.12495971736 0.436632496756555 0.0653267875058347 2048.70846557945
"349" 0.285714285714286 -1535.85570915509 0.444628917379462 0.0668329750419697 2006.51917187371
"350" 0.342857142857143 -1347.14061124906 0.533340255698269 0.0781763050557639 1714.39091321622
"351" 0.314285714285714 -2071.98402394481 0.386670371835663 0.0608536139876491 2226.37048962454
"352" 0.342857142857143 -1894.35662696235 0.416235563392891 0.0649970201545255 2123.23828516261
"353" 0.342857142857143 -1620.29026662117 0.520914522549004 0.075790130211943 1755.42725020248
"354" 0.228571428571429 -2033.82172496846 0.335935065417994 0.0573060869534193 2376.34329756682
"355" 0.485714285714286 -811.671133885281 0.69817292500094 0.117765349441158 1156.90733872168
"356" 0.371428571428571 -1464.17211026241 0.531238967390803 0.0784699885625347 1726.55642112754
"357" 0.314285714285714 -1950.37079387306 0.377366443727019 0.0595703197010465 2235.16165963799
"358" 0.4 -1821.5008797154 0.405669580163756 0.0620821091464386 2153.87041465168
"359" 0.371428571428571 -1575.98430607584 0.530839470501221 0.0794274163798176 1724.47589015604
"360" 0.342857142857143 -1371.80804365176 0.485813483208512 0.0714834713393997 1865.09720564542
"361" 0.285714285714286 -1592.15205453728 0.492576448810206 0.072743951883321 1859.84159002804
"362" 0.285714285714286 -1542.6947215603 0.413778349652727 0.0647953964657104 2118.60593684289
"363" 0.371428571428571 -1401.36011228635 0.384807877733835 0.0619750021604097 2221.63580638135
"364" 0.371428571428571 -1770.47340065321 0.451530913119049 0.0683698206540963 1986.65703813366
"365" 0.371428571428571 -1254.61702026576 0.591516433460422 0.0923390958203743 1520.16281161827
"366" 0.285714285714286 -1615.36542545825 0.378956353630208 0.0620158206340937 2228.26580874234
"367" 0.285714285714286 -2241.2923093024 0.33858032944245 0.0581506193296108 2379.09878643161
"368" 0.371428571428571 -1332.41986052852 0.603724432623662 0.0928159048925918 1481.97574563084
"369" 0.314285714285714 -1486.26062004826 0.506978413882132 0.075531453317802 1814.21756146227
"370" 0.257142857142857 -1899.77492282191 0.420717607854729 0.0658401684822304 2108.99619756034
"371" 0.285714285714286 -2947.8577511608 0.357989788290096 0.0574192188485611 2337.65873036636
"372" 0.428571428571429 -1442.86812908238 0.491920230900987 0.0727790670779266 1851.97983908018
"373" 0.342857142857143 -1307.14162670064 0.492362812145517 0.0738847642051821 1865.0418898197
"374" 0.314285714285714 -1043.69709876904 0.523876182892584 0.076619210106927 1721.63727112582
"375" 0.428571428571429 -1032.44098823643 0.678479601331912 0.113047537181611 1229.18468825123
"376" 0.342857142857143 -1975.2402988807 0.421241847067978 0.0631234117387389 2095.6718962196
"377" 0.371428571428571 -1560.02164034915 0.442202321408714 0.0668200656971978 2030.45480136647
"378" 0.342857142857143 -1474.04595173491 0.433454721966756 0.0657687711304732 2050.00680729353
"379" 0.342857142857143 -1826.67926422978 0.500720944605984 0.0737241607760004 1821.74323595341
"380" 0.371428571428571 -1744.29975639516 0.527357414470461 0.0798177603956394 1749.94442793585
"381" 0.314285714285714 -1243.58068869985 0.513436540287007 0.0751489449723621 1782.75418827818
"382" 0.342857142857143 -1326.43643915727 0.46314280604633 0.0706091052222482 1943.71538880256
"383" 0.4 -1105.74702142618 0.531681612002951 0.0824006716641641 1707.99985396422
"384" 0.314285714285714 -2045.88596934582 0.456294695436409 0.0684008648888757 1983.68241642696
"385" 0.285714285714286 -1827.64770502146 0.404184369354295 0.062049057434619 2146.07097629162
"386" 0.228571428571429 -1331.42053595263 0.469543251593105 0.0700456111471846 1925.86969792547
"387" 0.314285714285714 -1494.7969246004 0.338412234858524 0.0567703449513598 2371.6424120017
"388" 0.228571428571429 -1518.09614619042 0.360583641585796 0.0612973118902213 2294.03505830773
"389" 0.342857142857143 -1654.67356283379 0.414166928475788 0.0637992743197419 2131.11385241719
"390" 0.314285714285714 -2059.41612793412 0.406415368627108 0.0633280289823475 2151.25914775991
"391" 0.4 -1601.22500889642 0.572796482738964 0.0861813867218739 1572.00406650477
"392" 0.371428571428571 -2230.06120391077 0.526066186008729 0.0783612932218017 1742.23819334082
"393" 0.314285714285714 -1672.54657593013 0.46225474989723 0.0699889420584831 1943.23829902192
"394" 0.4 -1113.61858604872 0.582927695004456 0.0878153233439118 1549.09489657372
"395" 0.371428571428571 -1911.8756168356 0.440328707471993 0.0661181048292346 2020.63293094745
"396" 0.314285714285714 -1652.23730702979 0.461653453717335 0.0705081506015847 1953.59829998725
"397" 0.314285714285714 -1636.37020031831 0.500851853602135 0.0732890929243929 1822.29795711384
"398" 0.285714285714286 -1920.52556593948 0.435309093324452 0.0664084464290575 2044.9195252339
"399" 0.257142857142857 -1694.3794897245 0.44107094974977 0.06748588806917 2019.44770576679
"400" 0.371428571428571 -1186.19023562987 0.55428966937908 0.0817598312286127 1631.59633816558
"401" 0.314285714285714 -1771.42421038367 0.547066046548028 0.081753925048167 1668.39710073641
"402" 0.4 -1447.97678037232 0.582315809980669 0.0891583929147496 1553.82411057139
"403" 0.257142857142857 -1735.95586749155 0.381149311088798 0.0603013117724693 2215.84804988212
"404" 0.257142857142857 -1410.54528888019 0.474985417557495 0.0721865845595452 1914.48392869483
"405" 0.4 -1098.22626597913 0.583121446386817 0.089424301971522 1550.34863811355
"406" 0.314285714285714 -1959.9669538059 0.406878338125476 0.0654331499845492 2146.4975423075
"407" 0.371428571428571 -956.570066076921 0.53427304867104 0.0798859159956393 1698.33453280457
"408" 0.342857142857143 -1659.57646461543 0.461397306117715 0.0691732298965012 1951.50821561277
"409" 0.371428571428571 -1432.23210630032 0.674646270305595 0.109450338122777 1245.34622558114
"410" 0.4 -1435.62738661901 0.565690200777381 0.0849181705539553 1595.7845800058
"411" 0.371428571428571 -1104.13026876675 0.511630101622581 0.0754067648272044 1775.60847730085
"412" 0.514285714285714 -1138.02997399821 0.624689959253603 0.0978385941437328 1412.46977813581
"413" 0.314285714285714 -1665.80688770556 0.345908532299503 0.0568062327076587 2329.31640520923
"414" 0.342857142857143 -1655.6362915857 0.563484090338175 0.0825827099599069 1626.16551887211
"415" 0.4 -1398.9727307766 0.52481314585019 0.0772911212708876 1732.90222169766
"416" 0.342857142857143 -1744.20013694886 0.499300869130867 0.0741294486587482 1834.54950132491
"417" 0.314285714285714 -1644.01820806973 0.453802552408846 0.067953559128139 1976.90718816371
"418" 0.314285714285714 -1139.83005958337 0.490571262601858 0.0717623042935997 1849.43323059303
"419" 0.342857142857143 -1728.71598855345 0.55123226873148 0.082223272661304 1644.22351169224
"420" 0.314285714285714 -1714.39503009452 0.442123297769391 0.0685139893923168 2027.34658046488
"421" 0.314285714285714 -1323.74594304177 0.475324742320979 0.0712163735216043 1906.83379747731
"422" 0.342857142857143 -1926.4631475979 0.412191889885395 0.0641041685900299 2126.32991783546
"423" 0.285714285714286 -1449.45306964136 0.426765447278085 0.0655992203471246 2073.67761676484
"424" 0.4 -1639.26105231913 0.571640440059454 0.0861004173654097 1584.54241491703
"425" 0.342857142857143 -1596.85146562485 0.511424596506032 0.0763619145955513 1791.25427600856
"426" 0.342857142857143 -1542.47803946992 0.466857662605369 0.0718339693121316 1940.45514672977
"427" 0.371428571428571 -1422.9638739961 0.48553832051342 0.0719455801146261 1876.48682308517
"428" 0.314285714285714 -1840.04910947483 0.465798875122504 0.067708118710543 1953.45002080761
"429" 0.314285714285714 -1618.23689626119 0.448772336948986 0.0673293831891063 2015.55949182027
"430" 0.4 -1761.89534360968 0.548855632200874 0.0789220197577601 1668.50885867649
"431" 0.314285714285714 -1298.55458416071 0.491992326858866 0.0726659703690107 1845.87775184168
"432" 0.285714285714286 -1465.08554447589 0.363047754577068 0.059775298966741 2279.38104989217
"433" 0.342857142857143 -2825.34993571213 0.403669549813094 0.0633664954072005 2157.00659366487
"434" 0.285714285714286 -1440.84219212868 0.513637980340362 0.077059971117278 1777.80347317057
"435" 0.342857142857143 -1480.22395895627 0.413680631433645 0.0626861207881923 2118.33753706298
"436" 0.314285714285714 -1486.0584427868 0.401440617574526 0.0635404373445477 2169.38694625278
"437" 0.371428571428571 -1223.68546328242 0.563700444035573 0.085451068450344 1609.96540355559
"438" 0.257142857142857 -1135.99125128769 0.458845897481644 0.0721693371314855 1970.73563115728
"439" 0.285714285714286 -1553.77392114836 0.421607747121736 0.0657072207041489 2105.62422506218
"440" 0.342857142857143 -1504.84922889244 0.478575360802521 0.0720392032795555 1900.78070493791
"441" 0.285714285714286 -1956.34181962612 0.44910570894231 0.0687932684654707 1996.20021532863
"442" 0.314285714285714 -1464.89291295044 0.508756874267012 0.0755976288809117 1804.4913530515
"443" 0.371428571428571 -1535.91364074949 0.501574434293286 0.0733723765028261 1804.42262592353
"444" 0.285714285714286 -1097.00301610183 0.513212213637972 0.077347611463214 1781.15904640143
"445" 0.342857142857143 -1419.71986355456 0.481053653964078 0.0716579086704141 1886.14372075302
"446" 0.314285714285714 -1590.80710065636 0.47161166673687 0.0717364230468345 1917.91947100315
"447" 0.4 -1046.36782657642 0.544653565439885 0.0830885636966151 1672.18155898743
"448" 0.285714285714286 -1476.99600743685 0.525202549209006 0.0781595806684713 1743.67288099351
"449" 0.285714285714286 -1429.78634626788 0.43893126819549 0.0675238104268375 2020.93639254666
"450" 0.342857142857143 -1392.08006893295 0.540101652834867 0.0787744165335286 1690.50307989494
"451" 0.342857142857143 -1268.98591292144 0.46091107935134 0.0696694625096156 1938.9006734266
"452" 0.371428571428571 -987.096583345215 0.544450227157405 0.0820357107966064 1669.96025539613
"453" 0.285714285714286 -1331.15207139215 0.469257503327105 0.0714645242490523 1933.17657787594
"454" 0.342857142857143 -1489.15155839056 0.445169519422585 0.0663435711411948 2008.24254579172
"455" 0.314285714285714 -1322.51047541318 0.468903594080818 0.0704908694376244 1924.65322253752
"456" 0.314285714285714 -1965.70618959445 0.454441641818444 0.067780549899632 1991.24835089469
"457" 0.371428571428571 -1179.15705119394 0.478715794653347 0.0718097064942021 1884.124795295
"458" 0.257142857142857 -1072.02298810243 0.493638345483742 0.0734021317602785 1831.07956268966
"459" 0.285714285714286 -1686.41200210772 0.424468458669128 0.0661020549632067 2086.43466243631
"460" 0.342857142857143 -1430.83121270492 0.442550143247448 0.0665516252676355 2023.12329949724
"461" 0.342857142857143 -1091.13610507828 0.547546388983871 0.0805054425460806 1661.162424099
"462" 0.342857142857143 -1380.74772678581 0.485215341014756 0.0726570254851755 1867.98571475463
"463" 0.285714285714286 -1366.29801541467 0.411596893408043 0.0642120079546483 2110.17996971486
"464" 0.228571428571429 -1707.24982357794 0.388351929149983 0.0627590704150545 2194.85277810657
"465" 0.428571428571429 -1529.51445698869 0.552090478407351 0.0851610064412141 1646.51012521108
"466" 0.314285714285714 -1470.41589269985 0.505642286712326 0.0763550529461716 1812.34309670538
"467" 0.457142857142857 -1026.3346297297 0.65636753148615 0.103849816737786 1294.8245522962
"468" 0.314285714285714 -1739.14224281438 0.42709716668731 0.0660008228082423 2073.88917960112
"469" 0.371428571428571 -1540.767392067 0.446664846726696 0.0669975950813879 2003.11456567688
"470" 0.285714285714286 -1828.12832102285 0.390890421238412 0.0624522050491086 2185.32538905834
"471" 0.342857142857143 -1609.39003274892 0.421838029341711 0.0663344443202543 2076.48346851511
"472" 0.314285714285714 -1783.30273104111 0.446171132169687 0.0692347557939562 2014.93468010894
"473" 0.342857142857143 -1491.39505406011 0.536187852552924 0.0792260693299801 1706.24143338038
"474" 0.428571428571429 -1548.31598839037 0.571687912996708 0.0870714317969968 1591.27015227234
"475" 0.342857142857143 -1566.2348456677 0.523996895829579 0.078861233061794 1737.25250162059
"476" 0.371428571428571 -1278.0917295963 0.490885201657077 0.0737237897786231 1864.60911606952
"477" 0.285714285714286 -1908.53953532925 0.496580851665055 0.0729254440541244 1842.65895130941
"478" 0.342857142857143 -1643.90230331358 0.410822669812247 0.0642561445378237 2122.33862019116
"479" 0.285714285714286 -2468.49954542187 0.361584066963602 0.0612398900162395 2304.42400100738
"480" 0.285714285714286 -1292.00201206076 0.549931472016537 0.084135108476908 1651.08828945881
"481" 0.228571428571429 -1820.68643708703 0.389221399204577 0.0619047668230406 2211.18658361515
"482" 0.4 -1290.82538917468 0.506918709754169 0.0769495837001329 1795.22424273337
"483" 0.371428571428571 -1996.03613283922 0.455875115517306 0.0690634657691228 1978.41328950769
"484" 0.314285714285714 -1309.57535463542 0.463896785367549 0.0704859754530942 1938.78547351001
"485" 0.4 -1397.93404462509 0.521576131082701 0.0783163818348441 1744.33296263946
"486" 0.4 -1750.60544138532 0.429868274784882 0.0652926491265705 2071.65095003138
"487" 0.285714285714286 -1458.47984247208 0.467107690417678 0.0712530902630759 1938.15337539375
"488" 0.371428571428571 -1296.61146310432 0.512767663375077 0.0744227633745096 1779.96854505846
"489" 0.228571428571429 -2154.43122024066 0.323626909147547 0.0563702878195011 2422.38979464323
"490" 0.257142857142857 -1575.73709125855 0.420241897367234 0.0642114647930228 2107.78382336025
"491" 0.371428571428571 -1933.95686402439 0.449192466651037 0.06821436435639 2004.31090281412
"492" 0.371428571428571 -1082.80165535834 0.513588761888923 0.0759806176086329 1786.49712949888
"493" 0.257142857142857 -1617.81651220943 0.461650864904196 0.0693212823485106 1951.13926282561
"494" 0.371428571428571 -1548.51995800026 0.53107482107466 0.0790546271307162 1731.28387043211
"495" 0.4 -1531.63975983246 0.494531109059205 0.0726673662869161 1849.19097612143
"496" 0.285714285714286 -1646.31086186472 0.406911022936302 0.0648590551526174 2125.54239675091
"497" 0.285714285714286 -922.162620612906 0.529240720812205 0.0787338967700036 1722.84111242734
"498" 0.371428571428571 -2139.89825343355 0.439802263584826 0.065687552660602 2040.84238898722
"499" 0.285714285714286 -1828.87181574674 0.355916991803624 0.0576678255385963 2308.51065067098
"500" 0.428571428571429 -1621.69273965681 0.406245022992057 0.0620048798966189 2147.77670963707
"501" 0.314285714285714 -1734.7183758273 0.479901228369262 0.0741834927252302 1899.1468578647
"502" 0.285714285714286 -1448.45256792079 0.51784030135639 0.0785522038920062 1774.58911754055
"503" 0.371428571428571 -1513.84269921462 0.483143977880632 0.0731655881416377 1875.983327182
"504" 0.371428571428571 -1665.38657393226 0.457305695435477 0.0701670117871838 1974.86807110432
"505" 0.371428571428571 -1489.58340747771 0.437140908268343 0.0672984875323134 2040.01096537182
"506" 0.285714285714286 -1165.59220888264 0.492787645050933 0.0744179328651288 1843.38860814564
"507" 0.285714285714286 -1564.11692468163 0.477859865427472 0.0707134936169598 1898.97039261922
"508" 0.314285714285714 -1625.76092967483 0.463815535617133 0.0686482213104601 1942.07940764646
"509" 0.285714285714286 -1837.41139049669 0.337100396281774 0.0588711965911701 2373.03402603075
"510" 0.342857142857143 -1323.18632062044 0.448849937193556 0.0685239807118198 1988.01279226664
"511" 0.314285714285714 -1329.61385638859 0.395241087818744 0.0618168437992588 2183.75277122125
"512" 0.342857142857143 -1420.13509372478 0.5119602058972 0.0758090780252693 1791.65808482246
"513" 0.4 -1201.13194381144 0.540632633432207 0.0789209300341387 1683.28750617607
"514" 0.428571428571429 -1133.04982609813 0.585412677314345 0.0872412071151281 1533.81785374168
"515" 0.342857142857143 -2173.55481149659 0.428573153163429 0.065188835058377 2096.18386949831
"516" 0.342857142857143 -1425.90953707653 0.439510975727643 0.0656398511342679 2020.82920281194
"517" 0.314285714285714 -1969.29407257244 0.423778822944129 0.0644069240552225 2072.18231895849
"518" 0.285714285714286 -1840.9380514574 0.380931521275475 0.0596574057980403 2214.73757505066
"519" 0.342857142857143 -1644.38342294911 0.389360916831734 0.0618605910727609 2183.49356580306
"520" 0.314285714285714 -1500.31315584967 0.465201472888349 0.0706377720691294 1941.112809906
"521" 0.371428571428571 -1607.35281387512 0.438231105085105 0.0670335688585511 2029.06411772881
"522" 0.342857142857143 -1677.7831743096 0.40001612676536 0.0625552740270473 2145.79138034672
"523" 0.371428571428571 -944.296685227403 0.547392566924373 0.0826264251398667 1655.67769594034
"524" 0.342857142857143 -1337.1472904384 0.51862415117807 0.0772480471221052 1758.58980911858
"525" 0.342857142857143 -1347.51303950198 0.499421297523354 0.0747996121392371 1828.99764743253
"526" 0.285714285714286 -1834.56904529409 0.345564906296652 0.0580174250239072 2358.15944798244
"527" 0.371428571428571 -1370.94969978293 0.440400184731711 0.0678020561957585 2010.36534184651
"528" 0.371428571428571 -1136.04028207959 0.539923643558088 0.0795936297835854 1696.40931192133
"529" 0.371428571428571 -1357.6174426675 0.463191267322446 0.069602549831271 1942.73567350614
"530" 0.342857142857143 -1753.13589800704 0.525414844944647 0.0796321912322103 1742.7715753995
"531" 0.371428571428571 -1723.68408901338 0.437184474408869 0.0670221870078925 2034.16053010536
"532" 0.371428571428571 -1286.03000597558 0.496611597460132 0.0735042498345621 1837.33850787745
"533" 0.342857142857143 -2035.38506439183 0.411928807845056 0.0658898520138305 2137.04619869568
"534" 0.285714285714286 -1045.1962138379 0.530652254032025 0.0779889564031667 1713.59875400191
"535" 0.285714285714286 -1486.23847818128 0.391193123799849 0.0619144098577729 2180.55952873533
"536" 0.285714285714286 -1510.60963262212 0.42256313437038 0.0646151943286766 2084.97792759474
"537" 0.342857142857143 -1349.41494156233 0.547886694287457 0.0816707769594024 1670.97829134695
"538" 0.314285714285714 -1796.23919963393 0.417057640823902 0.0641124566261445 2128.05352780579
"539" 0.485714285714286 -1064.14379741066 0.635874186045939 0.101540686957945 1358.17822079568
"540" 0.457142857142857 -1553.11611362374 0.534766074634252 0.0803038741886037 1696.26149696558
"541" 0.371428571428571 -1659.24307101469 0.535339321479652 0.0796014332627414 1716.47033947879
"542" 0.342857142857143 -1344.90094815094 0.55703266808527 0.0830763540906829 1635.35479398801
"543" 0.342857142857143 -1865.46634423413 0.436138299141746 0.0685829128422908 2048.74638318367
"544" 0.285714285714286 -1389.70142692954 0.515712551307784 0.0752444846003847 1766.5317525087
"545" 0.285714285714286 -1174.94346929999 0.637781951197304 0.100195675454662 1357.23442514148
"546" 0.285714285714286 -1999.95768223555 0.445293133199685 0.0684206275145286 2018.25297741612
"547" 0.257142857142857 -1504.52867435088 0.452366976066015 0.0676916658049769 1979.91757157828
"548" 0.314285714285714 -1313.3929360126 0.452623642042913 0.0680647069310971 1987.70320878912
"549" 0.342857142857143 -1878.97418112377 0.503233325223383 0.0752426771466117 1797.07524642988
"550" 0.342857142857143 -1919.62064836036 0.38561244933672 0.0610088238930279 2215.93222462415
"551" 0.4 -1363.08632005233 0.464521810554428 0.070638859495265 1930.94547040455
"552" 0.314285714285714 -1465.85737938565 0.537013815287864 0.0786456726893047 1705.47246525707
"553" 0.342857142857143 -1713.77729816154 0.445849536794015 0.0666612554382377 2021.07683831268
"554" 0.4 -1618.42819476679 0.521532242532313 0.0776860894250046 1746.08326235632
"555" 0.457142857142857 -1017.27369008715 0.627042582206909 0.0990317863486252 1399.6598768404
"556" 0.314285714285714 -1573.0267404351 0.434671654644946 0.0651337334281538 2045.81751833
"557" 0.257142857142857 -2144.49332963474 0.373949774050938 0.0608584020948082 2254.71846929118
"558" 0.314285714285714 -1682.80733603211 0.482819483180208 0.0708583951194182 1902.46087866668
"559" 0.4 -1628.62663548826 0.541707381379289 0.0809956462029833 1694.93725609847
"560" 0.485714285714286 -893.358847208596 0.656684174049542 0.107237967947141 1297.36014094029
"561" 0.371428571428571 -1879.01880355191 0.458514865649649 0.0689363104272808 1961.97841917576
"562" 0.257142857142857 -1705.31452511624 0.401507160901217 0.0630045053168346 2137.74828716713
"563" 0.371428571428571 -1546.93466883093 0.422213179128779 0.0635692135727329 2084.34063685158
"564" 0.428571428571429 -1391.79232475046 0.535583084174958 0.0796077736910856 1710.11539267846
"565" 0.314285714285714 -1305.18533908894 0.456777455379004 0.0701242293981644 1961.09195158968
"566" 0.371428571428571 -1654.98153248489 0.567213688717212 0.0847655579103053 1608.06989799199
"567" 0.257142857142857 -2447.73964921047 0.34733665450927 0.0576992582711392 2353.9106601255
"568" 0.314285714285714 -2122.67131292014 0.382269503148603 0.0612006131603601 2233.57874944048
"569" 0.314285714285714 -1522.08024449921 0.497289891801274 0.072715850855828 1838.37339007193
"570" 0.342857142857143 -1231.16372390296 0.493991657491597 0.0730398191134637 1838.76295427047
"571" 0.342857142857143 -1361.20116474095 0.504945633124525 0.0750975366810282 1813.65150267077
"572" 0.342857142857143 -1707.60393979312 0.445223042864317 0.0674557178177152 2015.78465101612
"573" 0.342857142857143 -1346.08018934804 0.465206754776228 0.0695272631137699 1936.96669711317
"574" 0.371428571428571 -1450.34373098991 0.457346839630596 0.0715135165907837 1974.61751846494
"575" 0.371428571428571 -1279.33711759689 0.57607742884749 0.0851594009483393 1579.06557544127
"576" 0.342857142857143 -1317.39629114182 0.439119467395514 0.0666296691536807 2013.71179388516
"577" 0.314285714285714 -1755.79113325807 0.347287605807832 0.0584841679562345 2347.580978277
"578" 0.314285714285714 -1711.77869425647 0.388384928371679 0.0629636692367948 2200.98337311069
"579" 0.428571428571429 -1458.38620536601 0.483239627917532 0.0718928269950179 1878.71810878146
"580" 0.342857142857143 -1192.80205294277 0.515207409728826 0.075572819875506 1770.46172784206
"581" 0.285714285714286 -1650.4583532604 0.442435925217629 0.0667435779727325 2025.65934626327
"582" 0.285714285714286 -2239.80695936826 0.447246765656499 0.0689155765969352 2030.80960729093
"583" 0.371428571428571 -918.86697979904 0.537924054260749 0.0801827920941459 1677.11087556763
"584" 0.485714285714286 -967.0264692416 0.645356652487905 0.101231786343876 1328.64947110698
"585" 0.342857142857143 -1440.19979033663 0.503536905285426 0.0751371360682568 1808.57175211485
"586" 0.228571428571429 -2352.43576372505 0.375255177414336 0.0596805967329631 2252.42530668874
"587" 0.257142857142857 -2046.60372146491 0.42480326606939 0.0647471470291717 2105.33541064931
"588" 0.342857142857143 -1727.89797903786 0.385926077053511 0.0629387696394278 2222.81826990617
"589" 0.285714285714286 -1673.27377455594 0.507402098018844 0.0751377228916771 1796.57989863289
"590" 0.371428571428571 -1117.39701837721 0.478276772563228 0.0714235311682114 1881.13473510813
"591" 0.371428571428571 -1516.21589449028 0.515007360519251 0.0782858545373855 1780.04540662774
"592" 0.4 -1379.20183569309 0.497190098419297 0.0725752578641422 1836.30455682204
"593" 0.342857142857143 -1430.52709256447 0.471612161229923 0.0702603228458399 1934.05912885962
"594" 0.285714285714286 -1567.49437114153 0.540442082483257 0.0816897642621101 1692.63983327176
"595" 0.342857142857143 -1417.4497266458 0.522026626753521 0.0773612366502717 1747.70116471875
"596" 0.371428571428571 -1458.81422959762 0.524187662510702 0.0789281697846433 1737.89660602893
"597" 0.257142857142857 -1411.6895803853 0.37582808832162 0.06203245482495 2231.46450301104
"598" 0.314285714285714 -1979.24922187364 0.367614975914366 0.0582031948180161 2280.39238063297
"599" 0.428571428571429 -1370.37560126392 0.645351223232329 0.100485562763973 1336.46557499028
"600" 0.342857142857143 -1584.79695585416 0.472732948296528 0.0714803053270112 1913.37141564577
"601" 0.342857142857143 -1607.76284940907 0.39469437405167 0.062856346819867 2178.45110266257
"602" 0.314285714285714 -1868.31053830991 0.46515297072908 0.0697600408140851 1940.70383328129
"603" 0.342857142857143 -1683.33704383653 0.517379335149722 0.0773808828897234 1764.93641378819
"604" 0.342857142857143 -1262.53726343986 0.482304199148893 0.0759871233947069 1886.45705289097
"605" 0.257142857142857 -1379.41690128017 0.423623643052002 0.0671933406027127 2092.62371104166
"606" 0.342857142857143 -1100.30852540878 0.559171883682257 0.0842392208418418 1622.88801068829
"607" 0.4 -1295.27996397504 0.480384682993741 0.071030154192942 1894.87905358257
"608" 0.371428571428571 -2614.97290703107 0.454831148134074 0.0694768694200889 1978.24780459813
"609" 0.342857142857143 -1313.37479914963 0.474953037578872 0.0702807062006361 1904.6644231562
"610" 0.314285714285714 -1295.99925568323 0.445299942845737 0.0670603721689003 1990.92597790715
"611" 0.342857142857143 -1698.07981741922 0.517891468222315 0.0781676633515038 1768.13443282371
"612" 0.342857142857143 -1685.93672101974 0.454438275948119 0.0689061532936464 1980.28954399653
"613" 0.371428571428571 -1322.70866255437 0.546771366309192 0.0808270373706822 1674.5698708136
"614" 0.314285714285714 -1666.27982065782 0.430871649539649 0.0651240516427891 2067.79041002633
"615" 0.371428571428571 -1063.03768639893 0.550916950195305 0.0821869944401834 1640.37264187176
"616" 0.457142857142857 -1012.54193728332 0.62878252124465 0.0963711029541008 1384.25684318606
"617" 0.314285714285714 -1380.57204720953 0.488225739999004 0.0715035127551583 1866.82888859301
"618" 0.342857142857143 -1050.97060107638 0.481204919523819 0.0717863660012289 1877.76681286222
"619" 0.428571428571429 -1221.99378121904 0.54877563532877 0.0825123846875978 1667.21501220129
"620" 0.314285714285714 -1932.09259446025 0.432299576270404 0.0655849414028166 2054.06109865684
"621" 0.371428571428571 -1345.49157572176 0.60793143391385 0.0918847023053947 1461.89165765128
"622" 0.4 -1235.91980476834 0.568936142193881 0.085346553944359 1586.3040036583
"623" 0.285714285714286 -1838.16067883019 0.399691207912821 0.063154470788036 2158.67196925678
"624" 0.314285714285714 -1947.06692850226 0.410878706207482 0.0646834380649366 2147.50009839183
"625" 0.428571428571429 -925.505563842043 0.623910765912479 0.0989585814948798 1402.95857144877
"626" 0.371428571428571 -1388.04013168211 0.468297473977366 0.07030440052818 1937.03995445855
"627" 0.371428571428571 -1412.79295159954 0.432127364796718 0.0663733940840995 2061.70923258067
"628" 0.342857142857143 -1179.65473105322 0.459765319679315 0.0710665164386451 1948.16527520219
"629" 0.342857142857143 -938.330395752298 0.547829453133635 0.0806396061674016 1653.11388874072
"630" 0.428571428571429 -1164.24963989363 0.614388796794026 0.0933201493347122 1438.12677784002
"631" 0.285714285714286 -1668.54919220494 0.467636165492908 0.0703471154477924 1941.15024055193
"632" 0.457142857142857 -1402.2400418961 0.536929966071474 0.0800123270785721 1697.90181687974
"633" 0.285714285714286 -1371.65250330317 0.458749754441273 0.0686958615350108 1946.98267305919
"634" 0.371428571428571 -969.759388483218 0.612066839378875 0.0952230400002876 1442.86696009462
"635" 0.342857142857143 -1414.61311432191 0.427944063059823 0.0666565116620392 2064.97232134633
"636" 0.314285714285714 -1187.8201214612 0.575480301944161 0.0861195538130459 1579.44990961673
"637" 0.2 -2513.26687687986 0.305715690559047 0.0549230300089841 2512.0691584124
"638" 0.314285714285714 -1722.66070696354 0.417714677127126 0.0653862446110657 2115.84098990542
"639" 0.257142857142857 -1284.01135782486 0.478422341371787 0.0723162614337761 1900.5956382629
"640" 0.342857142857143 -1300.99870572629 0.430043086246846 0.0667199033884925 2051.40383454316
"641" 0.314285714285714 -1820.49609889712 0.407522187761916 0.0630792428719342 2140.08532496936
"642" 0.342857142857143 -1980.84754928209 0.467570265232044 0.0696907484944385 1941.39308829338
"643" 0.428571428571429 -967.985539828594 0.624930120649347 0.0965099973805482 1411.80751181461
"644" 0.314285714285714 -1284.26702793034 0.562524231524582 0.0840523692720026 1613.38704034701
"645" 0.228571428571429 -1541.38869330919 0.44066012715701 0.067430418413571 2038.89569326437
"646" 0.314285714285714 -1639.63257629467 0.38359171865806 0.0619537943488308 2206.48774035753
"647" 0.4 -1578.16647216081 0.476493681076747 0.0713605846567724 1917.61434820909
"648" 0.457142857142857 -1419.90257507626 0.508584578077466 0.0773513443709018 1790.31513429606
"649" 0.342857142857143 -1856.68115978023 0.372756701043848 0.0621090580041061 2246.60243409985
"650" 0.257142857142857 -1617.62474195301 0.434454557357855 0.0683015913312068 2050.57238679194
"651" 0.314285714285714 -1380.37403369541 0.456540879656255 0.0690485400741052 1966.63373179773
"652" 0.371428571428571 -1006.3675271843 0.571047618430717 0.0842738488804811 1590.44845061191
"653" 0.314285714285714 -1298.46159005209 0.479238717805818 0.0721033546030188 1889.2386089483
"654" 0.428571428571429 -2184.95398445466 0.452223738237692 0.0703899918072424 1992.14238220311
"655" 0.257142857142857 -1349.85498563656 0.50050249483831 0.0742456587522036 1817.73454491965
"656" 0.342857142857143 -1775.97935812957 0.518750222140123 0.0763054557700017 1764.94635646017
"657" 0.371428571428571 -1755.75106890188 0.44463641206624 0.0684368967756986 2010.3193842982
"658" 0.314285714285714 -1269.69023566662 0.470041345783086 0.0689138641372324 1921.63543500417
"659" 0.428571428571429 -1591.10007748318 0.475917000795456 0.0704129794066158 1911.24225458794
"660" 0.314285714285714 -1494.58362509587 0.511081532013827 0.0772942867898513 1794.99026096246
"661" 0.342857142857143 -1302.24182468304 0.527412596630418 0.0785495188108069 1721.97238915409
"662" 0.342857142857143 -1723.24455246613 0.478344750882457 0.0719632988853655 1893.7183888252
"663" 0.314285714285714 -1657.49982190324 0.458990734289905 0.0685407961415159 1975.2690984772
"664" 0.371428571428571 -1617.0082737747 0.551238028706966 0.082815930198182 1659.88646534451
"665" 0.314285714285714 -2244.73446890254 0.39498269774664 0.0623903277629667 2187.89315282007
"666" 0.342857142857143 -1460.43019489316 0.524832659548234 0.0767009006913792 1734.60534562752
"667" 0.314285714285714 -1665.13644396251 0.354805737526196 0.060620906214498 2311.42661926358
"668" 0.257142857142857 -1413.65555766863 0.45905160175979 0.0688989853635353 1966.41915545749
"669" 0.428571428571429 -1220.25977534404 0.501732918266631 0.0748940717696597 1820.79563772131
"670" 0.4 -1534.97361296049 0.534762251470997 0.0794732043525108 1715.36820435053
"671" 0.428571428571429 -1248.29999159175 0.613544155161308 0.0936069123454401 1446.68661695367
"672" 0.228571428571429 -1939.15498611127 0.386136482827963 0.0617057333862876 2208.01279390475
"673" 0.342857142857143 -1456.84728152948 0.597183747406674 0.0897808881652627 1508.87378606699
"674" 0.314285714285714 -1934.73992866313 0.33308825791398 0.0556908116292185 2392.77636023325
"675" 0.428571428571429 -1216.42975081836 0.713770596064525 0.126306195058863 1112.0943870962
"676" 0.371428571428571 -1366.88717140724 0.476402645134436 0.0716790396720654 1904.58241250505
"677" 0.314285714285714 -1118.31565721409 0.561738159730832 0.0838654203950718 1606.13704844802
"678" 0.342857142857143 -1327.28409298663 0.491227733695587 0.0732739200530872 1849.17031790259
"679" 0.257142857142857 -1735.57269293033 0.402367448472649 0.0624300344187568 2163.82937898127
"680" 0.371428571428571 -1689.30592895446 0.468599431372783 0.0693999351464804 1933.19340973033
"681" 0.371428571428571 -989.939111222736 0.581333495336586 0.0901233148619474 1548.67295543345
"682" 0.314285714285714 -1310.47131036306 0.497452803573303 0.074734207677255 1830.64846904227
"683" 0.285714285714286 -1828.19610189248 0.458319891823704 0.0703107009200678 1982.2295573222
"684" 0.285714285714286 -1563.74734268781 0.39147665993378 0.0625624461821863 2192.16807846153
"685" 0.342857142857143 -1671.50277613412 0.435224014571478 0.0666585563898869 2040.17938380996
"686" 0.4 -1190.45159900367 0.550518134957888 0.0835081913255477 1657.82355973781
"687" 0.342857142857143 -1210.04416456716 0.509387304069185 0.0774144487462029 1794.46449287388
"688" 0.285714285714286 -1665.54898740267 0.489028931214927 0.0733416146788793 1866.33549457954
"689" 0.342857142857143 -1419.00971417557 0.472000597214877 0.0701510265165529 1917.10243636643
"690" 0.314285714285714 -1521.65301676418 0.418798423910718 0.0655923788023735 2105.28916426797
"691" 0.257142857142857 -1721.07687114311 0.333453170540905 0.0560987185452207 2372.87507332262
"692" 0.4 -1626.88756567202 0.45366968341078 0.0703344576211674 1989.14529204466
"693" 0.314285714285714 -1232.62948364433 0.427697272341192 0.0666386868844523 2046.44780794795
"694" 0.314285714285714 -1862.70488444999 0.43236434697782 0.0663411157104429 2068.55834706686
"695" 0.485714285714286 -1314.82973740881 0.572310141578863 0.0858179261437858 1571.5769800061
"696" 0.342857142857143 -1418.67329503088 0.436398995325108 0.0664743199752394 2027.69437553525
"697" 0.342857142857143 -1611.30825509863 0.495609984545283 0.0742580097406775 1855.54703616611
"698" 0.4 -1600.00066129873 0.514444871905439 0.0771354086596662 1772.32171392215
"699" 0.371428571428571 -1346.30256024748 0.534274467823337 0.0793849913981031 1708.15288184295
"700" 0.314285714285714 -1558.06026041354 0.407495887235456 0.0634813111376725 2142.94830260223
"701" 0.257142857142857 -1256.55898107873 0.40131028546923 0.0634058661451853 2157.30512960823
"702" 0.285714285714286 -1152.17814730296 0.443913653421321 0.067260464458327 2003.74538637763
"703" 0.314285714285714 -1236.96485401002 0.530680258616903 0.0783437117650398 1721.77348202442
"704" 0.285714285714286 -2000.6194134272 0.44989910763942 0.0667153770645909 1993.73756770821
"705" 0.285714285714286 -2331.46286197719 0.316630653301982 0.0551902445152178 2453.24447928349
"706" 0.285714285714286 -1511.23315636755 0.409981058990621 0.0649299103446016 2148.74746815719
"707" 0.371428571428571 -1258.5644692757 0.546944405916911 0.0819148017539393 1660.98778382857
"708" 0.314285714285714 -1613.89672188966 0.529696117892065 0.0798654662675747 1724.55602316997
"709" 0.285714285714286 -1728.48910331479 0.436042660609628 0.0661338629079122 2039.81702762813
"710" 0.314285714285714 -1241.19439854344 0.485013473929541 0.0735710780559404 1863.90033249602
"711" 0.4 -1427.20726948518 0.490215553635007 0.0757732945720079 1851.76774248759
"712" 0.314285714285714 -1227.62536162945 0.537856446654893 0.0805228332904043 1687.31343541374
"713" 0.342857142857143 -1604.85867593422 0.507046359294689 0.074011157884027 1793.56404733294
"714" 0.342857142857143 -1685.49502951241 0.450505346352338 0.0686387981986759 1993.56081822485
"715" 0.257142857142857 -1763.80796765994 0.424034997227379 0.0644406926053054 2091.41241248821
"716" 0.371428571428571 -1464.41368901313 0.466452988954577 0.0707442702277712 1931.64683902753
"717" 0.285714285714286 -1847.36998006173 0.375526235432531 0.0606227447504147 2250.95267945611
"718" 0.285714285714286 -1438.10352903832 0.456968928722338 0.0689494052530897 1959.02480531749
"719" 0.314285714285714 -1924.83942988539 0.436757473550916 0.067868990818759 2047.1840348676
"720" 0.314285714285714 -1868.14015670684 0.416445614558449 0.0635188933785844 2105.27465544479
"721" 0.342857142857143 -1419.3427792499 0.436517868701985 0.0683560361414908 2032.30074735719
"722" 0.342857142857143 -1730.33924930674 0.414183004346104 0.0636383079423144 2107.01882663641
"723" 0.285714285714286 -1719.66439207261 0.469679868287346 0.0696855081568253 1931.6711104791
"724" 0.428571428571429 -1240.66808972239 0.522009709851537 0.0781662044508588 1754.74310703219
"725" 0.371428571428571 -1783.84004636419 0.407614614004372 0.0634214553270489 2140.79427870292
"726" 0.342857142857143 -2015.82373937881 0.48081512556219 0.0730937259577994 1899.55175377558
"727" 0.4 -1720.65733739266 0.418364048936641 0.0632287590069802 2103.31445052226
"728" 0.342857142857143 -1719.27685681586 0.491208410194641 0.0731054440704557 1869.02535779236
"729" 0.285714285714286 -1551.00484876348 0.44840861936945 0.0685140426443416 1992.55780876784
"730" 0.285714285714286 -1961.31813345652 0.487297212711924 0.0716398462192742 1876.91222921997
"731" 0.342857142857143 -1793.38859626202 0.354748899558032 0.0593759872189369 2320.06996224893
"732" 0.371428571428571 -1303.05910992049 0.611112406491451 0.0936834932855502 1452.36984897962
"733" 0.285714285714286 -1652.61633367229 0.440680410486682 0.0668525733340622 2019.7652420856
"734" 0.342857142857143 -1428.83100765789 0.452875168506084 0.0686005970662349 1980.67049163634
"735" 0.314285714285714 -1093.42544579726 0.497617408545573 0.0755076719988288 1821.61208464409
"736" 0.371428571428571 -1296.00099501023 0.550223799174766 0.0828407149445749 1656.53894621935
"737" 0.485714285714286 -1440.40001287123 0.473570305778151 0.0704585131887842 1924.31995312518
"738" 0.314285714285714 -1862.46389445964 0.456546899125945 0.0695021626356868 1965.88723372116
"739" 0.342857142857143 -1665.00029803906 0.453170133752435 0.0701532338340548 1986.71502984296
"740" 0.428571428571429 -1529.10029730743 0.510251256016054 0.0752853030910148 1783.30125075659
"741" 0.371428571428571 -1687.65034986879 0.412146259596376 0.0647388977903789 2118.91277818693
"742" 0.371428571428571 -1302.25383990497 0.524755059681234 0.077259953889475 1738.13062855416
"743" 0.285714285714286 -1317.47576130313 0.502055022188976 0.073815657096766 1825.04710032686
"744" 0.428571428571429 -1147.73089649053 0.559266132433772 0.0840605220481171 1622.75306056706
"745" 0.342857142857143 -1514.68355681866 0.43226974304597 0.0662230231807777 2070.29001135906
"746" 0.428571428571429 -1401.17839186624 0.568896972754277 0.0854472911651191 1602.07605405729
"747" 0.342857142857143 -1661.80836377961 0.456622949586795 0.0674957558543718 1970.7678256109
"748" 0.4 -1890.56277701136 0.454796168944344 0.0678493221760207 1987.5953745021
"749" 0.342857142857143 -1696.30138236488 0.470762453527813 0.0701567386560918 1926.96006839373
"750" 0.428571428571429 -1374.4935561632 0.464711679950459 0.0719615277555602 1955.08874385621
"751" 0.4 -1316.32175089045 0.476125036777906 0.0717935146395969 1896.70392942659
"752" 0.285714285714286 -1442.25441033672 0.505312014915723 0.0748555584115212 1811.97536431985
"753" 0.314285714285714 -1799.88723788633 0.387098842272391 0.0629236736684817 2206.35605041167
"754" 0.285714285714286 -1450.46040573412 0.505157541732026 0.0742553553126574 1816.91560009305
"755" 0.4 -1241.11026558034 0.549941075601334 0.0821756438493655 1649.27570017797
"756" 0.342857142857143 -1216.83395855116 0.438268046151303 0.0671013977939422 2021.66294034355
"757" 0.314285714285714 -1175.38876083645 0.491945751126145 0.0729965605763938 1831.82430126823
"758" 0.4 -1755.73338109615 0.467042786348713 0.0707098733840344 1936.18693372695
"759" 0.257142857142857 -1419.14300806023 0.465195255522492 0.0705172717016649 1929.97680240186
"760" 0.371428571428571 -1381.49772210685 0.494715950569172 0.0738515898009595 1826.75732021221
"761" 0.342857142857143 -1725.20306033632 0.448939271855886 0.0699702470082781 1998.28667052171
"762" 0.314285714285714 -1759.28156970607 0.411059020859615 0.0645996217838714 2128.54921972828
"763" 0.228571428571429 -2012.59212999465 0.355054932292602 0.0576726206902778 2311.30028661868
"764" 0.257142857142857 -1886.71134280166 0.374363686297509 0.0605320713997562 2251.94923476443
"765" 0.371428571428571 -1633.44438608468 0.445675015027554 0.0678001127643795 2010.78173266791
"766" 0.485714285714286 -1017.93989339882 0.666396334350301 0.107905112473389 1263.82907505607
"767" 0.371428571428571 -1390.18168228267 0.470078454745855 0.0700682753040915 1910.32958953688
"768" 0.4 -1401.95968404234 0.516285107569656 0.0763101851489869 1782.25146473711
"769" 0.314285714285714 -1327.14536438548 0.447473918893665 0.0675911474237104 2003.51419531592
"770" 0.314285714285714 -1411.14509186626 0.489375720382097 0.0755767127133996 1850.32852320693
"771" 0.4 -1771.56875478994 0.492995359635852 0.0747041147027919 1846.0876260959
"772" 0.4 -1200.54764449901 0.546032802704559 0.0809258180388777 1673.29461248435
"773" 0.314285714285714 -1741.78415573671 0.515103593220331 0.0787044416624869 1779.48621020925
"774" 0.257142857142857 -1601.51119763915 0.405321755112131 0.0628236360904746 2133.38528844029
"775" 0.314285714285714 -2000.80127884588 0.394463134986786 0.0632952609506927 2177.29975823001
"776" 0.342857142857143 -1575.5256232377 0.436134100622675 0.0674970525683515 2038.65867658897
"777" 0.371428571428571 -1179.29192079167 0.486871362796114 0.0726097902400606 1870.56480826396
"778" 0.285714285714286 -1560.28055251873 0.366511480461773 0.0590201375240236 2267.71886285719
"779" 0.428571428571429 -1967.92591319209 0.482780177480072 0.0717097407431013 1881.95026598248
"780" 0.371428571428571 -1929.08814676492 0.467312541737203 0.0702693132293027 1949.41508728947
"781" 0.285714285714286 -1781.16189836294 0.44378354047275 0.0668687900143427 2020.43668033545
"782" 0.4 -1384.68548061344 0.459311873445075 0.07090005109326 1950.16844418121
"783" 0.314285714285714 -2401.87012236373 0.314433920678186 0.055286207242346 2457.01729254546
"784" 0.342857142857143 -1465.31346476896 0.483225705825187 0.0721501047436423 1869.8228077199
"785" 0.257142857142857 -1603.29739310186 0.44543861432502 0.0698328606142681 2012.43571226369
"786" 0.228571428571429 -1851.12284213361 0.435391283695112 0.0671531283611126 2039.88498193653
"787" 0.371428571428571 -1504.74926734391 0.454973042557252 0.0682883502754772 1974.22747032041
"788" 0.342857142857143 -1777.57802297347 0.588275860054128 0.0880178725659219 1541.10466478474
"789" 0.314285714285714 -2039.79843794491 0.369002620202965 0.0593387155803591 2276.21439681408
"790" 0.371428571428571 -1820.92541649443 0.464143286021085 0.0693152990360304 1951.13668232752
"791" 0.342857142857143 -1241.96492473191 0.490771906430247 0.0726282647012112 1837.91592292386
"792" 0.4 -974.76741926845 0.669386366315254 0.109846465155497 1251.47730357752
"793" 0.314285714285714 -1329.68674470318 0.596192406936286 0.0909362738538404 1506.27796290322
"794" 0.4 -1627.66161046292 0.481533546217515 0.0707738015923868 1876.86421246989
"795" 0.371428571428571 -1374.75844470635 0.522850146644662 0.0764196949973837 1743.93000005928
"796" 0.371428571428571 -1479.93258931615 0.550493134685449 0.0808848308836346 1656.61838508508
"797" 0.428571428571429 -1385.34600022616 0.596351290172228 0.0879164033947967 1497.89633749266
"798" 0.257142857142857 -2518.48942185696 0.283345547396909 0.0525568944889761 2572.28935081093
"799" 0.314285714285714 -1679.83975476204 0.456598395118737 0.0673979525261907 1976.82320378219
"800" 0.4 -1908.39937374109 0.5774993020588 0.0870373020034106 1566.58439865608
"801" 0.371428571428571 -1544.85877187149 0.485240871216832 0.0733109495413709 1878.68970584295
"802" 0.285714285714286 -1225.04672496778 0.512953901067105 0.0764714746587667 1776.30009245825
"803" 0.285714285714286 -1698.6972282384 0.406767506758704 0.0640893879298601 2125.10375407575
"804" 0.457142857142857 -976.855781551439 0.645763243561899 0.102281663733432 1333.99969193475
"805" 0.342857142857143 -1690.90258975304 0.401667575725837 0.0633758762009747 2174.05866679543
"806" 0.485714285714286 -1092.3146820341 0.559348321330555 0.0827105029323025 1630.73116517878
"807" 0.342857142857143 -1801.93293397004 0.402012325853639 0.0636937950212106 2163.82336014644
"808" 0.342857142857143 -1534.42938173516 0.49710094675196 0.0731410647830478 1823.73933494923
"809" 0.257142857142857 -1688.43473865148 0.399528465560586 0.0633684995789166 2175.8083044386
"810" 0.428571428571429 -1140.47995438486 0.561237738249158 0.0831154899545923 1628.39359761655
"811" 0.4 -1778.61312957297 0.494231489132794 0.0746560825907463 1844.40334690258
"812" 0.4 -1461.7590717847 0.543602732898114 0.0815690643415546 1682.45366583664
"813" 0.371428571428571 -1334.56064279518 0.533567308362888 0.0774848472411203 1721.88763773788
"814" 0.285714285714286 -1615.0304473824 0.340743280977243 0.0571064838573831 2353.71357956062
"815" 0.285714285714286 -1611.66943341052 0.55242528977968 0.0820518703111966 1656.0636815125
"816" 0.285714285714286 -1604.39561003364 0.504726715694041 0.0763661568984949 1823.99589603056
"817" 0.342857142857143 -1336.72830814436 0.47105125352481 0.0710101485332808 1927.50101728455
"818" 0.285714285714286 -1541.07349753315 0.389599800008386 0.0615307586597872 2193.60685971135
"819" 0.314285714285714 -1547.16825279213 0.448405643549054 0.0672323350068295 1996.36138553948
"820" 0.371428571428571 -1550.46361156942 0.453246663115323 0.0678393120071268 1975.13832440527
"821" 0.257142857142857 -1594.689908014 0.365921349602165 0.0603452123627121 2267.25232576333
"822" 0.342857142857143 -1928.74118572085 0.482699624637423 0.0712618022397452 1885.44918643462
"823" 0.257142857142857 -1875.76813954833 0.471582097883296 0.0724966463483687 1927.47446566377
"824" 0.257142857142857 -2366.96957986309 0.485993313393034 0.0731375530135956 1894.543403855
"825" 0.4 -1405.00128607319 0.473821940949073 0.0701512378214398 1930.69020934991
"826" 0.314285714285714 -1607.54943996823 0.440924911299184 0.0658584631908778 2027.81526654357
"827" 0.342857142857143 -1594.79028315836 0.469953793825186 0.0695859792175107 1925.55465428419
"828" 0.457142857142857 -1217.09387411208 0.57716685259766 0.0864713746879858 1560.08244307919
"829" 0.428571428571429 -1295.47143610108 0.538866448158535 0.0803149499798684 1691.71648604648
"830" 0.257142857142857 -1670.5201608558 0.433515452204934 0.0666729935560067 2044.30367046646
"831" 0.285714285714286 -1557.374120855 0.425582161904088 0.0660630168393664 2076.2384974094
"832" 0.285714285714286 -1343.08231125975 0.469308782005913 0.0724368858843799 1921.66530670597
"833" 0.342857142857143 -1773.95617712621 0.422311509722731 0.0663166398962904 2090.27958850439
"834" 0.257142857142857 -1343.13816593968 0.410328523867283 0.0643680175497299 2129.58646110305
"835" 0.314285714285714 -2094.63791480836 0.404211932499433 0.0625664696500258 2158.44104273175
"836" 0.285714285714286 -2202.54963930293 0.353911357159313 0.0591516805060404 2319.71025208359
"837" 0.371428571428571 -1415.68923512046 0.475157660566282 0.0722996343742904 1900.11612735838
"838" 0.371428571428571 -1225.78011674784 0.513721860087275 0.0777614391291857 1785.68603334832
"839" 0.485714285714286 -1371.33021450711 0.62090577470144 0.096975000750219 1420.76120804532
"840" 0.342857142857143 -2043.77766523395 0.400183358895987 0.061905206791293 2165.14970661386
"841" 0.285714285714286 -1815.89935088276 0.357212764849802 0.0597202120868004 2302.03742797463
"842" 0.314285714285714 -1616.24754385456 0.455287784170158 0.0692336212073654 1971.21070012065
"843" 0.371428571428571 -2042.49925994648 0.38893350577406 0.0613813518560423 2201.35820246256
"844" 0.4 -1337.82909284247 0.490622680391278 0.0730693677112203 1855.84375491836
"845" 0.314285714285714 -1369.4640557939 0.45712473976636 0.0689725676112331 1963.1878805001
"846" 0.371428571428571 -1233.97440654641 0.535551187699213 0.0789607739639049 1699.17767779987
"847" 0.342857142857143 -1770.3332290854 0.486722192661562 0.0722042840832104 1880.53857860366
"848" 0.342857142857143 -1349.62679009093 0.414497661956827 0.0644368369641458 2113.78353274295
"849" 0.314285714285714 -1508.93617330867 0.509848726335405 0.0760135522561392 1790.497326834
"850" 0.314285714285714 -1870.95314461794 0.453362509380593 0.0691717538699436 1986.75133339961
"851" 0.285714285714286 -1589.46045430818 0.403781648336096 0.064647158399359 2161.34541816556
"852" 0.342857142857143 -1344.95679250765 0.481496033758573 0.0719467208077833 1893.58482530838
"853" 0.285714285714286 -1815.85423762061 0.349415602635865 0.0577297636103566 2336.36715275673
"854" 0.314285714285714 -1343.88411672756 0.499099464489445 0.0730768770040202 1818.13251428078
"855" 0.314285714285714 -1784.19620377503 0.41424610697054 0.0646340415474286 2126.87699637644
"856" 0.342857142857143 -1427.55332192761 0.492575402622262 0.0745152888326671 1851.42994126112
"857" 0.371428571428571 -1022.40754925608 0.513190715496472 0.0767582956829003 1772.81162380975
"858" 0.4 -1357.01272037294 0.484678313191207 0.0720815255495309 1870.15374154819
"859" 0.314285714285714 -1245.53742481089 0.483495368974311 0.0723187012857069 1866.93299257713
"860" 0.342857142857143 -1804.73370435177 0.513208754380214 0.0753277924409006 1792.11444228844
"861" 0.314285714285714 -1373.36482407769 0.478686817600844 0.0707292381271568 1901.96583658058
"862" 0.342857142857143 -1406.00254782292 0.611862495867644 0.0938062129501958 1454.14358963868
"863" 0.285714285714286 -1678.68557549264 0.466343562207604 0.071927222840095 1937.66548071416
"864" 0.257142857142857 -1245.52994386841 0.516081536209873 0.0757026891565504 1765.98419509569
"865" 0.285714285714286 -2070.41647398967 0.370790454664886 0.0593622823572362 2264.60349102703
"866" 0.314285714285714 -1381.31921085102 0.518074890171404 0.0760248737286231 1763.41426996214
"867" 0.4 -1359.1867757675 0.471893987877911 0.0695126173559194 1914.86002048784
"868" 0.285714285714286 -1572.66931102757 0.421308077398482 0.0647491375547639 2090.07687748565
"869" 0.257142857142857 -1440.54397495784 0.45243169409851 0.068457213325822 1985.23175450368
"870" 0.371428571428571 -1200.52701543131 0.549340579422038 0.0818147216082539 1667.20154139106
"871" 0.285714285714286 -1852.18389113227 0.44529794963479 0.0660534089687808 2017.01051015993
"872" 0.314285714285714 -1414.16096745529 0.417990113724172 0.0639355619136995 2101.0632070644
"873" 0.342857142857143 -1780.4147016595 0.474086743219761 0.0697034058832215 1917.59265847636
"874" 0.285714285714286 -1316.56023297364 0.546243865769853 0.0823469258475313 1667.17865981117
"875" 0.285714285714286 -1520.19799995584 0.48705930825571 0.0750473601546042 1871.13485128276
"876" 0.371428571428571 -955.734940436222 0.691825564809593 0.116647283925556 1174.83516842238
"877" 0.257142857142857 -2174.0161548486 0.3343550474514 0.0566688451305341 2390.27108977502
"878" 0.342857142857143 -1233.21407641722 0.539471786030338 0.0798838219119357 1686.60849556067
"879" 0.342857142857143 -1770.67788987662 0.48961443450048 0.0735219790885388 1858.70670118763
"880" 0.314285714285714 -1742.47785764937 0.410082860547683 0.0638786736336082 2141.71684467313
"881" 0.257142857142857 -1420.95224658022 0.405589930447572 0.0637493916096433 2144.72786330816
"882" 0.257142857142857 -1862.13510913394 0.357958964039605 0.0584611532257543 2307.49976760579
"883" 0.314285714285714 -1474.75325198766 0.470976466062953 0.0698228566442915 1920.03794891282
"884" 0.4 -1257.2184777668 0.469568369583325 0.0716550060823507 1930.54427892538
"885" 0.285714285714286 -1487.04768389427 0.476357006499418 0.07090613161392 1886.71992790004
"886" 0.342857142857143 -1518.89552541845 0.491698991442376 0.0728875079020156 1854.49376671203
"887" 0.4 -1365.76229097163 0.543161436303057 0.0798846677917792 1686.96311874534
"888" 0.285714285714286 -1551.63327681631 0.534978414194509 0.0809777027100829 1721.67322915155
"889" 0.314285714285714 -1584.1545886831 0.468800687567634 0.0706735245221965 1937.07752403203
"890" 0.285714285714286 -1689.38539502977 0.40179676846499 0.0619113573055686 2157.25377517604
"891" 0.371428571428571 -1360.89451315542 0.544726877983783 0.080139751645517 1687.17646975011
"892" 0.257142857142857 -1618.54800516746 0.424975964243525 0.066563226853071 2084.75160742041
"893" 0.285714285714286 -1406.76732869606 0.445723408684234 0.0679797845385114 2004.54753847514
"894" 0.371428571428571 -1536.91202200526 0.601369117374135 0.0890607981259164 1484.38549017393
"895" 0.228571428571429 -1491.8641287503 0.435028169343041 0.0676198372906308 2039.49100001103
"896" 0.4 -1308.46243034541 0.488660466499105 0.0722350926587913 1868.19720885518
"897" 0.371428571428571 -1143.35351335865 0.554016153358201 0.0836438516903209 1633.98156089551
"898" 0.428571428571429 -1709.09781984507 0.44431025455851 0.0685836054941039 2010.85211591015
"899" 0.257142857142857 -1796.07907547213 0.379942252317093 0.060681928734518 2229.75891628245
"900" 0.342857142857143 -2652.50580095409 0.42447236333413 0.0642461031493338 2081.12370799813
"901" 0.428571428571429 -1129.80557622248 0.484203589170906 0.0713625686773995 1865.47451672565
"902" 0.285714285714286 -1451.65237959607 0.481656558275027 0.0726903507328114 1893.87793791302
"903" 0.314285714285714 -1894.56477463404 0.436896350012357 0.0678410992734095 2050.40662198077
"904" 0.314285714285714 -2155.98776929292 0.411445262954129 0.0650464128506249 2137.56221517755
"905" 0.314285714285714 -2062.83519204418 0.467383159750436 0.0699710693607817 1955.29598282703
"906" 0.4 -1396.01954993386 0.490996515573352 0.0772513494277455 1859.76408710778
"907" 0.342857142857143 -1403.17776684117 0.422574075647605 0.0653199324638638 2083.82939168871
"908" 0.4 -1200.09867247956 0.581477013308483 0.0887860764863092 1547.20444294185
"909" 0.314285714285714 -1160.69764223128 0.506184591263307 0.0739923238906011 1788.86309735801
"910" 0.371428571428571 -1715.77528108982 0.395145464691123 0.0620584703522898 2184.10705205303
"911" 0.314285714285714 -1245.35949396352 0.482881200035972 0.0731487756936142 1883.16260410401
"912" 0.4 -1320.68929812255 0.503434427527234 0.0774522526882722 1816.89280765722
"913" 0.342857142857143 -1647.89104394386 0.468865675858381 0.0699281535758225 1917.86974914386
"914" 0.371428571428571 -1588.692783927 0.423406541646165 0.0639365328437309 2101.83036921196
"915" 0.4 -1398.96178315608 0.584247205458302 0.0902112894370294 1548.42908640119
"916" 0.371428571428571 -1314.31015682097 0.524862658219751 0.0792955071302857 1730.38768224516
"917" 0.285714285714286 -1677.36997196987 0.431487423681629 0.0648341256883369 2060.27515577149
"918" 0.371428571428571 -1333.71932043649 0.536908387561552 0.0804480342384288 1706.12992190389
"919" 0.342857142857143 -1831.7582676949 0.388458255365951 0.0609282935628938 2204.14513588975
"920" 0.342857142857143 -1624.49273606301 0.511498387014849 0.0749742960928884 1785.55467553317
"921" 0.314285714285714 -2247.55650706469 0.42245172897555 0.0673358896523976 2099.75077635655
"922" 0.371428571428571 -1266.02323998994 0.531121586054523 0.0781093773792845 1722.87802865389
"923" 0.371428571428571 -1446.72277004291 0.435433777868188 0.0683084362053934 2042.56286141987
"924" 0.314285714285714 -1687.43395132988 0.422477119603357 0.0656743002980754 2073.90597137121
"925" 0.371428571428571 -1514.93771838407 0.412571602051969 0.0640888467366939 2120.77021035676
"926" 0.342857142857143 -1342.12113381966 0.48432352382708 0.0721799201292034 1888.16897130305
"927" 0.342857142857143 -1232.52590354337 0.52537683097749 0.0780340698808905 1734.37040035842
"928" 0.285714285714286 -1670.61534948823 0.527944953205475 0.0790136050428162 1738.46062768507
"929" 0.428571428571429 -1357.04267994229 0.551488833736725 0.0817341273148879 1672.38095878226
"930" 0.257142857142857 -1609.68119432235 0.495897655038547 0.0738677595895436 1835.19528372327
"931" 0.285714285714286 -1450.46060546139 0.450847651118488 0.0666966287950669 1987.17245717109
"932" 0.314285714285714 -1505.67685327372 0.493719068524262 0.0749715200468228 1859.73228571841
"933" 0.285714285714286 -1981.40557983823 0.331476375670918 0.0584177323194199 2393.47709513756
"934" 0.4 -1379.95686887836 0.584604949308039 0.087430340222823 1539.99560419593
"935" 0.314285714285714 -1599.02219176494 0.455635156862997 0.0681320364436176 1976.87689801748
"936" 0.314285714285714 -1473.73248801291 0.472013686190172 0.0691422271315805 1917.52481054879
"937" 0.342857142857143 -1698.60459284404 0.465613375071536 0.0707851312602059 1926.21485655277
"938" 0.342857142857143 -1523.96639757962 0.467750605031321 0.0701711856157973 1952.28190931852
"939" 0.314285714285714 -1654.31317618515 0.49367272220445 0.071624233936843 1861.66617254199
"940" 0.4 -1388.70597645733 0.576727174398062 0.0860590505566629 1575.0170608519
"941" 0.285714285714286 -1623.72351261395 0.435656024277101 0.0654071235031089 2040.52588619533
"942" 0.257142857142857 -1366.39550606618 0.497043428875234 0.0762498553376112 1833.09110784685
"943" 0.314285714285714 -1222.37423947787 0.557018702390722 0.0838445497756299 1624.61101972752
"944" 0.314285714285714 -1503.65670165815 0.422022746001554 0.0651161319593378 2083.29454513753
"945" 0.371428571428571 -1217.27266567488 0.620734753938502 0.0962690755511668 1423.29391249813
"946" 0.285714285714286 -1256.86025413256 0.497826665802826 0.0745875788871921 1826.49563115317
"947" 0.285714285714286 -1792.05320818851 0.424151722018423 0.0654939995872869 2081.66354670609
"948" 0.285714285714286 -1557.65656275016 0.583302794724635 0.0876204285010493 1540.05232094704
"949" 0.314285714285714 -1189.40132074695 0.496542205310608 0.0739283122637978 1825.00156096334
"950" 0.371428571428571 -1716.3674307084 0.461839240691312 0.0699450103089997 1962.56059566739
"951" 0.371428571428571 -1278.75415482113 0.493727986409929 0.0722809800563363 1839.64531614552
"952" 0.314285714285714 -1450.43677414997 0.432512864559463 0.0656945269126464 2038.38237625743
"953" 0.4 -1203.81004456979 0.53654826956408 0.0816309816870389 1698.49280308792
"954" 0.314285714285714 -1386.13527104564 0.435637823276236 0.0665022281211164 2046.70338219721
"955" 0.285714285714286 -1802.92194884603 0.489600197905071 0.0726304864326856 1842.60324237836
"956" 0.314285714285714 -1668.84652963695 0.475051121293417 0.0723799446019062 1921.5495975999
"957" 0.285714285714286 -2048.05858855008 0.430742691166626 0.066718147616373 2054.18030566409
"958" 0.4 -1738.66815038318 0.506595690795231 0.0756801195070314 1812.13965238987
"959" 0.342857142857143 -2174.86298053481 0.454543718020377 0.0695097640878896 1976.26422158463
"960" 0.342857142857143 -1597.27140160096 0.486267218858269 0.0721928120327094 1876.97173839555
"961" 0.4 -1055.24340939394 0.580160913221597 0.088333171053976 1551.64439896318
"962" 0.371428571428571 -1144.18289506672 0.618205989531083 0.0977250049069083 1425.47182885297
"963" 0.342857142857143 -1232.87788698914 0.491211687238249 0.0737641798462695 1853.94069691706
"964" 0.342857142857143 -1687.16436842024 0.421882428618881 0.0642802578538943 2093.78635574573
"965" 0.342857142857143 -1275.5779275246 0.498568523553634 0.0742848889947335 1817.89688025642
"966" 0.371428571428571 -1377.30395135191 0.508033253326649 0.0754116982776279 1805.0021889422
"967" 0.314285714285714 -1906.04185391067 0.421624362892489 0.0660579361811657 2092.02647558428
"968" 0.371428571428571 -1338.30723784554 0.512543692892399 0.0755572500386483 1780.3000657155
"969" 0.371428571428571 -975.850169403683 0.559845924402387 0.084830855017145 1610.9905713126
"970" 0.371428571428571 -1461.51041423627 0.5422357669664 0.0808212225411517 1687.37935282733
"971" 0.4 -1245.85139226922 0.616118934055733 0.0939377314853821 1428.51446204117
"972" 0.285714285714286 -1300.23482646715 0.464212021116467 0.0681691479013783 1943.85263144178
"973" 0.428571428571429 -1294.6416287078 0.508389354813148 0.0755879140835002 1804.95139563739
"974" 0.342857142857143 -1298.69191297128 0.533082728330073 0.0808977368534663 1712.94542720412
"975" 0.342857142857143 -2016.99793619327 0.394696327771609 0.0628704991405572 2178.36555843732
"976" 0.428571428571429 -674.736179867601 0.637123331162383 0.100738790150787 1352.92725740747
"977" 0.314285714285714 -2114.90216614462 0.477997616757732 0.0701412350841193 1924.38166823524
"978" 0.342857142857143 -1678.10377248731 0.437778525814165 0.0660818138106631 2036.51058409018
"979" 0.371428571428571 -1318.16454213417 0.526721222195622 0.0776861916326727 1727.17488467821
"980" 0.371428571428571 -1256.95586871122 0.544479549243378 0.0830703714927857 1678.86418951709
"981" 0.371428571428571 -1193.04002434726 0.554307888594265 0.0835624806211174 1643.96812838038
"982" 0.342857142857143 -1293.60466829053 0.460926918887295 0.068604712482746 1948.38733234355
"983" 0.457142857142857 -1255.54669592868 0.531280220986712 0.0798836393510959 1713.21651736389
"984" 0.342857142857143 -1317.17368958221 0.540172098095137 0.079161358550279 1694.12362914423
"985" 0.314285714285714 -1090.90340916779 0.51699739744165 0.0766334847301281 1764.71494678895
"986" 0.457142857142857 -1936.93286097852 0.434033412996702 0.0647291542512266 2047.8990652784
"987" 0.314285714285714 -1328.56286169931 0.444670017399165 0.0666283410588904 2001.70725911004
"988" 0.371428571428571 -1530.31709709756 0.524886706676568 0.077392125546375 1746.73336106659
"989" 0.285714285714286 -1380.49599562576 0.497203840254324 0.0731894918527776 1839.82675019563
"990" 0.342857142857143 -1452.21000856193 0.47050300002297 0.0708725657483214 1927.55836909613
"991" 0.371428571428571 -1469.90158764333 0.416155410110678 0.0642345265677526 2105.94119392172
"992" 0.314285714285714 -1347.16601691621 0.567890805154482 0.085582045032078 1599.75200642254
"993" 0.314285714285714 -1163.99496034007 0.515736816726671 0.0767554408238284 1769.96059115634
"994" 0.342857142857143 -1201.94883011681 0.541381709296194 0.0794865492933302 1692.9440469141
"995" 0.285714285714286 -1177.97870862083 0.51186722393 0.0783411247149663 1780.34048500473
"996" 0.342857142857143 -1200.41571783958 0.455018261250676 0.0684209873286357 1953.59427334111
"997" 0.371428571428571 -1329.79694857839 0.493146086095433 0.0735508127390795 1839.6330033612
"998" 0.314285714285714 -1788.35290695847 0.482664715406314 0.0733629612556228 1892.55648643146
"999" 0.371428571428571 -1394.61484406685 0.441014978892649 0.0681196079083303 2012.27798324427
"1000" 0.371428571428571 -1999.9836833791 0.483342943466433 0.0723835143577472 1880.68907337582
