"SCI" "RCI" "GER" "MSM*" "MIG"
"1" 0.409090909090909 -625.245882143336 0.593913327825585 0.134871580350612 960.439699247061
"2" 0.363636363636364 -693.713745913429 0.631053701093044 0.153167953160071 878.087068504514
"3" 0.318181818181818 -1181.70668564727 0.504847370733179 0.11778470164048 1132.56926615924
"4" 0.363636363636364 -1152.47668030063 0.475378878635458 0.109811008277287 1200.04074407853
"5" 0.363636363636364 -789.610577869955 0.668733850446287 0.164630327767191 807.859983824112
"6" 0.181818181818182 -1621.19119559076 0.43433013868973 0.102569670920132 1283.67657694481
"7" 0.272727272727273 -1330.68285653472 0.276206726575682 0.0807961916574529 1608.30536454294
"8" 0.227272727272727 -2049.15265351308 0.358215323980509 0.091810910925944 1457.72368268389
"9" 0.409090909090909 -539.261430196769 0.603555838320526 0.142391570983636 930.589884299739
"10" 0.227272727272727 -1366.26916434452 0.282992858418893 0.0848470579994631 1570.61583611991
"11" 0.272727272727273 -1353.17803861526 0.505217084658366 0.12143534710949 1122.73124188817
"12" 0.409090909090909 -1164.98752915511 0.610027178963983 0.138748970746268 931.227039562224
"13" 0.318181818181818 -813.717529901718 0.531448515059436 0.122635384499811 1075.36731601544
"14" 0.318181818181818 -1780.26157091979 0.50054586625873 0.115616267213016 1142.63121523529
"15" 0.181818181818182 -1204.48523484996 0.388298417269387 0.098779539579388 1361.58612048724
"16" 0.227272727272727 -1175.99975941502 0.34647977561273 0.0930920441492177 1465.33015660997
"17" 0.318181818181818 -975.90043213507 0.470438473510461 0.114680586096948 1200.55061187363
"18" 0.227272727272727 -1382.78040859668 0.294962485439564 0.0848212580812162 1563.88006112583
"19" 0.454545454545455 -767.756994893097 0.615658173049188 0.146512960447498 906.785920910177
"20" 0.181818181818182 -1746.41632927056 0.14013357109298 0.0694045377136779 1881.05554998538
"21" 0.181818181818182 -1120.41222780195 0.534947881272581 0.126867966055612 1086.47975076046
"22" 0.363636363636364 -1136.03917611054 0.538309815864876 0.123442524570876 1067.73651699981
"23" 0.363636363636364 -926.276876867069 0.588219743380439 0.140340946089774 971.793500784342
"24" 0.318181818181818 -669.914973858988 0.551034392779371 0.126630286289393 1023.33717544305
"25" 0.136363636363636 -1434.15853693689 0.242988520242335 0.0800383637486579 1638.02222894019
"26" 0.272727272727273 -952.097557171265 0.459477964510558 0.107195798496941 1222.14226746191
"27" 0.409090909090909 -1036.87317995598 0.548022211855541 0.126220543374248 1042.30969155026
"28" 0.318181818181818 -1171.63717969255 0.413643865028789 0.0982078442194745 1328.62499088029
"29" 0.363636363636364 -968.173682781821 0.60421394242014 0.145139254085961 936.376037615887
"30" 0.227272727272727 -1251.75736054445 0.398986438819978 0.0976536601733992 1349.35292743591
"31" 0.318181818181818 -692.350251798731 0.602236554999213 0.140366132891602 931.047433301457
"32" 0.181818181818182 -1129.68019138834 0.313290746494762 0.087756715654992 1529.47423418972
"33" 0.272727272727273 -955.773575162468 0.416284904891157 0.0985724739639865 1309.76131197445
"34" 0.272727272727273 -1251.02819199562 0.412227128340576 0.102415897849847 1324.27084246812
"35" 0.272727272727273 -894.475817668616 0.445303513691163 0.104963652441987 1235.31091209895
"36" 0.227272727272727 -613.977360947924 0.519304365580624 0.124764654519407 1093.09906095243
"37" 0.363636363636364 -674.578277629091 0.530128762778756 0.125909712940876 1072.25054023473
"38" 0.318181818181818 -1198.41812433668 0.545060414986139 0.126283583165499 1057.28589510457
"39" 0.136363636363636 -782.636829037726 0.496858728354181 0.115030639943326 1145.00604958971
"40" 0.272727272727273 -1192.02498714741 0.521554466357864 0.120724396913571 1087.06371955554
"41" 0.181818181818182 -1028.19717426632 0.494897971238822 0.11547302795589 1146.37961385332
"42" 0.318181818181818 -696.451082341635 0.581017044944415 0.13792013700643 965.039642679284
"43" 0.272727272727273 -1017.99144087711 0.47302749038882 0.109528325096899 1192.34494543433
"44" 0.227272727272727 -1393.24615836704 0.486827895871401 0.114318379421557 1182.14086410834
"45" 0.318181818181818 -1328.61354357225 0.407294891818579 0.0988288475538551 1334.69790291786
"46" 0.227272727272727 -745.428840479405 0.547524505131216 0.12763278747362 1045.55333495238
"47" 0.318181818181818 -885.999188951329 0.525901774316371 0.121340850703732 1085.06331345158
"48" 0.272727272727273 -1810.70769564866 0.388988075411552 0.0964420435225094 1384.65867552684
"49" 0.272727272727273 -1124.64660058981 0.454562564673354 0.110407258621217 1245.04428983487
"50" 0.272727272727273 -747.140504676633 0.410634813128715 0.102268343179319 1298.7443272836
"51" 0.227272727272727 -1076.66056702061 0.402598100034956 0.101074863291426 1329.79957347206
"52" 0.363636363636364 -1363.18028366693 0.439551251136361 0.101634178173797 1284.37385851957
"53" 0.5 -488.534887941268 0.733920312190238 0.199931660796752 664.022365824133
"54" 0.227272727272727 -1123.9706492059 0.575668440251028 0.136928449818507 996.320697935228
"55" 0.318181818181818 -846.703681152667 0.602267797351261 0.141149357899545 947.562835457409
"56" 0.318181818181818 -1256.34980985803 0.450140850059125 0.104104092058696 1255.80876156696
"57" 0.272727272727273 -611.788476562505 0.679900842622699 0.166840992531169 777.945074674778
"58" 0.318181818181818 -1206.24995850884 0.496914367817265 0.115326185581463 1148.74092879652
"59" 0.272727272727273 -1016.87069285843 0.491347857363485 0.113705610088764 1149.70999573417
"60" 0.227272727272727 -1696.12424395026 0.296972117880704 0.0854514785256869 1549.70280113403
"61" 0.318181818181818 -885.65099216178 0.52583839948451 0.1217841345525 1093.52981940927
"62" 0.272727272727273 -1189.92612430434 0.552462747285467 0.128460537504908 1030.6183271798
"63" 0.181818181818182 -1312.97890379509 0.312841225220846 0.0888045849665693 1524.7211606502
"64" 0.0909090909090909 -2757.75039158151 0.198105199822212 0.0748446941112005 1771.85234564008
"65" 0.409090909090909 -1069.34528928879 0.521077404872514 0.123315037364179 1104.6900202519
"66" 0.227272727272727 -832.730559032733 0.428983541827546 0.1013253031902 1274.05183986789
"67" 0.363636363636364 -1087.98851519183 0.448012610048417 0.108985372275016 1240.25865025225
"68" 0.272727272727273 -1207.61587337203 0.387717122849549 0.0975520738948172 1360.01408051418
"69" 0.318181818181818 -867.993987355262 0.481960423493641 0.111782509093794 1168.98266249095
"70" 0.227272727272727 -895.65612486508 0.421654601774782 0.102788144784605 1288.5913712793
"71" 0.227272727272727 -2221.36985131792 0.177569294238147 0.0715966190463704 1812.03538076794
"72" 0.181818181818182 -1414.10416650751 0.225559942040473 0.0807188654331748 1682.79773418831
"73" 0.136363636363636 -1616.10654534981 0.224229842395774 0.0798640799350073 1699.37197279033
"74" 0.272727272727273 -982.67940549102 0.548904399136181 0.124080841173247 1057.73928908034
"75" 0.363636363636364 -938.225860010023 0.423520640523161 0.101605484722321 1286.35863657305
"76" 0.409090909090909 -879.264440416625 0.540706596372565 0.127935708722745 1057.4513455598
"77" 0.181818181818182 -2132.68641444488 0.280888978082166 0.0825404998006534 1588.04712587015
"78" 0.272727272727273 -1033.52398021026 0.39659399688267 0.100520069498005 1345.18034517699
"79" 0.227272727272727 -1399.41265624473 0.317996895306386 0.0880081998397042 1496.09243831823
"80" 0.363636363636364 -1172.85398263051 0.605845447412701 0.145472596848585 937.734880090109
"81" 0.318181818181818 -1402.66137131814 0.447370923097182 0.107786118377885 1249.66068588062
"82" 0.363636363636364 -706.781578876102 0.607615340713928 0.147141148573484 927.563379215659
"83" 0.227272727272727 -1054.35319216834 0.413587804376416 0.10117086680809 1307.53790644615
"84" 0.409090909090909 -1304.73330967844 0.512598875757282 0.114501083540384 1134.2895572936
"85" 0.454545454545455 -584.118007411469 0.653079749487711 0.166463056571989 829.869784593699
"86" 0.454545454545455 -498.07108280359 0.63994176887169 0.155043477337805 851.734991594148
"87" 0.181818181818182 -944.307946141195 0.349420182353999 0.09083476963625 1448.4771744984
"88" 0.181818181818182 -661.50125414396 0.64295393762967 0.156547589064354 856.680659321265
"89" 0.318181818181818 -1380.29217542494 0.467482358422574 0.108827649332601 1225.84609093197
"90" 0.318181818181818 -747.883360438225 0.552231577018655 0.129254024131682 1030.54762596043
"91" 0.136363636363636 -1136.84333361226 0.332228943201707 0.0910772776255297 1482.96427164967
"92" 0.136363636363636 -1717.45791672711 0.269811606408941 0.0808343315501969 1606.02503028952
"93" 0.409090909090909 -1029.16824388391 0.637351573512521 0.154876818192334 854.776985652768
"94" 0.181818181818182 -1462.9188048777 0.377736565363076 0.0964830151944478 1401.49233467192
"95" 0.227272727272727 -701.442734725218 0.491032939105624 0.111257737614319 1162.33189797903
"96" 0.227272727272727 -1590.82351138219 0.326816216669749 0.0875179710074606 1506.54410764441
"97" 0.318181818181818 -736.049055711843 0.660597172595414 0.161588325102507 825.14202013727
"98" 0.454545454545455 -785.294567369559 0.613432181189523 0.150032603820971 904.820639346656
"99" 0.363636363636364 -824.406483093405 0.618765402186017 0.14847169977406 919.19438996776
"100" 0.454545454545455 -594.403335758935 0.762143723340833 0.21315106547181 612.466137353587
"101" 0.272727272727273 -1315.24967671944 0.419004003943714 0.0998715031265652 1314.71981719121
"102" 0.227272727272727 -1122.24800617389 0.426910373982577 0.104766946303873 1283.78007214029
"103" 0.272727272727273 -990.943678284545 0.466835343174402 0.107175359580165 1216.65886055331
"104" 0.318181818181818 -1327.17125880364 0.34376460814069 0.091115711479493 1439.97673296324
"105" 0.318181818181818 -1066.7264083171 0.510671426147139 0.11783401922983 1120.09657169144
"106" 0.227272727272727 -958.60467738927 0.403699101559614 0.101802133326942 1337.89772433221
"107" 0.318181818181818 -805.903317413997 0.596809233134295 0.141932806012347 944.050463067251
"108" 0.454545454545455 -714.941526341838 0.554457540264517 0.133159431744373 1033.45063025472
"109" 0.363636363636364 -759.248520589289 0.419042485672862 0.103276624619373 1276.76694340263
"110" 0.318181818181818 -1716.5789999695 0.558894265614494 0.134153081515989 1033.72981367271
"111" 0.318181818181818 -1535.10180652998 0.440266450361945 0.103927894177518 1293.07815830039
"112" 0.363636363636364 -849.368529784832 0.500645339650034 0.114250783973637 1133.43463338655
"113" 0.227272727272727 -1316.60007125307 0.353404475239944 0.0917869152466691 1422.12210467937
"114" 0.318181818181818 -886.906035027867 0.423145649997614 0.102274856276344 1286.98763733662
"115" 0.272727272727273 -967.303746097976 0.541220369916006 0.127423674269117 1065.27936560104
"116" 0.272727272727273 -1048.48732885713 0.534549943827411 0.125842167629027 1082.27010387314
"117" 0.272727272727273 -1617.27295369484 0.495441191966289 0.111476515569067 1173.22300196753
"118" 0.363636363636364 -966.193119165709 0.423011567928976 0.103454986443437 1297.87732283385
"119" 0.318181818181818 -1014.39813546419 0.481468692886651 0.112859666070635 1192.66686935835
"120" 0.272727272727273 -1107.10122604587 0.444484163780683 0.107590937156587 1246.77756467761
"121" 0.363636363636364 -819.981975579354 0.567921668897817 0.133192669645289 1001.98015248916
"122" 0.318181818181818 -810.40021400895 0.482584029730443 0.112490002350258 1168.79644129664
"123" 0.318181818181818 -828.663934081902 0.593634279792967 0.139136488441285 949.421981569729
"124" 0.363636363636364 -667.998279456982 0.566262650987535 0.13275514647224 1010.46363516898
"125" 0.318181818181818 -1452.89076662293 0.406321364630234 0.100153517560573 1324.51246678238
"126" 0.272727272727273 -1078.33517375396 0.38134889852541 0.0980019996290266 1351.1337194573
"127" 0.181818181818182 -1442.53445984188 0.256425035515672 0.0811130225146745 1601.09980481861
"128" 0.318181818181818 -810.834958386271 0.56561882984562 0.129345622761948 1014.00557794261
"129" 0.181818181818182 -1320.96171038741 0.332156704351575 0.0912992851877292 1478.76193422722
"130" 0.227272727272727 -1149.09374120107 0.333412689704693 0.0878596752708912 1473.82408836175
"131" 0.318181818181818 -1239.13630228143 0.415326477324567 0.102584768036695 1313.84183815711
"132" 0.5 -735.450066120724 0.718826947784927 0.189494134685713 716.974476214126
"133" 0.227272727272727 -991.366479485526 0.413686228804892 0.100056990502735 1297.74992331371
"134" 0.272727272727273 -1286.99902093308 0.365120644415248 0.0935342701608129 1424.95687711958
"135" 0.227272727272727 -1763.38193129765 0.314865777091623 0.0869733594430959 1517.353585644
"136" 0.318181818181818 -1338.42258185117 0.468170831590036 0.10770163982105 1220.83428507845
"137" 0.318181818181818 -1226.14902652129 0.544798379307552 0.127058042172731 1055.12232632535
"138" 0.272727272727273 -1003.57233843368 0.544891959929743 0.1243447755198 1052.14935381545
"139" 0.363636363636364 -1396.21268994316 0.446275055578209 0.107230940008158 1259.44626520912
"140" 0.363636363636364 -870.029302671243 0.557429330034206 0.129065997852691 1034.87092034989
"141" 0.227272727272727 -1662.05329377067 0.261648129500708 0.0805108449891201 1647.89483043051
"142" 0.318181818181818 -1622.35891191341 0.442358141202859 0.108819725138304 1268.84483953569
"143" 0.227272727272727 -1473.76809354055 0.326669967044653 0.0903414967562393 1517.32373904851
"144" 0.409090909090909 -733.723560678021 0.576301952672816 0.13503697298554 979.508529591491
"145" 0.272727272727273 -841.97140488835 0.495734883547768 0.117681813811113 1145.23493752839
"146" 0.318181818181818 -1212.96454965919 0.39911987540397 0.098421333065052 1337.11242515878
"147" 0.318181818181818 -743.222648655356 0.562361965360811 0.131784449104193 1019.50231260222
"148" 0.272727272727273 -603.033048257319 0.594228320215088 0.145478606637685 946.28283702127
"149" 0.136363636363636 -896.820772869788 0.305134594415714 0.0866229344354699 1508.65508955161
"150" 0.318181818181818 -1162.9075013506 0.4134106858654 0.103973809192868 1312.33412099482
"151" 0.181818181818182 -1398.80508987254 0.273958075100562 0.0875110792050094 1596.19732606006
"152" 0.272727272727273 -1048.66606700193 0.606188428024251 0.139929511710845 926.893830276549
"153" 0.318181818181818 -1312.45926574135 0.481357462344401 0.112247271323606 1175.6335824995
"154" 0.272727272727273 -1692.82028999068 0.42698276961993 0.102702331894696 1299.53032143139
"155" 0.318181818181818 -893.74799004879 0.54475546171758 0.125241851040893 1040.12346473127
"156" 0.363636363636364 -892.326889063282 0.537867365902678 0.121130080447268 1066.80027207087
"157" 0.409090909090909 -520.084134364876 0.666964288311505 0.162675014855423 804.450276915205
"158" 0.363636363636364 -713.249239218195 0.550491526986936 0.130910619073112 1049.92663341803
"159" 0.227272727272727 -1241.69875993378 0.309803559124439 0.0864058713971713 1524.22268648864
"160" 0.227272727272727 -954.792068781555 0.413701572909552 0.100599229496477 1332.32860771663
"161" 0.318181818181818 -978.872583233645 0.504678244391493 0.12081300938305 1142.70447040452
"162" 0.272727272727273 -1135.73099701551 0.497016896901095 0.115974515182013 1134.74290182934
"163" 0.363636363636364 -555.24064162104 0.62736451537494 0.152223013958259 881.208943929733
"164" 0.318181818181818 -985.844094038472 0.40947428025664 0.102298737874145 1317.02899485349
"165" 0.181818181818182 -1573.23391415907 0.295342397221335 0.0869075945274958 1551.21081496463
"166" 0.363636363636364 -1448.30631491949 0.471878486082687 0.109887117043173 1203.84836845892
"167" 0.409090909090909 -448.14519822051 0.649767306427611 0.164325601892147 827.31325567615
"168" 0.318181818181818 -820.525311160677 0.597741306074588 0.144487991736205 949.132286491944
"169" 0.318181818181818 -923.87583637182 0.490383959771223 0.117424716572919 1164.65978225204
"170" 0.227272727272727 -1739.06476024377 0.491032102708817 0.114412560028879 1182.65541507867
"171" 0.272727272727273 -1510.79006167251 0.423701515385853 0.102048812249097 1314.4335156596
"172" 0.318181818181818 -1032.6701619697 0.458278364829478 0.10925375068208 1234.39240653532
"173" 0.272727272727273 -1255.46472303777 0.459207706829065 0.107063465882241 1253.82241281827
"174" 0.272727272727273 -901.856998532599 0.647773128765571 0.154456853792542 854.142710700526
"175" 0.318181818181818 -947.069103621705 0.349535272583635 0.0901790427002796 1435.98159069147
"176" 0.363636363636364 -1068.18060887595 0.465697737119689 0.110403215450501 1203.32806310079
"177" 0.409090909090909 -1023.19043124934 0.604536069626088 0.14056233987589 930.950181983493
"178" 0.363636363636364 -1133.62645169653 0.45494292008391 0.106586143962089 1228.40837020515
"179" 0.181818181818182 -1046.11955878664 0.364752719522836 0.0940266069583377 1385.64707956355
"180" 0.181818181818182 -927.090564785101 0.494953420045626 0.115947572640623 1164.72430085639
"181" 0.272727272727273 -883.69370335673 0.384075757958839 0.0962730440859791 1349.21960718025
"182" 0.272727272727273 -816.14764487592 0.523119915129744 0.123439633493408 1086.04451300118
"183" 0.318181818181818 -1718.01674716076 0.479936778970409 0.111809760605347 1186.80357904597
"184" 0.272727272727273 -943.799958894334 0.454226754013899 0.109132956009189 1228.18216927298
"185" 0.227272727272727 -1342.91357118903 0.364126596701385 0.0957448430702526 1425.13014563121
"186" 0.136363636363636 -926.530983689377 0.363078178601383 0.0937822416673597 1417.51067720938
"187" 0.272727272727273 -784.669353339554 0.419084558445489 0.102306605573189 1293.26513533746
"188" 0.272727272727273 -1495.78249746155 0.303262952253459 0.0836786034651111 1558.91295471322
"189" 0.318181818181818 -1275.99320917686 0.344778451615142 0.0913072656107359 1453.65295493724
"190" 0.227272727272727 -986.750815743924 0.460255932574159 0.112672532041948 1233.82026447164
"191" 0.227272727272727 -1209.61044086595 0.420012371326537 0.105277821415152 1297.02201988667
"192" 0.272727272727273 -1301.74229120721 0.479482835518354 0.110498806150939 1211.62117885582
"193" 0.227272727272727 -1559.45981467143 0.352252662001171 0.09106353356564 1450.21173256327
"194" 0.227272727272727 -1162.91516501611 0.3795446912372 0.0959624779996217 1365.38557389141
"195" 0.318181818181818 -486.899217562116 0.721467337897701 0.193737973972961 692.299408642773
"196" 0.136363636363636 -1247.16426394361 0.268988823930786 0.0838082453044508 1600.29692263361
"197" 0.227272727272727 -1645.93624848469 0.348792665045049 0.0917296049239249 1468.48341973089
"198" 0.363636363636364 -1610.36680914874 0.433212255905438 0.102669540060777 1285.96237097413
"199" 0.318181818181818 -735.638630209485 0.631778270749551 0.15275710013583 869.893272566341
"200" 0.272727272727273 -1363.86068812341 0.379564026176469 0.0964657489038656 1384.98764267063
"201" 0.136363636363636 -1030.31765918663 0.292066772134046 0.0873503243428466 1550.29931557012
"202" 0.272727272727273 -1403.37677033248 0.270416715947823 0.0807243220817197 1612.01030920303
"203" 0.272727272727273 -950.229043229713 0.373352646986147 0.094976143760536 1391.67411337057
"204" 0.272727272727273 -1145.8679069593 0.328005816961503 0.0893734007534535 1489.67635557052
"205" 0.227272727272727 -1330.76083471124 0.416140842345523 0.100419228485511 1314.944195919
"206" 0.272727272727273 -1040.91139762604 0.481115502369616 0.114853131740184 1196.8589288812
"207" 0.409090909090909 -627.934803291995 0.619878761999866 0.144919486064006 895.687088528834
"208" 0.227272727272727 -736.660955443003 0.578191255133429 0.13352111013581 983.964313452749
"209" 0.272727272727273 -794.965753313268 0.620858457793677 0.145353257992439 900.110702604731
"210" 0.181818181818182 -1825.35452498662 0.199069357741041 0.0752337646536487 1766.96808047309
"211" 0.181818181818182 -1282.40985903613 0.298851247592891 0.0868987667951634 1536.53604651213
"212" 0.181818181818182 -826.072472031832 0.512794325766901 0.117729943466481 1120.22449421975
"213" 0.0909090909090909 -1151.84689541167 0.233661688777891 0.0812411035709378 1648.6301372083
"214" 0.318181818181818 -1052.06446507559 0.558100356320856 0.12914491763109 1019.48377676504
"215" 0.318181818181818 -1456.20631374336 0.504009355565931 0.113741628444733 1144.44965094945
"216" 0.318181818181818 -689.879443581786 0.579977205389508 0.13543281308601 965.864615752734
"217" 0.409090909090909 -769.443341068832 0.513601841929973 0.118361381394001 1114.34180555504
"218" 0.318181818181818 -1296.56595472785 0.453509334849408 0.106450184517275 1236.67427856596
"219" 0.272727272727273 -1239.92431090362 0.41467423457507 0.0987103821532133 1322.62118943357
"220" 0.181818181818182 -1444.40335566182 0.280201502125578 0.0820538323858956 1589.13626553246
"221" 0.227272727272727 -905.470845097701 0.417790513502232 0.0998287785073164 1298.11244036504
"222" 0.318181818181818 -1228.88782676294 0.425676307573889 0.103791084899318 1277.54412955008
"223" 0.136363636363636 -1482.48437990132 0.238946780157887 0.0802081818175828 1667.03516544651
"224" 0.318181818181818 -1872.51814947906 0.317662104598554 0.0869150008895134 1517.74637448534
"225" 0.227272727272727 -1021.69085999839 0.503659543486849 0.12074116275323 1126.6929741806
"226" 0.318181818181818 -993.734667244813 0.543546801974275 0.126819202457168 1059.87538901733
"227" 0.272727272727273 -1052.79158720141 0.427160975959639 0.102073528703628 1286.66141585598
"228" 0.272727272727273 -1166.465152512 0.431072455467995 0.103174221528789 1285.05513461045
"229" 0.363636363636364 -910.492671606008 0.472557738658193 0.112462164877631 1192.28359822461
"230" 0.318181818181818 -914.846784751699 0.475586841250969 0.109763612148423 1178.1082180906
"231" 0.181818181818182 -1141.72291863649 0.204263510575735 0.0765265772511019 1726.94857471084
"232" 0.272727272727273 -1130.89859584074 0.28838845413429 0.0867425496795218 1549.20655190645
"233" 0.454545454545455 -1118.42191471665 0.518694962995392 0.117909489956529 1110.12105854326
"234" 0.227272727272727 -1798.04956314546 0.286429853134359 0.0849482711552319 1566.30026036911
"235" 0.227272727272727 -1437.47194345022 0.322809852990812 0.0870899007691925 1506.98353308848
"236" 0.272727272727273 -948.111275433193 0.467935720221284 0.10925766786704 1218.53155289816
"237" 0.181818181818182 -1506.63561401941 0.185355487286032 0.0718465042807689 1795.88432979557
"238" 0.136363636363636 -1630.18858606855 0.187358878521752 0.0755692029394271 1770.47408776946
"239" 0.318181818181818 -668.973698260829 0.536217447468063 0.126895381824127 1051.92698014012
"240" 0.272727272727273 -991.160216910772 0.511333717673423 0.115263700347382 1126.82029854523
"241" 0.409090909090909 -638.896279653646 0.724471960150789 0.19054761584362 690.601407240494
"242" 0.363636363636364 -836.161996213392 0.568052435207697 0.133774390510371 1003.75399706214
"243" 0.318181818181818 -529.396516011419 0.648323058799196 0.157418980102107 839.656205907988
"244" 0.318181818181818 -662.175561169108 0.632606295184398 0.15380314210451 867.514119007928
"245" 0.318181818181818 -974.378718988094 0.479356055582411 0.112170046593946 1186.09856523876
"246" 0.272727272727273 -1920.3752735074 0.331645833762004 0.0879526007049653 1495.15328284313
"247" 0.318181818181818 -937.213642251996 0.55512770168989 0.127248087292615 1033.36899528105
"248" 0.227272727272727 -1181.19386882753 0.451076350658773 0.108497619081148 1237.6567442318
"249" 0.409090909090909 -1084.17527950189 0.558671420207385 0.12953340393566 1013.8033903608
"250" 0.272727272727273 -1107.0560998441 0.491682321503939 0.115457661214381 1152.05850428692
"251" 0.272727272727273 -2074.01161060591 0.386107541622249 0.0950216346757327 1386.73784093387
"252" 0.272727272727273 -901.100197931954 0.390681544291277 0.0951523180559958 1375.49557296323
"253" 0.318181818181818 -1369.50327110463 0.403409909039522 0.0988526402013745 1338.01588296182
"254" 0.318181818181818 -1231.58732469261 0.434556361243852 0.103310583110871 1268.23531251142
"255" 0.363636363636364 -983.515013346538 0.554058902882548 0.128480817100128 1035.69854419284
"256" 0.409090909090909 -835.497051065516 0.649686542769871 0.159801894196268 836.797247743607
"257" 0.272727272727273 -1382.96202588635 0.368850678987253 0.0944720797515913 1398.09518005308
"258" 0.363636363636364 -1106.92854588868 0.534346333702961 0.126455919776778 1084.91988051503
"259" 0.227272727272727 -1238.52807269259 0.43792292428011 0.107915220720242 1269.09666183246
"260" 0.363636363636364 -657.985451951059 0.460543244942135 0.107477321911818 1204.78630120999
"261" 0.272727272727273 -1121.9747566717 0.440050058993856 0.105645573739133 1271.9757699643
"262" 0.272727272727273 -972.681355031665 0.390205812884466 0.0970990752530375 1366.18299171347
"263" 0.272727272727273 -1145.40029995492 0.518696481351367 0.120244965099486 1120.38200209208
"264" 0.136363636363636 -1273.65965013201 0.305634860815534 0.0889341078393448 1532.49222445862
"265" 0.227272727272727 -1531.96721876642 0.341866467432618 0.0926943252595971 1456.99874642587
"266" 0.318181818181818 -800.9919944729 0.53068059393145 0.12222927088028 1084.93436878582
"267" 0.318181818181818 -2052.41617567506 0.369644393749863 0.0935933664249789 1419.23537027109
"268" 0.363636363636364 -1064.68021153681 0.416567142558184 0.101948676775208 1330.20879842495
"269" 0.272727272727273 -836.300379358516 0.489848897289885 0.113536590739139 1164.78386843575
"270" 0.272727272727273 -1726.45205146557 0.538228430746351 0.125474154324151 1081.05562483027
"271" 0.227272727272727 -976.981408012814 0.504116463243523 0.116745296529248 1141.19068897334
"272" 0.318181818181818 -1030.02674653779 0.517641636336387 0.121733687420518 1103.48734025176
"273" 0.363636363636364 -538.676182128771 0.599259051449174 0.146250592765262 935.563779829338
"274" 0.227272727272727 -1231.4709983543 0.418756156981983 0.0986793559515654 1309.81118884655
"275" 0.318181818181818 -1152.83227375047 0.407181492178773 0.0995684705077205 1308.96620377759
"276" 0.363636363636364 -805.742544954107 0.529800929705682 0.124438367137129 1077.46887165866
"277" 0.227272727272727 -1073.34756883083 0.373591826311113 0.0977543517628198 1391.53607568807
"278" 0.181818181818182 -1621.26772774292 0.304305049966679 0.0870565858845391 1525.46071739277
"279" 0.363636363636364 -1177.12770111021 0.558588976884776 0.128147550193521 1025.75301204665
"280" 0.318181818181818 -536.530106161132 0.573958867006403 0.134016539110458 987.719219024712
"281" 0.318181818181818 -923.133536066928 0.486278334972784 0.112278917871622 1169.66267794815
"282" 0.227272727272727 -1275.38262068545 0.316364480826562 0.0888704804387567 1509.37596420281
"283" 0.227272727272727 -1236.63145927922 0.401673324153917 0.0987650427485769 1343.26074485459
"284" 0.227272727272727 -688.708166077949 0.568469747481464 0.130359725809343 993.240891042096
"285" 0.363636363636364 -760.90281817328 0.695266437032682 0.181485283825468 756.881858845893
"286" 0.363636363636364 -1245.96761144326 0.509490241158162 0.11896904819668 1125.18411922187
"287" 0.318181818181818 -1420.02732768132 0.355578429939885 0.0921345874924911 1428.83398149797
"288" 0.318181818181818 -814.819522535028 0.601621985199844 0.145025942420168 940.554466257862
"289" 0.318181818181818 -943.643565456459 0.496730080654475 0.114883842842638 1138.45381204971
"290" 0.181818181818182 -860.522363194066 0.475132289984434 0.11025278853395 1191.74778370914
"291" 0.181818181818182 -1232.49874663709 0.436255563974977 0.103942745041655 1267.64418698401
"292" 0.181818181818182 -912.991768930345 0.451873139225167 0.107638752433794 1230.23594953613
"293" 0.318181818181818 -2151.16306412982 0.402543519322518 0.0982878731515668 1349.49802963552
"294" 0.363636363636364 -792.946835930017 0.462791149482728 0.109713878180369 1207.2397431483
"295" 0.272727272727273 -1674.58784228615 0.309309129451044 0.0878251135725276 1519.13449290458
"296" 0.272727272727273 -1206.47191212653 0.441581053876977 0.105824652939801 1245.6212939559
"297" 0.318181818181818 -880.143003858401 0.58174921000619 0.133638885653341 980.253301279247
"298" 0.227272727272727 -1353.27401464435 0.414184125998859 0.104492772814724 1324.26829365008
"299" 0.181818181818182 -1445.84731630311 0.350871043015056 0.0935670628114992 1437.06906251677
"300" 0.409090909090909 -859.898658515064 0.651747814265876 0.156086333353241 846.407412848878
"301" 0.318181818181818 -799.96835817284 0.53065631489877 0.123542441098632 1081.69403094752
"302" 0.318181818181818 -648.29579237227 0.581024593712727 0.135430908904208 972.263621337852
"303" 0.227272727272727 -761.397562824753 0.500368730757222 0.115434112659804 1128.24979381366
"304" 0.318181818181818 -617.234089591421 0.62189967034847 0.148252491129147 882.589557026373
"305" 0.363636363636364 -944.101621954278 0.500904864457976 0.115071077815811 1142.35760346307
"306" 0.227272727272727 -1165.56756748633 0.392989853733427 0.100821843765907 1368.22531718365
"307" 0.363636363636364 -1342.1738675037 0.457515287852227 0.107319590761814 1243.47122707441
"308" 0.272727272727273 -1060.15212060196 0.398694906728415 0.0982226150971538 1342.64563107255
"309" 0.181818181818182 -1685.51602475092 0.510687244441568 0.118241995055641 1135.74243448256
"310" 0.0909090909090909 -1713.74565510257 0.490366092137358 0.114656644765737 1174.21516526783
"311" 0.363636363636364 -1944.36800603983 0.449635335884527 0.107609053012462 1246.62524334651
"312" 0.318181818181818 -1016.01185614905 0.37587090217903 0.0981520718557636 1407.95771747855
"313" 0.454545454545455 -690.062415635152 0.521515723042823 0.121884823357119 1103.69351217956
"314" 0.181818181818182 -1002.35222565812 0.434115632661498 0.106690558334398 1279.34715814681
"315" 0.272727272727273 -852.177746148279 0.40143505003922 0.0981549940909454 1313.31984582646
"316" 0.181818181818182 -1124.3645902255 0.392997353595508 0.0973316215421734 1353.76823082033
"317" 0.363636363636364 -963.227889651568 0.50968025455792 0.121215086421148 1118.11879078755
"318" 0.272727272727273 -1161.58401341795 0.475247438506316 0.109392306021043 1212.89862034899
"319" 0.318181818181818 -1010.83213454757 0.466887814181693 0.110626652614586 1214.78988342006
"320" 0.272727272727273 -1288.89627169886 0.376435696372332 0.096926352704101 1409.60032195279
"321" 0.272727272727273 -1857.88179152249 0.33939546446282 0.0887794293081493 1450.75095082965
"322" 0.318181818181818 -1311.88264826026 0.50949862167157 0.121672106746615 1155.06848536278
"323" 0.363636363636364 -791.734193856973 0.545318057601968 0.12644155480584 1054.30015790027
"324" 0.272727272727273 -1533.36834484901 0.444672367119737 0.103244615743531 1263.43233182282
"325" 0.227272727272727 -1063.23520577867 0.33241215835865 0.0886710792474053 1484.25817723719
"326" 0.227272727272727 -1105.18439003189 0.299140790006942 0.0842098106131888 1536.22085250253
"327" 0.272727272727273 -1022.48116101816 0.500660259949355 0.11875173039172 1134.18522290849
"328" 0.272727272727273 -1641.4607399914 0.353518857016391 0.0944983164568589 1439.18061043122
"329" 0.227272727272727 -806.469415451194 0.522208158385571 0.12074531938818 1091.8535775193
"330" 0.181818181818182 -1803.07198997008 0.287766005232302 0.0839076879475565 1581.7450649736
"331" 0.181818181818182 -994.716966880868 0.522696487630891 0.118856344453289 1097.06963227827
"332" 0.318181818181818 -962.16913276245 0.566037850758578 0.128062174825553 1014.82417559314
"333" 0.272727272727273 -999.059309523047 0.358616657278909 0.0931366442771061 1404.43490284395
"334" 0.136363636363636 -1657.72720004191 0.34233497822779 0.0895310684009454 1453.94286241697
"335" 0.409090909090909 -959.079788117707 0.529539209513914 0.121445557605405 1076.29493013504
"336" 0.181818181818182 -1084.0090644052 0.544020557363843 0.127167271226918 1055.48795409674
"337" 0.363636363636364 -932.089703408056 0.535075844304431 0.125082617853291 1071.51802089619
"338" 0.227272727272727 -1488.16931618986 0.35015429206457 0.0919008821424603 1432.76510114861
"339" 0.272727272727273 -1115.27621724103 0.447811405760469 0.108085611630381 1249.49639164101
"340" 0.136363636363636 -1040.60928344725 0.408815681835533 0.1021791184895 1321.81689548674
"341" 0.272727272727273 -715.029703085881 0.560684884870183 0.129392641746217 1013.7432552474
"342" 0.363636363636364 -728.014634085806 0.605415067601132 0.139878828312221 926.351606830931
"343" 0.227272727272727 -1193.46157224949 0.347316177379692 0.0941487413230549 1443.74998261664
"344" 0.227272727272727 -2141.87537575575 0.283127692232116 0.0832277582846309 1607.73419333929
"345" 0.409090909090909 -1066.19130301721 0.409264571742713 0.0984440864247414 1329.82847658545
"346" 0.363636363636364 -999.306937921561 0.403643227800355 0.09884728983745 1322.13288814573
"347" 0.181818181818182 -1586.60197365908 0.271356511547524 0.0818659640538798 1587.7026325491
"348" 0.272727272727273 -1525.97294305696 0.30057020987838 0.0848573041096458 1543.34709826672
"349" 0.272727272727273 -1200.19308171823 0.368866047949086 0.0937934536984291 1393.8636514026
"350" 0.227272727272727 -1014.21787009548 0.455140627495349 0.110440540454535 1234.01913291058
"351" 0.318181818181818 -1010.99752155568 0.535284559587284 0.124619546223945 1073.02842101241
"352" 0.5 -1066.44918107965 0.579298460904936 0.136215451772401 981.210715225409
"353" 0.318181818181818 -993.203582714578 0.5053423174288 0.1179253791223 1145.26490951972
"354" 0.272727272727273 -883.4497021107 0.412005507607569 0.0985510956387056 1319.14475043046
"355" 0.409090909090909 -736.239103131225 0.66261933100591 0.165573228545644 815.20195911132
"356" 0.227272727272727 -1285.92718841785 0.259715832676638 0.0825165374009598 1630.19897731156
"357" 0.363636363636364 -1296.37558248049 0.406674595228056 0.0993449855991775 1333.15318070162
"358" 0.181818181818182 -1346.54921540291 0.293344963731836 0.083514328041513 1559.55058111624
"359" 0.272727272727273 -1332.64642661847 0.42390317706901 0.102271322684091 1285.81116737562
"360" 0.181818181818182 -1453.63075517242 0.255278496798841 0.0812008296852862 1646.86654460988
"361" 0.272727272727273 -2048.51831596028 0.340754541026238 0.0923855380146031 1464.11405124838
"362" 0.272727272727273 -1225.28273521019 0.412715681635779 0.101736337361458 1338.47795963452
"363" 0.318181818181818 -1024.90123954613 0.508101344299785 0.117531082345152 1130.9407033431
"364" 0.409090909090909 -644.535180158577 0.543800065057225 0.132010789420827 1043.99413392356
"365" 0.409090909090909 -1395.04965955993 0.526184110042712 0.120179153526402 1102.02754111812
"366" 0.318181818181818 -711.964462580602 0.599460277596698 0.14027267942588 946.735500901099
"367" 0.318181818181818 -792.52710623424 0.653257746016313 0.160126724403185 835.175035510305
"368" 0.272727272727273 -1080.17015480422 0.552773365439872 0.13196437135604 1035.89658075499
"369" 0.363636363636364 -1119.71370847494 0.384794100466364 0.0970071742760737 1372.16109782449
"370" 0.181818181818182 -1077.8874522301 0.349758981786329 0.0936973210319892 1444.11447830177
"371" 0.272727272727273 -1076.2426032891 0.4073721279495 0.0967203298429318 1332.09281484322
"372" 0.363636363636364 -840.874311830978 0.494491017843421 0.115500679459151 1155.32997798104
"373" 0.318181818181818 -1328.77087656798 0.348111657723242 0.0904886586786639 1445.43671511513
"374" 0.272727272727273 -896.661917107554 0.465203667473812 0.113070716573202 1208.04031489501
"375" 0.363636363636364 -608.232540178992 0.64522762866214 0.159213443999327 851.930856038514
"376" 0.227272727272727 -1339.19324390914 0.397975641213703 0.0997548369556834 1350.28092721856
"377" 0.363636363636364 -736.556356120597 0.702718724370693 0.177938729210607 737.797234848549
"378" 0.318181818181818 -580.354487478645 0.694621787720465 0.177060315123118 751.820033957809
"379" 0.181818181818182 -1532.88906129454 0.20658333798785 0.0766088530458443 1757.40887396658
"380" 0.272727272727273 -968.114972442195 0.581368903173523 0.135438302890877 973.032579357713
"381" 0.272727272727273 -957.712796023714 0.492075490091976 0.114367136843569 1156.26422266247
"382" 0.318181818181818 -755.07176992617 0.595982415090251 0.13840688435021 939.757707233459
"383" 0.318181818181818 -1000.23168092363 0.464330232702426 0.108051962786334 1203.00139964789
"384" 0.363636363636364 -1003.17810578008 0.568184729863943 0.134858063755859 1011.81341878753
"385" 0.272727272727273 -995.282856272499 0.422802559534588 0.101954445674829 1292.34637032861
"386" 0.318181818181818 -1100.75092309838 0.491493476585176 0.114323160467797 1170.49119160546
"387" 0.318181818181818 -1173.60603796277 0.51308961170725 0.119611729159522 1118.24499327459
"388" 0.363636363636364 -679.791627392909 0.609661797811613 0.145610232399189 918.27829516728
"389" 0.318181818181818 -937.976253192376 0.53046214001227 0.122516923588586 1082.24463367836
"390" 0.363636363636364 -960.5347594455 0.620822328587241 0.14985242828868 905.724721686251
"391" 0.181818181818182 -1054.15497283661 0.288332375742603 0.0858310656274629 1566.79714425651
"392" 0.272727272727273 -1087.60717308349 0.513771747451249 0.120824878015607 1125.26782120545
"393" 0.363636363636364 -1052.53398707761 0.520505489570251 0.119588672687744 1085.02604471297
"394" 0.272727272727273 -1038.01882364413 0.515740865069863 0.116883285943064 1116.48830827238
"395" 0.181818181818182 -673.880604526717 0.600917316333589 0.144599474811661 938.270252002508
"396" 0.136363636363636 -1899.05543909675 0.201229908738548 0.0752790066113677 1751.91070579886
"397" 0.181818181818182 -1257.00689661052 0.408994872141808 0.098967047823471 1332.30366871646
"398" 0.272727272727273 -1395.36833686996 0.451102316611984 0.107193007976732 1247.47751659845
"399" 0.227272727272727 -1450.14081049042 0.390557561293261 0.0977736538490799 1387.07087441866
"400" 0.0909090909090909 -2027.36566887078 0.193242124686193 0.0757417705653587 1759.52937935446
"401" 0.227272727272727 -1010.96512611462 0.395004497482957 0.097186945354371 1344.26704455076
"402" 0.227272727272727 -973.771671375981 0.469667596106161 0.108285909656244 1210.50145266197
"403" 0.272727272727273 -1033.62603452079 0.46431543448389 0.110357210436664 1206.49995316963
"404" 0.227272727272727 -1330.77990910504 0.366404750749083 0.094072823372008 1403.23245260563
"405" 0.5 -614.186780980406 0.696925343427431 0.182725262496668 754.180517718988
"406" 0.227272727272727 -745.724801569603 0.432991620988361 0.105113977846334 1254.1378473567
"407" 0.363636363636364 -541.771649841987 0.656486370300368 0.163511579509674 819.224057911092
"408" 0.227272727272727 -1305.92752766439 0.399469668062915 0.101102352428448 1349.78712944521
"409" 0.227272727272727 -1483.09689732115 0.424265790378782 0.105032981915187 1298.58299049977
"410" 0.181818181818182 -1202.30737578567 0.347778753732104 0.0930053773345152 1448.20707142205
"411" 0.318181818181818 -976.426283460859 0.419564638904591 0.101414277352631 1302.02401539612
"412" 0.318181818181818 -1318.31821294729 0.352328122571686 0.0932070661068176 1434.82168215332
"413" 0.227272727272727 -1138.44720054977 0.413571005965194 0.0998754333173924 1317.01932619126
"414" 0.227272727272727 -1189.16262052589 0.501258551666474 0.114285557575973 1137.27936056867
"415" 0.227272727272727 -1053.0713374376 0.469702047757617 0.1093660502202 1212.25123020887
"416" 0.227272727272727 -693.24040186945 0.605083861545937 0.140314685771242 925.409272577497
"417" 0.318181818181818 -1341.20772437093 0.372291147667429 0.0933819798118969 1393.93000001436
"418" 0.227272727272727 -1474.56260911694 0.375536730536113 0.0944275424429577 1399.93105996116
"419" 0.272727272727273 -596.547711977249 0.599053533981443 0.141319690522526 935.320639903913
"420" 0.181818181818182 -1210.41658200232 0.45720845337172 0.108330152204417 1228.08578823805
"421" 0.272727272727273 -820.425348398062 0.39453953653572 0.0980804946646855 1338.70929064339
"422" 0.0909090909090909 -2414.59266359699 0.0470325394776006 0.0632361711475489 2068.76734191396
"423" 0.318181818181818 -709.287732911085 0.594037860846172 0.138152147286773 953.916267397464
"424" 0.181818181818182 -1187.81509241726 0.250108703017927 0.080055142179973 1618.62942890197
"425" 0.318181818181818 -907.400308670725 0.553293212269141 0.131849965713366 1045.3430841319
"426" 0.363636363636364 -1022.32356162039 0.506918852780608 0.115049859573179 1138.98712029823
"427" 0.272727272727273 -573.172686217194 0.593576019213788 0.137924451551442 944.588823779766
"428" 0.318181818181818 -1251.16835685677 0.493745914763032 0.113517831695038 1146.60943837019
"429" 0.318181818181818 -1384.07210096152 0.366723201119316 0.0936280527407202 1428.35453083103
"430" 0.136363636363636 -1219.70665659312 0.408112544304496 0.1007212746067 1330.65583168591
"431" 0.318181818181818 -1107.39501887786 0.321401591424479 0.0877214960828924 1501.5099594312
"432" 0.227272727272727 -911.025437778409 0.475581921487403 0.11170432676298 1174.16929586154
"433" 0.409090909090909 -1031.79532938302 0.519048951774653 0.121409486803297 1105.26421328685
"434" 0.272727272727273 -1249.42021160328 0.345790762789912 0.0913389012174933 1438.24024001866
"435" 0.318181818181818 -1059.12229110285 0.539955799451275 0.123793762245067 1072.38834816699
"436" 0.409090909090909 -451.052929048146 0.651250143850249 0.160948479533093 830.992490849819
"437" 0.136363636363636 -1492.15477737548 0.142525027786887 0.0705748187943051 1844.57768661092
"438" 0.318181818181818 -1234.8362219708 0.39862635154738 0.0972918504752392 1344.90434984977
"439" 0.272727272727273 -967.892228940574 0.499643675429826 0.119630266141512 1130.74068132867
"440" 0.363636363636364 -861.827579659522 0.566043023428503 0.130998797964156 1001.8543032031
"441" 0.318181818181818 -1300.24869611582 0.513779144551355 0.119264022468039 1115.63012018411
"442" 0.272727272727273 -936.903463918111 0.451371080300954 0.10660917386148 1253.03097843635
"443" 0.318181818181818 -854.616991060458 0.540773527641079 0.125126857493755 1063.54689496316
"444" 0.363636363636364 -1054.62414318521 0.443379502418705 0.106371895592822 1244.60052935658
"445" 0.181818181818182 -1446.70490440607 0.300760997071487 0.0866391390938687 1534.93052708212
"446" 0.318181818181818 -1015.36477886797 0.471235953072427 0.109703497435061 1210.75339376073
"447" 0.227272727272727 -1501.4529829809 0.23437593790467 0.0790828430997075 1660.60502124818
"448" 0.318181818181818 -1061.32527680529 0.506522378506778 0.114886213131269 1141.55745876618
"449" 0.318181818181818 -1284.72749857544 0.521111290905571 0.126266102752939 1110.29189049492
"450" 0.272727272727273 -1209.3216501803 0.444985638381764 0.105473627575704 1252.64564381191
"451" 0.227272727272727 -1458.15198646211 0.465609285498741 0.109939507405929 1222.41788443245
"452" 0.363636363636364 -535.877478734677 0.716061151443669 0.187513765766873 714.433687446697
"453" 0.363636363636364 -1020.19067066163 0.480216457834017 0.112582881923994 1185.95818123863
"454" 0.272727272727273 -1391.36603987965 0.334514493065608 0.0895407138111385 1462.7775318255
"455" 0.363636363636364 -836.662321163056 0.51631277362805 0.117389160076023 1108.86993801589
"456" 0.181818181818182 -1492.21614818566 0.179127787946375 0.0745191166377318 1772.8732754958
"457" 0.272727272727273 -1501.02964697786 0.43551967817375 0.100529150212456 1298.93267196581
"458" 0.272727272727273 -1077.03920788029 0.515417979373424 0.116976369955205 1117.41684558465
"459" 0.409090909090909 -929.031012200154 0.576791625875089 0.138614815599945 989.15635806513
"460" 0.227272727272727 -1760.748658947 0.316640999163856 0.0864918182113786 1527.95991449609
"461" 0.136363636363636 -1590.06426960458 0.170414277477454 0.0742192539382376 1794.20896425046
"462" 0.227272727272727 -1465.58907875842 0.351910393174105 0.0912268741076475 1451.41483557532
"463" 0.181818181818182 -901.58498164997 0.408589739127867 0.100426443313938 1308.91175267507
"464" 0.409090909090909 -891.944186587617 0.46920322006849 0.113275107646049 1194.76725556436
"465" 0.318181818181818 -1310.40184073786 0.426407226162267 0.103896314426959 1282.6231442194
"466" 0.363636363636364 -1166.03273923944 0.492211936446773 0.116238674326278 1146.40594342473
"467" 0.227272727272727 -1210.2302057703 0.358924165754097 0.0942973385568527 1423.86615077024
"468" 0.409090909090909 -536.510224310901 0.690831913719202 0.175569833690515 760.735046387766
"469" 0.181818181818182 -950.756868278344 0.427546297665187 0.10279535207359 1277.9753577017
"470" 0.272727272727273 -698.92450411961 0.560869839184899 0.130258578189208 1010.63946590057
"471" 0.363636363636364 -781.146969182856 0.643866332315895 0.159720241149985 871.915737092891
"472" 0.318181818181818 -1131.87291168776 0.531302167229593 0.12325559848109 1090.48281117977
"473" 0.409090909090909 -1065.98216654219 0.670842266736659 0.169247519722504 816.453787028824
"474" 0.318181818181818 -948.967359494769 0.654267800035898 0.155688586071647 838.78192358003
"475" 0.272727272727273 -733.386144911725 0.47573884308694 0.113712993070573 1178.51041745674
"476" 0.227272727272727 -1329.42933686546 0.400939641249606 0.0993482392356216 1354.34523760905
"477" 0.318181818181818 -1398.01469204619 0.468765640894411 0.112744527052292 1205.76293394731
"478" 0.318181818181818 -875.617413712283 0.483799015281713 0.112108052810758 1171.85706045689
"479" 0.227272727272727 -1137.73998082797 0.43665689371405 0.104749228083751 1270.48880538179
"480" 0.363636363636364 -1041.38658144179 0.528730701436251 0.122532889958368 1098.41425315276
"481" 0.272727272727273 -1346.63744166407 0.401029993804061 0.0984875869755941 1352.25752774263
"482" 0.318181818181818 -777.501614187721 0.597624192827622 0.141874120043891 946.441117959656
"483" 0.318181818181818 -969.841487119415 0.39703735399544 0.099008016516951 1347.85285404124
"484" 0.227272727272727 -913.091770030538 0.432106636051398 0.100819737719137 1282.68981132258
"485" 0.318181818181818 -1087.88394612483 0.517036344422375 0.120288640683109 1104.87357648028
"486" 0.227272727272727 -1502.86541431786 0.307689124854708 0.0861364670709837 1536.88328937693
"487" 0.318181818181818 -1441.94210387797 0.478346427478997 0.113411958610716 1201.57974628003
"488" 0.272727272727273 -1103.21950357742 0.431718933447589 0.105691904495805 1297.33192373142
"489" 0.181818181818182 -1760.91960169144 0.222846119842427 0.0791905912493619 1699.84219468801
"490" 0.272727272727273 -1063.17143177365 0.532394960130928 0.121311401473524 1087.67176653559
"491" 0.363636363636364 -1017.06509667598 0.538229766456749 0.129284856319924 1076.18261748648
"492" 0.318181818181818 -1626.36754402549 0.483619177072541 0.115999689744963 1180.36583930727
"493" 0.318181818181818 -775.485390480729 0.557717136758608 0.129953051699161 1029.56216857636
"494" 0.318181818181818 -1151.40654088802 0.358627081650367 0.0941382082350512 1435.16990839976
"495" 0.181818181818182 -1368.15785099178 0.366353231913679 0.096156859895821 1434.64926046251
"496" 0.227272727272727 -830.895840865413 0.413180120192121 0.10093253579264 1298.31568012567
"497" 0.363636363636364 -995.035291098366 0.479681605946029 0.110537584024921 1172.85831804742
"498" 0.227272727272727 -1324.32929840914 0.27362564008434 0.085761283979278 1594.76471204298
"499" 0.227272727272727 -1187.03423181492 0.24805759034543 0.0806690522572646 1646.69155448788
"500" 0.272727272727273 -890.005389585605 0.487065525158171 0.115451875487369 1165.30994833952
"501" 0.272727272727273 -1060.97964199647 0.537738922768782 0.121442836214069 1068.67679799278
"502" 0.272727272727273 -1906.81818232896 0.3670950669733 0.0926073537746421 1422.2181571846
"503" 0.181818181818182 -902.066854741885 0.495230843115183 0.116335025985612 1148.50574093842
"504" 0.227272727272727 -983.210274999958 0.386171767694058 0.100663547682001 1353.65756136265
"505" 0.181818181818182 -1012.2582978892 0.351611390328535 0.0910623274852554 1434.52707651164
"506" 0.318181818181818 -1147.36531767525 0.409309875529477 0.0992704257218306 1331.80120617887
"507" 0.409090909090909 -949.724606194152 0.583552394959384 0.137561994512414 972.242699588195
"508" 0.454545454545455 -787.897567234406 0.594831802505073 0.142337887230847 946.193474126561
"509" 0.272727272727273 -1427.83369979133 0.436336737324983 0.104373378739824 1246.7806544977
"510" 0.318181818181818 -1384.0028286653 0.411493433431102 0.104054849672128 1322.57195742643
"511" 0.227272727272727 -950.040786979814 0.447808927856565 0.109113975729951 1238.96689990164
"512" 0.363636363636364 -601.068502709325 0.563481859340349 0.133216789618479 1013.53917353498
"513" 0.272727272727273 -1034.9141587578 0.45564205576095 0.107002750621212 1245.54927341134
"514" 0.181818181818182 -1587.41669499661 0.202797452186252 0.077304025782599 1762.09195847596
"515" 0.227272727272727 -1079.16449279264 0.356419335069611 0.0938106836940722 1445.98505527215
"516" 0.318181818181818 -1090.75048129714 0.594505897952867 0.140241892534437 951.05751487338
"517" 0.318181818181818 -917.828874552682 0.51970280024398 0.118442564531449 1103.04331857506
"518" 0.181818181818182 -1381.59630335074 0.447759679219763 0.105955706665889 1255.98614482561
"519" 0.363636363636364 -1022.17288685624 0.499032095366157 0.113681010629998 1152.64308292342
"520" 0.181818181818182 -1610.33712695348 0.269888271693436 0.0811762245590713 1608.33083042807
"521" 0.227272727272727 -1310.55051348023 0.446158276713775 0.107972355102771 1254.33587134923
"522" 0.227272727272727 -1064.5456762424 0.453297806279016 0.110681258884402 1243.04466470587
"523" 0.363636363636364 -1454.1300834916 0.498604904231513 0.118414982928008 1152.7948449648
"524" 0.272727272727273 -1057.0116927514 0.426964928699442 0.104703579412773 1285.0425821817
"525" 0.227272727272727 -975.859093252485 0.455762939507966 0.106710143629461 1216.69749077838
"526" 0.318181818181818 -1393.81950988872 0.502371160540281 0.117792911335419 1152.74074691178
"527" 0.363636363636364 -1048.77192551411 0.474407502509992 0.109747813973829 1203.40585715531
"528" 0.181818181818182 -1477.16574990678 0.323910580499779 0.0908357391086972 1501.61906012649
"529" 0.227272727272727 -1417.2987856201 0.326246822810786 0.0891640927385973 1486.01231553431
"530" 0.272727272727273 -1055.80456022333 0.3376055208971 0.0907184508610026 1450.6777701986
"531" 0.318181818181818 -1118.88659526439 0.581416290616617 0.133604179350039 995.138779245818
"532" 0.181818181818182 -1519.1078997394 0.123329192907009 0.0682341358455166 1902.97065995511
"533" 0.272727272727273 -777.964634826115 0.590769644963301 0.137522558980224 955.989388507325
"534" 0.272727272727273 -1458.63682849089 0.3542881470182 0.0946482597645417 1436.86819755749
"535" 0.318181818181818 -726.839005440288 0.676878538552511 0.173654212634418 791.648006426869
"536" 0.227272727272727 -1120.54318302751 0.399288783349423 0.0981629991462983 1352.3516114068
"537" 0.318181818181818 -837.474443492849 0.477562428744174 0.112245565716137 1197.0824092533
"538" 0.318181818181818 -630.769737388074 0.613204015265085 0.14541824154438 902.103363156249
"539" 0.272727272727273 -1512.92202837426 0.386031411555988 0.0944750707368791 1381.57739414021
"540" 0.318181818181818 -1421.89102465785 0.353894235700878 0.0890899234928241 1454.6095681246
"541" 0.318181818181818 -766.025887917965 0.733076714213489 0.198289553762211 681.861250068829
"542" 0.318181818181818 -1017.63688950282 0.524166883754616 0.122994941422652 1103.50691051534
"543" 0.409090909090909 -876.419208227125 0.47580986733301 0.11070703963948 1198.52719727848
"544" 0.318181818181818 -1126.63130298626 0.449932123506469 0.10864663072806 1247.86609274757
"545" 0.363636363636364 -1067.60749689451 0.568422167949583 0.128633100805809 1020.13598163787
"546" 0.318181818181818 -787.153123300922 0.582711139122641 0.134054833927798 972.635288270784
"547" 0.227272727272727 -601.467217077876 0.513578013757828 0.122960690808786 1104.91142144656
"548" 0.181818181818182 -1133.78125382977 0.193870281419638 0.0757241599891341 1731.41281908154
"549" 0.363636363636364 -917.794263726448 0.520940382848888 0.121410816507973 1104.63394896118
"550" 0.363636363636364 -1414.54285037492 0.474486089717917 0.110075151074309 1189.90345708445
"551" 0.227272727272727 -914.089697932406 0.404010077991865 0.099212793872062 1329.46455820203
"552" 0.272727272727273 -1560.35390392132 0.357092851258482 0.0896191633158478 1442.49790662688
"553" 0.272727272727273 -1134.97548368584 0.558982876074761 0.128820680996932 1030.45957196825
"554" 0.272727272727273 -910.871404200827 0.402920445408325 0.0973804248083023 1336.00486148115
"555" 0.181818181818182 -1178.92506322907 0.417594507541379 0.101456507587187 1305.59370698002
"556" 0.272727272727273 -1223.88887725249 0.332605831280845 0.0889252082899512 1472.76151808999
"557" 0.363636363636364 -656.274408117134 0.622065509426047 0.149656793815588 896.47906572232
"558" 0.318181818181818 -951.792600397836 0.463404132696794 0.111045143924237 1207.43475145943
"559" 0.272727272727273 -770.020501416234 0.562897633309858 0.128216623613463 1012.09944762214
"560" 0.227272727272727 -1450.02392419881 0.433888817694966 0.102691744606908 1292.81592560895
"561" 0.227272727272727 -1417.88677308454 0.280562877531755 0.0886401642506343 1561.72826935551
"562" 0.272727272727273 -1339.58606774172 0.454680529514578 0.109902610941356 1232.48931254889
"563" 0.318181818181818 -875.952525434383 0.500634478057445 0.116252493945611 1134.96764972901
"564" 0.363636363636364 -801.589151874338 0.468270268075181 0.109566434687794 1191.57689459026
"565" 0.318181818181818 -975.971027192666 0.546343239422392 0.125566635385122 1055.76065011212
"566" 0.272727272727273 -947.293857687827 0.510604064710055 0.117809521008108 1112.08866182704
"567" 0.272727272727273 -1391.43585980406 0.333702570969693 0.0904193943465419 1484.98307309484
"568" 0.272727272727273 -564.633730539594 0.569509986273026 0.134361411291738 986.757162961015
"569" 0.363636363636364 -696.589080422836 0.52663144921543 0.120137941388576 1075.7383466857
"570" 0.363636363636364 -574.766771209183 0.611943117429076 0.145601278896507 915.257049402862
"571" 0.136363636363636 -1159.71683703921 0.415155480658478 0.102300832385255 1332.294528762
"572" 0.363636363636364 -1376.51316420815 0.465674066403152 0.110296089294624 1223.81282457091
"573" 0.181818181818182 -2130.85804533158 0.165823805363485 0.0731857331424807 1800.52338180561
"574" 0.318181818181818 -970.076703382117 0.482233488369779 0.112448619265969 1171.96446809589
"575" 0.363636363636364 -1238.56739230645 0.506851128147471 0.119642043677824 1133.93145073396
"576" 0.272727272727273 -1603.37316579771 0.445629082402205 0.106046357480912 1261.112890671
"577" 0.363636363636364 -668.797147024063 0.705439954915206 0.181538127984406 731.356653025118
"578" 0.272727272727273 -1311.51604018265 0.404512405152839 0.0993343933622614 1337.78292480171
"579" 0.272727272727273 -989.058793265428 0.339956792171812 0.0915421004407918 1449.03087622728
"580" 0.227272727272727 -1406.37992736192 0.392510968303726 0.0959920487244039 1377.89381665154
"581" 0.318181818181818 -1116.73115316335 0.428598318435354 0.102998174648724 1272.01902660735
"582" 0.181818181818182 -1004.15029256314 0.383772599389843 0.0975238339693448 1368.52802069656
"583" 0.227272727272727 -937.75613150605 0.425475461557514 0.104386909033311 1284.09590907064
"584" 0.272727272727273 -972.172336814154 0.507318211133409 0.116661465400787 1121.96749329959
"585" 0.227272727272727 -925.169554985714 0.458320240101224 0.112126706274146 1220.92723096886
"586" 0.0909090909090909 -2019.35980347589 0.204755448715293 0.0774058503525795 1730.48380474433
"587" 0.318181818181818 -1214.75581321751 0.447366383085846 0.111532408866959 1233.79786319222
"588" 0.318181818181818 -1524.90375637142 0.421301055011645 0.101041296177452 1297.09466963899
"589" 0.318181818181818 -1151.11559073409 0.447174284409712 0.108246307861723 1233.32190802732
"590" 0.318181818181818 -1001.14722486257 0.332189631286394 0.0905149815255484 1473.88457641565
"591" 0.318181818181818 -940.855031794739 0.529478076088584 0.120499302951849 1092.17934967242
"592" 0.227272727272727 -961.422549957942 0.450494057260363 0.105476564542762 1231.73878131562
"593" 0.272727272727273 -963.28379094632 0.448676510762281 0.109782126020831 1238.59635907124
"594" 0.272727272727273 -753.295246825381 0.447021808138107 0.106131742521277 1234.95424324947
"595" 0.363636363636364 -1067.23471680871 0.597453101444854 0.139025085004627 952.379119063995
"596" 0.227272727272727 -1187.98969319945 0.43537777620023 0.106311167448399 1267.77375354882
"597" 0.272727272727273 -1132.21305922514 0.460200097013287 0.10791534602536 1218.53053061327
"598" 0.318181818181818 -1426.96540921106 0.404948884766361 0.101511684687962 1334.07857254175
"599" 0.136363636363636 -1206.02539598265 0.287291463125845 0.0857490349606261 1572.73414552669
"600" 0.272727272727273 -1208.20213005271 0.481288450336829 0.111021820192659 1179.51519050191
"601" 0.272727272727273 -1102.34357455068 0.551023417969394 0.125314979553354 1042.68672737516
"602" 0.227272727272727 -952.941899898426 0.446169200138392 0.105022523329217 1232.12341378103
"603" 0.272727272727273 -1624.21346881786 0.372414281649506 0.0972778758643457 1408.4588703719
"604" 0.227272727272727 -1473.644360649 0.332252239057256 0.0880948533833605 1485.26513772584
"605" 0.227272727272727 -1558.80992666084 0.289110886260492 0.0877990006405503 1560.99660279915
"606" 0.227272727272727 -945.160638031848 0.348382729799785 0.0969985522344801 1442.39481276133
"607" 0.409090909090909 -1024.2634852335 0.521437059212954 0.119856336308106 1112.92118447772
"608" 0.272727272727273 -1004.72881659438 0.587710187561861 0.134149809264489 962.483415086963
"609" 0.318181818181818 -1284.86039904165 0.567996008680725 0.1333402093715 992.755307826097
"610" 0.318181818181818 -1061.05053795054 0.471844065194733 0.108926909994723 1197.24943743806
"611" 0.272727272727273 -1210.54796859981 0.431633867556962 0.104073968147746 1280.27350896796
"612" 0.0909090909090909 -1254.20937737532 0.100845172873056 0.0681817472035953 1916.80398205284
"613" 0.272727272727273 -1253.95826768341 0.439271684542465 0.106153261967437 1257.4498603808
"614" 0.181818181818182 -946.7175370142 0.255223900526396 0.0832953050773599 1613.83726176424
"615" 0.454545454545455 -717.011687662687 0.548006582005538 0.126471885279161 1050.28507428487
"616" 0.227272727272727 -1115.10077847248 0.449479684637744 0.106741909361912 1251.21394563362
"617" 0.181818181818182 -1273.38975299609 0.403455130562687 0.0997195193565533 1327.26121455994
"618" 0.227272727272727 -1112.61963415096 0.540394266071895 0.121982307308092 1068.63803758132
"619" 0.227272727272727 -1319.41825132158 0.396109652379817 0.0977267071096049 1359.54334625546
"620" 0.227272727272727 -2428.61919797699 0.236828758306841 0.0779973660415059 1677.6041026474
"621" 0.272727272727273 -966.460240398147 0.395425568124648 0.0981075888062584 1326.37059081651
"622" 0.272727272727273 -1243.97803898739 0.504672602987841 0.118451818817807 1113.9048457818
"623" 0.227272727272727 -1022.70131005852 0.609829338328331 0.141518194055202 931.227632144466
"624" 0.181818181818182 -1046.88311810449 0.317881688095837 0.0865679417675132 1497.50919964545
"625" 0.227272727272727 -1196.33529416294 0.480627628575438 0.112997079282578 1199.53570292172
"626" 0.318181818181818 -1454.71881907335 0.309376511371356 0.0863838039761303 1529.49512946376
"627" 0.318181818181818 -1403.15882055878 0.447043514908876 0.103330145528596 1264.13592916932
"628" 0.181818181818182 -701.96366590617 0.507786236179032 0.12190115180521 1112.23461639407
"629" 0.227272727272727 -716.023945053566 0.589628659028271 0.13723706539476 965.493998892885
"630" 0.318181818181818 -1103.08572335591 0.405771621529699 0.101023600717594 1324.77849643023
"631" 0.272727272727273 -965.736223751718 0.32423070704341 0.0927743748342328 1490.20452387285
"632" 0.363636363636364 -996.528965351927 0.449072280745945 0.105058218407971 1244.18634608876
"633" 0.227272727272727 -1041.87842515115 0.373696180485019 0.0975057159391734 1398.59282395255
"634" 0.0909090909090909 -1770.79788333591 0.195659283051418 0.0773138384141969 1758.21816826883
"635" 0.272727272727273 -980.347192786474 0.535616091503011 0.121145883865564 1083.65105278913
"636" 0.363636363636364 -1189.7742041319 0.451823003873881 0.10820021148125 1252.97765872909
"637" 0.227272727272727 -2065.93413788886 0.397572558680052 0.0975078157455224 1380.32856155706
"638" 0.318181818181818 -752.911599330335 0.458491417937302 0.108434938567632 1214.03745643951
"639" 0.272727272727273 -709.438234317508 0.60878562750784 0.143706636309223 923.420522741566
"640" 0.272727272727273 -1113.36945075514 0.378086280100275 0.0970631797793736 1378.60618892999
"641" 0.181818181818182 -1151.68452315917 0.321285936350069 0.0875883888992975 1507.35107476623
"642" 0.227272727272727 -1252.96428559177 0.35627993325126 0.0918034482077666 1436.58360062322
"643" 0.318181818181818 -1006.45838363425 0.434175708450071 0.104430180691129 1280.53090948816
"644" 0.272727272727273 -1088.29333440199 0.500701306992123 0.116753577184538 1138.79448638398
"645" 0.318181818181818 -1260.87080976901 0.402075111774031 0.0984242068474074 1347.65473096531
"646" 0.181818181818182 -2423.21975323885 0.31015775398559 0.0885958565146995 1531.79155757076
"647" 0.181818181818182 -1499.74345400628 0.343725162198617 0.0900876404828398 1472.93276660022
"648" 0.363636363636364 -1204.57905747997 0.462347280297156 0.109741362649592 1234.97072882319
"649" 0.272727272727273 -1200.15154942994 0.447719848853951 0.110737108880825 1239.6350769466
"650" 0.181818181818182 -2005.94459611413 0.238686807831461 0.0777598616141091 1691.05709283317
"651" 0.363636363636364 -1248.61641687933 0.653707203314793 0.15618746966476 835.184553570196
"652" 0.454545454545455 -1014.77312946906 0.589268786320902 0.136494866244236 968.784716830356
"653" 0.136363636363636 -1349.72025593434 0.207508503360171 0.0760949865895966 1722.88238388407
"654" 0.227272727272727 -1295.81076486861 0.528547584124194 0.123974479933591 1082.38623267728
"655" 0.272727272727273 -1065.85689022749 0.435449887288304 0.103531175097779 1286.16303635698
"656" 0.272727272727273 -897.982981226736 0.487104362713982 0.116718373730601 1159.42411043129
"657" 0.318181818181818 -786.884476662583 0.474694909830634 0.114913728122138 1194.27005949244
"658" 0.227272727272727 -1361.52910992974 0.374439458275163 0.0966089602863702 1431.33349861003
"659" 0.363636363636364 -1141.45317325353 0.447352299777946 0.109311685183398 1251.31918246106
"660" 0.363636363636364 -1010.3359387366 0.616901080274272 0.145318627279803 910.199676073424
"661" 0.318181818181818 -1120.62538629258 0.391601533802662 0.097864597751794 1377.00898893764
"662" 0.272727272727273 -777.269185775016 0.502450389003457 0.115420596720827 1127.0284380001
"663" 0.318181818181818 -650.271842574356 0.625107446111731 0.148734513554198 895.288423889724
"664" 0.272727272727273 -974.393175750788 0.469715720234976 0.112384504864835 1196.95045914426
"665" 0.227272727272727 -1472.76168752992 0.296208209949534 0.086642853511184 1534.07256377714
"666" 0.181818181818182 -1644.19598631488 0.236795769958958 0.0785317339277532 1679.47034168514
"667" 0.181818181818182 -879.732092113863 0.363219861549825 0.0935730338551234 1403.30776954454
"668" 0.181818181818182 -1127.26573465378 0.344037613640804 0.0891344904779434 1448.14465286422
"669" 0.272727272727273 -848.392140334293 0.430489218968516 0.103337185108839 1274.68624675887
"670" 0.227272727272727 -1539.04369013869 0.459820047218389 0.105597879745645 1232.31111541546
"671" 0.409090909090909 -1102.19869774902 0.606464053944485 0.139866626253431 936.920774807234
"672" 0.409090909090909 -664.80067407861 0.611503437771795 0.144118658532151 914.338914974104
"673" 0.272727272727273 -1184.55513241345 0.299853078099797 0.0862817650777819 1551.47006095744
"674" 0.409090909090909 -603.665710947876 0.729017722426646 0.19381837346872 676.5514637316
"675" 0.318181818181818 -1408.73688362505 0.465077764774703 0.109375209878452 1211.01009329358
"676" 0.227272727272727 -1312.36269411195 0.43935460719083 0.105824268726132 1279.55329692123
"677" 0.272727272727273 -1202.94113646209 0.263774160775429 0.0813324857958161 1629.82957000845
"678" 0.227272727272727 -1346.58567818284 0.424615483549369 0.103999179276799 1293.28294677751
"679" 0.272727272727273 -1006.18570664424 0.482417034151527 0.111683079985705 1185.29215703134
"680" 0.318181818181818 -1121.15464714165 0.474757699638482 0.10799860950366 1202.17775267214
"681" 0.272727272727273 -1459.86043185166 0.426374200533272 0.101821504030766 1286.88432096867
"682" 0.318181818181818 -1721.28019377688 0.479729541381436 0.109776603860738 1183.06855673641
"683" 0.363636363636364 -1015.14350438501 0.45592902081271 0.111270451703193 1220.71633384679
"684" 0.318181818181818 -1087.24218993504 0.38327492366707 0.0999210238328994 1373.50521273285
"685" 0.409090909090909 -1575.57744804881 0.504790052567595 0.116175433652894 1142.8202737404
"686" 0.0909090909090909 -854.921558628022 0.468380606257972 0.110340828003242 1198.94690893261
"687" 0.227272727272727 -1801.56468437988 0.387774973529676 0.0983986296398558 1378.64808630683
"688" 0.272727272727273 -1252.03232080992 0.299204190976736 0.0863454562885245 1554.55816038562
"689" 0.272727272727273 -1288.55399019267 0.414513612446591 0.10042094701059 1336.71002596803
"690" 0.227272727272727 -952.397441187118 0.445244391519335 0.103213776647306 1250.98212371263
"691" 0.318181818181818 -1078.2679516026 0.502644133936893 0.120094452152349 1146.13902085965
"692" 0.227272727272727 -1564.67150556395 0.344790778002786 0.0911331639049032 1458.46868145795
"693" 0.181818181818182 -1529.71758315903 0.298229484670331 0.0883677960314665 1525.69350437768
"694" 0.272727272727273 -1041.73366404744 0.441816736194989 0.106739287250487 1247.85547385201
"695" 0.318181818181818 -1395.64508845929 0.488208344689322 0.113544447104742 1167.35280464394
"696" 0.272727272727273 -1059.78047429409 0.458845604737252 0.104955855704762 1232.31123521155
"697" 0.181818181818182 -971.983558290577 0.299529681844614 0.0880003697749642 1538.43000289106
"698" 0.318181818181818 -978.194665971945 0.349068174164493 0.0925763350851475 1419.17553093429
"699" 0.363636363636364 -904.52596432751 0.544840261797931 0.125567451867695 1052.9962319423
"700" 0.272727272727273 -1547.93651995075 0.305435794889544 0.0837440063938262 1557.02283937794
"701" 0.181818181818182 -917.256196076011 0.601958890427155 0.139570315214574 939.198205706058
"702" 0.318181818181818 -892.138320806226 0.501348828500336 0.118065974453132 1150.34910224462
"703" 0.409090909090909 -688.687753391548 0.577500108627788 0.135584538521775 981.492512815236
"704" 0.272727272727273 -1660.1087059496 0.44579599087423 0.104443799204032 1264.18859454276
"705" 0.136363636363636 -1359.54029188373 0.456737608906375 0.110455872130477 1217.12062582908
"706" 0.181818181818182 -1295.31244856699 0.275221775710342 0.0848160175861615 1600.72924345899
"707" 0.363636363636364 -1094.10773526919 0.438983076073722 0.104301764779547 1268.91015087797
"708" 0.227272727272727 -1163.86656305301 0.348626248111027 0.093082145429474 1429.57837643593
"709" 0.272727272727273 -998.252217344662 0.418845421402794 0.101659781283064 1298.8287975746
"710" 0.318181818181818 -1581.10238850544 0.394252943595598 0.0949989892631466 1376.90847684662
"711" 0.272727272727273 -1071.99925010316 0.497342167810036 0.114356810154855 1154.32064812416
"712" 0.181818181818182 -1741.36606242217 0.207857711367561 0.0791637476159599 1739.12278646391
"713" 0.181818181818182 -1062.45594861684 0.368337648829448 0.0969898256619213 1404.23717153531
"714" 0.318181818181818 -1224.66733490303 0.555144841840463 0.129304320478723 1051.69358783546
"715" 0.363636363636364 -554.561066293303 0.604533494869362 0.141030078372633 920.517814292328
"716" 0.181818181818182 -1533.25801989961 0.288527789059151 0.0824075025515018 1572.19682123379
"717" 0.272727272727273 -795.686978752029 0.610000508802521 0.146566092501277 922.273934314936
"718" 0.409090909090909 -979.603667101792 0.557308010398989 0.128016482577657 1022.35269204318
"719" 0.272727272727273 -855.861438291352 0.529860345496739 0.122560626096914 1078.55699685079
"720" 0.227272727272727 -999.206530635706 0.341927850670907 0.0929284467340405 1438.51253611094
"721" 0.272727272727273 -1680.4612328734 0.429155345234351 0.10114076298903 1300.04522586473
"722" 0.363636363636364 -611.857139722096 0.633993833779471 0.153439589855716 862.852407529077
"723" 0.318181818181818 -1128.13749906504 0.529529840663113 0.120700143939689 1097.775527769
"724" 0.318181818181818 -993.19566861365 0.567721865707333 0.128081540224848 1015.42216640008
"725" 0.272727272727273 -938.761112442389 0.480092288092217 0.111357039836638 1176.27793862207
"726" 0.272727272727273 -858.480634786557 0.551079664478313 0.127885308437309 1042.51241010419
"727" 0.318181818181818 -1142.24928484752 0.381407136939848 0.0970109891049897 1374.54492337459
"728" 0.318181818181818 -604.530187491444 0.580932950383342 0.136606265096276 976.978957001504
"729" 0.272727272727273 -1219.22896548911 0.393869954383597 0.0986057351975493 1364.21322507837
"730" 0.363636363636364 -522.139134092823 0.612161706080248 0.148739951801507 903.77137800348
"731" 0.272727272727273 -871.616672033379 0.490577175623907 0.115801731655736 1157.21960087449
"732" 0.318181818181818 -756.517108550867 0.496216568920088 0.114763102272042 1139.36217596817
"733" 0.363636363636364 -840.226205897171 0.556848522907327 0.12598862255905 1043.6063790044
"734" 0.272727272727273 -1371.16037904765 0.431992573780654 0.101015427882196 1301.58858819585
"735" 0.318181818181818 -872.880884849246 0.389445404078331 0.0974918659451433 1359.14905108779
"736" 0.227272727272727 -1280.53201411466 0.605091719098933 0.144347365600747 937.638159942115
"737" 0.136363636363636 -1522.82907442238 0.259995350470258 0.0799963823365129 1627.165150106
"738" 0.363636363636364 -915.69348320295 0.525707903699079 0.126668147211395 1081.77993573842
"739" 0.272727272727273 -1411.98631236525 0.296477612184872 0.0876264183565027 1541.32037078415
"740" 0.363636363636364 -1181.73422283525 0.418702175728946 0.103141511782515 1324.68515408374
"741" 0.272727272727273 -1194.53966682116 0.33541047399565 0.0916307341916886 1489.02132599124
"742" 0.409090909090909 -1148.79609686099 0.446624249152216 0.105982503828634 1258.94790592291
"743" 0.272727272727273 -1337.47382921859 0.497102320549404 0.111041085813319 1163.97902601734
"744" 0.227272727272727 -761.369351173427 0.528163243848513 0.127514510111351 1067.93957110401
"745" 0.181818181818182 -1263.45256259185 0.30081428389844 0.0853454525802909 1542.0793718574
"746" 0.318181818181818 -763.639601442807 0.612420761635825 0.146088903495275 903.072766050568
"747" 0.409090909090909 -754.156570704133 0.493307664757349 0.115863384231072 1143.35037715819
"748" 0.227272727272727 -1485.09277812688 0.199473441923681 0.0746059207317606 1745.70503500616
"749" 0.363636363636364 -1116.85162491535 0.556805872563881 0.127721891975119 1027.47548844746
"750" 0.272727272727273 -1033.0841019337 0.54355156569882 0.124022009637436 1059.45402144149
"751" 0.318181818181818 -852.435674415411 0.453009758668314 0.109271502802066 1230.99696082057
"752" 0.136363636363636 -1219.65816072423 0.268553673031312 0.081914633639761 1599.76595914715
"753" 0.272727272727273 -1220.54494345045 0.449470905531651 0.10385466768458 1251.96378959285
"754" 0.136363636363636 -1615.31918268152 0.182146963349594 0.0733747854856613 1776.62069951613
"755" 0.227272727272727 -1336.00311859051 0.408479371761998 0.0998849055696771 1329.35142300271
"756" 0.272727272727273 -904.12371896405 0.525993127173729 0.124945633530125 1077.68857219111
"757" 0.227272727272727 -1804.67719496554 0.18565398698137 0.0739490691535409 1790.93937524279
"758" 0.272727272727273 -1270.58380858185 0.386523530262811 0.0985754300195906 1361.59680273948
"759" 0.409090909090909 -717.786326061412 0.566474777509951 0.132218436940539 1008.54719096021
"760" 0.318181818181818 -1133.91819780316 0.518157186534736 0.121868875249458 1118.14957955831
"761" 0.227272727272727 -1990.57715215446 0.344284509289041 0.0916191979893777 1447.57125358064
"762" 0.272727272727273 -1092.72070571528 0.480830860713002 0.116484242362211 1179.29473533455
"763" 0.318181818181818 -1468.42960865004 0.381547053371847 0.0950033745603875 1405.80275377933
"764" 0.227272727272727 -1021.29172941093 0.35670906072213 0.0934957461745418 1430.15946491573
"765" 0.227272727272727 -2286.83854937625 0.343333619866471 0.0891686554481533 1464.29113139289
"766" 0.181818181818182 -1186.76958175973 0.314378571650476 0.0902843414962137 1524.7367379826
"767" 0.272727272727273 -942.911926193057 0.489555512305161 0.113275564065217 1168.3619841158
"768" 0.318181818181818 -742.396453412403 0.545395860725099 0.127010227751365 1036.1760480474
"769" 0.227272727272727 -1143.3002825489 0.4318539115748 0.105884271320386 1258.40662934554
"770" 0.227272727272727 -1729.04757178047 0.233463735331734 0.0810054009283002 1686.95451576428
"771" 0.318181818181818 -694.704252262959 0.67921692131053 0.170902323276414 784.224130082619
"772" 0.318181818181818 -949.118668165564 0.40392758575024 0.0976440640732465 1329.27987562863
"773" 0.363636363636364 -807.364356252937 0.547488216300931 0.12555927313525 1046.66578253252
"774" 0.363636363636364 -1027.36896132269 0.488032408394171 0.114143506263863 1166.23037054974
"775" 0.272727272727273 -1098.22654206629 0.361656065264094 0.0961436737219569 1420.87677496611
"776" 0.272727272727273 -842.893879124885 0.463367956045037 0.111328684839331 1196.08441182596
"777" 0.454545454545455 -1281.49358840345 0.454724350281453 0.10634592090825 1231.38387078987
"778" 0.181818181818182 -1318.96554788114 0.286854166055195 0.0899681884152359 1558.78422628454
"779" 0.318181818181818 -1195.04507443256 0.474011785968781 0.111366554001266 1190.02829731858
"780" 0.318181818181818 -821.743358081394 0.505723897621948 0.118904216700008 1121.08358385919
"781" 0.227272727272727 -1564.64733014446 0.412498050630904 0.102887191583883 1318.17930686702
"782" 0.181818181818182 -1669.3429111558 0.319490119189244 0.0853842735850418 1524.29110602943
"783" 0.181818181818182 -1034.2120627405 0.361761052541355 0.0930496588520935 1413.42393271156
"784" 0.227272727272727 -1000.57611780372 0.415146409420095 0.0982111580763325 1316.56247317456
"785" 0.363636363636364 -1156.65807960034 0.50232124598928 0.117832945497291 1144.78373231682
"786" 0.272727272727273 -823.326319271793 0.519927003805409 0.123921529890027 1094.81955434274
"787" 0.318181818181818 -1165.46855232685 0.425350784030158 0.100645872930515 1286.17629212878
"788" 0.318181818181818 -758.522798170189 0.501909885408489 0.117400051296762 1131.33529601358
"789" 0.409090909090909 -607.097341617654 0.629187846274685 0.15036535245087 876.762870688713
"790" 0.318181818181818 -781.165391178968 0.48409474092532 0.115484358791913 1170.55680313397
"791" 0.363636363636364 -957.89122607557 0.483885845714474 0.116570098635497 1169.22283440244
"792" 0.227272727272727 -1057.07073987058 0.510478930047981 0.11693787917774 1112.69159061889
"793" 0.272727272727273 -1216.59859966794 0.463119026635381 0.110999720904541 1227.55290071771
"794" 0.318181818181818 -732.344192652828 0.593684754123484 0.139924341723748 967.598201844585
"795" 0.272727272727273 -973.120171022867 0.452134258851059 0.10798958164612 1216.82881115951
"796" 0.318181818181818 -1076.56317420436 0.418169502757335 0.10198625534946 1298.25788941354
"797" 0.272727272727273 -865.347415425806 0.483008121084827 0.113727993302347 1168.30803573745
"798" 0.363636363636364 -1156.07368027033 0.453247389031716 0.109470359347714 1248.22414519067
"799" 0.363636363636364 -747.040512819249 0.565872686402541 0.132533685871164 995.062896367791
"800" 0.272727272727273 -932.112852236948 0.292140609552506 0.0850323017378507 1533.48394213072
"801" 0.181818181818182 -1294.13774787465 0.330269911668408 0.0908873341243048 1467.92116447184
"802" 0.227272727272727 -1362.17217511123 0.40980922617744 0.098920453574853 1336.62611910295
"803" 0.227272727272727 -907.323479411354 0.462741234327058 0.11141413955847 1213.27056388464
"804" 0.181818181818182 -1966.36866869427 0.243638937424539 0.0798030482306295 1686.80068522375
"805" 0.227272727272727 -968.508881670552 0.379371249291996 0.0946943203879293 1369.32880194442
"806" 0.318181818181818 -982.833927344542 0.53955589771294 0.125112800933919 1061.6116358439
"807" 0.318181818181818 -1085.15285170596 0.52046291706306 0.120927747152726 1107.61964323549
"808" 0.272727272727273 -1218.15167881392 0.45709027682409 0.10677068597362 1223.6751697026
"809" 0.272727272727273 -888.06870911366 0.521613904783165 0.117642473006889 1114.3225612679
"810" 0.227272727272727 -812.079687271453 0.552189706535941 0.128522718537023 1047.10041991045
"811" 0.318181818181818 -690.121861457977 0.695607642425707 0.175395641963325 741.558145663433
"812" 0.363636363636364 -343.492987616166 0.764002694496148 0.216755004539496 603.064428773406
"813" 0.363636363636364 -462.908759513271 0.649639263522189 0.158585392543675 831.189398460323
"814" 0.272727272727273 -1267.33603055445 0.5724145781173 0.132473021224029 1016.41866132508
"815" 0.318181818181818 -941.282124175466 0.532092322851485 0.122567468210189 1070.43580924047
"816" 0.227272727272727 -1232.87461485737 0.415486745807385 0.100253136481155 1320.12744679549
"817" 0.409090909090909 -878.646501622601 0.591912870953926 0.13947045327941 978.419062270061
"818" 0.181818181818182 -1320.81727984735 0.163651578753044 0.0723346650793661 1815.47206766561
"819" 0.227272727272727 -1604.18540656237 0.317799944861993 0.0876882310968676 1516.61790164865
"820" 0.272727272727273 -1263.10606445734 0.454048321670083 0.107851430796846 1244.49434125477
"821" 0.181818181818182 -1050.62688244132 0.428152515486186 0.105905587324876 1282.82209728037
"822" 0.227272727272727 -1570.96016366601 0.354198311215175 0.0923809454854904 1440.62631245034
"823" 0.227272727272727 -1865.1739906238 0.264489109846406 0.080924376041934 1618.1210443184
"824" 0.272727272727273 -1150.78515281882 0.301390181314575 0.0862975836841286 1525.71876939042
"825" 0.272727272727273 -975.315203096821 0.342815374957032 0.0915740495030455 1457.1715464873
"826" 0.272727272727273 -879.909666678615 0.519299887030376 0.120651897839784 1086.14667861895
"827" 0.227272727272727 -1204.62842383231 0.398328497911112 0.0998654581657008 1366.50190572632
"828" 0.363636363636364 -836.653383531701 0.659263361904358 0.161783346591358 823.134342558612
"829" 0.318181818181818 -1075.80750793587 0.494901834962206 0.112257396474167 1161.78127101893
"830" 0.318181818181818 -632.631254023777 0.474870777396529 0.110651534042987 1185.72279873514
"831" 0.227272727272727 -1399.60911330312 0.315048613746676 0.0866059684074401 1518.94422723496
"832" 0.272727272727273 -1340.70443319411 0.54674345695877 0.125426115272586 1061.74908923307
"833" 0.409090909090909 -619.189481746481 0.663573547432983 0.167453305135429 814.999661388784
"834" 0.363636363636364 -1433.94212236075 0.453837400385674 0.10418466270699 1248.26912735023
"835" 0.227272727272727 -1300.90053908436 0.285164320401739 0.0843716361255577 1577.64351676183
"836" 0.318181818181818 -873.389390154152 0.55581845060986 0.126354733361346 1042.8071448196
"837" 0.272727272727273 -1750.46962248612 0.283746938730223 0.0827476436872727 1592.51885807043
"838" 0.363636363636364 -1053.88545095882 0.431879654666673 0.101590273771128 1283.0477100046
"839" 0.318181818181818 -940.560870652873 0.499793383587924 0.117796306140993 1156.03066925984
"840" 0.318181818181818 -768.663451178784 0.485558614688729 0.11165370128445 1165.88436248475
"841" 0.272727272727273 -908.683986064067 0.462745684836545 0.113071478252141 1220.12965420395
"842" 0.272727272727273 -1577.36757518595 0.432924476259316 0.101962403909868 1295.86865710015
"843" 0.227272727272727 -1300.23403975678 0.411769976325618 0.100201962292402 1327.4524881133
"844" 0.318181818181818 -729.248049124855 0.576599655866562 0.131860607473686 996.310052525369
"845" 0.181818181818182 -1822.43224866475 0.250172071404272 0.0784508746913752 1666.92924720529
"846" 0.272727272727273 -1843.88728866078 0.371872122354814 0.0947908219882423 1405.67217284222
"847" 0.272727272727273 -928.641503235839 0.508585065704674 0.118666310117722 1125.3824321568
"848" 0.272727272727273 -838.97356015599 0.54833845823943 0.125617479322007 1047.18583518983
"849" 0.272727272727273 -769.673384708272 0.528419203225205 0.124457081992022 1058.48582594541
"850" 0.272727272727273 -1421.55731898561 0.56952590598491 0.132676624220994 1013.03961799013
"851" 0.227272727272727 -1236.63631958021 0.272711801153897 0.0847418250646686 1595.85709600108
"852" 0.227272727272727 -1331.28957626803 0.501465301467876 0.119235520044385 1154.46616643289
"853" 0.318181818181818 -720.073665329172 0.539129148996698 0.123257131745851 1066.30767831513
"854" 0.181818181818182 -1522.77027659985 0.302090516189104 0.0845652407950976 1545.5784490174
"855" 0.318181818181818 -507.588274649036 0.550240498306684 0.126550277325182 1021.59360237662
"856" 0.409090909090909 -670.542395716082 0.517056913242907 0.119550997447116 1100.4161301541
"857" 0.272727272727273 -1265.88609261393 0.325692982670722 0.0876908940228849 1490.60003062034
"858" 0.318181818181818 -710.527617894297 0.606692003349262 0.141781295836136 918.422251559235
"859" 0.318181818181818 -997.695051876345 0.500117131241093 0.114342103112708 1144.56802651541
"860" 0.227272727272727 -1215.87551586152 0.416355642237954 0.0996218001095359 1315.4636081252
"861" 0.318181818181818 -906.831552626606 0.563424348529432 0.132732206404415 1015.54766099979
"862" 0.272727272727273 -1545.65742331867 0.337757075091229 0.0904286572260287 1487.69325220983
"863" 0.409090909090909 -1006.1837619214 0.455130021059707 0.107027073517418 1216.8070712443
"864" 0.318181818181818 -780.041147597626 0.48999011186047 0.115452573643104 1149.04184463569
"865" 0.318181818181818 -1172.23954943578 0.530289699256328 0.12151225970656 1067.56372819624
"866" 0.318181818181818 -1388.72792859375 0.421686866117199 0.103951364415379 1312.25421826604
"867" 0.272727272727273 -1000.01175716846 0.344028601517615 0.0917339264883774 1437.0412980156
"868" 0.227272727272727 -1149.56869708632 0.501618495811318 0.116187104146488 1149.56432217364
"869" 0.227272727272727 -1016.56438203887 0.473195059636498 0.10859518004761 1201.27798474745
"870" 0.363636363636364 -914.135351999304 0.528864682022138 0.12089137447722 1097.9511579506
"871" 0.227272727272727 -1389.9475028342 0.373456311261564 0.0932094454952618 1396.79968278125
"872" 0.318181818181818 -783.419762289665 0.474288909179324 0.110817572478812 1186.49270458029
"873" 0.227272727272727 -1147.37462163061 0.350995980753832 0.0922787911700467 1434.3516947596
"874" 0.227272727272727 -1383.57820414485 0.241408474321319 0.0805348155727539 1676.21949077655
"875" 0.409090909090909 -869.830446078407 0.619170381070615 0.14450378500261 898.669553085463
"876" 0.272727272727273 -1768.25590393551 0.45831526889352 0.107770948345243 1236.90365938914
"877" 0.272727272727273 -747.648580229047 0.477333841268882 0.114337690158203 1185.08724472468
"878" 0.363636363636364 -799.071999948778 0.565020264423151 0.131436414531012 1013.30427806738
"879" 0.363636363636364 -855.799910087849 0.654489165726456 0.161380909402435 834.562274517678
"880" 0.181818181818182 -1386.59886964599 0.349477435574041 0.0928370727291144 1455.33024914109
"881" 0.272727272727273 -1004.99574351538 0.460503634030361 0.106782896963809 1223.7887968973
"882" 0.181818181818182 -974.777793401516 0.373644556081825 0.0971634325920225 1385.36918883097
"883" 0.181818181818182 -1215.46162969008 0.280727840419334 0.0834473660404364 1576.93811461723
"884" 0.318181818181818 -721.346891024529 0.615152488663198 0.14714386527101 919.205621950096
"885" 0.272727272727273 -1356.01917533182 0.348433751221143 0.0896405391677013 1458.71227205766
"886" 0.272727272727273 -1261.11286079714 0.42920924037736 0.102592700801117 1298.87216201089
"887" 0.363636363636364 -799.023101395497 0.494932584002538 0.113738010417204 1151.04650896112
"888" 0.181818181818182 -1629.84244192881 0.336847858594856 0.0908063322957777 1497.15455696385
"889" 0.227272727272727 -1033.12506734047 0.426139929255631 0.102019812145503 1287.96991625935
"890" 0.318181818181818 -886.185586524722 0.501768201976178 0.1166784003409 1148.40375585533
"891" 0.272727272727273 -1040.2588331743 0.393063270304877 0.0986209797987911 1343.91487195322
"892" 0.272727272727273 -821.416873967762 0.488022797044905 0.114470353710206 1153.09782771305
"893" 0.363636363636364 -1022.4979311335 0.503554546539707 0.117789730486284 1122.54531486438
"894" 0.272727272727273 -1153.53993750562 0.423387675903723 0.100882935519946 1296.53195167271
"895" 0.363636363636364 -1313.70746864947 0.483515096347941 0.112925341713428 1181.78993572827
"896" 0.454545454545455 -884.700123384585 0.51899621152376 0.119728107505993 1100.80706109661
"897" 0.363636363636364 -702.360672105054 0.563321785235414 0.131617575065603 1017.33306290993
"898" 0.272727272727273 -1385.10821075565 0.427839986410425 0.10152218507791 1293.31523148079
"899" 0.318181818181818 -709.33807215968 0.551804736826675 0.130701471243043 1016.69455215797
"900" 0.318181818181818 -887.276662586531 0.437226831767085 0.108394621386114 1251.76115937163
"901" 0.318181818181818 -950.735136761329 0.412153796881001 0.0993418075915648 1309.6633356937
"902" 0.272727272727273 -1211.5660162305 0.277248998290404 0.0812720110276137 1599.78013537097
"903" 0.136363636363636 -2059.01249034977 0.111141086360207 0.0680149432605495 1941.93037140751
"904" 0.136363636363636 -2168.83158225402 0.241761846712477 0.0791130165895324 1675.58725254252
"905" 0.227272727272727 -1118.17926400606 0.425403548061206 0.10536659019944 1283.93056339807
"906" 0.318181818181818 -1781.13276282857 0.319858103435053 0.0863395069110174 1522.61184398967
"907" 0.363636363636364 -623.743280511918 0.595773137209276 0.138552663694502 938.138304059068
"908" 0.227272727272727 -1868.1911029451 0.31098374302475 0.0855151246400577 1532.33681611777
"909" 0.181818181818182 -1436.74206445635 0.29140998143931 0.0844296197881092 1559.65072861745
"910" 0.363636363636364 -902.35360454977 0.520628995276048 0.12161685378112 1102.20244344134
"911" 0.272727272727273 -806.432524438441 0.459117122408265 0.109197714227631 1213.40112117063
"912" 0.318181818181818 -1476.36644991108 0.311799296280026 0.0862975980765613 1502.42214720584
"913" 0.181818181818182 -1566.61184663079 0.224842549677545 0.0771946361985663 1693.17318547594
"914" 0.227272727272727 -1818.36894465923 0.464956437604497 0.110108880152576 1222.97689676888
"915" 0.409090909090909 -1109.96582131066 0.512570881858151 0.115947241019143 1123.31680970604
"916" 0.318181818181818 -806.666959614146 0.535915830939642 0.123687307058964 1064.5591463286
"917" 0.272727272727273 -1146.35692095873 0.331803085787708 0.089929356890333 1472.46446607676
"918" 0.363636363636364 -1205.09721693535 0.562936849296374 0.131687707786965 1021.76174781397
"919" 0.227272727272727 -1044.30584389424 0.526669057568604 0.122300525836026 1093.20498719006
"920" 0.363636363636364 -547.839270382135 0.560998852652402 0.13025151512857 1013.85919732723
"921" 0.272727272727273 -955.393020656004 0.440842902586483 0.106688304944888 1252.80381592518
"922" 0.227272727272727 -1355.06237778615 0.349915690688358 0.0920596678800683 1461.36852977282
"923" 0.272727272727273 -1279.13922120928 0.437578136147933 0.106182249779887 1277.53750081803
"924" 0.363636363636364 -1041.07055260585 0.470115081527095 0.112051204396796 1202.93795557513
"925" 0.272727272727273 -1168.79778429726 0.377931093958505 0.0966972595143632 1386.38460609398
"926" 0.272727272727273 -638.967097006614 0.605337956755095 0.144394454688812 927.291309599008
"927" 0.272727272727273 -1299.90058286361 0.358844441023838 0.0903595854399386 1445.21883057624
"928" 0.272727272727273 -807.472607299045 0.51630438820769 0.120395243411448 1112.39924477485
"929" 0.318181818181818 -664.231869878026 0.618119561739054 0.147578556268488 897.9795262589
"930" 0.227272727272727 -1170.5150489936 0.425025433898393 0.102796517638371 1288.31446184791
"931" 0.272727272727273 -1285.54775720822 0.456691573024567 0.104930730031335 1239.52937613408
"932" 0.318181818181818 -928.458937864013 0.517349841663064 0.120141403051169 1098.29495834684
"933" 0.227272727272727 -1059.90807653969 0.433576555011104 0.104307261352325 1270.57518742842
"934" 0.318181818181818 -982.448979193906 0.524388579322675 0.120728776837582 1100.28485195484
"935" 0.363636363636364 -782.831967006225 0.446869480318642 0.108246194485653 1238.4461087274
"936" 0.363636363636364 -616.303838526497 0.663548920014089 0.162176644110619 799.702298905735
"937" 0.227272727272727 -1500.56003912535 0.42788093754124 0.0999623985141325 1300.81106407508
"938" 0.136363636363636 -1195.11900671482 0.40369772577738 0.098527426240172 1344.94709537278
"939" 0.318181818181818 -1037.24150940165 0.519358947656413 0.122496378570399 1107.20416127977
"940" 0.227272727272727 -982.796320194702 0.481454491503062 0.113262913089589 1176.03813208104
"941" 0.454545454545455 -473.334095700998 0.78962918135703 0.234018526280517 557.568345075333
"942" 0.227272727272727 -1055.58509653175 0.40667958031277 0.0980660917664107 1327.91447686746
"943" 0.272727272727273 -1145.26894940124 0.429978303886861 0.102463755519503 1286.79839471171
"944" 0.227272727272727 -1525.11849347856 0.433782128617024 0.104060674630603 1277.50539668293
"945" 0.227272727272727 -998.669620457116 0.334509379696079 0.0908706785628735 1470.75162333821
"946" 0.318181818181818 -1343.85285270637 0.352344908766829 0.0897078702219717 1439.30910508669
"947" 0.545454545454545 -601.242842698235 0.670569343089129 0.167137966312168 798.382411969104
"948" 0.363636363636364 -1121.29285998109 0.430548865670589 0.102787110542958 1285.36329478072
"949" 0.363636363636364 -1006.55456523597 0.449979152696944 0.104099694574155 1249.65832941462
"950" 0.272727272727273 -1130.93306760703 0.427757394094773 0.104534200444423 1283.19718533126
"951" 0.272727272727273 -1685.74343502824 0.388132787095198 0.0984544144069385 1372.58151808041
"952" 0.227272727272727 -894.144335124916 0.464415976170774 0.111837664331624 1208.83804726106
"953" 0.272727272727273 -1199.53355102517 0.413668362201351 0.100089314349179 1313.49534189496
"954" 0.227272727272727 -1608.37353848784 0.262854125734783 0.0839761029119491 1623.21656136541
"955" 0.454545454545455 -923.648381376569 0.530225254532568 0.126059898550062 1079.90195145556
"956" 0.318181818181818 -1072.33070141133 0.418391449484741 0.100032228220316 1295.63146249999
"957" 0.272727272727273 -815.837096593347 0.509820940114523 0.11941944505479 1115.5889737367
"958" 0.318181818181818 -962.620069854555 0.423296959136386 0.0999358168581648 1313.00474337767
"959" 0.272727272727273 -847.082444102069 0.514964410436858 0.124680649320635 1106.02538427402
"960" 0.318181818181818 -629.718090945353 0.539795732618092 0.123625945516842 1056.31970216656
"961" 0.272727272727273 -946.766286227758 0.459402058540205 0.1079846034173 1221.19174859021
"962" 0.227272727272727 -1368.0275479426 0.235185774639162 0.0813464833972967 1687.71499648292
"963" 0.363636363636364 -807.256784392859 0.399584451712131 0.0986277961205363 1335.62193145868
"964" 0.272727272727273 -742.554359819923 0.530045475849452 0.121512060176542 1068.59206964711
"965" 0.454545454545455 -797.396515660775 0.566869019380321 0.135356658572415 1009.6499405697
"966" 0.136363636363636 -2669.51986233561 0.163835174915555 0.0728339052714919 1811.12322071311
"967" 0.272727272727273 -1251.61710612111 0.431158485794729 0.106818998752664 1274.939170203
"968" 0.181818181818182 -873.254982614029 0.489840939010882 0.111343879735802 1164.48790687516
"969" 0.181818181818182 -2197.67962892339 0.174514441335649 0.0722381161639561 1816.22281825343
"970" 0.227272727272727 -1020.80502338637 0.489470602132244 0.113688821038288 1155.99018504815
"971" 0.227272727272727 -1634.72121797594 0.224821987658715 0.0784336708536128 1681.52905485489
"972" 0.318181818181818 -869.935445239881 0.463879057481451 0.112655722803607 1208.28970036485
"973" 0.272727272727273 -1133.18028272156 0.348385789505169 0.0931462826475381 1433.6053950047
"974" 0.181818181818182 -1445.38807585757 0.266216890832522 0.0810521709910339 1604.16404371166
"975" 0.272727272727273 -968.598321251991 0.490544509867083 0.116097262014001 1149.39984805855
"976" 0.227272727272727 -1254.62210061666 0.387835436616743 0.0975739155904106 1364.70433550957
"977" 0.227272727272727 -697.0655358703 0.599773776521554 0.14120204058032 939.164443996223
"978" 0.272727272727273 -1170.28003970517 0.374025204938319 0.0958717032401961 1389.51494374401
"979" 0.227272727272727 -1283.18377699552 0.333356115310676 0.090228427456481 1476.66819984592
"980" 0.227272727272727 -1092.42223237973 0.354258481862919 0.0922348139447784 1438.42097258745
"981" 0.272727272727273 -1309.14123486572 0.32628488115755 0.0870746721107005 1505.93051944226
"982" 0.272727272727273 -1071.28314743485 0.456415004837512 0.109368351179659 1217.7857321121
"983" 0.227272727272727 -1258.61950724308 0.455547165908925 0.108179522748364 1244.50700984634
"984" 0.318181818181818 -590.410531502569 0.602553567494923 0.144325752889225 932.394402840338
"985" 0.181818181818182 -1400.63096836454 0.224086612638744 0.0762193961382633 1700.32118071609
"986" 0.227272727272727 -1270.49238291814 0.28632447266639 0.0842702689141685 1584.21822533092
"987" 0.272727272727273 -1104.72897014783 0.47844691950184 0.113497006582343 1191.14814656667
"988" 0.318181818181818 -1066.80046601859 0.415400495456243 0.101942208422653 1316.67109554252
"989" 0.5 -506.888795195003 0.808700909411426 0.253557127039021 515.044132643286
"990" 0.363636363636364 -838.915442220656 0.613318500967316 0.147671290448777 914.872836399893
"991" 0.227272727272727 -1240.06032624518 0.463477446487479 0.108804257016354 1220.27977406585
"992" 0.409090909090909 -868.435363251906 0.525387207590125 0.121709660770142 1091.64099850276
"993" 0.272727272727273 -834.344932518659 0.539693668323451 0.125776401310583 1059.02749823341
"994" 0.409090909090909 -864.468923772715 0.658916366443874 0.161542446851659 813.318294369872
"995" 0.227272727272727 -1355.74346775328 0.394952833039852 0.0986943113696722 1358.85726581446
"996" 0.318181818181818 -964.994028519765 0.532674427843969 0.122109587016118 1074.05932782977
"997" 0.272727272727273 -1532.85788602439 0.376681197919591 0.0962323114268312 1399.78533475737
"998" 0.318181818181818 -950.579802204842 0.639307936608807 0.151880036293879 864.815860579885
"999" 0.409090909090909 -721.969695051663 0.512465273398126 0.12243135769307 1105.48909513421
"1000" 0.318181818181818 -1028.82839708199 0.648926468396581 0.155900567925855 835.581085573451
