"SCI" "RCI" "GER" "MSM*" "MIG"
"1" 0.318181818181818 -351.453918696347 0.568219183713497 0.204293492369124 403.83077817739
"2" 0.454545454545455 -302.07577259731 0.573840445221381 0.199921981773181 392.27444430124
"3" 0.227272727272727 -908.963209051648 0.500112316990287 0.171307461794616 481.590230429722
"4" 0.272727272727273 -515.264752734624 0.496836258432951 0.170080459200103 471.328864765861
"5" 0.272727272727273 -722.178396972187 0.427421672096488 0.155151833604666 531.737189843426
"6" 0.318181818181818 -600.992479411379 0.412578482931942 0.140312304359099 537.03543026912
"7" 0.318181818181818 -335.119255054721 0.479180174097878 0.159969865703766 479.275596805522
"8" 0.136363636363636 -385.051072865015 0.421903420822257 0.159064215494277 518.658453402854
"9" 0.136363636363636 -428.807470258036 0.428994723288829 0.159337750499927 517.768072796017
"10" 0.272727272727273 -425.390429510541 0.546837126916563 0.189508181783237 435.337404557895
"11" 0.272727272727273 -518.762178003968 0.398743581611337 0.152315077247304 526.454977788711
"12" 0.181818181818182 -419.352977157092 0.399775995299665 0.141357604226795 539.323469614214
"13" 0.181818181818182 -529.020892984967 0.360037304246458 0.1395936485644 570.667227167417
"14" 0.136363636363636 -532.149247450807 0.263957437153942 0.118941375264481 635.291711859382
"15" 0.318181818181818 -596.749004510907 0.489864628385791 0.169674964901407 486.223763464093
"16" 0.227272727272727 -457.880605125002 0.352242257829742 0.130471816402003 565.22046373731
"17" 0.272727272727273 -400.409028983609 0.440137529144204 0.148343913478183 510.841907797684
"18" 0.272727272727273 -351.493727459802 0.390886186285586 0.140465406583586 535.085262955208
"19" 0.0909090909090909 -524.952410610426 0.341601434873527 0.141069987934124 584.816098790094
"20" 0.318181818181818 -491.645984546734 0.533768263744776 0.192563690646686 428.429678112944
"21" 0.318181818181818 -452.97977077583 0.437444402584932 0.160483812081035 505.791247202042
"22" 0.227272727272727 -282.644119353575 0.535334054228232 0.189057651719125 436.374826672273
"23" 0.272727272727273 -423.75702854855 0.318641693697224 0.130398912374541 583.36109319231
"24" 0.181818181818182 -554.873245424986 0.480141079791255 0.166259253141984 496.212983283075
"25" 0.272727272727273 -495.465838745594 0.48809207360682 0.174951331429262 471.559715070571
"26" 0.318181818181818 -430.031367589783 0.405506559888196 0.141071079633984 530.868467441178
"27" 0.136363636363636 -600.035260847826 0.390397421218566 0.145318686294516 551.864205676117
"28" 0.136363636363636 -620.975793906143 0.310773961648959 0.130550331839883 618.974538557134
"29" 0.227272727272727 -473.666907350101 0.438157561379378 0.147544476717171 506.506019370574
"30" 0.318181818181818 -489.363168632865 0.452832640256817 0.161752710220665 510.037821854437
"31" 0.181818181818182 -330.882759509084 0.369199728527747 0.14818256224943 556.745670662187
"32" 0.272727272727273 -260.312561520588 0.57887506990556 0.202877707152708 396.35192011402
"33" 0.227272727272727 -614.586031511428 0.255441426181552 0.116210586865172 641.260300269937
"34" 0.136363636363636 -554.542362391274 0.315143120974842 0.132269292645798 602.271271929117
"35" 0.227272727272727 -358.656470372852 0.348939175827767 0.130334879122997 565.802151859528
"36" 0.227272727272727 -839.740517357485 0.448099734592852 0.160550015904522 513.85856012037
"37" 0.227272727272727 -409.567185547313 0.41509371353072 0.156914472258836 525.764123680787
"38" 0.272727272727273 -734.090854939315 0.415034748494296 0.152262153261421 541.828670046157
"39" 0.363636363636364 -379.144572288204 0.520224231738316 0.182755946768881 451.421699039605
"40" 0.272727272727273 -385.927544035881 0.527515846897599 0.187503415085792 439.991986077973
"41" 0.181818181818182 -534.007912466157 0.343693316234458 0.132413707236445 592.140002481034
"42" 0.318181818181818 -285.007570966552 0.418757943879927 0.161782288698933 500.793213101891
"43" 0.318181818181818 -468.347808032649 0.440667135817301 0.163790231346649 503.693042751709
"44" 0.181818181818182 -424.153561000703 0.35547698936772 0.144000024233044 572.916570253386
"45" 0.227272727272727 -339.726620224234 0.514160144873629 0.18358850079638 449.374550378304
"46" 0.181818181818182 -432.544334457653 0.391067896637507 0.14657905852466 562.836197956069
"47" 0.136363636363636 -568.206390118386 0.492423578295025 0.176818748702692 466.579480995638
"48" 0.227272727272727 -397.930618162413 0.345248841501697 0.129981085167968 579.091061671278
"49" 0.181818181818182 -615.894419004481 0.372045315108165 0.135776800465178 564.166627100571
"50" 0.181818181818182 -849.771426504046 0.273748968150209 0.124402465577004 644.307233010218
"51" 0.136363636363636 -472.575830544289 0.299973278938247 0.128808492104309 616.091330515719
"52" 0.227272727272727 -405.125770929892 0.418255434221614 0.158472872161228 520.593833347489
"53" 0.227272727272727 -493.892979556999 0.493856070878122 0.170226821778095 484.647478806516
"54" 0.318181818181818 -483.735353383381 0.457647646234163 0.164750992575869 500.755708418619
"55" 0.272727272727273 -742.798181604933 0.418360413454158 0.151194671602949 539.371238848795
"56" 0.318181818181818 -506.360200094174 0.477577375754017 0.158571566114467 469.790255179629
"57" 0.272727272727273 -475.422417701914 0.408854775894706 0.155910080546881 515.707520304616
"58" 0.227272727272727 -408.122607350161 0.510377628846707 0.179849587552301 458.716648299284
"59" 0.136363636363636 -579.964386053647 0.342528085163562 0.134304323267582 569.785722010653
"60" 0.136363636363636 -456.852468178384 0.298908877543555 0.13655410764169 604.156121150712
"61" 0.227272727272727 -512.856143090078 0.464774020822088 0.167941984759129 491.241068267268
"62" 0.136363636363636 -511.611470332368 0.46051070724485 0.164482729653013 501.572415377828
"63" 0.136363636363636 -564.351057600267 0.231998619716456 0.121722051124501 647.498411776894
"64" 0.181818181818182 -991.839579463865 0.354668243936303 0.139799913543127 590.129120319872
"65" 0.409090909090909 -355.932192852431 0.451103529109367 0.159284741932977 477.945883493447
"66" 0.363636363636364 -403.916193768245 0.581170143855211 0.205732100891088 401.006938842638
"67" 0.227272727272727 -726.327115298858 0.471629263710591 0.166680256881626 494.959640352549
"68" 0.227272727272727 -437.359531916261 0.457297143642388 0.169834997528201 485.765603089556
"69" 0.227272727272727 -738.718108103774 0.410220259793937 0.151546473497829 523.426379683446
"70" 0.363636363636364 -440.451977594007 0.518117302095066 0.184452419353621 447.269817815921
"71" 0.181818181818182 -387.745015842137 0.269205598049653 0.121015990422927 625.944129593582
"72" 0.0909090909090909 -1129.70032717124 0.427825836102705 0.151243229059209 545.478964666263
"73" 0.272727272727273 -453.032783352232 0.393218679309511 0.151150507601654 545.813582164226
"74" 0.181818181818182 -434.464632594945 0.474354337223319 0.171036495699285 482.353194051934
"75" 0.181818181818182 -458.423998802396 0.476392108335916 0.168517602112941 489.563101810031
"76" 0.318181818181818 -455.234911206463 0.46656938359535 0.166772597388445 494.68558559319
"77" 0.136363636363636 -613.333206463112 0.351098147313593 0.140007076042372 589.255931429011
"78" 0.409090909090909 -343.429218399197 0.551324385397547 0.193870260268011 425.542318280018
"79" 0.272727272727273 -566.999081440955 0.378619332303919 0.147820982855745 558.107505485266
"80" 0.136363636363636 -695.93267866542 0.26979002880616 0.119081924509041 631.763194052256
"81" 0.0909090909090909 -510.190602530883 0.334525615441524 0.138079169801189 597.483314237669
"82" 0.363636363636364 -483.95991549816 0.4817612880212 0.175170882131784 470.968684954923
"83" 0.181818181818182 -801.124071780681 0.341439835928052 0.131973729411404 585.055173669904
"84" 0.227272727272727 -446.550424810307 0.38727203877778 0.14646339597831 547.439207321685
"85" 0.0454545454545455 -791.947292210018 0.273780079003892 0.127713812880193 645.975545945
"86" 0.227272727272727 -490.348082143142 0.463122092448776 0.170916774857166 482.691064519235
"87" 0.318181818181818 -429.134068444094 0.409612596864912 0.14346570426165 525.236375565114
"88" 0.318181818181818 -349.429982444763 0.525944740562327 0.188424155483923 437.841951782233
"89" 0.318181818181818 -471.601613008005 0.505816445289412 0.171836374498145 461.67146152325
"90" 0.363636363636364 -303.810873264334 0.681833552610259 0.253322853330773 325.671367250378
"91" 0.136363636363636 -613.483812281561 0.390312270469729 0.150087379071039 549.67979660003
"92" 0.136363636363636 -567.367767468075 0.340642538182588 0.132835301551195 575.479169826102
"93" 0.363636363636364 -540.022550816895 0.557436893047943 0.188382052311872 437.939808954936
"94" 0.272727272727273 -454.680556371453 0.383378790825799 0.149175734825704 533.802802750017
"95" 0.227272727272727 -344.582775965821 0.548864594718711 0.194022369392692 420.592027740027
"96" 0.136363636363636 -772.141521611248 0.281132866331346 0.118106801201818 647.989690823522
"97" 0.227272727272727 -349.067228699416 0.463066686172515 0.160880442692034 472.464212126718
"98" 0.318181818181818 -500.294199700077 0.458094659782151 0.166361357782661 495.908431498739
"99" 0.136363636363636 -574.512696380479 0.336188821995073 0.138274562119421 596.63902554071
"100" 0.136363636363636 -389.682495112476 0.437920179503043 0.165160102938122 499.515309886364
"101" 0.409090909090909 -201.210567409905 0.609438086876121 0.221694070121341 372.134446152956
"102" 0.272727272727273 -556.917095248625 0.416905619319694 0.153585597242717 519.789816385666
"103" 0.272727272727273 -438.764945525547 0.428616584787554 0.160137992777844 506.176188262827
"104" 0.181818181818182 -825.780986412074 0.348266278336474 0.127080982395037 585.47383752712
"105" 0.181818181818182 -405.201611867423 0.440959146271223 0.16428712243301 502.169608781361
"106" 0.227272727272727 -298.67900610868 0.492278027141529 0.175341576530955 470.510198620437
"107" 0.363636363636364 -298.114691825812 0.425793674228635 0.154503711028298 502.473613526998
"108" 0.363636363636364 -322.396075318635 0.606959079511983 0.211763937517945 385.653002274763
"109" 0.272727272727273 -439.109949905595 0.416160837569564 0.155933467576899 529.071797619807
"110" 0.318181818181818 -497.131225114927 0.505086741399482 0.177558693938137 464.63509147428
"111" 0.272727272727273 -374.415953147555 0.437599724701609 0.156493687410993 510.924773043916
"112" 0.136363636363636 -682.540064078026 0.232549800523328 0.113451509064982 665.064734227764
"113" 0.181818181818182 -339.7174973209 0.483058340146081 0.178154536598426 463.081106859273
"114" 0.409090909090909 -458.242779597453 0.586667743398617 0.202970243515454 406.463521800516
"115" 0.227272727272727 -475.887155554487 0.394684723385871 0.139092116869003 536.473706264356
"116" 0.272727272727273 -352.033015661048 0.494723175891969 0.178114308021273 463.185697524911
"117" 0.272727272727273 -434.92532981483 0.553861957971769 0.17913074164366 428.95783874582
"118" 0.136363636363636 -692.974580154163 0.36119701899675 0.14268843315351 578.182815359975
"119" 0.363636363636364 -373.58541844844 0.643084172124097 0.229283906253053 359.815921440851
"120" 0.227272727272727 -542.019110937404 0.520591785579392 0.183918650077081 448.567885668059
"121" 0.272727272727273 -571.613582007444 0.396189736608298 0.135799215240999 544.342692179493
"122" 0.272727272727273 -393.230587544186 0.352867637778866 0.138856095645883 556.549585151523
"123" 0.272727272727273 -303.369659398643 0.427015608041477 0.151889449170858 505.767395730894
"124" 0.272727272727273 -437.306760390838 0.461271311611143 0.165215594290015 499.347536499379
"125" 0.272727272727273 -443.059799671872 0.461612256322375 0.171541659073826 480.932739285766
"126" 0.363636363636364 -412.789675949299 0.554598905023173 0.178506560462338 412.80569619712
"127" 0.318181818181818 -688.933647224983 0.317944499454266 0.124388650315811 602.3678021792
"128" 0.227272727272727 -553.603271355104 0.485249512345088 0.173797098840815 474.691468098462
"129" 0.227272727272727 -557.777780642709 0.450416476433886 0.164439032475904 501.705700634606
"130" 0.318181818181818 -627.895165532706 0.397722838171927 0.145314529914577 525.951327950158
"131" 0.136363636363636 -474.918104998934 0.403129232172427 0.14664177203083 532.509591378984
"132" 0.136363636363636 -526.528637524801 0.407511841738627 0.149019682456735 553.61814385796
"133" 0.272727272727273 -332.999189611983 0.379683113829212 0.138531045474389 537.661809282964
"134" 0.272727272727273 -396.787846456847 0.458421862158782 0.154462421553822 492.827985998667
"135" 0.272727272727273 -442.48007334223 0.544515137908825 0.187048356104341 431.774142270302
"136" 0.363636363636364 -435.398894027861 0.429098570348678 0.1513542387252 506.406757884938
"137" 0.181818181818182 -527.60526749736 0.350828358018592 0.130701214812247 584.207840134543
"138" 0.272727272727273 -399.204531657696 0.428600632934936 0.15362103227 492.798482793528
"139" 0.227272727272727 -309.637562652001 0.486369737254281 0.162016329280415 478.840033983034
"140" 0.318181818181818 -404.40800541724 0.487440224297175 0.170967989896103 469.304490297194
"141" 0.272727272727273 -336.257068153752 0.47613767601999 0.167358425741233 475.358727811747
"142" 0.318181818181818 -411.20109408495 0.448056034252106 0.158544712296259 489.880846870365
"143" 0.181818181818182 -769.602237848787 0.379204588690226 0.14731897348954 560.009332442558
"144" 0.363636363636364 -427.498140104312 0.591289463481352 0.204803832735671 402.824492579093
"145" 0.5 -164.870260948216 0.628201336036528 0.230462977499494 356.70355477226
"146" 0.363636363636364 -379.011982134047 0.539493169655883 0.181707268370808 419.826081909873
"147" 0.181818181818182 -474.39257935167 0.436962093191173 0.15869950275731 519.850400074427
"148" 0.318181818181818 -231.605808631055 0.58310216206569 0.208657063543507 394.532850605985
"149" 0.181818181818182 -639.09619185643 0.439744532873997 0.159128099326035 518.450231916406
"150" 0.227272727272727 -536.448442143058 0.3941451927937 0.144031769283853 531.187073374544
"151" 0.181818181818182 -540.035952670322 0.402661476777919 0.157457692591557 523.950266526537
"152" 0.181818181818182 -465.965711313038 0.261457511156416 0.120080322953651 616.754272546037
"153" 0.272727272727273 -617.007767225316 0.517345802744397 0.18039162944471 457.338293655617
"154" 0.227272727272727 -496.762527192999 0.403373351545025 0.156419996464599 527.426172258425
"155" 0.363636363636364 -488.815045184624 0.486231461188861 0.175486918050669 470.120513348919
"156" 0.227272727272727 -460.286349577509 0.39842593193243 0.152532697104848 540.867640616693
"157" 0.272727272727273 -376.182363270182 0.492904511780737 0.160308122538231 473.195638014213
"158" 0.181818181818182 -336.408793634692 0.391417917421017 0.13938732756104 532.135276972046
"159" 0.272727272727273 -302.062019409347 0.531439041201476 0.184872369797599 446.253813321711
"160" 0.363636363636364 -350.196414982375 0.556639480778022 0.191257283791202 413.489744665693
"161" 0.181818181818182 -554.084117960294 0.426551268988417 0.15528477507603 531.281962185968
"162" 0.136363636363636 -722.011780003147 0.353458962054303 0.143813772786946 573.658547448167
"163" 0.227272727272727 -412.930907590293 0.372156920588094 0.134895727514086 551.020232294286
"164" 0.318181818181818 -506.299167414822 0.473953839488634 0.167561466829393 492.356635216135
"165" 0.136363636363636 -491.483457233126 0.280661656472741 0.12701729016209 620.645905285869
"166" 0.318181818181818 -384.484382242631 0.537825771774413 0.184999009933284 445.94833253298
"167" 0.227272727272727 -749.655894083262 0.347084727129018 0.143555328947136 574.691309650931
"168" 0.0909090909090909 -591.881829607462 0.333026773437318 0.135891892733579 607.100234903227
"169" 0.272727272727273 -477.738807717551 0.436962607880103 0.153342879286249 515.510837403382
"170" 0.272727272727273 -228.282766191338 0.526337928046174 0.190252898878284 432.465164557067
"171" 0.136363636363636 -437.685809136053 0.331828782843657 0.12765263883513 576.422386768982
"172" 0.181818181818182 -442.128445896676 0.373312845230465 0.146207137332576 545.239422192527
"173" 0.318181818181818 -522.680781218493 0.488845219233374 0.163326994725598 455.082984304619
"174" 0.136363636363636 -1010.25806002866 0.224944347433125 0.114972800021573 670.013972104946
"175" 0.181818181818182 -749.377261576604 0.316428403288176 0.125478486368168 613.723729355689
"176" 0.181818181818182 -857.451318688032 0.395301197553144 0.145348649510177 567.60073298255
"177" 0.0454545454545455 -716.644771766831 0.191234160539664 0.109870207173743 689.602166452794
"178" 0.181818181818182 -453.190842136269 0.554887759044134 0.193937593230919 420.431524283127
"179" 0.272727272727273 -449.811213781238 0.512426927442166 0.175030338334153 471.346857837285
"180" 0.227272727272727 -312.083017916597 0.480803440048484 0.171749000966793 473.083225605651
"181" 0.272727272727273 -336.25601836763 0.524190967518036 0.173781734669209 439.274946738332
"182" 0.318181818181818 -561.924492896975 0.450845860657292 0.161771413214111 508.138422083943
"183" 0.181818181818182 -668.93140263456 0.338750785017568 0.140688381613377 586.402367088967
"184" 0.363636363636364 -611.099017298358 0.574333997252391 0.196995817071434 416.255531818378
"185" 0.272727272727273 -425.836911369269 0.46070475012808 0.157047368221939 482.500283872951
"186" 0.363636363636364 -453.966961903827 0.579771707177491 0.202753160514525 406.898712654542
"187" 0.454545454545455 -359.186663974199 0.658618813048966 0.234954190679922 351.132277152655
"188" 0.227272727272727 -499.399095923516 0.455005119425693 0.161856309323843 509.711362780016
"189" 0.318181818181818 -678.5437399896 0.45190621776209 0.161743615380057 510.066501272065
"190" 0.409090909090909 -694.245953599966 0.494204366278067 0.178528602915967 462.110825114297
"191" 0.363636363636364 -445.71601665877 0.517134935160492 0.176370973329241 445.209700596002
"192" 0.181818181818182 -482.265271704579 0.336517508963202 0.13472053032475 592.866392236678
"193" 0.318181818181818 -324.96278176259 0.614530468158875 0.212313835897459 388.575712229349
"194" 0.227272727272727 -779.404864315918 0.454908640601759 0.159352376326013 517.720550531461
"195" 0.227272727272727 -321.962993971067 0.401507482941751 0.155108211186929 531.886734871664
"196" 0.181818181818182 -365.854694012186 0.472336923806759 0.170405965373543 484.137980845645
"197" 0.0909090909090909 -714.397169792408 0.348228809690245 0.144121867704627 572.432215276873
"198" 0.227272727272727 -605.049036149326 0.347746603919091 0.144399927710578 568.671280708695
"199" 0.181818181818182 -548.436245941722 0.377090531195704 0.147015901127686 561.163788183341
"200" 0.136363636363636 -503.243414033781 0.387357035499559 0.146431187850797 563.404567093053
"201" 0.272727272727273 -431.675616986342 0.3828143013052 0.152811518389215 539.880768607184
"202" 0.318181818181818 -349.900564256612 0.53118435217272 0.185048142408246 445.829927965402
"203" 0.181818181818182 -664.479727400749 0.421246618677569 0.153451557123333 537.628953049285
"204" 0.136363636363636 -665.982339543269 0.315572097598214 0.13839831306171 596.105531743108
"205" 0.227272727272727 -397.842890932154 0.432465748054525 0.162682362630927 507.123198027099
"206" 0.227272727272727 -473.569425631808 0.436631432739861 0.15964614554859 513.841371004004
"207" 0.318181818181818 -490.004159048703 0.543409524126787 0.184851154138227 446.305030577783
"208" 0.272727272727273 -271.670193246063 0.592857156719329 0.207547490923749 389.818641374488
"209" 0.227272727272727 -408.445498116114 0.435178819768811 0.147842012359742 503.856371012661
"210" 0.409090909090909 -401.058964885464 0.648443005788041 0.231380859569997 356.554989696727
"211" 0.272727272727273 -349.554921081462 0.574462380313495 0.202035875996242 406.230476553612
"212" 0.181818181818182 -637.476572180532 0.307258670709342 0.127038541386856 610.795704842568
"213" 0.227272727272727 -269.662195214148 0.565995528483283 0.181442169689974 405.647481392119
"214" 0.227272727272727 -669.829588738645 0.428633303441439 0.139909096937678 541.373151203273
"215" 0.227272727272727 -405.991836751068 0.302876467143008 0.130125965068615 596.670377195612
"216" 0.227272727272727 -457.160755063057 0.402080710560062 0.140610425596585 524.505042247469
"217" 0.136363636363636 -581.917060372518 0.386940158445288 0.144111125617053 572.47488455005
"218" 0.136363636363636 -557.844260551606 0.204232301848778 0.114978607441165 676.290033918931
"219" 0.318181818181818 -773.021664646913 0.479759651929261 0.163151269391353 505.665694835056
"220" 0.181818181818182 -539.402405414357 0.380494433921087 0.149970798955299 550.107091345098
"221" 0.227272727272727 -310.903499024306 0.526226767833494 0.185605082129879 444.492139187599
"222" 0.363636363636364 -382.817841002518 0.474727984445914 0.161806644371868 469.734404948442
"223" 0.272727272727273 -484.782531601389 0.300213112225379 0.120281808275794 620.284117482351
"224" 0.181818181818182 -304.946719070567 0.45770034362499 0.157699813170133 480.486216638307
"225" 0.272727272727273 -342.945064595287 0.544866618823 0.188955541952809 436.610639451919
"226" 0.227272727272727 -565.526670067339 0.446083554781474 0.150184577861476 493.734671687782
"227" 0.363636363636364 -312.54806442963 0.555320955511628 0.201600328622323 409.225523409513
"228" 0.272727272727273 -356.909223614959 0.400282287370606 0.14860839322633 525.746692616516
"229" 0.181818181818182 -511.53422920458 0.409479411604928 0.15696106617146 525.60805053324
"230" 0.318181818181818 -452.049250896644 0.599118718841637 0.204791765830739 392.77723202629
"231" 0.227272727272727 -355.48648586645 0.528185569380817 0.175278681449709 440.634023442427
"232" 0.272727272727273 -474.693594667567 0.494166247498034 0.171932302584837 464.902343739159
"233" 0.227272727272727 -418.097273861841 0.505465934396973 0.180145355117181 457.963514775806
"234" 0.363636363636364 -541.624168251391 0.467995510504156 0.167971899066639 491.153582583894
"235" 0.272727272727273 -351.697621665764 0.588537034972005 0.199099078977497 398.569990122695
"236" 0.272727272727273 -512.840687177791 0.443709863094278 0.163371432689343 504.984247502298
"237" 0.272727272727273 -349.572377833229 0.582314456535003 0.208281623395898 396.09831465153
"238" 0.227272727272727 -524.723592898027 0.438319953263865 0.148447351150314 513.876449913695
"239" 0.454545454545455 -364.823248418628 0.58933647917251 0.209776606895323 393.275500166551
"240" 0.272727272727273 -425.597022321593 0.424083150507574 0.160317526136422 514.603749123453
"241" 0.227272727272727 -619.661600463605 0.46112984655154 0.160467562408994 514.122597498721
"242" 0.181818181818182 -559.475852459264 0.275693111563146 0.12135628919687 619.395940530361
"243" 0.227272727272727 -687.653105288676 0.438421746755988 0.162146049856746 508.800554024521
"244" 0.181818181818182 -650.900806757382 0.296738351758082 0.127395105646656 593.615656430558
"245" 0.363636363636364 -443.839078556898 0.40417617924298 0.149267123898633 521.198454243229
"246" 0.227272727272727 -445.995672798639 0.348220846141416 0.144778215170372 565.428649859657
"247" 0.136363636363636 -794.675542654826 0.204625192486333 0.111169850953036 671.473309483966
"248" 0.181818181818182 -539.00006694854 0.397497903929475 0.151444016700471 544.755757258935
"249" 0.227272727272727 -449.917404435364 0.253114516615418 0.119052691968316 628.027709144959
"250" 0.272727272727273 -382.354577260127 0.39003841226679 0.13717830520296 539.306786588421
"251" 0.318181818181818 -470.591424441023 0.40907689031153 0.147662589475044 522.8420023607
"252" 0.272727272727273 -431.491769315779 0.499339733341196 0.174347900328668 473.191818453087
"253" 0.227272727272727 -508.704348928673 0.478986437323991 0.168767515064962 488.838150921664
"254" 0.227272727272727 -686.195017870138 0.407025077083289 0.140149622591857 539.706288267816
"255" 0.227272727272727 -620.041012014524 0.288520695072687 0.115758278838997 642.210630477723
"256" 0.227272727272727 -703.791287770245 0.530927501460359 0.178002819303132 463.475805175342
"257" 0.227272727272727 -562.655326453803 0.353924608608848 0.142607662367289 578.510289212367
"258" 0.227272727272727 -434.789644059781 0.364155057637558 0.147447493541233 559.521210015886
"259" 0.227272727272727 -894.423874952353 0.416128850583447 0.154226280998618 534.928285022574
"260" 0.272727272727273 -461.589438846438 0.390391912196042 0.137705400695692 548.711370643191
"261" 0.227272727272727 -400.919804363635 0.38789310358356 0.135884691678955 542.469177072207
"262" 0.318181818181818 -370.587857622926 0.428976876719327 0.148642847080354 510.342635580269
"263" 0.181818181818182 -665.508094186063 0.340832848369352 0.140521730103593 587.097809991245
"264" 0.272727272727273 -445.28131540908 0.515510251389668 0.18536728524204 445.062352249897
"265" 0.318181818181818 -415.465388626789 0.60838881199658 0.203083993702006 380.817450268073
"266" 0.136363636363636 -444.323053746091 0.224849348725763 0.115268634005311 641.478720448585
"267" 0.136363636363636 -442.522561718914 0.326574123882476 0.13904981185082 583.7737555756
"268" 0.136363636363636 -550.03029812598 0.389663983347772 0.14787380384785 557.908147712802
"269" 0.227272727272727 -712.331244808042 0.299634322811692 0.126082002314864 612.266531639751
"270" 0.272727272727273 -351.258927727277 0.469404644363037 0.159534492828991 479.33600436883
"271" 0.363636363636364 -545.082408308076 0.510021314113543 0.169923740558662 450.131092362804
"272" 0.136363636363636 -516.696749300883 0.385490555641505 0.146327601743547 544.811686557732
"273" 0.136363636363636 -390.063580709477 0.378123417388224 0.144609648594921 547.524582062322
"274" 0.181818181818182 -511.48838133467 0.396414481483036 0.15049973318486 548.173729309305
"275" 0.272727272727273 -366.331085642608 0.427759708499454 0.149800769060209 499.284786145464
"276" 0.181818181818182 -556.457893988619 0.46597403502847 0.161854272381013 509.71777751897
"277" 0.181818181818182 -563.160415637526 0.336410400624771 0.131919452117326 585.182601595507
"278" 0.272727272727273 -425.513547300331 0.561397678531668 0.19347649012071 426.408396950597
"279" 0.318181818181818 -512.860009376681 0.447012969243429 0.151859797731951 491.541016237596
"280" 0.227272727272727 -434.45291633714 0.315733125286373 0.129661371016897 612.759978579921
"281" 0.227272727272727 -495.974259367226 0.453977634259774 0.157546259310483 485.446914140782
"282" 0.181818181818182 -514.018140134193 0.319893609404118 0.12568570379604 592.37077240665
"283" 0.181818181818182 -698.119206910761 0.343742040042115 0.132891862624304 582.335401737033
"284" 0.181818181818182 -546.096883389362 0.241401196514433 0.122351469145946 629.179056897708
"285" 0.227272727272727 -474.330894463678 0.324865948064791 0.131102312756996 585.782766541159
"286" 0.318181818181818 -289.271636528089 0.432409707909427 0.160149540810941 488.450635222713
"287" 0.181818181818182 -574.91682972218 0.412372027694814 0.155319948082306 531.161650635386
"288" 0.409090909090909 -227.920936708286 0.607170811794531 0.211657900470862 375.425087602669
"289" 0.363636363636364 -336.492072283168 0.466745383718012 0.163827648552692 480.024858699734
"290" 0.181818181818182 -357.846398577083 0.370191188003048 0.136590842522806 548.833856483069
"291" 0.227272727272727 -550.845495864821 0.341213901227392 0.139048365942929 593.318730792287
"292" 0.181818181818182 -459.989616135757 0.373073326611263 0.142038281385578 562.012479855339
"293" 0.272727272727273 -532.416643321537 0.463388937571716 0.163949580314032 503.203483912419
"294" 0.272727272727273 -485.419576544598 0.403310506436761 0.145215220005206 520.854843854248
"295" 0.181818181818182 -665.519883035277 0.323422781659281 0.124464744317806 594.103297351818
"296" 0.181818181818182 -450.440541039181 0.439320230521761 0.158738297478673 519.723351644766
"297" 0.181818181818182 -449.667010298918 0.330056010349927 0.13205844651669 584.411788875093
"298" 0.409090909090909 -288.573804235946 0.497981183434371 0.171233662078392 453.506938334568
"299" 0.5 -360.216879326562 0.612842485167011 0.215101839724838 383.53925798838
"300" 0.227272727272727 -505.917310154715 0.467311119925257 0.167886873792906 491.402324292287
"301" 0.181818181818182 -711.226812226199 0.43145495129087 0.158104558508492 521.806586592309
"302" 0.318181818181818 -406.010969624684 0.448440863252084 0.166283909267281 496.139406173038
"303" 0.318181818181818 -389.184111161493 0.441346359699002 0.15641884238038 501.172540243124
"304" 0.363636363636364 -467.9493291144 0.471046813773008 0.15308587175491 491.147518242071
"305" 0.227272727272727 -598.070452978557 0.35209391711098 0.134630834187835 582.081498214835
"306" 0.272727272727273 -396.253538279184 0.496848322138918 0.170223272265416 453.020153683363
"307" 0.136363636363636 -521.64811387528 0.227916176949397 0.115952301986627 657.962163187382
"308" 0.227272727272727 -421.000381397281 0.425633457394157 0.159890498043555 515.978128841193
"309" 0.363636363636364 -405.444618287661 0.404921605231447 0.140944380157745 522.705765395113
"310" 0.227272727272727 -514.966456959075 0.473011205929928 0.167636663993822 492.135777666396
"311" 0.181818181818182 -438.105646955485 0.324439578827079 0.126954243215714 594.450836910675
"312" 0.272727272727273 -429.522982275968 0.406728519164534 0.159530321722251 517.143067909283
"313" 0.227272727272727 -452.877018988527 0.414459398846424 0.156038699016314 528.714995190869
"314" 0.181818181818182 -317.107285446675 0.39911871313007 0.157070055601769 525.2433360638
"315" 0.272727272727273 -373.510121336902 0.532625325575207 0.177506813058325 443.036748365909
"316" 0.272727272727273 -412.622047437123 0.335059129151471 0.131295587870363 587.444148632884
"317" 0.272727272727273 -448.829986129809 0.504859389160169 0.179981766477344 455.517714502248
"318" 0.272727272727273 -287.377659886863 0.401942803395554 0.147464206459495 520.799368939269
"319" 0.272727272727273 -489.130436587402 0.374476093994459 0.141594664695496 555.283735487782
"320" 0.227272727272727 -624.60288278464 0.436032384502201 0.144842969155447 508.106551722619
"321" 0.409090909090909 -344.723415315613 0.643822344269772 0.232120751259805 355.418460229179
"322" 0.136363636363636 -456.291653883318 0.387902764305657 0.141370138525068 546.230889083012
"323" 0.318181818181818 -347.18787380409 0.560746345988593 0.191369709291829 417.351508611664
"324" 0.181818181818182 -696.668966236701 0.443459393600644 0.159651228929585 516.751424672007
"325" 0.181818181818182 -367.973598171624 0.395764569757039 0.140943576497734 536.863391771987
"326" 0.272727272727273 -383.568766824765 0.374753800216048 0.141546446682492 556.152901330045
"327" 0.272727272727273 -586.578294766662 0.433437255277805 0.150131405016575 500.847706819814
"328" 0.272727272727273 -416.230901858547 0.548171151485274 0.189416778627957 435.547476826445
"329" 0.227272727272727 -707.550428939355 0.471379568730508 0.16478712554097 500.645907434611
"330" 0.272727272727273 -500.187394370723 0.470640657082979 0.15614171438592 491.370544532742
"331" 0.272727272727273 -523.439865042151 0.427541674096248 0.156526545071746 527.067149934121
"332" 0.363636363636364 -436.853627296079 0.655119318849727 0.231676587528992 356.099858340998
"333" 0.136363636363636 -664.464514079006 0.252924418329415 0.119378999411245 656.59726289446
"334" 0.318181818181818 -571.279968454479 0.475676396982017 0.169007998793779 488.142576616537
"335" 0.272727272727273 -332.787093347509 0.512769076686758 0.184458632899005 447.254751395509
"336" 0.318181818181818 -456.260621276913 0.513321813165597 0.180982165801739 455.846020156355
"337" 0.136363636363636 -683.596516690422 0.261490737119648 0.114341163933542 652.764968966567
"338" 0.318181818181818 -422.868314150866 0.492874355252797 0.167471079564879 461.522166820816
"339" 0.272727272727273 -508.864230650931 0.45871304014065 0.158156891279121 485.8366429098
"340" 0.136363636363636 -688.827911918594 0.247763723581312 0.116932724383831 644.169912133091
"341" 0.318181818181818 -423.5798915194 0.383062035253486 0.146304286917832 538.741796851396
"342" 0.227272727272727 -551.434291836285 0.407897989711814 0.153039596873159 539.07617169416
"343" 0.181818181818182 -584.991577436011 0.402902177829127 0.158902623252599 519.185890775723
"344" 0.272727272727273 -479.512526627315 0.457144948677638 0.166277197239565 496.15943358209
"345" 0.181818181818182 -428.505308537769 0.336255054715515 0.133054769442968 592.769909689948
"346" 0.136363636363636 -494.628927422954 0.344977276307755 0.137361548591602 582.670891817128
"347" 0.318181818181818 -415.878932997017 0.480471965888292 0.161647672211115 469.979929120401
"348" 0.272727272727273 -399.502546264718 0.464949146622336 0.168306376014891 490.177508145627
"349" 0.227272727272727 -444.901793513576 0.335750882886808 0.139443810560144 574.759397620284
"350" 0.181818181818182 -525.650434679093 0.287568846433682 0.120866571394117 609.929001426189
"351" 0.227272727272727 -445.309890477398 0.409656636778481 0.153035183560092 529.51443061017
"352" 0.272727272727273 -406.072130348377 0.432262105624163 0.157960047598531 504.199688237724
"353" 0.181818181818182 -400.784510026824 0.485059870867009 0.170713603464334 471.503774188459
"354" 0.318181818181818 -398.927504990255 0.448454836179044 0.165722065283144 497.821457022303
"355" 0.272727272727273 -491.187303200414 0.290096417533674 0.118335699979142 624.17914972608
"356" 0.272727272727273 -424.793609455521 0.481552935524363 0.155916397763139 478.248820253578
"357" 0.272727272727273 -388.716677228424 0.411453615344526 0.159086743056171 518.585008499864
"358" 0.181818181818182 -456.894731694692 0.413553263323695 0.151998245202843 542.769424014753
"359" 0.318181818181818 -392.278264170091 0.466826894904506 0.165994545498408 497.004282594281
"360" 0.409090909090909 -447.270225073575 0.481545308024517 0.156374179756698 472.711070855991
"361" 0.272727272727273 -363.700167267848 0.408794746015294 0.147110124022828 515.413608777835
"362" 0.318181818181818 -449.959969392019 0.431103193592872 0.1541548986163 504.370296302973
"363" 0.181818181818182 -371.399181514499 0.326806740170606 0.132820678358474 576.451871050876
"364" 0.272727272727273 -478.706113549968 0.461540522232544 0.164737349726024 500.797178886309
"365" 0.363636363636364 -331.790787434528 0.675307464193297 0.247889910775289 332.809026966756
"366" 0.227272727272727 -472.086337346766 0.300677546401623 0.122261706646729 606.482712360518
"367" 0.272727272727273 -596.987724043934 0.373623768370331 0.148294507587132 544.192834741762
"368" 0.363636363636364 -231.320623340795 0.556630784062884 0.182705790059694 414.141629745816
"369" 0.318181818181818 -607.954685972947 0.37550063078174 0.138234423053523 532.455663030944
"370" 0.227272727272727 -454.424543581521 0.404349006573535 0.140947162205217 530.766545963576
"371" 0.272727272727273 -275.263131685203 0.586122803438423 0.209365960879972 394.046862504533
"372" 0.363636363636364 -316.825980678078 0.555594127339154 0.198057328426743 416.546060957876
"373" 0.272727272727273 -486.935151744131 0.437403595153422 0.158320202674709 521.095846305275
"374" 0.227272727272727 -514.055370864492 0.366702119852584 0.134092497257815 562.23856120022
"375" 0.318181818181818 -250.797200754168 0.50931025970462 0.174533284173901 442.508079641946
"376" 0.272727272727273 -667.264723842252 0.542672808738155 0.183296792128719 450.089709928283
"377" 0.227272727272727 -504.86569194901 0.437593659250788 0.160370179613261 514.434792047697
"378" 0.227272727272727 -437.561480999106 0.418577649324011 0.153508465018329 526.256992897522
"379" 0.272727272727273 -304.765154813995 0.595238388701885 0.209457309538448 383.146232933784
"380" 0.363636363636364 -501.075252166573 0.510983865882733 0.174252117230402 465.615735818762
"381" 0.318181818181818 -326.310416777707 0.417130562062368 0.146965602944294 509.848571771826
"382" 0.227272727272727 -693.159830570842 0.374525176130117 0.146741395551324 562.213543697321
"383" 0.227272727272727 -422.286310876406 0.446507947158574 0.153958968068999 501.880583824543
"384" 0.227272727272727 -664.10219214417 0.397661411302371 0.145918547417515 552.985697997529
"385" 0.318181818181818 -278.178185701725 0.559405775370531 0.197051371388898 413.452998370263
"386" 0.318181818181818 -521.59049245947 0.377070510587984 0.134688414252832 551.318409591587
"387" 0.272727272727273 -348.011264229311 0.53078467966479 0.184514753054044 435.006101096552
"388" 0.272727272727273 -462.374780863193 0.434865261696536 0.158345483813451 507.821638571299
"389" 0.363636363636364 -510.049836162494 0.513747306658711 0.18005225795731 458.200307710445
"390" 0.318181818181818 -399.924409856848 0.497335062352164 0.176760246559226 466.733904290847
"391" 0.227272727272727 -587.225538548371 0.335758567626312 0.12976573849374 574.58553949134
"392" 0.227272727272727 -436.373622440916 0.418281099961028 0.15772765233385 523.053496195953
"393" 0.272727272727273 -322.93015701156 0.54383342583507 0.193719284986352 425.873965030443
"394" 0.227272727272727 -396.847150554911 0.41916681044081 0.14434446621964 509.323801333527
"395" 0.318181818181818 -412.837217434357 0.57873135561908 0.201653940989316 409.116725392295
"396" 0.318181818181818 -325.139337060351 0.437825652541559 0.1534452211058 514.049720265949
"397" 0.272727272727273 -456.722564287532 0.534917886666597 0.184582003430991 446.95581620363
"398" 0.272727272727273 -370.914424844232 0.467520760862378 0.172419119738068 478.485217447639
"399" 0.227272727272727 -582.519984643208 0.359799458970714 0.134778077042608 553.526849269853
"400" 0.272727272727273 -357.20259921518 0.404650381746803 0.158356040605141 520.977915870687
"401" 0.272727272727273 -359.83275764085 0.442389109813449 0.163500222899626 504.586468060338
"402" 0.227272727272727 -496.999767872578 0.402724609435083 0.155033922074407 532.141604212304
"403" 0.272727272727273 -402.245238131128 0.493721350880036 0.175356396993132 470.470432870672
"404" 0.136363636363636 -625.878982495182 0.308580350206405 0.138477738046949 595.763630772401
"405" 0.227272727272727 -543.389925923855 0.258299878930221 0.113603880412079 652.46146137597
"406" 0.318181818181818 -392.286128573343 0.390763583811161 0.15338534507167 531.909966181423
"407" 0.227272727272727 -653.491525761439 0.289606082006118 0.126174840724084 617.494692185717
"408" 0.363636363636364 -313.425791313002 0.524892654933784 0.184768996865557 446.503479477293
"409" 0.227272727272727 -859.779637436957 0.476849946646248 0.167224929516064 493.347494531758
"410" 0.227272727272727 -517.221530846347 0.486635260383903 0.167613504612286 492.203776723328
"411" 0.318181818181818 -406.932746841441 0.442897971485846 0.157997366871364 501.453327029273
"412" 0.227272727272727 -389.111852558051 0.424545121783077 0.161531406369569 502.996676307726
"413" 0.227272727272727 -370.655433349576 0.372304551693979 0.14772767731272 558.336962774112
"414" 0.318181818181818 -806.108443318678 0.456718238204046 0.16576630682535 497.688592935363
"415" 0.227272727272727 -422.285353325496 0.443737690483929 0.160702935667095 513.369588785255
"416" 0.272727272727273 -502.646482711698 0.443021928119736 0.160346074481809 514.512128011961
"417" 0.272727272727273 -437.379611701348 0.411955990019014 0.141915452661086 528.304756863546
"418" 0.409090909090909 -505.153705032591 0.483833813562982 0.159536192545762 469.943325770376
"419" 0.272727272727273 -525.789196632518 0.515712158031869 0.176046045835692 468.627395795071
"420" 0.227272727272727 -462.346080642541 0.383464095571803 0.150255038323572 549.066446759258
"421" 0.227272727272727 -570.840380401837 0.321416076502554 0.130197550789521 588.599378609732
"422" 0.318181818181818 -310.453627992479 0.544308939203458 0.190998895220076 431.939671195168
"423" 0.136363636363636 -678.902126265394 0.380800573424533 0.141910797341639 554.497669541296
"424" 0.136363636363636 -543.922145538913 0.276795366352657 0.118895918471344 633.938685156475
"425" 0.318181818181818 -566.481780842419 0.572358307640691 0.200863929756654 410.725808759932
"426" 0.454545454545455 -267.410447491962 0.700707057836748 0.26056869467274 316.615164011223
"427" 0.181818181818182 -439.517039744789 0.374027467114315 0.150512701637877 548.126497645955
"428" 0.227272727272727 -370.769124781326 0.404259508664507 0.144305836986178 513.662225409034
"429" 0.272727272727273 -473.327774962372 0.384779160070263 0.144931235876376 536.926279546944
"430" 0.136363636363636 -770.488842451868 0.330821692161387 0.138304047605376 581.450381256505
"431" 0.227272727272727 -340.716142474303 0.362517297615614 0.141518406099295 550.798939641295
"432" 0.227272727272727 -638.220418726397 0.392623442990268 0.144717488569089 536.98665752829
"433" 0.181818181818182 -429.375235690435 0.568795786977894 0.1986016432421 415.404417874985
"434" 0.272727272727273 -564.493252141745 0.470665240236587 0.16812043492785 490.719644137286
"435" 0.181818181818182 -660.028317270127 0.300246678981575 0.131173170506504 607.379009394376
"436" 0.272727272727273 -348.602650936518 0.500285540937585 0.168018432653615 449.543205461069
"437" 0.136363636363636 -442.651024324126 0.439625118533183 0.160094938244811 515.319228106039
"438" 0.409090909090909 -437.482798989478 0.442502717361247 0.162547165281085 492.576276828339
"439" 0.181818181818182 -877.488736514328 0.339668415248947 0.136860259024103 595.832137150038
"440" 0.136363636363636 -583.912943815671 0.362376006037958 0.142971987225656 570.998097586548
"441" 0.363636363636364 -413.619023391396 0.635988933224258 0.222926659557642 370.076868166896
"442" 0.227272727272727 -495.890545242219 0.318252297623978 0.134877783588154 598.68732190066
"443" 0.318181818181818 -331.035333614953 0.513522604856554 0.174279228599705 451.665696100001
"444" 0.181818181818182 -509.174526741441 0.410934396240561 0.155808646221521 529.495647389847
"445" 0.227272727272727 -409.035360712466 0.360023508438318 0.144307097067015 571.697454087706
"446" 0.227272727272727 -612.058610739914 0.445957771402118 0.164950496700226 500.150055018822
"447" 0.136363636363636 -854.236682032202 0.244170758633038 0.120794395052955 650.109662351864
"448" 0.227272727272727 -576.476388764501 0.372323053736776 0.137381490415617 548.881089754351
"449" 0.227272727272727 -540.034996741941 0.364928738603859 0.141841308447398 560.768301433246
"450" 0.272727272727273 -660.597849952975 0.488925740795002 0.168078132354144 490.843150411565
"451" 0.227272727272727 -696.282538659388 0.245294007639895 0.111223412719292 661.046864987742
"452" 0.272727272727273 -882.266212992079 0.381928709681068 0.138140510503949 557.548955789921
"453" 0.227272727272727 -530.652398811259 0.465346081148726 0.16737501769709 492.905100982906
"454" 0.409090909090909 -317.42642769803 0.508928798112612 0.183549472771215 449.47010064601
"455" 0.181818181818182 -257.992418506372 0.588527130086452 0.209772887043564 393.28247402567
"456" 0.181818181818182 -508.231568917322 0.390429790323467 0.147757169826931 551.942182323295
"457" 0.136363636363636 -604.497351382576 0.287432680456296 0.126239279579954 629.118338979953
"458" 0.409090909090909 -493.387224588273 0.508956465386521 0.171519744613273 455.827813179875
"459" 0.272727272727273 -559.786492108419 0.449316860706927 0.149967340978855 498.370776931881
"460" 0.181818181818182 -482.065566692208 0.333012842775065 0.133458249049408 582.386249286258
"461" 0.0909090909090909 -519.354790632019 0.392124096976562 0.151593212469503 544.219616802414
"462" 0.227272727272727 -417.491384575236 0.517440621608733 0.184772983421868 446.49384597335
"463" 0.318181818181818 -427.240721026739 0.587974476218415 0.204552932124046 403.318589195143
"464" 0.318181818181818 -538.794926490803 0.29756623247546 0.12196341210396 609.9156019249
"465" 0.0909090909090909 -595.421028398353 0.243575647159878 0.117122884275028 658.306191612403
"466" 0.272727272727273 -324.55650882565 0.372630339426506 0.144348172681993 547.161280370527
"467" 0.136363636363636 -578.953932731258 0.467674911372841 0.162686706083372 507.109658718649
"468" 0.318181818181818 -353.343688438214 0.566327733355746 0.202429058299041 407.550184213799
"469" 0.227272727272727 -882.804173319543 0.448068977222798 0.161234410155871 511.677376561519
"470" 0.318181818181818 -446.646710949954 0.634788007969527 0.232353882589446 351.477060602778
"471" 0.318181818181818 -313.641005936365 0.539894134799494 0.176024155728959 420.120037833024
"472" 0.136363636363636 -271.526894973171 0.441668932115286 0.165702566119233 497.880038506081
"473" 0.227272727272727 -710.210181841644 0.47941545778992 0.165878221029663 490.077200566954
"474" 0.318181818181818 -323.658944325082 0.620368921417969 0.220344111392494 374.414362510666
"475" 0.181818181818182 -592.991628370034 0.336428462022372 0.12378338466182 595.997057521376
"476" 0.227272727272727 -428.967602252421 0.37571626416419 0.142628874469258 550.467969496827
"477" 0.227272727272727 -843.793393252755 0.260650348344367 0.114075118823183 645.843969289204
"478" 0.181818181818182 -472.227442902781 0.474901173379765 0.166497166161832 495.503928996674
"479" 0.318181818181818 -511.880479229501 0.531753252779271 0.183462143212244 449.684052281878
"480" 0.272727272727273 -420.961799333272 0.33144357168532 0.127842778778373 576.733066137778
"481" 0.318181818181818 -440.447810892389 0.542380427767166 0.190473188968981 429.99761924325
"482" 0.181818181818182 -617.088679666896 0.345875738574686 0.128171576828535 588.456003688793
"483" 0.227272727272727 -558.42932977035 0.255508131786541 0.117994769872283 624.741167964586
"484" 0.227272727272727 -420.764384545257 0.52578723593408 0.184012438185552 448.33925800608
"485" 0.136363636363636 -397.531747361286 0.35290398175237 0.14791339556054 557.758813441838
"486" 0.227272727272727 -571.513815236237 0.444425800115234 0.165365700752177 498.894266614802
"487" 0.227272727272727 -436.017419625887 0.464244850146858 0.168016090408781 491.024400099292
"488" 0.181818181818182 -518.346733123323 0.328259385329153 0.134147974055522 598.455703810854
"489" 0.318181818181818 -399.523812416389 0.562975980735087 0.185763622422491 405.816940065105
"490" 0.272727272727273 -529.073997880156 0.549754124330117 0.197923600047484 416.827503037574
"491" 0.272727272727273 -321.599023640248 0.409030306116898 0.158183626742065 521.545761082624
"492" 0.227272727272727 -441.449969931274 0.437936593716118 0.157143160073426 496.887664811243
"493" 0.227272727272727 -504.070632873945 0.401741209340447 0.147395126933402 527.826712280083
"494" 0.318181818181818 -524.630148359643 0.461117432769196 0.163668817228178 504.066696376153
"495" 0.318181818181818 -362.199771647887 0.485505519489693 0.170841307174359 465.636349854888
"496" 0.136363636363636 -675.857756134075 0.306556127863997 0.124663556578515 609.94855780825
"497" 0.363636363636364 -370.931694144426 0.535840294628655 0.18925615502096 435.917130361562
"498" 0.136363636363636 -730.917460814951 0.306951665722491 0.12965005675551 610.24164692373
"499" 0.227272727272727 -856.804537246559 0.366762564891504 0.141509758227189 557.844259612434
"500" 0.272727272727273 -545.210295771031 0.415934201785971 0.144542896637979 529.621794335078
"501" 0.318181818181818 -423.040745551214 0.478822960980937 0.164887628811703 480.695834375955
"502" 0.272727272727273 -485.385313940026 0.332831230641981 0.138289282941137 565.517579609845
"503" 0.136363636363636 -577.103909691483 0.337022844592034 0.133876440917399 594.056815034524
"504" 0.272727272727273 -601.638013086299 0.342613013242376 0.127572501006088 594.069851351795
"505" 0.363636363636364 -318.801315847056 0.609911203045756 0.214698044586726 384.26060264687
"506" 0.136363636363636 -618.059084319109 0.35562862314496 0.146683492022705 562.435478337467
"507" 0.136363636363636 -685.197457066522 0.211414839364739 0.112182277928038 681.273737981324
"508" 0.272727272727273 -386.260388020799 0.526743765077152 0.187917839546451 439.021650095158
"509" 0.409090909090909 -258.645128797807 0.679579432390017 0.248217498702739 332.369798387182
"510" 0.0454545454545455 -793.277058412371 0.426959405710502 0.154224915054887 534.933022791026
"511" 0.318181818181818 -420.279441934312 0.432998901353549 0.159040361400643 507.106701922463
"512" 0.0454545454545455 -596.43922636996 0.185578150300269 0.110173487535687 702.333142672162
"513" 0.272727272727273 -321.310670593796 0.379773504313183 0.148423482688275 553.893540046355
"514" 0.227272727272727 -532.942765125241 0.384352666786645 0.140405639532405 547.812041329527
"515" 0.0909090909090909 -597.348713866295 0.198800794146807 0.108515173432718 685.111908078743
"516" 0.181818181818182 -714.508543553661 0.222081269454219 0.111085788166076 678.762901583817
"517" 0.363636363636364 -402.135876902822 0.47673457845991 0.167204299511632 464.540636185692
"518" 0.363636363636364 -536.070999101191 0.508326425019172 0.179050448109078 460.763996243901
"519" 0.136363636363636 -630.703190109041 0.391489361706487 0.145527475126675 566.903259526682
"520" 0.227272727272727 -430.305972303422 0.356171420699055 0.136535468983983 563.644552647695
"521" 0.272727272727273 -545.77420237326 0.470286517851484 0.163874012483519 503.435527999275
"522" 0.227272727272727 -471.109116639362 0.562167302188481 0.193260339244359 426.885310884644
"523" 0.227272727272727 -623.649608567498 0.420683047005653 0.154125768316297 535.277136985254
"524" 0.181818181818182 -712.461661827896 0.380456085326974 0.148553946271995 555.35380964533
"525" 0.0909090909090909 -606.028439240563 0.343962477454942 0.138912937802852 593.897165410798
"526" 0.272727272727273 -469.151934887323 0.453278179465683 0.163956050325234 503.183626565458
"527" 0.318181818181818 -306.579592256564 0.620149979568924 0.218109655982283 378.250103730857
"528" 0.136363636363636 -788.689633887841 0.239486968041494 0.117580167153118 640.947454212611
"529" 0.272727272727273 -510.511530214024 0.519001616959536 0.184919549385356 446.139958020756
"530" 0.181818181818182 -354.320973577035 0.528992573897858 0.184976720872293 446.002067778883
"531" 0.181818181818182 -658.730043219988 0.284090059656538 0.130232887170789 627.341699779006
"532" 0.409090909090909 -451.957987478487 0.51388957060694 0.179475873290267 459.671812637304
"533" 0.272727272727273 -459.469429341638 0.427893740919713 0.148283609460045 516.692616035961
"534" 0.318181818181818 -453.809347764803 0.504866835251333 0.164055544765509 454.943576262975
"535" 0.318181818181818 -346.112426840933 0.553929401933491 0.190176165316044 431.408187013529
"536" 0.318181818181818 -365.099966343358 0.511949617556631 0.180194125411794 457.83956503279
"537" 0.409090909090909 -307.71272784414 0.474756864115735 0.168447948659831 475.645490221879
"538" 0.318181818181818 -352.317455822127 0.4479783165713 0.165428752758729 498.704116571094
"539" 0.0909090909090909 -412.05688320701 0.440759267137297 0.163572012249338 504.365012482959
"540" 0.272727272727273 -518.544726178837 0.297442171163241 0.123618090519403 595.410901412512
"541" 0.227272727272727 -440.050440876484 0.500097581163316 0.174511981114134 472.746910975948
"542" 0.227272727272727 -400.33980410748 0.445723639243118 0.157217586146799 490.136958689382
"543" 0.318181818181818 -326.167680807461 0.580214776411853 0.203721944610571 404.963737007836
"544" 0.227272727272727 -592.768969148714 0.3269590260294 0.133639842319513 582.760729668247
"545" 0.181818181818182 -543.233677888572 0.446433108033306 0.160119105112119 515.241450682799
"546" 0.318181818181818 -433.176843791398 0.470465555241318 0.171504461975689 481.03704737253
"547" 0.227272727272727 -594.430254352047 0.449360510600399 0.15957847279847 516.987025588271
"548" 0.363636363636364 -386.547546094093 0.505215095381397 0.182126084876902 452.982888506944
"549" 0.181818181818182 -396.294217593732 0.489925435957665 0.169263582429764 474.941858020644
"550" 0.227272727272727 -574.171266762382 0.379063913355592 0.14074553543737 557.222112537455
"551" 0.318181818181818 -384.96664403019 0.510487639187539 0.174321082093284 445.352034007027
"552" 0.136363636363636 -730.509567819513 0.282913592386585 0.127426476915024 629.875289654634
"553" 0.136363636363636 -810.205752678886 0.273554855191752 0.122883271024599 650.032538043368
"554" 0.227272727272727 -337.732299294571 0.569346094024591 0.199995396933486 412.509494043193
"555" 0.227272727272727 -406.36024461671 0.463863104324497 0.167241113120119 492.669098867276
"556" 0.272727272727273 -558.573823234061 0.489688456342073 0.174916230850837 471.654343331656
"557" 0.181818181818182 -500.287963788865 0.3830715334374 0.150819889323721 547.010081826285
"558" 0.318181818181818 -532.615754711669 0.450215952791636 0.159646849774268 489.556605426841
"559" 0.227272727272727 -313.059028624222 0.389023944254715 0.14293645194468 525.782511574225
"560" 0.227272727272727 -466.776531238214 0.410265420782828 0.155505754449641 530.526991055608
"561" 0.181818181818182 -667.224795743305 0.21141697682742 0.109705852624456 677.490551131349
"562" 0.136363636363636 -418.553824765082 0.442203308395743 0.16262591660329 502.469042116133
"563" 0.181818181818182 -430.876831145827 0.418749650255104 0.148541751414048 524.211790876002
"564" 0.409090909090909 -319.283888443011 0.539280676937783 0.177011356941258 424.198429682231
"565" 0.227272727272727 -430.441471155128 0.486159450260034 0.174572725557392 472.582413642146
"566" 0.181818181818182 -656.98235769622 0.210284066001218 0.110461585378885 670.248383566411
"567" 0.181818181818182 -789.144293933654 0.381374561592986 0.145884067789189 565.517545885937
"568" 0.227272727272727 -327.868982209169 0.444133083602687 0.167327135798969 493.046149425027
"569" 0.363636363636364 -405.354981862549 0.497816674892171 0.164437733342458 459.674721648586
"570" 0.181818181818182 -505.623266095816 0.444062281171624 0.158747773298249 519.692328817756
"571" 0.272727272727273 -331.012719804561 0.508720279296502 0.18049907474139 457.066054871483
"572" 0.363636363636364 -258.237739195418 0.573190033233103 0.202452853995556 407.502281997027
"573" 0.227272727272727 -576.921482129169 0.339638796528924 0.131522885116306 568.122794229709
"574" 0.181818181818182 -694.623856443496 0.396935796716736 0.154465379307365 534.100264861528
"575" 0.363636363636364 -446.11227680794 0.495536889047621 0.171437443418208 462.546617610487
"576" 0.136363636363636 -566.648063204441 0.378463504144842 0.151453650548894 544.721105770683
"577" 0.181818181818182 -691.42710212163 0.415007967263842 0.149940131857267 550.21960417198
"578" 0.0454545454545455 -508.113129452254 0.272831010815238 0.131757040887266 626.152495869943
"579" 0.227272727272727 -294.080115852147 0.552535808252428 0.18995647683522 417.26537907273
"580" 0.227272727272727 -380.077294042592 0.495452764748654 0.178961306958898 460.993504137448
"581" 0.227272727272727 -564.701684084912 0.402873127609064 0.153092178027053 538.891020189295
"582" 0.318181818181818 -515.989543240833 0.531483405133263 0.183825984292716 448.794006556934
"583" 0.227272727272727 -656.723588091967 0.492298611036627 0.173726291812364 474.88494193559
"584" 0.227272727272727 -349.926644099734 0.527577713866594 0.183137091047176 450.48220176626
"585" 0.227272727272727 -494.643375822478 0.514670221886569 0.178096505271364 463.231998147834
"586" 0.318181818181818 -350.823701791344 0.379468287399131 0.141807443863395 528.992726404797
"587" 0.363636363636364 -410.518675880408 0.459342701080204 0.169698246854575 486.157055415544
"588" 0.318181818181818 -355.921914579911 0.563578288012336 0.196075321679178 420.756672963607
"589" 0.136363636363636 -561.348616689124 0.418093048277913 0.153197969782456 538.518885838706
"590" 0.272727272727273 -490.767708385774 0.37524826462485 0.143343187628829 572.378172350805
"591" 0.363636363636364 -447.424775239854 0.506871737769117 0.170878967665156 472.986296216161
"592" 0.272727272727273 -467.646047860089 0.548177127451167 0.189995877432048 434.21994790127
"593" 0.272727272727273 -399.256743281945 0.433484528567468 0.162711448468667 507.03254612036
"594" 0.409090909090909 -413.884564315006 0.515144607557876 0.174446876554567 435.357315511554
"595" 0.227272727272727 -605.49800880658 0.367525752988833 0.148656226661586 548.394981985288
"596" 0.272727272727273 -436.373837583697 0.462783092323996 0.155990108399593 502.885459234607
"597" 0.272727272727273 -396.264869330933 0.424145768356804 0.157820906392287 522.744431557972
"598" 0.227272727272727 -435.41866899203 0.425284498920336 0.161828127043965 509.024737009322
"599" 0.227272727272727 -527.212144831484 0.394874347835181 0.156281089309524 527.894963904456
"600" 0.227272727272727 -462.340463877856 0.351443289679182 0.138562972669785 580.59291178389
"601" 0.227272727272727 -351.122659053845 0.418132275916635 0.150642897771671 510.240132238781
"602" 0.272727272727273 -359.199874911514 0.635202801296437 0.223825727905394 360.872244488611
"603" 0.181818181818182 -585.089476121875 0.216770061326578 0.114078106939718 662.177880436396
"604" 0.181818181818182 -451.832620728133 0.369111934138047 0.145473142546124 554.431331376368
"605" 0.227272727272727 -853.110690805548 0.309330882615643 0.127156720578306 612.106884801532
"606" 0.181818181818182 -535.818147387416 0.382277677038427 0.150405655456308 548.516608299785
"607" 0.272727272727273 -322.588722427257 0.496833554019964 0.17723169480455 463.571643722383
"608" 0.272727272727273 -514.698180726983 0.411372197822858 0.141713119127509 526.846506571635
"609" 0.181818181818182 -531.57377627918 0.243105411036286 0.117036910582103 640.283510580682
"610" 0.318181818181818 -437.129473680117 0.562514506725481 0.191725510843578 430.302674052119
"611" 0.181818181818182 -389.663942508863 0.315491405843429 0.129865296935836 594.495664965426
"612" 0.136363636363636 -435.986580012914 0.349131479554554 0.142839585384406 565.563691889238
"613" 0.272727272727273 -336.374380534662 0.502127784663389 0.160657080044394 466.230390721089
"614" 0.227272727272727 -697.263063791979 0.350002219500636 0.129986597376905 579.25140239804
"615" 0.227272727272727 -419.940841963209 0.483515426604717 0.173204403007413 476.31583589979
"616" 0.181818181818182 -596.834247640542 0.355090667817436 0.14060035215914 586.769511833237
"617" 0.227272727272727 -446.094899154908 0.480525109343949 0.169681854968595 486.204019959997
"618" 0.181818181818182 -378.652241219957 0.346352619909281 0.136818967027536 561.2761189237
"619" 0.272727272727273 -397.400357216537 0.362517287455387 0.137873640896653 547.791184270503
"620" 0.227272727272727 -444.290730158627 0.316819942844458 0.132248038524665 581.005606045402
"621" 0.136363636363636 -463.716231653286 0.299230497860076 0.133847736808413 609.544179344578
"622" 0.227272727272727 -449.115859393027 0.441307300886746 0.163925587493995 503.277134834258
"623" 0.272727272727273 -439.475643355073 0.380700540915203 0.13471652508951 555.782427439992
"624" 0.136363636363636 -437.691290922502 0.31112645187071 0.137433094068666 600.292095285146
"625" 0.363636363636364 -449.265040593766 0.546958171154476 0.194057816610593 425.131032807347
"626" 0.272727272727273 -525.587981252911 0.466658780323206 0.165179106735828 499.457840826944
"627" 0.227272727272727 -365.058728577684 0.474011932300046 0.168825138206188 485.697656744821
"628" 0.227272727272727 -346.097616345447 0.45976096986568 0.154466907118309 484.552304083863
"629" 0.227272727272727 -767.769361718102 0.350903914607638 0.142110433658829 580.5344328064
"630" 0.181818181818182 -612.080395950337 0.385177034823543 0.145714385728197 566.176081981971
"631" 0.318181818181818 -361.814089247509 0.49215887671013 0.173560027719355 473.972575939018
"632" 0.0909090909090909 -575.239923603468 0.313198632091622 0.125490254166632 604.817602959224
"633" 0.227272727272727 -540.212709957286 0.26552990075575 0.118996716878299 630.066424142276
"634" 0.318181818181818 -353.199017973972 0.533582554889782 0.189632739010118 435.051460157405
"635" 0.181818181818182 -417.621236787739 0.472830580763019 0.173687349782809 474.991414764309
"636" 0.227272727272727 -606.714049974513 0.311052756223334 0.122324164106605 622.833717155508
"637" 0.136363636363636 -667.618531027692 0.342634640321533 0.132558393243234 577.551480772519
"638" 0.409090909090909 -308.148218826279 0.59444701485611 0.191664795369449 384.921534848721
"639" 0.318181818181818 -417.779831704391 0.440003353611907 0.167149575207365 493.569905263898
"640" 0.136363636363636 -492.034326165911 0.412411906415499 0.154947190313165 524.114959340915
"641" 0.318181818181818 -333.924853019621 0.452712182146811 0.168510751631647 489.583004058632
"642" 0.227272727272727 -544.735545996331 0.486473472558142 0.172717237890493 477.659329246031
"643" 0.181818181818182 -447.783836325499 0.415695136046757 0.146188050794943 515.018878280884
"644" 0.227272727272727 -619.993201818779 0.365475699923149 0.143206279632885 564.664980823989
"645" 0.318181818181818 -318.525634634462 0.56602173048347 0.199976179572323 412.549135484225
"646" 0.363636363636364 -541.39695689141 0.339793081752025 0.128100383694881 579.724355283445
"647" 0.181818181818182 -470.627911589962 0.270342423301929 0.119994295512561 617.045385546023
"648" 0.272727272727273 -514.53835324633 0.41037578934926 0.155381615623201 529.969318906334
"649" 0.318181818181818 -495.5426351843 0.440671889144198 0.160846545243205 512.911233966867
"650" 0.227272727272727 -396.972274855557 0.390949546400717 0.150232279181451 531.926945504448
"651" 0.272727272727273 -435.656075304799 0.370020667685056 0.13593327868654 555.763416679702
"652" 0.227272727272727 -455.307445582581 0.57063403292103 0.196060798023631 412.030214146557
"653" 0.227272727272727 -478.525988141657 0.360590659435809 0.147308015701435 560.050989806363
"654" 0.136363636363636 -652.732995359721 0.418504012540137 0.155419098749099 530.822792462488
"655" 0.136363636363636 -859.770954546653 0.289162803686761 0.127336492036288 647.889687242908
"656" 0.409090909090909 -312.085679573197 0.472678330265572 0.158321504915549 472.663851802666
"657" 0.227272727272727 -510.797832907763 0.361587543168575 0.144442037458069 571.163363878396
"658" 0.227272727272727 -322.220832783467 0.474576229154334 0.172842321339748 467.570566769675
"659" 0.318181818181818 -401.803100302198 0.464006592122105 0.160641394860052 477.220267039817
"660" 0.227272727272727 -540.465755643195 0.422198641074848 0.148160229525835 530.282527329973
"661" 0.136363636363636 -724.428653503443 0.479988738076313 0.170490604997132 483.897631786736
"662" 0.227272727272727 -436.469530189869 0.383957896461981 0.142955061118287 546.517286508926
"663" 0.318181818181818 -425.311729189365 0.456637758989753 0.152449459585242 489.284240326839
"664" 0.181818181818182 -288.890047628198 0.392995331909818 0.148601252229125 518.556676439275
"665" 0.227272727272727 -492.849996683395 0.39314901109877 0.151657444667891 543.989120881362
"666" 0.272727272727273 -794.762058969642 0.3908845861192 0.143431536179485 530.889852042254
"667" 0.363636363636364 -199.670492872224 0.691126764900995 0.262419415073043 314.382226547669
"668" 0.272727272727273 -378.101578540635 0.510148682863238 0.180119462747055 458.029347532843
"669" 0.272727272727273 -463.559856955627 0.453409238982912 0.162518883669221 499.700510083749
"670" 0.363636363636364 -610.8500951006 0.373496465285098 0.131683973745839 567.256321091778
"671" 0.181818181818182 -628.576823554362 0.250675690263894 0.112002385716031 663.562648120634
"672" 0.272727272727273 -656.762976687542 0.454013201759564 0.163987972462259 485.559439528459
"673" 0.318181818181818 -617.872289260031 0.289036718652904 0.119996097385266 620.968624492222
"674" 0.227272727272727 -839.126333544603 0.454718404828971 0.15819028959381 500.100624566614
"675" 0.136363636363636 -660.533144211469 0.300596297525944 0.132739859160955 616.136770988149
"676" 0.318181818181818 -525.713282679549 0.476851476574184 0.170004705361514 480.648143581953
"677" 0.227272727272727 -371.716884348972 0.470138759073977 0.168311467724654 490.16267943765
"678" 0.227272727272727 -297.618509663456 0.522493119477196 0.184497276012631 447.161073501986
"679" 0.272727272727273 -405.510774635249 0.455558756416478 0.167285976641031 486.468147219475
"680" 0.272727272727273 -440.674184099781 0.249402217436679 0.116814813292768 632.064582534302
"681" 0.272727272727273 -386.765273102742 0.409303524381439 0.157642147351913 523.337200018158
"682" 0.181818181818182 -709.646868841702 0.358249150610666 0.143456492909513 575.087249986222
"683" 0.181818181818182 -294.737011176126 0.463900399787015 0.165336674990737 483.241230111513
"684" 0.227272727272727 -340.469776335896 0.472606244296474 0.163060731883768 472.055170708075
"685" 0.318181818181818 -349.246063439247 0.518283657534155 0.171651906786721 430.932598098
"686" 0.227272727272727 -939.443114451132 0.286240418789744 0.122168911949927 618.711141617028
"687" 0.272727272727273 -539.859616971332 0.359387312701189 0.148108985684341 552.181384727159
"688" 0.227272727272727 -419.25162480484 0.363853319918544 0.129816743081084 567.389477141257
"689" 0.318181818181818 -393.579424332747 0.490035467271891 0.168330853939999 474.391373402188
"690" 0.409090909090909 -441.341946051447 0.497651215561314 0.176786000121347 466.66591213881
"691" 0.0909090909090909 -548.845895388046 0.317058229036503 0.135953617994043 606.824601046033
"692" 0.363636363636364 -401.677098674209 0.478284323346655 0.176136629191769 468.386390602365
"693" 0.272727272727273 -513.388804776498 0.467457698223862 0.16126375605987 484.162129853321
"694" 0.318181818181818 -468.147610171425 0.461984606112151 0.165902795082851 497.279144445998
"695" 0.136363636363636 -500.516837185944 0.302447624852516 0.135837280621665 607.344313891115
"696" 0.0454545454545455 -462.589626083996 0.299162418620028 0.136934144795572 602.479389805687
"697" 0.181818181818182 -494.324385932588 0.311828467981197 0.13291623497637 591.707065204927
"698" 0.136363636363636 -906.140590261237 0.153684346844283 0.104801994667943 719.103845983627
"699" 0.227272727272727 -866.70878927735 0.294484639400517 0.121019455787106 631.088139074189
"700" 0.272727272727273 -475.98407554669 0.499341576647266 0.175234731380719 470.797080863831
"701" 0.227272727272727 -413.878293550507 0.491941113181294 0.172310454762853 478.786966893812
"702" 0.227272727272727 -526.194761549073 0.432042447512876 0.154357128436337 534.474830127628
"703" 0.136363636363636 -600.938709744563 0.365887310274884 0.143292586002514 575.745070289629
"704" 0.136363636363636 -381.562429093966 0.410412825456775 0.156578052831786 504.292097702054
"705" 0.227272727272727 -458.407181407878 0.298920697526757 0.121516937842256 609.325736755407
"706" 0.272727272727273 -378.228299485244 0.519861128867709 0.182419155088215 441.467287752828
"707" 0.272727272727273 -370.679690458485 0.410015627914396 0.154881251379498 525.523138312208
"708" 0.318181818181818 -439.337241250685 0.520190666918247 0.17933450972881 445.195494244467
"709" 0.318181818181818 -400.896749231676 0.49062768114023 0.178065693084357 463.312155030989
"710" 0.181818181818182 -551.563069858875 0.359880224181027 0.133848964608871 555.132998486101
"711" 0.227272727272727 -420.197355397525 0.466829181833325 0.166978632848688 494.075191493272
"712" 0.181818181818182 -480.316434297366 0.314559266160951 0.138299056165739 596.53335523224
"713" 0.227272727272727 -364.048089967513 0.396019970051581 0.149801636942591 541.746021851692
"714" 0.318181818181818 -340.76616824686 0.516421013603842 0.184475034524972 444.026775164134
"715" 0.181818181818182 -661.814441031741 0.297562270694454 0.126651270735614 619.603723726007
"716" 0.227272727272727 -388.307384350716 0.541003885220254 0.178789996072843 432.576776851951
"717" 0.318181818181818 -362.81864112698 0.529206038810306 0.184357647513786 447.499743637326
"718" 0.227272727272727 -384.734440393579 0.42294955161823 0.153788348527674 505.271402788018
"719" 0.136363636363636 -609.454887910409 0.303360646666485 0.134558399335955 613.116686933977
"720" 0.227272727272727 -645.856550887876 0.393150148310449 0.148302733834641 544.963162521087
"721" 0.227272727272727 -488.319359603505 0.389098308460552 0.148091068488969 557.089639785704
"722" 0.181818181818182 -589.246318357154 0.385229172492871 0.141198034654398 543.956164554269
"723" 0.181818181818182 -494.608386720535 0.454239013530828 0.164317628592122 502.076379186227
"724" 0.318181818181818 -355.297495144829 0.510008119426385 0.173698100238305 452.653938837042
"725" 0.409090909090909 -563.184410689543 0.522233601945385 0.182044725074539 448.43509940838
"726" 0.318181818181818 -479.970693995286 0.43852938958767 0.159761980521761 516.393197746836
"727" 0.409090909090909 -397.66490507482 0.592092195515383 0.205724012604807 401.022704911367
"728" 0.181818181818182 -643.484104846333 0.419465050316413 0.158546835612109 520.350971884672
"729" 0.181818181818182 -868.551769710729 0.368278543040691 0.138294215989833 585.640188091122
"730" 0.363636363636364 -341.020630433392 0.46447198510161 0.166974454781783 476.364517383966
"731" 0.227272727272727 -377.480313584637 0.312804611264135 0.137893568302073 576.847640131982
"732" 0.181818181818182 -399.172900472285 0.434779321218964 0.160960426153177 512.548344780658
"733" 0.363636363636364 -444.604003398891 0.567203861134441 0.189993333642759 410.124000659725
"734" 0.181818181818182 -448.976376197688 0.535239138582971 0.186201584185806 443.068196013174
"735" 0.136363636363636 -656.853049681215 0.3269643259029 0.137115897244414 601.680779967774
"736" 0.363636363636364 -567.678193774779 0.378610715222124 0.135319790154094 543.450792542784
"737" 0.181818181818182 -544.46720101661 0.368821932784164 0.135971506121433 544.325885920124
"738" 0.227272727272727 -421.173620368096 0.412266488430287 0.154110602462805 523.981306091677
"739" 0.318181818181818 -556.777619014275 0.446379513505664 0.160794887785509 507.345800151546
"740" 0.272727272727273 -674.578674449824 0.393296836373695 0.145615639559441 556.277788309618
"741" 0.363636363636364 -521.944225010191 0.480439006715322 0.170887393735302 482.774054871416
"742" 0.136363636363636 -389.821501698538 0.506200621047163 0.176136041277648 468.38795400172
"743" 0.272727272727273 -641.110076237591 0.343299837031152 0.134493144321636 573.636302734539
"744" 0.318181818181818 -610.526257196432 0.469127420227091 0.166304851032416 492.986558453576
"745" 0.272727272727273 -278.324280430717 0.590021438566975 0.212736948127047 387.802874518679
"746" 0.181818181818182 -358.612011928256 0.386838948755656 0.150187102190367 542.092864775923
"747" 0.318181818181818 -410.289369450571 0.561054010824487 0.194551750707826 424.051696784249
"748" 0.227272727272727 -790.214181763286 0.375861783066533 0.145463356601271 555.456507271971
"749" 0.227272727272727 -575.47850410587 0.585763049412291 0.202479380344743 407.448896077885
"750" 0.227272727272727 -411.643659082867 0.426148493908694 0.159509157664551 517.211683692154
"751" 0.227272727272727 -610.906433915352 0.533286385976309 0.180423608519727 457.257233002186
"752" 0.272727272727273 -553.655698744141 0.413036078535591 0.146833905832049 516.762371245539
"753" 0.409090909090909 -379.790052766433 0.514397917652638 0.183143625392705 450.466129100043
"754" 0.272727272727273 -498.314307939115 0.464658855309099 0.151151346300389 488.16879224644
"755" 0.181818181818182 -779.043784620363 0.40756468924512 0.142952421525676 534.28379568445
"756" 0.136363636363636 -537.569787729608 0.276438967202961 0.125616375808313 636.053299127021
"757" 0.136363636363636 -487.378206404244 0.256269946493615 0.122359568245877 639.868424408268
"758" 0.227272727272727 -584.217309112508 0.435349853862889 0.158074375614017 521.906220913674
"759" 0.272727272727273 -378.115786158291 0.439334845432301 0.159449477872778 517.405269058486
"760" 0.272727272727273 -403.541130428964 0.394238882532793 0.148754431032493 531.860667157778
"761" 0.409090909090909 -429.262330827539 0.499558172458843 0.175749972906192 469.416857572063
"762" 0.272727272727273 -389.832855971757 0.503683224392269 0.176402251615731 467.681105225999
"763" 0.318181818181818 -422.566275484211 0.517856850461993 0.184990757219634 445.968226953363
"764" 0.272727272727273 -633.169282332431 0.442976270167423 0.161178848064038 511.853763635424
"765" 0.181818181818182 -445.944952117479 0.286992132370396 0.129596750219144 610.770686683426
"766" 0.227272727272727 -534.970192822732 0.354872192448838 0.130964273497096 562.933025240172
"767" 0.0909090909090909 -447.27369075978 0.315173723592787 0.130823745744303 590.108750747503
"768" 0.272727272727273 -404.038566093016 0.400806878980469 0.15298530411929 539.267483729487
"769" 0.272727272727273 -516.11018879307 0.533295293402734 0.183811846186873 448.828526079468
"770" 0.227272727272727 -383.472948064129 0.410466103267322 0.142734296106158 541.859605915272
"771" 0.272727272727273 -482.126361026025 0.602465559174943 0.208650156940469 395.398696122421
"772" 0.272727272727273 -420.945819366876 0.402538502340163 0.155086948474474 531.959657543837
"773" 0.318181818181818 -505.892583395855 0.523967461840477 0.185502143807976 444.738795500933
"774" 0.181818181818182 -566.057123720013 0.253958280289471 0.116251442770465 638.211677172086
"775" 0.272727272727273 -439.142815189705 0.431703998434758 0.160986293515846 511.577716454491
"776" 0.136363636363636 -590.100589933961 0.341819202498379 0.13766518964921 599.280037387968
"777" 0.181818181818182 -730.055618031757 0.246891186438407 0.113912438779881 660.824127869219
"778" 0.227272727272727 -506.726211948283 0.462337072653846 0.164919682939881 500.243503560908
"779" 0.227272727272727 -395.005750809934 0.540695802309244 0.189641285188944 435.031854576408
"780" 0.136363636363636 -1078.11762648791 0.326920522936259 0.136947207435092 602.421922616437
"781" 0.363636363636364 -479.322614436488 0.454726723434983 0.158168355786699 492.867390414285
"782" 0.363636363636364 -506.911572605568 0.39793188798588 0.138585312544228 532.062480029319
"783" 0.318181818181818 -268.875381833043 0.486011736786856 0.160579477093694 463.225157894581
"784" 0.272727272727273 -407.805547439652 0.458282619773302 0.155340827827751 493.278639017902
"785" 0.181818181818182 -505.247424157415 0.269168520391766 0.124745885099709 612.333783273725
"786" 0.318181818181818 -558.622061061037 0.443408894831221 0.159580110910094 516.981718645878
"787" 0.363636363636364 -259.944167312009 0.498901783518704 0.168075023233039 445.418137201844
"788" 0.227272727272727 -225.400934949622 0.518103625313152 0.183062697234099 450.665270677726
"789" 0.227272727272727 -361.425765235023 0.54344248222381 0.188957386825249 436.606376633993
"790" 0.227272727272727 -463.783482635095 0.327674267504879 0.130159978560952 570.372493050587
"791" 0.227272727272727 -450.613512348149 0.4382751710769 0.155971289388373 501.82614762174
"792" 0.318181818181818 -367.216676626234 0.557176303168951 0.194757879678604 419.591365177534
"793" 0.227272727272727 -489.74380389901 0.46438725233427 0.170471883354012 483.950774619388
"794" 0.227272727272727 -579.515108243151 0.46801272759535 0.163947893271945 473.073710858515
"795" 0.136363636363636 -400.492106861744 0.436065019952382 0.160407773487828 514.314226836772
"796" 0.272727272727273 -451.367692639249 0.425983885185231 0.153569726332419 512.238260671808
"797" 0.181818181818182 -460.085364862555 0.37874791111599 0.146728351187562 549.483172241137
"798" 0.181818181818182 -539.836293084629 0.373656076610607 0.144409631798278 571.291533484706
"799" 0.272727272727273 -307.031126289846 0.614946482721275 0.221954092844905 371.698484774725
"800" 0.227272727272727 -509.67502819088 0.301499949826015 0.129941653759332 606.533205717429
"801" 0.227272727272727 -541.960226383413 0.558759765027662 0.194143436799514 424.943543598619
"802" 0.318181818181818 -494.593028049325 0.523586266886748 0.181469002378424 454.623097712081
"803" 0.363636363636364 -364.057609542098 0.572762873720676 0.1905762697204 403.137169088316
"804" 0.272727272727273 -358.811021908109 0.395353719137136 0.150198139343895 535.320071149925
"805" 0.272727272727273 -445.407820318254 0.374368925213065 0.134384841583326 552.326362643549
"806" 0.136363636363636 -652.876798191523 0.438541481937583 0.156320375222695 527.762295110091
"807" 0.181818181818182 -498.244383625546 0.352716201552596 0.144960900530818 569.118981034895
"808" 0.227272727272727 -353.20087802167 0.444705733938322 0.164672065718662 500.995719219004
"809" 0.363636363636364 -545.42865354642 0.542668551980288 0.189936034302671 434.356757541504
"810" 0.227272727272727 -559.937478739702 0.324198446241416 0.123401207034692 599.885962969861
"811" 0.363636363636364 -387.736520531102 0.541502937488352 0.193648755554849 426.02907394689
"812" 0.272727272727273 -417.748314098582 0.492535371615645 0.174472798251081 472.853079832396
"813" 0.227272727272727 -467.103651930737 0.397982319966955 0.152310071367897 541.658205915522
"814" 0.227272727272727 -387.240812186199 0.393189464746966 0.149143936659382 528.823350078948
"815" 0.181818181818182 -544.380247726326 0.379228031011769 0.148957593191065 553.848905803538
"816" 0.0909090909090909 -630.000724224365 0.237308761772309 0.114732000632013 646.70703527696
"817" 0.272727272727273 -426.965383347042 0.418229394001202 0.157262858533022 524.599392186915
"818" 0.181818181818182 -583.75111366003 0.331046844166851 0.129870201830835 609.647843541885
"819" 0.227272727272727 -590.199746710361 0.317043941834445 0.127100476385325 599.090541779385
"820" 0.272727272727273 -344.087690345931 0.513591304943684 0.183946213935876 448.500668944237
"821" 0.136363636363636 -912.909441805043 0.27056282910139 0.121095499308005 657.494761181008
"822" 0.272727272727273 -485.869003624611 0.37409394888517 0.138584598624258 553.161940252189
"823" 0.181818181818182 -584.718402689899 0.454843336556311 0.161300247713859 511.468526361794
"824" 0.318181818181818 -438.423052158219 0.367348627953274 0.137058893131776 554.231698025451
"825" 0.318181818181818 -430.924756035938 0.424113021663053 0.160793806912197 513.079462351743
"826" 0.318181818181818 -365.332447199077 0.430626262829766 0.153644681290125 501.827070962489
"827" 0.181818181818182 -460.343898276536 0.398997244688849 0.151260482339083 545.416745499056
"828" 0.318181818181818 -340.758360739484 0.42723648838115 0.148824806497205 510.762389592971
"829" 0.181818181818182 -336.724918355895 0.380281218314852 0.149176701736495 547.20221142251
"830" 0.318181818181818 -747.359620283738 0.492324707802855 0.172586478694258 478.021225209371
"831" 0.409090909090909 -307.169688534242 0.59622074310046 0.212660743781862 387.941838878477
"832" 0.227272727272727 -454.912620114528 0.327844798736234 0.136001374469951 605.390050738319
"833" 0.363636363636364 -388.992416469173 0.555010824972851 0.192145974036548 429.36106475126
"834" 0.227272727272727 -440.539308751103 0.385369223404957 0.137076318100497 552.702181696584
"835" 0.272727272727273 -400.220498233272 0.513930336948099 0.182709255624337 451.537059346493
"836" 0.227272727272727 -480.277799161592 0.480174506907922 0.155717902783835 479.610989529313
"837" 0.181818181818182 -517.707172757148 0.358814187313701 0.147243179991778 560.297597515937
"838" 0.272727272727273 -394.115936047879 0.342735183748756 0.138490782122345 570.655873945067
"839" 0.318181818181818 -461.641508236121 0.537690913183915 0.183231164870367 433.844670613683
"840" 0.227272727272727 -476.773861164985 0.476181954561435 0.169125994652257 487.802009204025
"841" 0.272727272727273 -575.610877223875 0.364418060375425 0.139641438470096 556.567259446368
"842" 0.272727272727273 -372.171530932208 0.629426352883481 0.223483945407967 369.154034082391
"843" 0.409090909090909 -405.655106061225 0.576643592774603 0.203556384246086 403.566458263644
"844" 0.136363636363636 -349.736033523878 0.433675126493285 0.165417280820283 498.738702455349
"845" 0.272727272727273 -412.50829626884 0.505781471771611 0.17783089991802 463.923873961344
"846" 0.272727272727273 -658.011895394919 0.297852978125203 0.119623831402687 624.774038491738
"847" 0.227272727272727 -368.385439501913 0.346328501650057 0.132173703606132 573.430504812337
"848" 0.227272727272727 -417.757398461537 0.362328880671049 0.148428254737126 555.824092563181
"849" 0.272727272727273 -334.865360755774 0.403323969469223 0.1517766354947 532.608193690074
"850" 0.181818181818182 -596.550023656912 0.450231707917535 0.161055988374911 506.524018476442
"851" 0.136363636363636 -573.769955459264 0.295779235146846 0.130545610777787 619.486068472997
"852" 0.363636363636364 -297.042599504439 0.626512333880377 0.224157855857881 368.044205652582
"853" 0.227272727272727 -550.228457961077 0.309820098477151 0.127802924354432 607.886804796993
"854" 0.227272727272727 -359.054241596812 0.491168161799965 0.16566064185442 459.882580177695
"855" 0.227272727272727 -354.564341669541 0.456127630872829 0.163726370454195 503.889506443804
"856" 0.227272727272727 -500.180262770646 0.511042028276517 0.177769434882249 464.084278912437
"857" 0.272727272727273 -303.034563821607 0.477977536760673 0.170297820343956 479.381194894793
"858" 0.272727272727273 -450.884584416506 0.438690633719667 0.161924133858784 509.497861955212
"859" 0.363636363636364 -530.54029500667 0.45637024410994 0.159233388119712 492.829137429539
"860" 0.227272727272727 -596.233133452424 0.419326670998315 0.157413467053888 524.097471099836
"861" 0.272727272727273 -584.912048953096 0.388316846114534 0.14692790804256 539.071629683957
"862" 0.136363636363636 -428.037767741387 0.287894065915449 0.123312093287188 615.507472295486
"863" 0.181818181818182 -395.535448747085 0.506317560906428 0.176383417607225 467.731043650107
"864" 0.272727272727273 -371.257221020327 0.492463316312661 0.177825258421902 463.93859191962
"865" 0.181818181818182 -713.789174019385 0.363116722905789 0.143158764566999 576.28326319755
"866" 0.363636363636364 -625.603563721324 0.558855677662236 0.193937115063283 425.39562359211
"867" 0.272727272727273 -359.429959153697 0.478746155395287 0.16770688468988 477.281190536185
"868" 0.272727272727273 -478.363424700659 0.470687452446571 0.166010502212093 484.331164373797
"869" 0.181818181818182 -746.83262423644 0.159613613337684 0.107171126340147 686.188076792136
"870" 0.227272727272727 -605.044088423041 0.447372242249561 0.161193595859907 511.806933519249
"871" 0.227272727272727 -457.499304436895 0.418593959703855 0.156872255684612 513.283816015385
"872" 0.318181818181818 -442.705496601498 0.490970572054932 0.17239120549503 478.562695603277
"873" 0.181818181818182 -1016.78654124372 0.53745226288002 0.18700659750546 441.160906088306
"874" 0.181818181818182 -644.891514802454 0.236199668953292 0.115964408465951 652.898550013327
"875" 0.363636363636364 -273.798047274976 0.541490660018164 0.178728042029342 422.09303375945
"876" 0.318181818181818 -394.893922977346 0.486590825094445 0.16007268361915 462.862659719856
"877" 0.272727272727273 -529.598660769841 0.415460519035635 0.141814808425593 520.649376842431
"878" 0.181818181818182 -508.845913610242 0.392413510191678 0.14926783724902 552.697764772777
"879" 0.363636363636364 -335.134319114306 0.481594983482578 0.17016662919267 474.490946576479
"880" 0.227272727272727 -525.214797034976 0.382621283906181 0.145682123711529 551.971927912454
"881" 0.181818181818182 -680.484662436328 0.281226280986939 0.122176709589451 621.999220700148
"882" 0.272727272727273 -394.349730635212 0.50539164287716 0.180032178329379 458.251412417292
"883" 0.227272727272727 -543.718564860856 0.404484076971426 0.143150128351399 521.767562706405
"884" 0.0909090909090909 -903.538557546823 0.193084977103731 0.109533270632861 702.156655944045
"885" 0.181818181818182 -715.779421224534 0.288318092600043 0.122766912037132 622.857666766769
"886" 0.181818181818182 -501.07827486909 0.457898780392941 0.154400813686462 499.696193959853
"887" 0.409090909090909 -299.836611133391 0.630184531014513 0.220139751313904 374.761938757533
"888" 0.363636363636364 -326.387143478604 0.60019448444096 0.205335010438042 401.782432640214
"889" 0.272727272727273 -378.864925107829 0.449512039238707 0.157986904696364 496.158971694382
"890" 0.227272727272727 -495.21176671737 0.511938050425228 0.180537082690193 456.969830079577
"891" 0.181818181818182 -565.900658763084 0.292794113152321 0.131238686540643 618.473458376909
"892" 0.318181818181818 -605.85190286953 0.464474389900213 0.162572454780629 507.466040980457
"893" 0.272727272727273 -308.990376535382 0.50613076718221 0.179100790965952 444.524330621948
"894" 0.272727272727273 -359.01006247834 0.453284277664886 0.164889681744071 492.926385250036
"895" 0.272727272727273 -488.33744379418 0.480743959484942 0.173861574286247 474.515431823777
"896" 0.181818181818182 -410.910916610682 0.441346096057779 0.161194351334008 511.804534819294
"897" 0.363636363636364 -266.553095730884 0.691545120369357 0.246668458414941 310.508981990251
"898" 0.272727272727273 -513.701359077644 0.512305827743291 0.177264997740688 465.40490819674
"899" 0.227272727272727 -409.714513465052 0.544236203081856 0.189958058013119 434.30639828031
"900" 0.272727272727273 -719.060211074063 0.445824244879549 0.158050932850908 500.241216970058
"901" 0.227272727272727 -347.365583643316 0.423267716490859 0.158785461293291 510.028010813389
"902" 0.272727272727273 -722.384238535706 0.281443156119594 0.124363219259184 610.26430292224
"903" 0.272727272727273 -339.698368960958 0.516493885989512 0.186731633349927 441.810519835162
"904" 0.318181818181818 -592.274805317889 0.422089030804941 0.154775612805788 510.639569275556
"905" 0.227272727272727 -386.768275263417 0.325752420917566 0.131520511911367 578.722756752134
"906" 0.227272727272727 -438.048364421255 0.42884660922352 0.161740837024904 510.075263103139
"907" 0.181818181818182 -502.807869616662 0.466754130799497 0.165836907989363 497.476713719792
"908" 0.318181818181818 -421.320497486254 0.533796696181601 0.186740361778081 425.61311722273
"909" 0.136363636363636 -449.442156259185 0.417751619434296 0.156648052597573 526.658318644673
"910" 0.272727272727273 -433.316107597811 0.439493816678575 0.16140791531905 511.127349838605
"911" 0.363636363636364 -326.350721449976 0.52547906745571 0.179812671153986 424.594685282009
"912" 0.181818181818182 -226.058764222547 0.483260424673356 0.170331472654386 457.327061174153
"913" 0.272727272727273 -526.098376933289 0.407000399146987 0.152918397171081 539.503431413169
"914" 0.272727272727273 -477.611796793316 0.456994824487597 0.164007161809649 498.687397888359
"915" 0.272727272727273 -335.954127019282 0.57115155390129 0.201207025180296 410.025444817715
"916" 0.181818181818182 -505.179646746215 0.471895587108542 0.166369299726141 495.884758400754
"917" 0.227272727272727 -675.767058243369 0.345025872808028 0.13744239055531 587.488872835273
"918" 0.363636363636364 -465.571265327848 0.515793843041478 0.173266916645681 453.78275137716
"919" 0.318181818181818 -356.000460179331 0.489785743955178 0.171899929345648 479.930389233106
"920" 0.272727272727273 -299.619888273824 0.467848931757523 0.155998842740259 475.466242276416
"921" 0.363636363636364 -374.298937958292 0.519796053676835 0.186305561748792 442.820918632802
"922" 0.363636363636364 -404.434925159825 0.559666983830016 0.192608889241562 428.329140596059
"923" 0.363636363636364 -297.878996170342 0.496549534202476 0.180510550555883 457.036997261052
"924" 0.136363636363636 -418.382020746169 0.348079505827905 0.145138480430091 563.265254619485
"925" 0.227272727272727 -489.907869814967 0.43427225588633 0.16106915925175 512.202338320105
"926" 0.227272727272727 -391.794854030998 0.41813228113827 0.156377121949654 527.57077871379
"927" 0.318181818181818 -529.252902479608 0.454469261316191 0.164808844059037 500.579932290814
"928" 0.318181818181818 -365.199452037363 0.533778371673661 0.18508625737867 445.738117829095
"929" 0.181818181818182 -588.144239802607 0.454967373787207 0.163219825700468 505.453302905736
"930" 0.227272727272727 -436.930385356335 0.298920742948481 0.132072766695943 587.109580012211
"931" 0.181818181818182 -599.29711577354 0.341801974694888 0.136848577873651 581.261344138062
"932" 0.227272727272727 -595.051019628181 0.551145271768496 0.18945255818094 435.465220380961
"933" 0.272727272727273 -389.566891496449 0.51817017116226 0.179521760774426 459.554316112483
"934" 0.136363636363636 -983.269134310142 0.279168590394823 0.129249494847693 622.801807810226
"935" 0.272727272727273 -377.190710796261 0.510887230833232 0.180182184069105 457.869907761575
"936" 0.227272727272727 -415.876224294766 0.440161096179406 0.161504923373153 510.820340810204
"937" 0.227272727272727 -477.985833203636 0.497726123894799 0.174527952425622 472.703649205756
"938" 0.318181818181818 -370.127066544936 0.403322193040337 0.139746856432398 526.402180365641
"939" 0.318181818181818 -393.883796958599 0.512873578338114 0.182745275244692 451.448060090933
"940" 0.272727272727273 -423.805238698225 0.535549359437785 0.18438384890679 447.43615283628
"941" 0.136363636363636 -730.008180678923 0.22719500606777 0.116046756022974 667.766491543916
"942" 0.136363636363636 -506.794938612087 0.337296285237308 0.130991552449268 569.833072369639
"943" 0.227272727272727 -356.528560069059 0.549517815362403 0.190631753955006 432.771551897237
"944" 0.318181818181818 -481.552347704328 0.430489483032006 0.15125253367818 505.430685403161
"945" 0.181818181818182 -447.056143534297 0.395130903049179 0.152727809283798 540.176673697317
"946" 0.272727272727273 -611.655182903094 0.478480828358339 0.168197893917387 490.493656481341
"947" 0.227272727272727 -582.929565793705 0.375848194416688 0.144946120400905 546.10414998095
"948" 0.227272727272727 -449.177350459783 0.604512095377463 0.209948771309715 392.953002226893
"949" 0.227272727272727 -830.353836974873 0.460962802393939 0.153371030943876 502.505035132598
"950" 0.181818181818182 -537.171650831255 0.324451316549828 0.137054878676004 601.94865587404
"951" 0.272727272727273 -380.30726116381 0.358084269032085 0.134105841138048 557.996915630284
"952" 0.227272727272727 -456.032261574005 0.358812918681733 0.142856999190949 577.500580771174
"953" 0.272727272727273 -510.907299919695 0.535006965428808 0.182488250631449 452.083899727967
"954" 0.227272727272727 -436.488686532428 0.439551482925238 0.157354400476461 495.416136272717
"955" 0.181818181818182 -634.401287162209 0.456369221124525 0.164417584716903 501.771146572004
"956" 0.227272727272727 -725.978098669979 0.318018723908871 0.134969284214916 587.052304369789
"957" 0.181818181818182 -389.298707326391 0.449321981145346 0.157833171194447 497.818749892851
"958" 0.272727272727273 -445.080377968824 0.378808612809397 0.146907487587307 542.748653568127
"959" 0.409090909090909 -357.779436934085 0.507039716184456 0.175929145141565 455.11352117063
"960" 0.136363636363636 -759.017740390886 0.392310288871009 0.146102335236761 564.672699216665
"961" 0.318181818181818 -469.970171145497 0.518019031718684 0.181434600253983 454.709299574126
"962" 0.0909090909090909 -684.868069854073 0.279423481923796 0.128300644947523 643.0209297369
"963" 0.318181818181818 -244.839237662655 0.431190695589737 0.166642546617923 495.071646913532
"964" 0.181818181818182 -540.539979091546 0.351639891337355 0.145374333706054 567.500451398902
"965" 0.409090909090909 -313.422397318022 0.519647793130381 0.175061561793698 432.774059927156
"966" 0.136363636363636 -707.187043741266 0.382755699224751 0.145400529115554 567.398210321744
"967" 0.136363636363636 -467.00717426692 0.277752145162081 0.12297032381689 617.346805696036
"968" 0.272727272727273 -463.276601575241 0.38620122364289 0.139677452085798 550.860958760856
"969" 0.227272727272727 -386.36587746956 0.422183577933548 0.149666920897574 528.090754596903
"970" 0.363636363636364 -390.93901329593 0.535021264863798 0.189323232784491 435.762683673962
"971" 0.181818181818182 -497.57160414455 0.393241432364538 0.153568158359006 537.220742122428
"972" 0.272727272727273 -341.225040366033 0.471106586982437 0.151047563870733 488.087127364133
"973" 0.136363636363636 -571.557939873009 0.272128104654279 0.125773312114176 641.257053617528
"974" 0.227272727272727 -318.366152258792 0.472504247550048 0.170270314244616 483.264965735017
"975" 0.318181818181818 -283.670026962455 0.571181139348465 0.18945609861454 397.988674936728
"976" 0.272727272727273 -451.916236627025 0.516884251427517 0.175335193790285 456.041284859455
"977" 0.181818181818182 -616.983717716048 0.270494443088251 0.115864591430243 639.284172158628
"978" 0.272727272727273 -607.959670308653 0.459159124947111 0.151931337477395 503.475999324303
"979" 0.181818181818182 -417.861697476223 0.220051223848588 0.114324681885609 647.586834900658
"980" 0.227272727272727 -264.911235948462 0.548387876320653 0.194026531389563 425.199581774506
"981" 0.272727272727273 -396.150748648479 0.550567943035453 0.193160078795213 427.106887274911
"982" 0.227272727272727 -760.217183871591 0.393657024249394 0.13664244369671 546.905697540119
"983" 0.227272727272727 -677.15774019974 0.364903725728457 0.137653681511756 574.476643010736
"984" 0.181818181818182 -490.134826775159 0.396315360860954 0.150299307682482 548.904723994387
"985" 0.318181818181818 -738.302447167839 0.370470222285427 0.134724142385906 553.707907309993
"986" 0.318181818181818 -319.524530869881 0.499508106132398 0.160406809159595 460.471402183413
"987" 0.181818181818182 -498.233448300479 0.398089348358848 0.151374040681682 545.007582730027
"988" 0.272727272727273 -454.211142278058 0.33599815232574 0.127580422410833 577.922482272913
"989" 0.227272727272727 -488.382369785361 0.447883687187856 0.159282698653863 491.419305483578
"990" 0.227272727272727 -488.602946169354 0.451874755025419 0.164139979090468 502.619778905473
"991" 0.409090909090909 -220.104608703288 0.57592872876617 0.20503901927263 402.362439562315
"992" 0.272727272727273 -768.351481638157 0.294524926916625 0.119501191406921 618.660280491863
"993" 0.136363636363636 -602.717756268032 0.338541082323136 0.139356809513791 592.005516543025
"994" 0.227272727272727 -409.169418354128 0.393687920184188 0.154841981302317 532.727609398258
"995" 0.136363636363636 -539.868554550605 0.33864710622608 0.142427444492455 579.242296272265
"996" 0.181818181818182 -822.073826778676 0.505140810687026 0.176042406635248 468.637083398527
"997" 0.136363636363636 -437.201339452314 0.41016477791644 0.155302752456237 531.220462581613
"998" 0.318181818181818 -310.553856771856 0.503124475814946 0.16306211482007 450.997007836155
"999" 0.227272727272727 -413.806360570688 0.43691024122737 0.161776179347836 509.963829857893
"1000" 0.136363636363636 -521.942956963902 0.371731697133599 0.14473903743438 569.991354525918
