"SCI" "RCI" "GER" "MSM*" "MIG"
"1" 0.2 -2260.46192193733 0.366721711313138 0.129573671529636 712.812698312602
"2" 0.333333333333333 -1536.26248476644 0.495045586831834 0.155351191676097 588.553245962949
"3" 0.333333333333333 -910.931076997039 0.662302467604775 0.218091089287502 421.639487097424
"4" 0.533333333333333 -704.631190913137 0.751718589216172 0.274761348009401 331.222159738184
"5" 0.2 -2441.22989076731 0.284015959884664 0.116180309646448 790.899235356694
"6" 0.266666666666667 -2146.83571569662 0.472426273190304 0.152821879946823 613.039502669154
"7" 0.266666666666667 -1519.37382978703 0.367281005628117 0.128695453693911 706.322380167313
"8" 0.266666666666667 -2123.91547787869 0.305772271484934 0.11906505610409 774.681281066173
"9" 0.2 -1532.02358824943 0.569428350655374 0.179507354885455 510.551234470962
"10" 0.266666666666667 -1071.35430470786 0.54086151972726 0.171071188868214 539.905927002141
"11" 0.333333333333333 -1545.09998854966 0.428134279237802 0.141582824974214 645.535061544936
"12" 0.266666666666667 -1618.48861691562 0.551205050940754 0.173785783132763 529.333059178034
"13" 0.333333333333333 -986.101772899374 0.751517267849214 0.278537611324147 335.093623621608
"14" 0.266666666666667 -1064.24454942129 0.645692853399914 0.207763557940668 435.690941560399
"15" 0.333333333333333 -1415.22459032233 0.60928556136046 0.193582260850102 472.37241287665
"16" 0.266666666666667 -1727.9508328625 0.417413868048599 0.139150018885414 662.405964438103
"17" 0.266666666666667 -1441.73055962473 0.451724604000934 0.150271079513483 622.70117264362
"18" 0.466666666666667 -1213.15513907814 0.667827168206065 0.220408420802686 418.222413131026
"19" 0.533333333333333 -1063.50213154297 0.701822996023426 0.238563086348117 383.3842145554
"20" 0.333333333333333 -952.385473302128 0.640732909826629 0.207792864006836 437.764325357068
"21" 0.266666666666667 -1530.26070097754 0.599890417817387 0.19097676418339 483.56079815448
"22" 0.4 -630.490088807372 0.781334532139363 0.301337636240844 306.385781277432
"23" 0.333333333333333 -1437.15212022755 0.420346089963036 0.140847527944487 655.23161901619
"24" 0.4 -956.847712320816 0.668105438164027 0.22391900237946 417.759404257431
"25" 0.266666666666667 -1398.99827287889 0.637226947470507 0.204485704924264 449.078789868241
"26" 0.4 -1457.81978529094 0.526941396234196 0.168210754973827 550.882941703074
"27" 0.266666666666667 -1530.26216496675 0.521018690610751 0.164292036674563 559.430421769619
"28" 0.4 -2692.31447999321 0.388270807876935 0.136017040499964 693.227725225307
"29" 0.266666666666667 -900.416073210837 0.636362329056913 0.20350546778437 444.500731191647
"30" 0.4 -821.412457932739 0.692286970083385 0.234241928470044 392.599026731038
"31" 0.333333333333333 -1371.03469145453 0.589660118115882 0.190784857556297 494.21657827751
"32" 0.266666666666667 -1392.89466584595 0.288197336940106 0.118191317580262 784.252307206408
"33" 0.266666666666667 -826.576363117169 0.737936405540658 0.267094269735878 347.540301532293
"34" 0.266666666666667 -1650.28176379284 0.536807974882313 0.172013728446544 542.313329528954
"35" 0.4 -975.742941938988 0.54711362130238 0.172699302316222 531.398925529956
"36" 0.266666666666667 -782.839326736191 0.771817664422402 0.293734916672666 313.436074903347
"37" 0.266666666666667 -1625.02150157045 0.386103998514179 0.133155963793857 689.388764279738
"38" 0.2 -2427.4120542987 0.234013225955734 0.108887671995689 840.739319386498
"39" 0.4 -1306.17493564955 0.492497937953278 0.156835091829076 586.947461641792
"40" 0.333333333333333 -1373.43703738448 0.427906196642003 0.144041956065717 647.261368546937
"41" 0.2 -1977.51873176481 0.377427981838007 0.133684040198014 701.466481034816
"42" 0.466666666666667 -723.851250391352 0.798837302444477 0.321676171643806 287.038202277941
"43" 0.333333333333333 -891.498634645178 0.650193311844001 0.2148824578287 434.617450311314
"44" 0.333333333333333 -789.731879763243 0.813528466917223 0.334127237396292 276.838553386421
"45" 0.333333333333333 -949.8589342979 0.676609976305641 0.22942720317261 406.503316418175
"46" 0.333333333333333 -2527.30160214988 0.440026250963902 0.144763898074417 645.325835967213
"47" 0.266666666666667 -991.827829292508 0.633027233519923 0.20732468642404 450.147611263597
"48" 0.2 -2061.18267970743 0.327983931935767 0.122819826647365 749.319715664156
"49" 0.333333333333333 -1260.09252807647 0.577652096625008 0.185186960810479 501.391252837314
"50" 0.266666666666667 -625.325889260403 0.826339097474238 0.349932113676988 262.29048165662
"51" 0.266666666666667 -822.810765530185 0.762626939878782 0.284102192303801 320.637701511951
"52" 0.266666666666667 -2359.91178086922 0.37361726634702 0.130329404760881 706.113167909116
"53" 0.466666666666667 -922.228242939194 0.723124408095558 0.251427991610684 361.140248098206
"54" 0.266666666666667 -1003.53372995843 0.759935946570704 0.282973906529036 328.977840962301
"55" 0.266666666666667 -1619.39272883781 0.486702249238765 0.158046544925327 591.17833769168
"56" 0.4 -2209.14140463452 0.449918088973918 0.147332532747881 628.10724693553
"57" 0.333333333333333 -1554.94882782261 0.44275134267907 0.143392667757648 636.77010797868
"58" 0.4 -1764.04112262066 0.435591915810928 0.141445555014381 642.938171043594
"59" 0.4 -828.804617796682 0.660764221219665 0.217218005835183 419.172635917878
"60" 0.4 -947.194739476265 0.661061137515747 0.218181990385989 423.696465769321
"61" 0.4 -999.203138135789 0.612629730598852 0.199987090462197 468.286240106251
"62" 0.333333333333333 -703.144025061086 0.75082159950848 0.278185627036535 335.921087248991
"63" 0.4 -1331.51238994738 0.446398374238897 0.147851844891381 624.871888251807
"64" 0.4 -2162.16138359576 0.398034300227249 0.136705297944124 681.480333299944
"65" 0.333333333333333 -1625.30761003136 0.601204575104991 0.193092938290841 482.965569078224
"66" 0.333333333333333 -1659.15091704275 0.376888126469417 0.130698287613481 694.634853200295
"67" 0.466666666666667 -1292.98880277764 0.527173041418194 0.167077778992234 553.499160393167
"68" 0.4 -957.706315313626 0.733519396919141 0.263561735954242 354.849110915256
"69" 0.333333333333333 -967.074565436628 0.674504168533961 0.221577203472112 412.990540465869
"70" 0.333333333333333 -635.370707633591 0.765348015189637 0.289473685143055 319.627250727138
"71" 0.333333333333333 -1688.34515607745 0.437857834079871 0.142405640048998 641.189466115958
"72" 0.466666666666667 -1426.70238092321 0.51243318179905 0.164431637943473 562.802350268441
"73" 0.4 -1275.65053094968 0.645698720959496 0.20974482180329 438.733560917566
"74" 0.266666666666667 -1838.77240993374 0.281650385916999 0.117606084927573 794.05698235797
"75" 0.4 -1195.90633815887 0.58230130094673 0.184685584182444 501.651078934204
"76" 0.266666666666667 -2071.25419112259 0.496416879593156 0.157845975568289 580.926925482396
"77" 0.4 -743.839874732342 0.853572563671155 0.388751345653104 234.783719121623
"78" 0.4 -1136.48912713241 0.556042442756497 0.176514101038126 519.542921728287
"79" 0.333333333333333 -1520.76628154756 0.510931339991637 0.162945640388298 571.092100143411
"80" 0.2 -2743.82143777614 0.212553140630202 0.105873307667814 861.253996456833
"81" 0.333333333333333 -1916.22873908523 0.396929480297623 0.136313579896241 680.803605320626
"82" 0.266666666666667 -1044.87808446574 0.528404681067128 0.171240974376409 550.419588331543
"83" 0.4 -2811.23251451693 0.464396092274156 0.148365382588797 614.508665801403
"84" 0.266666666666667 -1448.48175789494 0.540687240750196 0.169735097481275 543.053987085849
"85" 0.4 -1344.08122773616 0.60513994978744 0.196535982674248 478.169128473722
"86" 0.333333333333333 -1043.39126021068 0.642771752738589 0.210956408610285 439.180488964619
"87" 0.466666666666667 -386.842420257149 0.838515866157563 0.371213796878078 249.63788478516
"88" 0.333333333333333 -1509.52148472409 0.606295368390836 0.195849761702425 476.896310567742
"89" 0.266666666666667 -1465.0267344698 0.429361637957422 0.142653532654576 654.939082578674
"90" 0.333333333333333 -1191.64553015896 0.610012451972471 0.196494439906122 473.370861337527
"91" 0.333333333333333 -1746.20307106474 0.302967566530454 0.121051910288174 765.870267321085
"92" 0.333333333333333 -1327.76329563565 0.520223900963418 0.165715233711155 561.727111732329
"93" 0.333333333333333 -1592.93026029493 0.63917861811281 0.204664084472703 447.898037244857
"94" 0.333333333333333 -1848.03371603827 0.437876307333394 0.143150278863461 635.811317915115
"95" 0.333333333333333 -1666.43190217483 0.483590263940664 0.155498578747429 592.646123797728
"96" 0.333333333333333 -1169.4968887839 0.545248792042472 0.174371477963449 531.886698714062
"97" 0.333333333333333 -1631.22099810764 0.571722357225563 0.180520742734261 510.888387598921
"98" 0.2 -1933.01468250937 0.391426670115675 0.131019751363816 692.941668020394
"99" 0.266666666666667 -1983.96333948016 0.491735936112924 0.156162489468662 588.005938069227
"100" 0.466666666666667 -815.965573022833 0.745326920592673 0.27016562625723 340.380530987612
"101" 0.4 -605.937640494942 0.800439119539404 0.32269207599096 286.727721880127
"102" 0.333333333333333 -1367.98673236584 0.534116692058736 0.168344946371233 546.733001726596
"103" 0.4 -1462.57245252807 0.540919320636308 0.168644073403608 537.575260989568
"104" 0.333333333333333 -1083.05263495305 0.776437723653099 0.299247824831601 312.385844573958
"105" 0.266666666666667 -951.792314482473 0.764855505682942 0.288368290441862 323.663324713493
"106" 0.333333333333333 -768.256122709021 0.718628902365038 0.257258385716401 364.343195282693
"107" 0.4 -1862.86122710949 0.443042631828768 0.144386229206264 640.566066649901
"108" 0.333333333333333 -809.63811878394 0.784594211762981 0.304175760720742 302.418742330277
"109" 0.333333333333333 -732.983563042291 0.781182326952042 0.306122363651193 308.662500286915
"110" 0.266666666666667 -684.4991028321 0.667979783946017 0.225402997416785 411.397356621243
"111" 0.333333333333333 -1293.60306023214 0.646500459586195 0.210781561309636 434.391372569371
"112" 0.266666666666667 -1407.2311646002 0.487889584967384 0.159900671044816 590.952271527534
"113" 0.4 -730.64054882525 0.691337145296492 0.236393553855434 389.401761414427
"114" 0.2 -2915.47974572833 0.324565074998014 0.121681026583361 751.407368401508
"115" 0.2 -2224.27011237952 0.309464963090098 0.121330884657655 762.165346139923
"116" 0.266666666666667 -2091.21912583542 0.419966887867957 0.139506732553185 656.773788097838
"117" 0.333333333333333 -837.87677999943 0.780239476184744 0.305723989482171 308.026501810974
"118" 0.333333333333333 -1103.70902710828 0.631268806015605 0.204343138929496 452.230039231367
"119" 0.333333333333333 -1192.16880051651 0.647892607775393 0.213335258524792 432.637992170837
"120" 0.333333333333333 -656.861149860975 0.85980366685298 0.402692603469865 231.903651384541
"121" 0.333333333333333 -1221.92238839569 0.60710725558209 0.198115094711087 473.481009853983
"122" 0.266666666666667 -1323.48117764287 0.599934735458848 0.192477209539617 479.192837071228
"123" 0.266666666666667 -338.062056538738 0.81626700904164 0.341615553573879 268.984954094212
"124" 0.466666666666667 -839.007951683435 0.784542616934176 0.309552662119083 304.43890838298
"125" 0.266666666666667 -2927.56520345013 0.370708211427917 0.132775353759184 701.548571680579
"126" 0.4 -1466.04845774966 0.606153064568494 0.192894226276767 476.343948809435
"127" 0.266666666666667 -1691.93253800118 0.377571242405871 0.131732633212768 698.567926116932
"128" 0.266666666666667 -2503.33720666466 0.320957671414711 0.121490603029926 759.684380527357
"129" 0.333333333333333 -1641.25235478361 0.640843140633769 0.211272322017233 445.666215343557
"130" 0.333333333333333 -2204.31697813514 0.484914268855078 0.157410374352038 597.989066942804
"131" 0.4 -658.990742647896 0.789886247498301 0.309863202309858 295.876758291917
"132" 0.2 -1549.9262261446 0.476299303254897 0.151934628124747 603.021152400658
"133" 0.266666666666667 -1255.86725173039 0.59639045644145 0.193651683079443 485.499750443574
"134" 0.2 -1737.57533690599 0.360311743436517 0.12883828108799 716.860633333979
"135" 0.333333333333333 -992.131663290306 0.650174784003586 0.21436676360434 434.699286646531
"136" 0.333333333333333 -1056.01564850396 0.595576718237674 0.187616657720699 487.619660106704
"137" 0.266666666666667 -1492.85429961963 0.432303713890707 0.141044104663674 648.590765939038
"138" 0.333333333333333 -1210.38506902765 0.375658464427338 0.132815907959188 696.48404601987
"139" 0.2 -2315.5283822981 0.350895212727453 0.125896905529375 728.252712051065
"140" 0.2 -1420.3987651099 0.286039115499804 0.118231803054601 783.649361621197
"141" 0.133333333333333 -1439.27439572081 0.294463196015498 0.117415050134227 780.240483018541
"142" 0.466666666666667 -1241.14526894712 0.699934956936177 0.238427707099753 383.826861267311
"143" 0.4 -816.472530560672 0.769170327338477 0.294690760836456 316.994861655026
"144" 0.266666666666667 -2081.95292490598 0.539125873155085 0.170678357182362 545.187614555578
"145" 0.333333333333333 -760.339865299171 0.743307599440542 0.269360316662154 340.017506579244
"146" 0.333333333333333 -744.06519288481 0.731106495531726 0.262070017416241 353.787796285332
"147" 0.466666666666667 -1242.54019806819 0.578530231669102 0.18547517769393 502.90467769498
"148" 0.266666666666667 -1183.80592977798 0.698469411019863 0.239597760275845 387.066833768976
"149" 0.266666666666667 -1502.00832862452 0.370829409191676 0.133283224885311 708.426965432444
"150" 0.4 -624.253534909145 0.798684193657998 0.324005777403282 286.927483834643
"151" 0.466666666666667 -992.659291000653 0.635567726619111 0.206030561183736 449.141773002252
"152" 0.333333333333333 -921.583758529909 0.656459794643162 0.218801438271814 423.450136368508
"153" 0.466666666666667 -825.038007911913 0.684255246245547 0.230632591493696 394.677519840943
"154" 0.4 -1242.28580333652 0.616111643513346 0.197723786734814 470.261738209822
"155" 0.333333333333333 -694.402896350033 0.752689561122119 0.278515162790051 333.620988426406
"156" 0.266666666666667 -1659.56269558016 0.59470039370564 0.188722660869636 489.736114079486
"157" 0.466666666666667 -590.723457196326 0.765180388082495 0.289628383581052 317.506202057388
"158" 0.4 -1503.80349414363 0.49059859235271 0.154755998343882 592.903270076725
"159" 0.333333333333333 -729.320105887523 0.783328380927838 0.303679381618067 301.417676170494
"160" 0.266666666666667 -1213.16661937106 0.463106457691837 0.152895961013328 617.053157209521
"161" 0.2 -2165.63453739559 0.30720560920974 0.119814710208562 766.351270816144
"162" 0.2 -2788.04877491675 0.206021292904592 0.106699450758878 864.750186643584
"163" 0.133333333333333 -2367.61559738259 0.315350887129764 0.123123710394342 760.373136376382
"164" 0.266666666666667 -1904.07830201365 0.419689905890261 0.139356503231574 658.991040225592
"165" 0.4 -1143.61375930731 0.443649897218751 0.147704255641556 631.569167665192
"166" 0.333333333333333 -1544.18967515159 0.555354950370054 0.175009915674237 522.847318344358
"167" 0.2 -1226.17541646087 0.52353369839883 0.168077808276225 550.775033184506
"168" 0.133333333333333 -1977.74987576991 0.147101450571862 0.100257395772693 915.274602445685
"169" 0.266666666666667 -2419.03124815384 0.36294473639404 0.12600198489792 723.031343078886
"170" 0.4 -709.31271814381 0.781585941345153 0.304453604527297 305.637345986978
"171" 0.333333333333333 -2127.1813431381 0.475260347220117 0.152858921890185 602.984381647284
"172" 0.466666666666667 -1281.12245852565 0.73016337109087 0.257624826846024 359.930775920537
"173" 0.333333333333333 -1262.87815290771 0.511947855616998 0.166582230462982 562.08208878522
"174" 0.4 -934.797845178561 0.718901854645165 0.25043585728201 365.866306932382
"175" 0.4 -1300.64823107199 0.521905522149413 0.16544643935142 557.7448374452
"176" 0.333333333333333 -937.754313334681 0.637172893947592 0.209792374535157 446.475373975972
"177" 0.333333333333333 -997.856592214894 0.764450666279225 0.285692048780224 323.490641999016
"178" 0.466666666666667 -1151.57937056411 0.54883647480161 0.171155264471125 535.161315503677
"179" 0.2 -1856.68339624449 0.586815512753946 0.188008586151584 496.207829742192
"180" 0.4 -748.761476675196 0.684690262740677 0.230737339136873 395.970185192334
"181" 0.2 -1653.92513362418 0.533764306232662 0.168539020917951 542.393748427485
"182" 0.333333333333333 -2071.29452617101 0.60234442927899 0.193547495967314 477.65127385237
"183" 0.466666666666667 -616.152941497813 0.789751837026502 0.312445502759054 296.059229033382
"184" 0.266666666666667 -1009.6128764472 0.562609734194106 0.178393251003232 517.520204931707
"185" 0.333333333333333 -846.015433175166 0.727754606072642 0.258163495459938 355.484889896437
"186" 0.4 -1577.22190339337 0.553719344258353 0.174182375572382 531.574467144483
"187" 0.266666666666667 -1442.83922947423 0.341417063059271 0.127667623189574 738.878043963758
"188" 0.333333333333333 -991.186597530878 0.613942896054567 0.194941661973761 464.736042684857
"189" 0.333333333333333 -1114.36022276248 0.746464312547299 0.271997116291423 339.643653204446
"190" 0.266666666666667 -1281.78628079587 0.409523447469517 0.139209733215579 664.945437823762
"191" 0.2 -1663.24588533225 0.249032075245493 0.112513260933241 826.086856356235
"192" 0.0666666666666667 -922.745473260609 0.510624355104622 0.161266697635427 565.204052326246
"193" 0.2 -2223.21468055896 0.252578672648975 0.111922700960649 821.286373274987
"194" 0.333333333333333 -1531.99945766914 0.475654191053328 0.151841879905922 596.404427544733
"195" 0.2 -1982.00065401649 0.293930302100576 0.11841706456974 779.453479804937
"196" 0.4 -703.291717725702 0.805759260700516 0.330291848256662 281.081720963488
"197" 0.266666666666667 -704.726831139167 0.737156669798741 0.269506809445298 348.043474581535
"198" 0.266666666666667 -1842.20354038716 0.437432500410485 0.144742287492031 635.835165922462
"199" 0.466666666666667 -1098.73582382059 0.620699834429969 0.203189089643733 461.920912163181
"200" 0.266666666666667 -1497.1303382532 0.631931365235893 0.204850629146188 448.48675122349
"201" 0.4 -911.980819389346 0.635830369808099 0.210808667726717 449.861981329147
"202" 0.4 -560.421435800915 0.805912420837636 0.331342116447589 280.394625487302
"203" 0.4 -950.076229645213 0.602023831859088 0.190660917863227 476.466362371112
"204" 0.266666666666667 -1602.3446692236 0.524291777963584 0.164248061714936 559.485060555888
"205" 0.266666666666667 -1208.15967746128 0.608309448742777 0.193474312368554 474.621586900861
"206" 0.466666666666667 -1218.94924929468 0.631142175994616 0.202818207892115 454.221298163526
"207" 0.333333333333333 -1524.88293830206 0.652262121350658 0.21708639814995 428.412375299483
"208" 0.266666666666667 -511.135181715776 0.826433754796956 0.354645029236328 263.311793020393
"209" 0.2 -1748.58666427807 0.509953344611193 0.159565447118627 575.045824834746
"210" 0.333333333333333 -1539.61269511286 0.542384627762231 0.169923715893133 535.851736558287
"211" 0.266666666666667 -817.626244057004 0.761038042207462 0.285290679611447 325.514737093928
"212" 0.2 -1731.06581763156 0.303124572235245 0.12124270734384 771.656307253269
"213" 0.2 -1476.45491594192 0.338349211134124 0.124698841445383 737.258365041311
"214" 0.266666666666667 -2164.32023904671 0.384371366304119 0.133001018584167 690.014243172596
"215" 0.266666666666667 -1220.89157053111 0.715614772950618 0.249706495257256 371.334030820615
"216" 0.4 -1275.70252664405 0.538218307010228 0.169395822747268 543.020293158826
"217" 0.266666666666667 -2376.45081983754 0.380725350862065 0.133354679904141 692.399134504411
"218" 0.333333333333333 -1155.04805381249 0.448731390859166 0.148076634128895 627.240108744013
"219" 0.466666666666667 -1235.34421145367 0.633620060757592 0.202173380284153 454.286930479475
"220" 0.333333333333333 -1341.51028188339 0.608819639802571 0.194922789966313 468.470929983072
"221" 0.2 -1065.64995023138 0.635745538357088 0.203643754802745 449.164744794785
"222" 0.333333333333333 -953.840010633432 0.678288772468011 0.226992515296555 407.927129934006
"223" 0.133333333333333 -2291.41803539644 0.226032821759132 0.109572706779211 840.465163630033
"224" 0.4 -1774.22839653801 0.504205424832548 0.159190865129548 575.946089212955
"225" 0.466666666666667 -688.273603181299 0.787003173112667 0.309638889062822 301.717541809082
"226" 0.333333333333333 -1767.14909348149 0.448954216483761 0.14867777638378 632.128888369342
"227" 0.333333333333333 -2785.86119732777 0.458042200566758 0.147756445024664 629.889350581469
"228" 0.2 -1228.33489781664 0.644053323778846 0.210828392646813 439.395480399325
"229" 0.266666666666667 -2465.04469771138 0.478822965305372 0.150557222426389 611.576516470665
"230" 0.266666666666667 -1807.94623782636 0.43007561988808 0.142823535954894 651.79975645076
"231" 0.2 -1488.16335732501 0.531738746631584 0.168990157319209 549.447351674165
"232" 0.266666666666667 -951.247322350513 0.628740972226736 0.202448240484289 454.576362755832
"233" 0.4 -758.695968211541 0.672216517015239 0.223414986399485 409.277898106144
"234" 0.4 -1718.03941595905 0.450177327362029 0.149191627517629 629.389395409277
"235" 0.4 -2128.5575164936 0.640423639834168 0.203233865213655 448.822175787992
"236" 0.333333333333333 -1530.02923253946 0.516401200788229 0.164765225530688 566.417908055468
"237" 0.333333333333333 -1140.00208951888 0.54326044569219 0.171670962154514 537.291076129498
"238" 0.333333333333333 -1304.7703607223 0.5136701021585 0.162118911342991 565.265531294371
"239" 0.133333333333333 -2452.19760464524 0.196322611140161 0.105979748365034 868.202486042962
"240" 0.2 -1415.85300480373 0.399053939736083 0.134411077105575 677.37521124301
"241" 0.4 -2196.53739669595 0.49468038807908 0.155832053908387 585.701567238341
"242" 0.333333333333333 -1394.17628968027 0.472494497259345 0.153261358790838 605.414714011194
"243" 0.466666666666667 -1809.20298326765 0.565176148240531 0.177731481917939 515.067352754436
"244" 0.2 -675.816131389533 0.754878525108791 0.277338642747448 329.413656625715
"245" 0.4 -1338.85700700541 0.587385612764516 0.189790932686528 494.658311944627
"246" 0.4 -2093.71691886598 0.450652095406694 0.147319032091151 631.395632073027
"247" 0.266666666666667 -2857.42730602245 0.530454368691406 0.166840315910853 551.952458992451
"248" 0.4 -1298.98493854364 0.592547430028331 0.187755280274814 487.594238210714
"249" 0.333333333333333 -1800.18432161243 0.432670552470739 0.143822863647787 646.763624605662
"250" 0.333333333333333 -1359.56354026107 0.531258908901986 0.166411256507298 551.356821875141
"251" 0.266666666666667 -2445.21749510926 0.327306258831955 0.124134917943642 754.375393639877
"252" 0.133333333333333 -2125.02341370448 0.120275892906159 0.0960849965918785 946.782125884432
"253" 0.2 -1841.85188035076 0.323748198196735 0.122107464420802 751.352176280811
"254" 0.266666666666667 -1749.55320447814 0.549520890763902 0.171813462749558 537.269800545859
"255" 0.333333333333333 -1368.16831275295 0.54521140202614 0.175035788922126 531.620767133669
"256" 0.333333333333333 -709.694103006492 0.732294616491654 0.26652335704462 352.309871295525
"257" 0.466666666666667 -903.770249948587 0.729921550695926 0.257680621532204 354.629567476325
"258" 0.333333333333333 -1315.13214144071 0.607173189309698 0.192753117600873 478.082196676515
"259" 0.266666666666667 -1422.40166018468 0.385411856946988 0.132447187069081 684.145549756877
"260" 0.133333333333333 -830.732151936299 0.794609702999694 0.314090899370977 290.428213833007
"261" 0.333333333333333 -1587.19214144942 0.34161965829207 0.126391063014593 734.427283919148
"262" 0.333333333333333 -1426.79755774327 0.471698648427095 0.152108222672363 607.534108965215
"263" 0.466666666666667 -924.869772297519 0.713167145906418 0.24672607432706 373.458548071941
"264" 0.266666666666667 -1561.86789604935 0.388147580760978 0.135809295187822 686.953598806502
"265" 0.4 -1328.34767269268 0.497331958935214 0.158822098106988 582.40742309721
"266" 0.4 -600.087198814003 0.813807208666072 0.3337888661594 273.02089007006
"267" 0.333333333333333 -1684.21471358583 0.566845329513646 0.177988920283315 515.291903793479
"268" 0.4 -999.987879037145 0.613883304995584 0.197581174627807 469.443208378462
"269" 0.4 -1148.25647374562 0.654413901988831 0.216121661022249 430.43214153494
"270" 0.4 -1077.2832852054 0.685078028712693 0.233086551879432 401.32114546898
"271" 0.266666666666667 -1185.93007463917 0.606864337395933 0.194615303486623 476.255127925023
"272" 0.466666666666667 -879.816216082114 0.686655132032441 0.230853387014491 395.844801577376
"273" 0.2 -1758.69019729004 0.376139067659199 0.13273718471399 697.583430915829
"274" 0.4 -1015.93154433965 0.664663026793353 0.222927776008554 420.586385474668
"275" 0.4 -1119.74686715318 0.716850726967862 0.250624159688599 367.75684225826
"276" 0.266666666666667 -1617.65187764014 0.482289065016011 0.153220208719926 598.167983519104
"277" 0.2 -554.526886386208 0.798840359223229 0.317901430590851 287.872321551563
"278" 0.4 -816.161089678025 0.70780050993951 0.240652272930835 377.88378568345
"279" 0.266666666666667 -1772.92370554693 0.382194842229921 0.131511468564942 690.995924584879
"280" 0.333333333333333 -1967.97382445863 0.445058008284376 0.14752753449135 632.954794277998
"281" 0.333333333333333 -1490.62200322151 0.536043984701777 0.170153789956477 546.278034097471
"282" 0.133333333333333 -1456.53740204671 0.449299774799332 0.146095595959477 628.681839764404
"283" 0.4 -1011.21028168067 0.774252262645952 0.298662584679974 313.117789645821
"284" 0.2 -811.353517824912 0.658984884224812 0.213999539517815 423.416696474105
"285" 0.466666666666667 -831.981973862936 0.774034354634122 0.294649249119043 311.591422574243
"286" 0.266666666666667 -1407.77602327873 0.563309030695223 0.178437460234368 518.584196171909
"287" 0.4 -1275.57344261905 0.597609756294206 0.186220576808568 486.293054719611
"288" 0.266666666666667 -2081.16022336114 0.398364582409073 0.136305669291981 680.194599261458
"289" 0.333333333333333 -1145.40959486537 0.669650271947843 0.221036560738987 415.315619225204
"290" 0.4 -910.246653300765 0.782363189258451 0.30603943758966 303.354451459982
"291" 0.2 -1948.15385437517 0.354739648167019 0.127271310074107 718.66548649373
"292" 0.466666666666667 -1195.9883221657 0.641038971022836 0.211902875580821 437.916168567417
"293" 0.333333333333333 -1485.43706811567 0.557965877513307 0.178754461838945 523.091276032207
"294" 0.4 -930.695533326244 0.663236624749099 0.217570581675429 422.41200918999
"295" 0.4 -1131.456711152 0.616624117183658 0.195236184154318 464.84593905916
"296" 0.2 -1642.09042655416 0.185844459889699 0.106076479773212 880.715772629475
"297" 0.333333333333333 -1446.62245250485 0.428599723790894 0.143583296212326 647.068624194357
"298" 0.266666666666667 -1772.26188007709 0.270790906383814 0.115956198899655 803.960725935849
"299" 0.4 -703.194775136501 0.687311311038459 0.230795886141302 393.858967217409
"300" 0.266666666666667 -782.003483426479 0.761337173796691 0.28079010831727 323.359612328103
"301" 0.466666666666667 -794.684542316423 0.626479068353727 0.200191566021094 456.467153654061
"302" 0.466666666666667 -872.921821030507 0.738208139034365 0.26836970774478 344.834631883651
"303" 0.4 -857.128216500358 0.606920553688187 0.19642334708389 472.578225722031
"304" 0.4 -1384.73616037483 0.530396814186401 0.168725922582493 545.910945239265
"305" 0.333333333333333 -1573.6093071063 0.442381318191545 0.14535849086717 630.064209446306
"306" 0.266666666666667 -1475.29981724021 0.339849063846309 0.126423354898723 731.801314859749
"307" 0.266666666666667 -1281.70594165926 0.652715805971969 0.212816313682919 431.423012009126
"308" 0.2 -1920.37618891387 0.370006261043777 0.129964267111564 709.450035978139
"309" 0.133333333333333 -1841.94170758875 0.186034493019455 0.102990596895847 883.243513753684
"310" 0.133333333333333 -775.008105561347 0.748505563616128 0.275090718241546 340.065775682926
"311" 0.266666666666667 -962.727438523441 0.705546464582066 0.240841235646219 377.335095182333
"312" 0.4 -1432.98941160563 0.566835322932696 0.180522360562957 514.07793411331
"313" 0.333333333333333 -742.321619068215 0.818413830194981 0.339796338321927 270.044383332522
"314" 0.333333333333333 -837.515517877496 0.62207190745033 0.201575492665784 455.095351764886
"315" 0.333333333333333 -1636.58763088079 0.472800313015236 0.151099577620604 604.468141264517
"316" 0.266666666666667 -793.660283845945 0.639843095977951 0.209165035744629 443.66593280419
"317" 0.466666666666667 -1254.83669746866 0.746382395560496 0.273442267607159 341.660857166645
"318" 0.466666666666667 -628.197671532195 0.764457340072137 0.290404081934073 320.672070082799
"319" 0.333333333333333 -1581.99417944822 0.395729704705086 0.137963704425409 681.213707344928
"320" 0.266666666666667 -1889.79373060128 0.482591815237247 0.155606676952534 589.410334951482
"321" 0.266666666666667 -958.01944319826 0.785406371807209 0.301193197575643 302.004859184872
"322" 0.4 -1075.82734443747 0.638242067721182 0.207064027216891 448.394926095479
"323" 0.333333333333333 -893.80118051095 0.65835194529637 0.214893943769695 428.323786205589
"324" 0.2 -1651.06993239677 0.354916806573994 0.1300729620659 716.05754683864
"325" 0.266666666666667 -907.521107749602 0.611846245519931 0.200941151217644 471.223014341201
"326" 0.2 -1342.56757048161 0.643982130348206 0.206121887331619 440.774825424815
"327" 0.2 -1688.67878440637 0.334007867286439 0.124596026262477 739.55447957857
"328" 0.333333333333333 -1380.28823423173 0.603211170009316 0.190133122774246 479.252741405293
"329" 0.4 -590.259814336972 0.796948745565089 0.31857656819096 289.999302535069
"330" 0.333333333333333 -879.690485512072 0.587503564175633 0.186682478342481 491.642440436899
"331" 0.333333333333333 -794.501731519279 0.713714799099974 0.253675732332114 369.100373186851
"332" 0.133333333333333 -2649.10349057858 0.178099727978139 0.101057149116272 895.156824560403
"333" 0.266666666666667 -619.256648296796 0.765704906084667 0.287844862748551 322.16056175018
"334" 0.266666666666667 -2244.68562167325 0.381009823565617 0.13478307369854 689.644610757034
"335" 0.333333333333333 -1172.70612828584 0.624654004468927 0.202423849882981 457.999831825904
"336" 0.4 -1086.23031117392 0.613249003091325 0.194083340105124 468.347358752233
"337" 0.133333333333333 -1859.68252380885 0.408597003882306 0.140092914587674 671.406413876882
"338" 0.333333333333333 -879.852752861279 0.757706354474998 0.279016575784862 325.215377865322
"339" 0.266666666666667 -2092.71076615653 0.589780457395388 0.18828139466513 498.657721425141
"340" 0.133333333333333 -1813.35928249488 0.302987374053342 0.120491655533613 771.199965148754
"341" 0.2 -1572.08754846566 0.517817419365208 0.164627610870135 557.101205767672
"342" 0.4 -1402.55729913884 0.467494295357818 0.152637024182706 608.752063263871
"343" 0.266666666666667 -863.825683318777 0.760855603344499 0.282026945934093 326.363090269945
"344" 0.466666666666667 -692.700587108201 0.75548323618013 0.2811040049828 331.166830127395
"345" 0.466666666666667 -574.408771321234 0.819941138719461 0.343190336477843 267.496809114106
"346" 0.266666666666667 -1289.30877797697 0.643291797764717 0.211004375305634 438.703808019946
"347" 0.4 -1533.07480679856 0.685727386649269 0.229161724666478 401.712994242317
"348" 0.333333333333333 -1795.56685647484 0.591092191779708 0.185351582920284 493.402902927927
"349" 0.333333333333333 -1647.30013303478 0.616217152520045 0.199426382004944 468.308657922917
"350" 0.266666666666667 -1564.87349767952 0.309448865097787 0.119123567628264 763.31359455399
"351" 0.2 -1928.8427834884 0.411961861993155 0.139878191707344 663.270976909266
"352" 0.333333333333333 -677.752901812504 0.735907286364314 0.263903138428381 352.155906406683
"353" 0.2 -2639.66227623615 0.344217677821402 0.130479742157389 735.12958947483
"354" 0.2 -1270.90697615907 0.529663903693932 0.170800000409735 549.528439601706
"355" 0.266666666666667 -1870.38919139773 0.477046993052433 0.151030125253148 605.787271793803
"356" 0.333333333333333 -1314.75234702595 0.595730538351384 0.18863892371451 485.314700236851
"357" 0.4 -2371.55426000146 0.504931545880894 0.158564890158631 584.176217823247
"358" 0.266666666666667 -1316.02433781797 0.467279281616687 0.148938562063567 611.549937268439
"359" 0.266666666666667 -1166.96082269805 0.634884520079381 0.203965761325684 453.223110790602
"360" 0.2 -2263.25622973322 0.20104041146728 0.106942714523029 881.776745593683
"361" 0.333333333333333 -895.803608641516 0.561021831389043 0.179824654411361 520.724959393304
"362" 0.333333333333333 -1306.18359936604 0.574475846885634 0.179203753189289 509.172771085088
"363" 0.266666666666667 -1598.71224418587 0.339453416698948 0.124988849661333 731.181060324011
"364" 0.2 -864.20058593072 0.755634890059116 0.280587137294621 331.892806867645
"365" 0.333333333333333 -907.454887170309 0.754891943694464 0.278397668775042 331.472104638873
"366" 0.266666666666667 -1596.15751857474 0.459989755494939 0.148801889533435 618.962454553044
"367" 0.333333333333333 -1645.3229849495 0.615197390083271 0.194595765222386 471.290270941057
"368" 0.333333333333333 -648.161253705299 0.721166614391574 0.256081279604647 362.805570822144
"369" 0.333333333333333 -1264.328854409 0.49563167116213 0.15780447637478 587.650269056256
"370" 0.466666666666667 -1158.93006167031 0.660210307614607 0.216507874044985 425.701155026723
"371" 0.266666666666667 -1343.99888085811 0.522587880989419 0.16199983672085 559.692032054097
"372" 0.4 -872.229068892796 0.598348587786655 0.190935675514294 480.260994357911
"373" 0.333333333333333 -960.134852983015 0.610726666840096 0.196013156278194 468.750201548028
"374" 0.4 -1455.63962563755 0.597613910494185 0.191826603889259 487.697835797309
"375" 0.333333333333333 -1217.34990717071 0.543648813740992 0.170092360126836 542.392058742524
"376" 0.333333333333333 -1623.60449984048 0.501154005673578 0.158086308397758 573.286383000926
"377" 0.333333333333333 -1568.64940442484 0.531509677539929 0.165778308609644 553.756508808439
"378" 0.333333333333333 -2147.03930940988 0.531957467889742 0.171260122552869 549.789155211677
"379" 0.333333333333333 -1530.681642538 0.4738510588487 0.151329430103164 607.076869470968
"380" 0.2 -1533.73209651691 0.50854055400804 0.159754903824665 570.070359930331
"381" 0.133333333333333 -2464.62596054553 0.130060899224219 0.0993789601884086 940.778923102172
"382" 0.333333333333333 -1531.67913170343 0.604996073682783 0.190874255313223 479.247109998062
"383" 0.266666666666667 -1142.47240286977 0.45352865141835 0.147642384320126 620.704293214723
"384" 0.333333333333333 -698.918414601016 0.759646157209337 0.286091785717427 327.17794325606
"385" 0.333333333333333 -1809.67224000586 0.542820383905075 0.17247481853115 539.488337907111
"386" 0.4 -1535.069097822 0.472850017630643 0.151813775280404 609.13171396794
"387" 0.333333333333333 -975.157519717101 0.659441633692436 0.219700719729985 422.866613911674
"388" 0.333333333333333 -1722.575157673 0.457193619141542 0.146461219626704 624.630541823925
"389" 0.333333333333333 -1870.23771592152 0.483784893883058 0.153041365658691 600.513163146251
"390" 0.333333333333333 -1174.97538030007 0.770739664405176 0.295123725079838 318.843291834993
"391" 0.266666666666667 -1439.14979102322 0.516389572820027 0.165189650134723 555.795224212969
"392" 0.466666666666667 -794.8093056297 0.800566823871414 0.322101969147163 287.661912549317
"393" 0.4 -1311.82228070373 0.571971321149171 0.180460991945256 507.472694181276
"394" 0.4 -1182.05974197645 0.590917529054793 0.185957001120143 493.660935966195
"395" 0.266666666666667 -1717.07683150422 0.397444866340715 0.134149190463918 680.837514405967
"396" 0.266666666666667 -1957.41861218616 0.308734496350974 0.119284775702 765.417669683851
"397" 0.333333333333333 -920.779059908179 0.749129858305444 0.272815304061313 336.952800224039
"398" 0.133333333333333 -1751.9809180318 0.515818660362953 0.161080233829756 567.691044147522
"399" 0.466666666666667 -1323.63305277658 0.735809851288293 0.264719785267825 349.676467543063
"400" 0.333333333333333 -1666.3529883638 0.465024206096541 0.153793533149697 608.244099647333
"401" 0.333333333333333 -1918.74349562633 0.54659428064915 0.169341667979439 539.756627295972
"402" 0.266666666666667 -1410.90195637432 0.567282420777421 0.183189083367107 511.529708260307
"403" 0.333333333333333 -1735.9447307593 0.529030336447345 0.16771551635075 552.244719435251
"404" 0.266666666666667 -1630.20593855295 0.25661926133497 0.11314097162182 812.630652284645
"405" 0.333333333333333 -915.520008130644 0.571367028270486 0.181876178914902 505.013483561841
"406" 0.266666666666667 -1109.29661557956 0.500469549736858 0.159478129270769 572.664161003567
"407" 0.333333333333333 -1088.01349260336 0.597614097477546 0.187731845786684 484.977014025098
"408" 0.333333333333333 -1677.98318150388 0.543474989651836 0.174624244987588 534.943460846988
"409" 0.4 -873.051722237357 0.655007140281964 0.217965731469264 426.600700025989
"410" 0.266666666666667 -1425.69948031064 0.49578075559996 0.158808553141965 581.719160809969
"411" 0.4 -965.852317776022 0.560877693985969 0.17896252117407 514.83881774713
"412" 0.266666666666667 -1694.86001292614 0.408250621156441 0.138532672266255 663.9155362428
"413" 0.333333333333333 -1776.89459263712 0.451216402932939 0.148663879018439 625.485445794556
"414" 0.2 -1630.87812174971 0.52214764872957 0.163117980222767 562.911916977689
"415" 0.266666666666667 -1131.95156148132 0.390845244523274 0.138492125787229 681.435679577829
"416" 0.4 -1258.26960248148 0.69948049920977 0.24080482625486 387.168819237251
"417" 0.266666666666667 -949.096948466983 0.77976420350801 0.302531430245068 311.259653752739
"418" 0.2 -1540.67586111637 0.468252200908078 0.148213262958954 611.580460785723
"419" 0.4 -919.188306804549 0.709462352904905 0.242794399770612 375.16506910448
"420" 0.333333333333333 -1627.24258886235 0.482234013538479 0.154893180273277 600.550877050953
"421" 0.333333333333333 -1306.09567698833 0.509712233378352 0.161538385831764 568.621710578976
"422" 0.2 -2151.32871216216 0.34473151331868 0.128821439650682 733.376451174847
"423" 0.333333333333333 -991.571966507785 0.641518111591668 0.207417675700059 442.138712494804
"424" 0.4 -1503.92812239425 0.560579327122332 0.175499923299253 520.888731376028
"425" 0.2 -1766.17659945409 0.309094723666248 0.121201741829711 762.628135954758
"426" 0.4 -1532.50637019056 0.594550660891292 0.192110074736134 490.609690867897
"427" 0.333333333333333 -1182.73604490439 0.598533716832634 0.192160799153632 486.177401256612
"428" 0.4 -2214.59237128486 0.405212633635273 0.138722050827177 681.487126983467
"429" 0.333333333333333 -1210.57052647379 0.476007043169287 0.156953609514754 601.403987750718
"430" 0.266666666666667 -1535.24257984583 0.489797593620971 0.15480426148371 589.866810523348
"431" 0.333333333333333 -2521.69284771092 0.523254662503526 0.162273269822845 565.84431045847
"432" 0.4 -887.467280322462 0.666216242344372 0.220354678317811 415.542465958949
"433" 0.266666666666667 -2131.02514321089 0.315855779724619 0.120741503856149 766.444935453331
"434" 0.2 -1303.77229661705 0.309883521239598 0.122768670781799 759.809505591229
"435" 0.2 -1569.95244082604 0.42958030937216 0.143807508420151 647.680853674041
"436" 0.266666666666667 -1945.66082008079 0.496447412856992 0.155968421680968 591.062876936614
"437" 0.333333333333333 -665.447220681241 0.750842013451312 0.272965798603168 334.474599188261
"438" 0.333333333333333 -1887.74901011401 0.371226299723467 0.129156921840072 701.559944061967
"439" 0.266666666666667 -1143.91989951861 0.572612393335732 0.178000593722103 510.034566215116
"440" 0.4 -789.079870187635 0.727516883400173 0.257209786609188 357.814766159134
"441" 0.333333333333333 -1475.2131724125 0.625506673500816 0.20136995988799 455.190003648277
"442" 0.333333333333333 -1072.83450839442 0.603811257465712 0.193473030631256 478.896088298026
"443" 0.333333333333333 -2951.66286475343 0.426678891603864 0.139921688863006 656.683031358444
"444" 0.333333333333333 -1360.67574073954 0.526087372385179 0.167785487393154 553.053279901894
"445" 0.266666666666667 -2029.08216919919 0.605654324141992 0.194920339336203 479.27143175802
"446" 0.4 -1312.2646932239 0.56171533851729 0.174962607982112 517.320230881891
"447" 0.333333333333333 -1042.0524188506 0.538293540290862 0.170607423145311 541.232681166308
"448" 0.266666666666667 -1346.72738089284 0.391878538533926 0.13588481400878 682.150445407985
"449" 0.4 -1486.3005433455 0.604428053574324 0.191260113922031 478.763393282553
"450" 0.2 -1766.97814137404 0.323615628080808 0.124040285273393 747.068225297406
"451" 0.266666666666667 -2008.13263644879 0.390659515441582 0.136117346619395 697.195111430378
"452" 0.4 -1483.8507813675 0.634023302939304 0.207901518061381 452.27042844126
"453" 0.333333333333333 -1071.54542018982 0.61093923709715 0.19779206159395 471.169073140391
"454" 0.466666666666667 -1024.14253756303 0.634789578516462 0.205170484213326 448.806268024624
"455" 0.266666666666667 -1345.1314087888 0.538278076100152 0.172164658110225 540.670026520025
"456" 0.266666666666667 -1265.46362145319 0.536633241045332 0.171325836229573 542.401592084451
"457" 0.266666666666667 -2884.36979161762 0.366769414874004 0.130635234569613 715.658473762145
"458" 0.4 -1286.33396528588 0.574525651590345 0.182857508938906 508.414208027173
"459" 0.133333333333333 -1960.5794679863 0.125127112378574 0.0963541108900833 944.692781001993
"460" 0.2 -1250.75490212196 0.591946562385671 0.186163924890486 489.483725139256
"461" 0.266666666666667 -1479.27165314995 0.56101854225557 0.175853683598972 523.932719357246
"462" 0.4 -1436.17869707734 0.451518725828171 0.145814126096588 625.929133018227
"463" 0.333333333333333 -1609.6347655007 0.67113243049583 0.221764543964202 415.426322451979
"464" 0.333333333333333 -1221.63576921352 0.554229527220968 0.177778971948698 526.212785469272
"465" 0.133333333333333 -1420.62394005705 0.520825388602935 0.167017712187242 558.004468888193
"466" 0.333333333333333 -860.298985488683 0.66730830886505 0.223361339596343 414.750717244982
"467" 0.333333333333333 -1981.42815380235 0.327319808971903 0.123202759818447 746.909891563349
"468" 0.266666666666667 -1645.74288099569 0.267666949417537 0.116800986629653 805.646500696852
"469" 0.333333333333333 -823.732900464544 0.770247979153378 0.301464751580734 316.917499229615
"470" 0.2 -1992.51845389394 0.353534047868083 0.128272130154749 717.04080437391
"471" 0.333333333333333 -1336.32364191658 0.636480997484064 0.206693008378427 450.677692723763
"472" 0.266666666666667 -1557.03611988501 0.355298270155691 0.127212505870717 718.412477652272
"473" 0.2 -1812.6951378073 0.436103648838727 0.145960646192334 639.712696805724
"474" 0.333333333333333 -1687.89742416124 0.504121091861576 0.160543716639878 574.176276615723
"475" 0.466666666666667 -1366.33947235501 0.70246599588458 0.242051138481458 383.13878474432
"476" 0.266666666666667 -813.34370608721 0.710509730997566 0.24718628637762 373.141133940704
"477" 0.4 -805.382284438846 0.751275720496026 0.277384982985944 335.031759402694
"478" 0.133333333333333 -1376.57518445318 0.477741265011821 0.150867677099988 603.902680353753
"479" 0.2 -1830.18433492757 0.41243910940111 0.138742845852518 670.549747672477
"480" 0.266666666666667 -1276.33124793799 0.553474630552713 0.174774785824929 527.48572680946
"481" 0.266666666666667 -1348.59106148548 0.437505146065896 0.143958599251393 643.013166153317
"482" 0.4 -1097.20797653265 0.620678087011167 0.19874307907676 466.271808706778
"483" 0.4 -1691.35034383782 0.543548277102512 0.171638225790826 536.571581659021
"484" 0.4 -1491.39928381346 0.487657100952036 0.154427832628635 589.662014050726
"485" 0.333333333333333 -1120.83266004603 0.572612103784246 0.182075741250711 508.4702186462
"486" 0.4 -1183.14599850959 0.590661937377029 0.189298753325543 486.93153265079
"487" 0.2 -1299.22169137914 0.534563156362968 0.167101727777554 546.17976726454
"488" 0.266666666666667 -1123.92538329653 0.624847734961816 0.199917166632636 463.043591199226
"489" 0.333333333333333 -2021.71450681546 0.325996036510811 0.122271293658091 748.31682114159
"490" 0.333333333333333 -2286.30580295056 0.586256545788937 0.183389538282831 503.349539827981
"491" 0.4 -820.765129257307 0.664751708732648 0.219917269028886 416.453722206168
"492" 0.333333333333333 -912.352809314735 0.750121008315497 0.277228224300593 340.027087039994
"493" 0.266666666666667 -1353.34690201473 0.454483222981007 0.148292271956546 615.292848331383
"494" 0.266666666666667 -813.844860153952 0.743580081009488 0.270767062588128 344.424879022299
"495" 0.2 -1831.64732433788 0.300151033180796 0.118987914331404 766.27735113797
"496" 0.333333333333333 -904.503894470646 0.755540372188019 0.277954207940285 328.713335807288
"497" 0.333333333333333 -1389.96265757945 0.447564926977323 0.150210254155008 628.200675115874
"498" 0.133333333333333 -1527.37622771158 0.30673746239817 0.121745521657627 767.216241362162
"499" 0.333333333333333 -712.399223223424 0.752224374196041 0.275667928219867 333.571748369175
"500" 0.266666666666667 -670.686002087346 0.759176754246868 0.284618050074604 325.772103157884
"501" 0.2 -1558.56189057501 0.528369378737972 0.166459455394091 549.551821627049
"502" 0.333333333333333 -1017.20586467591 0.613196005747796 0.196857108772247 473.254148559577
"503" 0.2 -2506.31594180001 0.196826537820478 0.105612941630727 870.15082000056
"504" 0.333333333333333 -1357.98480015959 0.432695663749098 0.141746523291375 638.59955139992
"505" 0.133333333333333 -1351.82382760551 0.419695453049775 0.140333944977136 656.127081400375
"506" 0.266666666666667 -868.430696041603 0.677162084758178 0.227072968961564 405.912619634983
"507" 0.2 -2401.71783696737 0.243122407315832 0.110639062280393 833.326472718171
"508" 0.2 -1899.32588981705 0.431621136585652 0.144208488523493 649.067097056059
"509" 0.266666666666667 -1737.01940698479 0.488370254070479 0.15560066510267 590.171470526012
"510" 0.266666666666667 -795.243362758844 0.763477265353681 0.289470503540744 320.823530392693
"511" 0.4 -1542.51194348266 0.525591553134525 0.170653018962498 554.542008638363
"512" 0.4 -1237.45823911068 0.547038164222969 0.174077489142595 533.836982705705
"513" 0.266666666666667 -1044.79498518268 0.558615942562665 0.181331703316556 518.18473041821
"514" 0.266666666666667 -1025.5300747705 0.60540878584331 0.196323389425597 476.994365758174
"515" 0.2 -2319.34402785029 0.291411509327524 0.118763485942426 786.884062581374
"516" 0.4 -1256.20003739606 0.608088849042032 0.191695290077663 479.70721110916
"517" 0.4 -1173.61380212134 0.621222619239832 0.203328666093084 460.911177800121
"518" 0.266666666666667 -833.6968663817 0.581127389928408 0.185306836633793 496.86820899413
"519" 0.4 -699.730392884763 0.846588049170982 0.381620494120612 243.383144676431
"520" 0.266666666666667 -2333.23391494668 0.272222349252201 0.11487583002181 797.881027373099
"521" 0.266666666666667 -1906.0056291988 0.364840837450745 0.128119133887553 712.714444019117
"522" 0.333333333333333 -1945.97416720112 0.550361634089866 0.174874650550003 531.609497393952
"523" 0.266666666666667 -1057.13551776709 0.734611358423654 0.260055531300447 354.102439808785
"524" 0.333333333333333 -764.771868544224 0.694224497466199 0.234378415938439 391.003791877162
"525" 0.133333333333333 -1000.47229318572 0.738504619265822 0.266699018606205 344.500512265537
"526" 0.333333333333333 -1731.20384030423 0.481844629190619 0.151552083366038 596.944930801175
"527" 0.266666666666667 -1465.88519329697 0.365918431733275 0.128852439397637 707.396124870961
"528" 0.266666666666667 -1296.00481627907 0.431519074761962 0.141374270214078 643.967600087086
"529" 0.4 -2420.17299286281 0.429054600120078 0.142598842578052 648.745202629019
"530" 0.333333333333333 -1381.22751007244 0.603902889750426 0.194460328091064 481.786993853194
"531" 0.266666666666667 -1173.51126650383 0.558231234009879 0.17642003197217 526.508597378225
"532" 0.4 -729.609712295002 0.829738992353558 0.360129522488641 258.906509738618
"533" 0.266666666666667 -1379.3981765051 0.599418102035778 0.190894649789333 485.326332958357
"534" 0.2 -2813.53627605051 0.382947481340191 0.134300042360654 690.058831653287
"535" 0.333333333333333 -1121.23847976567 0.533222408550346 0.170773548104433 547.372990525705
"536" 0.2 -1705.12404103638 0.381782152546175 0.132245389272367 689.240827020553
"537" 0.266666666666667 -1369.19067844104 0.506237258643801 0.161633109532387 571.306267113008
"538" 0.4 -637.248572957654 0.80469076796881 0.327178972301893 281.391939545635
"539" 0.4 -552.01630082147 0.763469052930838 0.281800231401523 322.135419854768
"540" 0.266666666666667 -1618.89574460702 0.460938622259605 0.150096279472202 621.137746875728
"541" 0.2 -911.663940448479 0.575032024659784 0.182568740914583 506.413749934444
"542" 0.266666666666667 -1253.28304245935 0.735691485614484 0.259573982949592 353.523716920786
"543" 0.4 -1175.41076142226 0.70485441066261 0.239074249968231 378.647291713664
"544" 0.266666666666667 -1271.61878252596 0.584614499660897 0.186454748639655 498.18098424027
"545" 0.466666666666667 -1206.3487614579 0.603757170235233 0.193201473133154 477.190665670333
"546" 0.266666666666667 -1153.78138854051 0.476727038633861 0.155139870678246 599.558685446456
"547" 0.2 -1935.46391065682 0.312828835285902 0.120802975456173 760.881840157273
"548" 0.266666666666667 -801.309471891494 0.649644678137853 0.214222453478661 432.680466348699
"549" 0.266666666666667 -1671.49572661251 0.438145920299015 0.145756998593709 646.017294298056
"550" 0.333333333333333 -1142.06360773379 0.555495007924415 0.176299981796178 524.522950060174
"551" 0.333333333333333 -1114.20561383777 0.694240137038579 0.236516014180361 396.645693541856
"552" 0.266666666666667 -1028.24415485889 0.638209283091565 0.209052201095942 447.270263480043
"553" 0.266666666666667 -1202.78688264264 0.527463318237513 0.166855243233107 550.998606845981
"554" 0.333333333333333 -1928.76964117402 0.53240702203679 0.167712373361459 552.313253037322
"555" 0.333333333333333 -696.056110956205 0.784343922029851 0.302457691438308 300.565369592449
"556" 0.266666666666667 -1421.22590743666 0.563430132636847 0.180240369450843 521.693516199537
"557" 0.333333333333333 -937.059263237879 0.53494251442028 0.170101934746001 542.970228335229
"558" 0.4 -995.420785364344 0.671277588304998 0.221682151408272 411.509508908132
"559" 0.333333333333333 -1315.44721843173 0.607070711947139 0.195611045893124 477.725338892685
"560" 0.2 -1518.12203979302 0.511214694213392 0.16273703014946 567.592290143722
"561" 0.2 -2197.61535374735 0.294703746121353 0.120064384590425 779.725172388584
"562" 0.4 -2148.44257115806 0.388281461786848 0.131937398021316 695.815067923234
"563" 0.2 -2110.80585803381 0.25759504436454 0.114657769942044 816.411470576704
"564" 0.333333333333333 -1609.54746501396 0.575997867834561 0.17983229124215 511.199667362764
"565" 0.4 -910.080115837326 0.625838911521456 0.201039009982538 454.256374928113
"566" 0.266666666666667 -1951.23295220886 0.59169100930174 0.185798415952344 490.764960847592
"567" 0.333333333333333 -1677.10702230005 0.551952884379025 0.173842704590373 529.244852344177
"568" 0.4 -689.024320990102 0.779863840024085 0.301210876121851 304.368317903832
"569" 0.266666666666667 -924.456085259084 0.644793776868773 0.211586860359373 434.932099937741
"570" 0.333333333333333 -1105.47371649924 0.742335808862932 0.268858791228827 347.39793226294
"571" 0.4 -2375.06456875206 0.47357528233357 0.151949677714991 613.232330462432
"572" 0.266666666666667 -1153.23584409993 0.538643954251939 0.168720313160689 542.260350284243
"573" 0.333333333333333 -1996.19813648076 0.482166945943637 0.152356611088603 604.840784371733
"574" 0.4 -920.546419477363 0.557409198927861 0.181180790391418 517.012437226893
"575" 0.2 -2471.34016444728 0.236368534095761 0.111308962998122 839.218563727769
"576" 0.266666666666667 -861.174504225332 0.763911378783137 0.289620780555109 319.736596355049
"577" 0.266666666666667 -1392.10889852171 0.476851139664948 0.152234564732553 605.457528830769
"578" 0.333333333333333 -524.460330043101 0.829930365451805 0.359197545777673 256.262260446153
"579" 0.2 -1899.07917195374 0.198798340875015 0.106637407921149 864.248232792231
"580" 0.266666666666667 -1528.07064901865 0.596551479433524 0.188326720377742 490.658587618233
"581" 0.333333333333333 -726.462131011904 0.660047564826383 0.220041299785877 425.707915917327
"582" 0.533333333333333 -1161.50036641643 0.632556211215065 0.202680366081705 447.785166009799
"583" 0.266666666666667 -1037.66821593223 0.549234597687175 0.1726998521792 533.519625053401
"584" 0.2 -1778.97865036722 0.283261640745962 0.115535490071273 788.347887512534
"585" 0.4 -1591.49595874414 0.556988249158673 0.176085214982457 523.482446190875
"586" 0.266666666666667 -1775.88563882729 0.422751639674222 0.140786770131023 655.184410777187
"587" 0.266666666666667 -1569.37132338587 0.349024672469906 0.127313000832999 730.199372999873
"588" 0.333333333333333 -1210.40222355458 0.549080539364973 0.172773415734596 529.716236790479
"589" 0.333333333333333 -1329.8407172517 0.422630703432819 0.1396692579312 650.713128682573
"590" 0.266666666666667 -762.262521800932 0.71982701889318 0.251517112732306 361.547301452875
"591" 0.333333333333333 -1663.74560683861 0.391399415311662 0.134939026608123 688.49733922672
"592" 0.266666666666667 -1640.7380891241 0.576117806936004 0.180711992511953 508.01867406354
"593" 0.266666666666667 -685.029615340657 0.640213297805891 0.210905464501548 439.544611548569
"594" 0.266666666666667 -2017.42820057714 0.380105021659649 0.132236575764548 699.816568871168
"595" 0.333333333333333 -1596.11896470821 0.48148837557164 0.155328777747264 593.303907652891
"596" 0.2 -1209.70520966224 0.399050988085923 0.13535803821343 672.261697332144
"597" 0.466666666666667 -1018.09736325172 0.627804883091689 0.20234507298472 451.120666294473
"598" 0.333333333333333 -1783.07268674849 0.436426175680232 0.144093399415227 643.13005951887
"599" 0.333333333333333 -1281.63545461611 0.488638293806319 0.155776607148579 590.374038692768
"600" 0.266666666666667 -1752.88428178494 0.496664631586165 0.160496537258629 582.727776336954
"601" 0.4 -900.388524390439 0.727835213578157 0.259574226144187 357.964460148653
"602" 0.333333333333333 -1112.01796864938 0.549034848055693 0.173943135196759 532.068753895045
"603" 0.133333333333333 -1930.97385799755 0.386049218388907 0.132042367681888 694.623225590195
"604" 0.266666666666667 -1949.56281260905 0.383194457553402 0.134119905028216 698.048256575886
"605" 0.2 -1742.3954003845 0.436245791045208 0.14379948348318 646.339198880582
"606" 0.266666666666667 -2277.07943246149 0.371383832229747 0.13314469013271 710.167700709374
"607" 0.333333333333333 -964.177490495402 0.6495532790738 0.213467391707206 431.607259833764
"608" 0.333333333333333 -1389.13308183905 0.513119456670398 0.16319410865034 564.032045879361
"609" 0.266666666666667 -1437.49212366385 0.485169576812083 0.154093691128047 590.392206908977
"610" 0.466666666666667 -1033.77292643877 0.530769422204986 0.165776860343585 546.200076390381
"611" 0.533333333333333 -1233.71144679308 0.655049837955472 0.216109477971906 427.58662967297
"612" 0.6 -727.865997919824 0.809536218065169 0.332831402936007 281.495472910944
"613" 0.266666666666667 -1650.98544930535 0.356541708163925 0.125670977059445 721.829539600673
"614" 0.4 -2195.22475199669 0.514212482940881 0.161260790698849 567.129253671656
"615" 0.333333333333333 -939.432504448703 0.542022485896891 0.17201828412903 533.564799205391
"616" 0.333333333333333 -1292.09444810281 0.654980679977588 0.212249626976209 429.301302368229
"617" 0.4 -819.199443288368 0.797230023574 0.318619365698706 293.851273880166
"618" 0.333333333333333 -1161.98299794988 0.700734755350347 0.239706271745996 386.634266461739
"619" 0.466666666666667 -609.912618830961 0.83425253401588 0.363141251134266 252.071769309735
"620" 0.266666666666667 -1974.98076909564 0.441301629234845 0.145942174552895 636.242520662378
"621" 0.4 -785.441199819568 0.699615593628414 0.240369913324766 385.592704416511
"622" 0.333333333333333 -1665.36572143847 0.513985934603697 0.161738733831952 565.013429462139
"623" 0.266666666666667 -1855.08515231705 0.351025686514366 0.127812830060041 720.83407872881
"624" 0.333333333333333 -1045.18553077851 0.560298615540343 0.176521443970656 519.013597568327
"625" 0.533333333333333 -841.929586705173 0.76238200514888 0.288886941856247 326.816060269202
"626" 0.466666666666667 -1028.13739762226 0.690416547999055 0.233751829313167 397.767199324621
"627" 0.533333333333333 -470.006332981442 0.803939744339493 0.326238741522005 282.415605470601
"628" 0.466666666666667 -982.224827330703 0.696583306846798 0.238947949210332 387.793247559562
"629" 0.2 -1336.94301773372 0.357292444502676 0.128823719416323 709.039397087069
"630" 0.2 -1283.64530201786 0.620756598357033 0.195727758286003 463.242720862047
"631" 0.4 -1095.41227286814 0.767863709809207 0.287890923997249 321.317217474603
"632" 0.466666666666667 -988.390797695871 0.614668244590398 0.197675894186104 466.347320888352
"633" 0.2 -1900.66685897031 0.220992539169663 0.107336477192703 846.972459388585
"634" 0.266666666666667 -1339.85665334705 0.493283962161597 0.155943108115335 581.058508179537
"635" 0.4 -1262.76811097483 0.609697017409158 0.194536157003711 473.211657394648
"636" 0.4 -1306.59983032832 0.575558058176953 0.18123580017036 509.208684916545
"637" 0.466666666666667 -817.488350529288 0.734890824572326 0.259474494179513 353.027012038568
"638" 0.266666666666667 -1092.11132475898 0.587455239175447 0.183588725276802 495.318452905179
"639" 0.4 -571.610896376292 0.76135012399179 0.280687169888188 325.300726144404
"640" 0.4 -1126.95709806361 0.60621743124585 0.195182853157099 472.513403522659
"641" 0.333333333333333 -810.38995862567 0.827236352017474 0.351890803273543 259.851996649136
"642" 0.2 -831.309658656514 0.761317893323413 0.283809703767391 320.618215688923
"643" 0.266666666666667 -1512.73442265389 0.616872265157407 0.199696311119201 465.724391838666
"644" 0.333333333333333 -828.549560790905 0.554736997980795 0.175656928654785 520.916779123624
"645" 0.333333333333333 -1862.49836758648 0.417376743648179 0.139239366143757 662.159944161884
"646" 0.4 -1147.942889293 0.677827622785338 0.224896877688799 404.359204803428
"647" 0.4 -1098.88591006503 0.723225120426315 0.251930226418257 360.151136412639
"648" 0.4 -1124.56971821278 0.735024926330332 0.257673056579836 352.479321982511
"649" 0.333333333333333 -1864.78003827256 0.471757438626958 0.150419062684308 613.013405449565
"650" 0.4 -1890.05922268652 0.484962822842611 0.151903587692967 596.298386101071
"651" 0.2 -1813.31760288858 0.469031846580591 0.151495085201458 611.386786783442
"652" 0.4 -1736.76986175066 0.551772136050808 0.176628331019012 532.004019782315
"653" 0.533333333333333 -1064.73651305874 0.750747733256594 0.27261344178164 336.549802126638
"654" 0.266666666666667 -1720.11834024066 0.359145080794427 0.127743208894187 720.17544413774
"655" 0.466666666666667 -1312.63590071301 0.742917240608432 0.270347257398708 344.93268442594
"656" 0.266666666666667 -1602.85131233141 0.479214283324347 0.154652601377207 599.533168236709
"657" 0.333333333333333 -2121.72898128137 0.349042637295574 0.129648067937844 729.809659089879
"658" 0.333333333333333 -1770.81795497851 0.641414628285356 0.210143628804928 446.383125448215
"659" 0.2 -1882.98069688488 0.424802251357685 0.138398258696515 662.069076964112
"660" 0.4 -1002.66011062944 0.671376950821112 0.221392233793227 410.562631455809
"661" 0.266666666666667 -1626.28822493081 0.442035008738176 0.146757106006821 639.045087647226
"662" 0.466666666666667 -861.850528880307 0.726221143354276 0.252064143863429 362.670463052324
"663" 0.333333333333333 -1288.28008999643 0.540531210859432 0.171520061099229 539.299634147147
"664" 0.333333333333333 -2100.98999971624 0.500962315514627 0.157095129252169 587.946654018296
"665" 0.4 -435.29861159573 0.808794714908869 0.336588960130116 277.998795808509
"666" 0.266666666666667 -1057.2859573375 0.755331500917931 0.278465888486979 335.151625681592
"667" 0.333333333333333 -605.929908544036 0.776993075717588 0.30468195741938 309.284625677087
"668" 0.266666666666667 -671.966682293146 0.776144558059354 0.301890159846572 308.094611708051
"669" 0.266666666666667 -434.562678102144 0.76813618813701 0.290796586840828 315.571030801819
"670" 0.266666666666667 -1645.3439113175 0.359258863297813 0.128680446417939 716.442121996928
"671" 0.2 -3972.8110649131 0.250891708364733 0.110844073195835 830.159462897647
"672" 0.333333333333333 -869.085824875371 0.538252822376015 0.171817758949617 536.155505651927
"673" 0.333333333333333 -2640.63886520598 0.647363668881932 0.210326798684726 438.550484520409
"674" 0.333333333333333 -1091.7020578251 0.717705845657557 0.248601164740872 368.320063890419
"675" 0.4 -1727.53083551897 0.393002069630075 0.133990580722192 682.142780864539
"676" 0.333333333333333 -801.672282048266 0.7839246183903 0.300163267710909 302.266386804984
"677" 0.333333333333333 -1451.35361722004 0.626315066511739 0.19883336204399 461.134585139076
"678" 0.2 -1380.9341671618 0.363693546436929 0.129268326653476 702.783591512253
"679" 0.533333333333333 -930.707145996317 0.709577014811904 0.246422432130601 378.119305092115
"680" 0.133333333333333 -840.709350224554 0.736983007970004 0.267624011436458 349.334450224067
"681" 0.4 -1196.13672592652 0.58668373657134 0.185078246831607 497.374258822896
"682" 0.2 -639.196818583582 0.75094766394204 0.276537236708715 334.697055407278
"683" 0.4 -1251.95594462548 0.547888791742115 0.173608693414648 532.493905421004
"684" 0.333333333333333 -927.217077008401 0.548286646897741 0.17422679723085 532.942293305183
"685" 0.2 -1579.4692610259 0.559772520355027 0.173474170690747 527.953998121915
"686" 0.333333333333333 -1656.89418374801 0.457257763287842 0.148501934960689 613.018452765765
"687" 0.2 -1462.57414755355 0.492355657876477 0.155622267786184 586.909854239782
"688" 0.4 -1126.55291650006 0.727685916788697 0.256825319129933 360.183248435126
"689" 0.266666666666667 -1071.37972045148 0.66191026241529 0.218042692459959 418.258457475584
"690" 0.2 -928.910274994392 0.523318847475099 0.165645263785689 553.204196148203
"691" 0.533333333333333 -1107.15578378806 0.743876009997208 0.276724047694227 342.634132584743
"692" 0.333333333333333 -955.807644324007 0.713718048819215 0.247710744798038 372.467357248613
"693" 0.466666666666667 -1247.16474357096 0.662513803520507 0.218005666922037 421.442290512442
"694" 0.333333333333333 -1254.04898044455 0.456029318735648 0.150160957903081 618.677094492931
"695" 0.4 -1311.7996397329 0.534137967412974 0.17100980794212 546.708621869669
"696" 0.333333333333333 -1177.65006253884 0.616021719660766 0.195105337805967 464.938652864417
"697" 0.2 -1812.32584403616 0.23701265454147 0.10859091720324 837.214822370193
"698" 0.333333333333333 -534.47730545858 0.805618179703446 0.325064139819534 278.076949117316
"699" 0.333333333333333 -580.715650660313 0.838999423104232 0.36841040137769 248.872915893467
"700" 0.333333333333333 -656.103533657298 0.774720000102164 0.29717802765097 312.043740071284
"701" 0.333333333333333 -1262.2249630577 0.596595232334143 0.193019894385078 483.822290391677
"702" 0.333333333333333 -1023.58283120926 0.482406223131688 0.156718654561236 594.55654176543
"703" 0.333333333333333 -622.790226234181 0.769813670231543 0.289468068573589 317.954314404048
"704" 0.333333333333333 -1565.66682278066 0.45609872417423 0.150123401659788 621.22134203281
"705" 0.466666666666667 -1947.92165903455 0.588386935154594 0.189512122663957 497.953220464797
"706" 0.533333333333333 -1582.74515053549 0.596303630546801 0.187467072912995 485.622650849284
"707" 0.4 -628.796193143469 0.799423904352716 0.31788529061383 288.101451094774
"708" 0.333333333333333 -1066.46881491299 0.656897830275242 0.217006063980268 428.127758170583
"709" 0.2 -2041.42104351477 0.451068490128945 0.147625575743767 625.392469136254
"710" 0.2 -2144.62141976929 0.343825375694919 0.125800960221856 732.428636577858
"711" 0.333333333333333 -1380.71684781761 0.60363591295848 0.189754162127005 481.126730466226
"712" 0.333333333333333 -1416.14177654635 0.648022150664192 0.207542765791657 437.412647728314
"713" 0.4 -984.737487613014 0.723662235247469 0.255283242646923 361.971035475295
"714" 0.333333333333333 -2094.41614512349 0.541387295125294 0.169046882082524 542.301493666947
"715" 0.2 -2361.79034195024 0.371976477068431 0.131769092841019 698.845754486949
"716" 0.333333333333333 -1143.01764863214 0.546232155457254 0.169895544580069 533.435719331289
"717" 0.333333333333333 -709.106113441382 0.721220039244776 0.25789517306851 362.664752043192
"718" 0.333333333333333 -1324.06916487573 0.611873093933554 0.193903097626541 472.140202294108
"719" 0.4 -1825.56050659615 0.620197245695224 0.201661968368744 468.919065800605
"720" 0.333333333333333 -988.731185571678 0.722906661387287 0.25107832623616 361.726328498593
"721" 0.4 -2006.48127328125 0.63093765735035 0.206103422100609 456.475048315043
"722" 0.266666666666667 -619.177510825579 0.783724254578427 0.300980054944266 301.359624728197
"723" 0.333333333333333 -791.089422426939 0.755738416073763 0.280954594182853 327.664535088004
"724" 0.266666666666667 -1255.36599843359 0.528293103189727 0.168461048991272 546.959425482885
"725" 0.333333333333333 -1421.88311915302 0.377330910017637 0.131433454316005 691.468164392377
"726" 0.266666666666667 -1632.07218808079 0.492673722320105 0.154235470128379 594.231804057301
"727" 0.4 -507.578637393017 0.820492186131432 0.341592908389168 267.449923237106
"728" 0.266666666666667 -1370.71300925081 0.651175348086527 0.209678719815705 433.37849130505
"729" 0.266666666666667 -1628.85777244749 0.413847809022842 0.13811580376042 660.147616492456
"730" 0.4 -1367.92796595143 0.706077898224173 0.237733432415526 381.771516687788
"731" 0.4 -1148.73873152558 0.543116434889122 0.169842246476883 536.113475261936
"732" 0.4 -1032.33706982943 0.625223357546737 0.199798406965832 461.367177117802
"733" 0.4 -1283.64120813214 0.590695035635954 0.185592980467487 489.118409105011
"734" 0.266666666666667 -1306.17166282051 0.694023447419888 0.232615028805221 390.047969090692
"735" 0.2 -1894.71851628324 0.463580471231765 0.149839625166679 617.162178187494
"736" 0.266666666666667 -1174.92166631573 0.704058923094239 0.238088924201643 382.475443568658
"737" 0.333333333333333 -1666.07802184639 0.426084262060849 0.139120550708683 657.774293851547
"738" 0.4 -1767.09878073751 0.584400967744261 0.188997352128323 496.349934863062
"739" 0.266666666666667 -670.398895169915 0.759917696054143 0.287296488683664 325.648625629167
"740" 0.266666666666667 -1686.26892373198 0.511974779200959 0.164150945616362 567.400529443594
"741" 0.266666666666667 -2027.36088696856 0.487411239521762 0.15647284848285 597.502607665651
"742" 0.4 -814.745579083704 0.606100908966696 0.192374289288955 474.168922159993
"743" 0.266666666666667 -1722.68941210369 0.511066720839175 0.160963671563792 575.156682448555
"744" 0.466666666666667 -741.246700573282 0.704920228450316 0.241663211938434 379.196024263091
"745" 0.333333333333333 -833.622107889496 0.783157083132737 0.306568361055657 306.662103345164
"746" 0.333333333333333 -1455.14616791063 0.525879140386194 0.165754559977613 551.218471968272
"747" 0.4 -1351.5433852912 0.645381416732877 0.210895815837882 443.18469733079
"748" 0.2 -2182.19094838612 0.510308556359531 0.159562247532797 578.422929042617
"749" 0.266666666666667 -1764.715713277 0.591875594676431 0.189499256972652 493.250024986239
"750" 0.4 -1300.21820179615 0.673703830485031 0.222576178251278 410.598990684408
"751" 0.333333333333333 -2376.39135003996 0.447000803813857 0.145122203646389 630.815133732729
"752" 0.533333333333333 -830.279026714002 0.798009075004812 0.316228248719782 290.435422564191
"753" 0.266666666666667 -969.243621934439 0.675076783655108 0.223681149510856 408.478097796454
"754" 0.333333333333333 -584.901733298099 0.802728486158938 0.323075364557998 282.010160280287
"755" 0.466666666666667 -438.464011374526 0.798128536530236 0.326883974116618 291.057576467071
"756" 0.333333333333333 -1447.66310084968 0.58813709389952 0.188956064196164 497.527085802741
"757" 0.266666666666667 -1848.39381523741 0.416720071102441 0.139699741455593 659.565865801554
"758" 0.266666666666667 -1347.89860888902 0.586967188072303 0.18527995650673 496.343855571682
"759" 0.266666666666667 -1487.82260662273 0.475107600441641 0.153025347117748 601.854176193916
"760" 0.4 -1100.26807765986 0.666329559137697 0.220997677581922 420.154027393607
"761" 0.2 -1983.40493172614 0.369143018405321 0.128697991584681 703.715813038971
"762" 0.266666666666667 -1929.89075089323 0.331763393806859 0.123267663428329 746.320210444012
"763" 0.266666666666667 -1510.69893665768 0.796764339227051 0.315676598968373 294.433928698241
"764" 0.2 -2428.84444848692 0.199541535635122 0.105132285439816 875.628026169978
"765" 0.4 -877.502881765079 0.67136489760756 0.222575146449116 407.240852038071
"766" 0.333333333333333 -1395.59072505519 0.547187747258258 0.171674464211811 533.919063093168
"767" 0.4 -802.565439509887 0.736037115200793 0.262551202176326 348.117583565526
"768" 0.266666666666667 -1451.68235948393 0.536119692915981 0.169279399716332 545.566709930198
"769" 0.266666666666667 -678.6825132758 0.737802526540926 0.266984735471497 345.780892399903
"770" 0.333333333333333 -1657.22036961817 0.575666270781923 0.181468650236707 503.984935691084
"771" 0.333333333333333 -444.369480473168 0.857556795045566 0.400154136242 229.478958085785
"772" 0.333333333333333 -449.368859080092 0.787042161166774 0.31090481730604 296.891841452438
"773" 0.266666666666667 -1809.04722223305 0.534465647356562 0.168176502611067 551.817653149655
"774" 0.266666666666667 -1454.34396568623 0.660422217547616 0.216947862930038 423.238583075772
"775" 0.333333333333333 -564.225926624811 0.799135020394368 0.320927546047519 289.177888141463
"776" 0.266666666666667 -1575.13526856889 0.346144648689312 0.12643505818386 736.298297531044
"777" 0.333333333333333 -1807.9525381056 0.472436504394983 0.150990310211766 607.304356194944
"778" 0.466666666666667 -1015.97235401833 0.50752233622896 0.15982161589493 570.544904499582
"779" 0.4 -1400.02338326393 0.599516096783559 0.190700281521055 482.858003062412
"780" 0.466666666666667 -726.587542956194 0.776156130160722 0.298528659487373 311.432776383744
"781" 0.266666666666667 -1353.76731196032 0.459282585396215 0.14833870203359 613.475239642467
"782" 0.266666666666667 -1234.9282271351 0.650002353799221 0.209118111290728 439.301598740835
"783" 0.466666666666667 -883.223664817916 0.710627386286942 0.246458729684333 373.378372854255
"784" 0.266666666666667 -1462.29370221908 0.53274004075292 0.168321391600011 551.122815531345
"785" 0.333333333333333 -2145.21619020656 0.550678681167207 0.17294805909925 539.505970464097
"786" 0.333333333333333 -1350.9642830981 0.597172464686396 0.189511138525357 484.709738787359
"787" 0.4 -1301.46108281721 0.585057327077231 0.1901472775698 494.42353246907
"788" 0.333333333333333 -2491.22076510249 0.302708713858345 0.117056298301215 774.108664424361
"789" 0.533333333333333 -1405.26510042204 0.703467316717902 0.239314757904001 381.980232317843
"790" 0.466666666666667 -772.789680067106 0.707566656749888 0.245014108350051 377.306064064745
"791" 0.333333333333333 -1256.37764391296 0.683576159459382 0.229693802643484 403.37196281248
"792" 0.4 -1363.84006002173 0.461578327657627 0.150484617643384 613.095624763886
"793" 0.333333333333333 -942.320464644151 0.766735192276842 0.291612861138163 321.234077353706
"794" 0.466666666666667 -844.095690102743 0.697003831420343 0.239958041747387 392.377625474296
"795" 0.266666666666667 -1868.00832967445 0.319005944862549 0.122742964825351 754.762663374748
"796" 0.266666666666667 -1125.79807045201 0.513627500806991 0.164106260255185 564.02077629053
"797" 0.2 -1838.44504015504 0.30713741927203 0.120188692361558 764.770914283192
"798" 0.2 -1403.97871480153 0.46593075209085 0.147649013753384 613.952261916387
"799" 0.333333333333333 -909.291012641464 0.608099961426436 0.195875503064005 470.296785834888
"800" 0.2 -3130.92710365963 0.324004736350063 0.120001451364839 754.70661960999
"801" 0.266666666666667 -1789.04996602856 0.447801139758515 0.146406424757187 635.954259966041
"802" 0.333333333333333 -1244.2663928931 0.443379279555488 0.145467115027449 629.505153192773
"803" 0.333333333333333 -1304.49436200068 0.593475482121283 0.188997435810535 487.14487061867
"804" 0.266666666666667 -3308.3669778114 0.242238661910051 0.109395104512185 831.267642354362
"805" 0.133333333333333 -1464.27468373256 0.559462160436247 0.173535843812551 526.439879137422
"806" 0.333333333333333 -1344.62427341464 0.6107962316506 0.195184688484461 468.37312400711
"807" 0.2 -2461.44883844258 0.311524962584035 0.119367383906034 773.437687241528
"808" 0.4 -881.565638642831 0.58082043855469 0.186633195949386 499.811773385582
"809" 0.4 -474.15330043347 0.802754355332022 0.326034491757555 284.368085314662
"810" 0.4 -1254.14126007512 0.513711587585647 0.163670202851293 568.820961476308
"811" 0.4 -1509.09910072422 0.405294750588467 0.137454103110731 673.153960342558
"812" 0.266666666666667 -1565.2445236027 0.548256619502081 0.173091037574321 534.792349443899
"813" 0.333333333333333 -1657.03185395202 0.557703558016045 0.173971674887553 524.52527684605
"814" 0.266666666666667 -821.993123569104 0.649864575653859 0.213401993651871 429.514482231566
"815" 0.466666666666667 -671.758731867301 0.786848822428549 0.308420652278895 299.402085106997
"816" 0.466666666666667 -760.649762673977 0.621859897557164 0.201777387208147 457.267003090186
"817" 0.2 -1302.06699675987 0.516243349652447 0.161205605120921 562.210224405704
"818" 0.333333333333333 -1341.25067979927 0.62203231426294 0.200185983298095 462.183699140598
"819" 0.266666666666667 -2160.42226375337 0.361858756679629 0.129961754300323 719.583670671098
"820" 0.466666666666667 -630.886394983894 0.744762374173665 0.274338051759778 339.319702325545
"821" 0.333333333333333 -1317.4931008811 0.508933403702564 0.162635389097472 569.169827098027
"822" 0.533333333333333 -890.712720767348 0.704568558768593 0.246011115127087 378.226664765163
"823" 0.266666666666667 -1796.39295119247 0.375915521642919 0.131976487359964 703.907720214019
"824" 0.266666666666667 -1069.61471316616 0.673060427462263 0.226555101639181 409.634365613961
"825" 0.4 -764.370400840052 0.85340230260387 0.393019369529799 235.967975538997
"826" 0.4 -864.195245501619 0.784933532956319 0.305209988129023 303.38134177078
"827" 0.466666666666667 -576.286339140586 0.804051528853015 0.327870965460166 280.861174635862
"828" 0.466666666666667 -583.425483508101 0.800334673944502 0.317763833158277 285.917120454542
"829" 0.333333333333333 -826.203912474285 0.790643135061572 0.308986405338674 297.427092387844
"830" 0.333333333333333 -590.563536709598 0.815245843771035 0.342301824553033 271.833283216338
"831" 0.4 -672.403469074496 0.732723467846086 0.263854631736909 350.546713508388
"832" 0.4 -1070.3288452655 0.776199893820053 0.296410521915952 314.895059901106
"833" 0.333333333333333 -2593.67305243773 0.384694023370296 0.132220001901957 697.312698199996
"834" 0.4 -1154.89058443385 0.5691299858005 0.180594555285724 513.454401831759
"835" 0.4 -776.280075790034 0.657628816501003 0.220277024426865 424.760733570273
"836" 0.333333333333333 -796.427826946287 0.790420552546317 0.313631278845063 298.746633801146
"837" 0.2 -1757.31654797266 0.234926277904217 0.109508035010815 841.631266192647
"838" 0.333333333333333 -1863.24916278249 0.37773060012566 0.132369521356171 698.307156157712
"839" 0.4 -1177.82105446507 0.61524866602295 0.198984012402333 468.150245877099
"840" 0.2 -3055.95398181619 0.191978410629281 0.104610722553904 877.055133496164
"841" 0.466666666666667 -663.052235221532 0.80843546221816 0.338472762868598 282.010862959849
"842" 0.333333333333333 -1404.58842455304 0.603926559424014 0.190025114956811 476.733233261704
"843" 0.333333333333333 -1046.50352603667 0.669325887672556 0.226107323125967 416.306806673026
"844" 0.333333333333333 -883.913483392356 0.798751933401999 0.320347852322103 290.330670298515
"845" 0.4 -1029.73477725026 0.73658305356483 0.259684873246061 349.157876264874
"846" 0.2 -1569.9308161178 0.520556376791088 0.162865470952688 556.795579441881
"847" 0.4 -1971.03883280919 0.361948382679215 0.130170541455168 712.07507128143
"848" 0.133333333333333 -1768.62582873713 0.201331442657455 0.104623029789839 870.944508636018
"849" 0.333333333333333 -1588.38914570279 0.591460018246606 0.185707411366901 492.33922163713
"850" 0.4 -3074.77574419671 0.454962282009195 0.146385953746766 631.296170559653
"851" 0.266666666666667 -968.346059847781 0.77405250672035 0.293518560633827 314.225947055228
"852" 0.266666666666667 -1521.91762515206 0.476125291327353 0.150979257223491 604.014157931777
"853" 0.266666666666667 -728.142381740004 0.651395715034214 0.214771132880372 430.34406567374
"854" 0.333333333333333 -1670.52322445838 0.542257026884372 0.173945223889548 546.212843560024
"855" 0.4 -1434.87138150303 0.56220184223576 0.17876728945832 517.702590023589
"856" 0.4 -865.229849010528 0.687395370882518 0.234148585335381 393.128745180999
"857" 0.4 -1112.6173903213 0.445203950583181 0.148533688790726 626.847414251996
"858" 0.466666666666667 -1249.84064640591 0.63843401769385 0.207949661741362 445.67340469433
"859" 0.4 -1497.40511638593 0.668566946525889 0.220906315633905 417.418587059255
"860" 0.4 -652.964198947637 0.776356720590895 0.299554229548146 311.708592591635
"861" 0.266666666666667 -1477.6715908484 0.422134419273716 0.139345221636357 659.460738355275
"862" 0.333333333333333 -1384.70571332255 0.601762011892725 0.190277352784952 480.653232927816
"863" 0.333333333333333 -885.247978926666 0.751979970926219 0.277350830987826 333.929104771975
"864" 0.333333333333333 -1464.8490653265 0.59844426605311 0.189481386995712 478.561799168396
"865" 0.4 -751.255136239142 0.577125271214628 0.184112529453839 500.688313490937
"866" 0.333333333333333 -2175.944979381 0.334944231131723 0.121605306230797 748.628093190989
"867" 0.266666666666667 -1206.04656610995 0.626393853584363 0.200781214729488 457.243041128546
"868" 0.4 -1641.30000413362 0.549690915436507 0.169941333926598 534.044464324072
"869" 0.266666666666667 -1813.38137966881 0.415599036235225 0.140369447060639 661.816035878232
"870" 0.2 -1932.14320149599 0.314298014708353 0.122712990731639 761.388623756857
"871" 0.466666666666667 -750.738293672384 0.708623303815969 0.248601883750499 375.658600782247
"872" 0.333333333333333 -1651.14291103299 0.379405128811499 0.134501551298339 694.065957943746
"873" 0.466666666666667 -508.175000425619 0.82123361900251 0.355905759955036 269.069476414132
"874" 0.4 -1155.0414491093 0.62743417659805 0.201873817637464 454.644689188665
"875" 0.333333333333333 -1320.00133767565 0.605294250976026 0.195366900753236 477.244273003889
"876" 0.4 -1085.68540784503 0.514156397578466 0.164228032681287 557.970328744647
"877" 0.266666666666667 -1461.03780937205 0.631494710905644 0.20193687130428 451.32686399979
"878" 0.333333333333333 -1272.32147738196 0.420215241214502 0.139961022394975 658.293797195612
"879" 0.533333333333333 -1067.8599156286 0.68101263119527 0.230351162282752 404.484060350726
"880" 0.266666666666667 -1241.65801946382 0.577614982476157 0.18233845574312 506.424215276737
"881" 0.333333333333333 -1288.26712806057 0.558227179225138 0.17888508144733 518.540705155856
"882" 0.333333333333333 -979.781379764632 0.559286852849627 0.175273871297524 518.423306419209
"883" 0.333333333333333 -1209.05688708594 0.489972176319811 0.157223897080573 589.251194959564
"884" 0.333333333333333 -1601.4194326177 0.618538635673856 0.199264317048086 463.097379500484
"885" 0.2 -812.799829012409 0.644406626009605 0.2123231938931 436.863919641585
"886" 0.133333333333333 -2479.76098924358 0.203538377709848 0.105283039651038 869.259595806752
"887" 0.333333333333333 -1758.71393382982 0.5849635624429 0.184231293296364 500.745547245836
"888" 0.333333333333333 -953.271306676825 0.609427443156148 0.196286445079015 474.92965928701
"889" 0.333333333333333 -1379.90249324056 0.553552115253535 0.172041689907148 530.179436950274
"890" 0.266666666666667 -654.769203566185 0.831556823082459 0.363103385261325 257.790971999161
"891" 0.266666666666667 -1927.7181780042 0.498107676512426 0.15812748990637 584.586634292991
"892" 0.333333333333333 -644.337843944577 0.756739423026314 0.281970034596513 326.395863163508
"893" 0.266666666666667 -942.643433068563 0.650300512044725 0.215851062442689 431.186123841358
"894" 0.266666666666667 -803.339028115667 0.729866865421857 0.256872928864216 355.567435514682
"895" 0.266666666666667 -1552.75294213147 0.354732644936988 0.126553219734677 715.646998008005
"896" 0.266666666666667 -1203.52272398532 0.580212361703456 0.184402937269559 500.159648466171
"897" 0.466666666666667 -1176.58334332467 0.585504989637313 0.187879959909425 496.580596138367
"898" 0.333333333333333 -420.391873279141 0.837273109834905 0.369657417872546 250.735524372337
"899" 0.2 -1307.82174257195 0.667403223214867 0.219613173857645 415.824563844972
"900" 0.266666666666667 -2315.00330306415 0.392152845275733 0.133522480044473 689.934158163627
"901" 0.4 -909.987710545744 0.840641440458619 0.367488109055704 249.542151353664
"902" 0.333333333333333 -1223.24531738249 0.546582976389515 0.173171481508837 533.298473484367
"903" 0.333333333333333 -2151.08126997495 0.382573868198603 0.135007027383785 692.839668231266
"904" 0.266666666666667 -876.989331159996 0.694556857353139 0.235583879526599 389.77292782356
"905" 0.333333333333333 -898.546338043529 0.68055082155949 0.231383362698173 404.760096985938
"906" 0.333333333333333 -1392.27307314975 0.50794124337498 0.162728857111435 571.109925957513
"907" 0.266666666666667 -2130.9416160987 0.269359031129959 0.114257554143787 796.90263392182
"908" 0.133333333333333 -2718.73800894675 0.151810474174781 0.0998904197236584 922.18006023094
"909" 0.333333333333333 -1316.61562228815 0.539579115498049 0.170713625127401 541.346135796506
"910" 0.333333333333333 -870.72874182316 0.760157922110032 0.281619210460063 323.605719112961
"911" 0.333333333333333 -1121.43738905067 0.674846680132135 0.226677733752717 410.211988259994
"912" 0.4 -1738.35167648812 0.521861593968227 0.165768392357622 555.864280673081
"913" 0.466666666666667 -785.955058544191 0.744931639450855 0.268394128991759 338.502859347041
"914" 0.333333333333333 -1603.61568836942 0.420415144484368 0.140616316831125 654.248907744677
"915" 0.266666666666667 -798.784880426603 0.759749620691205 0.280065340550516 324.368557986456
"916" 0.333333333333333 -1140.53613229009 0.668843833163398 0.222290281785223 418.653320990796
"917" 0.2 -957.780092792884 0.785875830294876 0.30938338052418 302.417410216026
"918" 0.4 -741.081858864986 0.844223116879842 0.376889419866902 245.268480205126
"919" 0.333333333333333 -2937.09918744904 0.387839905873787 0.134548113781835 698.889761560275
"920" 0.266666666666667 -1464.33921546289 0.254404277039966 0.113193536409198 813.027970709759
"921" 0.466666666666667 -1278.6694702263 0.518041196902081 0.163606919287732 560.788723810245
"922" 0.266666666666667 -2154.61721511504 0.534663276552092 0.168650648331645 548.428597257982
"923" 0.266666666666667 -1625.51306440352 0.541438879142383 0.17246381517346 543.207782741189
"924" 0.333333333333333 -1134.65989373212 0.528005497715944 0.168465132114543 545.892020882524
"925" 0.266666666666667 -1009.36408681109 0.70016329411705 0.240358210330522 387.375501563134
"926" 0.466666666666667 -992.848906497724 0.688166674773671 0.2330762657055 394.110026622661
"927" 0.2 -2152.87902588534 0.323158387968849 0.124822297794078 743.16411872724
"928" 0.333333333333333 -1260.35732089783 0.493754305617097 0.15800364251595 580.957383204582
"929" 0.266666666666667 -1007.89807690943 0.766801059736201 0.288477967471875 323.398283510643
"930" 0.466666666666667 -1174.08607531046 0.563041805047355 0.181895250572626 518.882804971903
"931" 0.466666666666667 -1157.15090893563 0.635920129904493 0.207809291699737 449.552362686149
"932" 0.266666666666667 -1636.206334016 0.439544853687807 0.144186955490225 635.156751263307
"933" 0.266666666666667 -1616.55544276196 0.436926663670103 0.143857561839697 640.444140937028
"934" 0.333333333333333 -934.428272509567 0.751616819549611 0.276109175912023 333.856127765016
"935" 0.4 -1308.05694631429 0.506414513984384 0.161511763756241 570.871584360127
"936" 0.333333333333333 -1910.85964252842 0.54705065210639 0.173395230704125 538.807543898818
"937" 0.4 -1669.55058241442 0.680342118752683 0.22958120651865 408.805692181615
"938" 0.0666666666666667 -2415.03195873096 0.0912674053120702 0.0961516052874751 973.531897641972
"939" 0.333333333333333 -1170.39619194216 0.586359532900732 0.186114815093594 494.893731573694
"940" 0.4 -1177.95993105705 0.509480097954417 0.160534191019181 565.462774384739
"941" 0.333333333333333 -1261.52458405548 0.425300757815878 0.140678706067039 652.31220095406
"942" 0.4 -813.693383713673 0.780716847735709 0.297071941478726 306.493368151975
"943" 0.4 -935.935041547235 0.721483935134663 0.25484671983516 365.659472050369
"944" 0.266666666666667 -2059.69998246538 0.392899128998918 0.135457733677673 684.808907375515
"945" 0.4 -1132.96288771848 0.610870391242892 0.193034312232491 471.203597082449
"946" 0.466666666666667 -1752.32850142656 0.609781104217543 0.194785023458218 478.210366134262
"947" 0.333333333333333 -1153.71044220043 0.694476557550773 0.242237284423768 389.668322638618
"948" 0.333333333333333 -888.109764228616 0.67716386885862 0.227694755414526 406.284739764693
"949" 0.333333333333333 -1213.80280856828 0.539908249332067 0.170446298948246 537.868831511973
"950" 0.266666666666667 -1051.62242105735 0.588062780659056 0.188149187153274 489.591460031387
"951" 0.266666666666667 -1992.04293218406 0.370771088136917 0.130961729541846 714.579065857865
"952" 0.266666666666667 -1324.80217768594 0.531284277032467 0.168937320976127 550.788214892605
"953" 0.2 -613.905735909704 0.755746047102756 0.284093816801506 330.590325844434
"954" 0.466666666666667 -1187.66141202266 0.561446591305098 0.175598521307217 518.612446653955
"955" 0.466666666666667 -962.180250987739 0.756511609777174 0.282690501570115 332.281448343133
"956" 0.333333333333333 -1701.14503498831 0.540678427540135 0.168038123965627 543.001536520743
"957" 0.333333333333333 -1325.8348867031 0.514777903982391 0.164001196650286 559.70995803233
"958" 0.2 -2424.28308818993 0.33017170359682 0.123340611442426 752.055385755601
"959" 0.133333333333333 -1685.72582907221 0.32448827292137 0.124332692933842 741.678628346242
"960" 0.266666666666667 -1848.86238319697 0.373443293616272 0.133276984932859 704.054229531959
"961" 0.266666666666667 -1672.97655029485 0.45336095052248 0.149326077412799 623.27945885746
"962" 0.333333333333333 -1296.4511605538 0.606653491539526 0.193385400236315 475.744248194813
"963" 0.266666666666667 -1124.29433308823 0.590511827079102 0.188521226821426 492.364026280425
"964" 0.2 -2742.93614547183 0.245964104451783 0.110793537395675 837.535304608859
"965" 0.333333333333333 -984.270070972438 0.48631332615196 0.15443713595877 588.004520082932
"966" 0.4 -1675.7154228551 0.582231630666266 0.182398328561554 504.433733076027
"967" 0.333333333333333 -890.245045280425 0.731457599499717 0.263610691222209 355.27759086258
"968" 0.466666666666667 -1094.74233801722 0.748300495381173 0.271469032868029 340.004275183773
"969" 0.333333333333333 -1724.81226000318 0.486628289596083 0.152564085578763 596.766603282124
"970" 0.266666666666667 -3701.83286442796 0.294108465670799 0.116094719694968 785.020377924817
"971" 0.4 -1512.88933682058 0.604139543220981 0.194454049092161 479.156159687855
"972" 0.533333333333333 -899.566474386186 0.730427046879617 0.258453727635213 357.405408790633
"973" 0.266666666666667 -2282.74411265492 0.315735952416724 0.12075435179156 761.147820415885
"974" 0.2 -1296.55706608898 0.479826003050392 0.155316808083697 598.4491057277
"975" 0.333333333333333 -1703.16221518592 0.508517501375076 0.15999082967211 572.065581708758
"976" 0.333333333333333 -1155.90871542535 0.721086356786202 0.254713278079905 367.326007828144
"977" 0.333333333333333 -2282.2417551841 0.372664318979682 0.130615326540832 707.597166287759
"978" 0.333333333333333 -990.986088272821 0.653227938242391 0.2139003633201 431.821234867629
"979" 0.4 -833.236830952508 0.763501205771817 0.286737156404747 321.649952410133
"980" 0.266666666666667 -1313.1021299115 0.419872355437688 0.140316794401653 653.501242085597
"981" 0.333333333333333 -890.065952005336 0.819874876128705 0.343662152629362 270.990016533534
"982" 0.4 -599.837120799874 0.792336823796149 0.313976571522516 294.373171093331
"983" 0.333333333333333 -798.636389735438 0.663352250830966 0.220923265013446 418.607293814558
"984" 0.4 -744.998934792599 0.688290585030133 0.231305013729164 395.425606438387
"985" 0.333333333333333 -1280.88862323847 0.555260513945013 0.176842490779302 525.647397164919
"986" 0.333333333333333 -1100.37122205299 0.583166556495584 0.183497379305217 497.112860195986
"987" 0.4 -858.791128024234 0.607636306136062 0.192085738583248 474.828379448345
"988" 0.333333333333333 -1396.63594594441 0.539182774075775 0.171784894978495 540.738649654842
"989" 0.4 -1798.50900757749 0.59877998355638 0.186788953383703 487.860961029958
"990" 0.333333333333333 -1217.01621745383 0.389903945696569 0.13358946671664 682.22051216949
"991" 0.333333333333333 -922.310601786772 0.654880748889068 0.215613828573364 426.969246258677
"992" 0.266666666666667 -948.498017013449 0.550990146366132 0.176463597333467 525.493203343293
"993" 0.333333333333333 -1035.21411428134 0.61498593446549 0.199769140566637 464.182613054486
"994" 0.333333333333333 -1244.55953213133 0.455890938856706 0.148292300082296 621.708879439756
"995" 0.4 -844.670326283464 0.670225044275792 0.222582829370139 410.304711672904
"996" 0.2 -1380.59208961729 0.408222977870016 0.136250242352272 670.112050209918
"997" 0.266666666666667 -1799.36693551067 0.487528762669984 0.155027317035591 593.046259126658
"998" 0.266666666666667 -1401.22327681006 0.653594436501901 0.210157800074616 434.517368199907
"999" 0.333333333333333 -1087.4017022206 0.382274100857254 0.132678073706334 689.514425830389
"1000" 0.333333333333333 -1108.40129246144 0.603217328696368 0.193756228441852 481.878366680671
