"SCI" "RCI" "GER" "MSM*" "MIG"
"1" 0.0833333333333333 -2986.92566253842 0.170984653821242 0.163628416882433 548.504947441558
"2" 0.166666666666667 -1842.52068584063 0.261233988876344 0.183697882070386 504.005151097407
"3" 0.416666666666667 -2462.41368845309 0.504515003593259 0.244954000116408 370.379299665387
"4" 0.416666666666667 -1177.40554107648 0.447002148574738 0.226289421292516 398.75904487743
"5" 0.0833333333333333 -2571.96687173664 0.0929020210946203 0.153456944870334 594.225561839412
"6" 0.25 -2540.38250578198 0.322459798414192 0.19348565716049 464.910656577922
"7" 0.5 -1475.55399529035 0.633359257641774 0.302236392831474 296.24447741787
"8" 0.25 -1598.74326448088 0.369002292098549 0.202272758738761 442.072473703362
"9" 0.5 -980.555708282804 0.530197411708563 0.259786359692667 347.096226648835
"10" 0.416666666666667 -1798.45410826273 0.41603366720677 0.220473177646884 414.417968352935
"11" 0.25 -2227.59546963989 0.25250410969564 0.175820814890782 500.376067322656
"12" 0.333333333333333 -1840.70312837069 0.329269513373377 0.189496060263823 462.909731241078
"13" 0.25 -1755.51140916886 0.393611522772029 0.210331274445426 429.300223102979
"14" 0.25 -2221.9651521717 0.286037991757471 0.186905472814072 484.21881014599
"15" 0.25 -1605.91159171134 0.315214824874413 0.193865643304242 472.345612176485
"16" 0.25 -1877.06784097931 0.429467008637433 0.2223671424942 408.584352221661
"17" 0.25 -1818.38504475801 0.351547050449346 0.200313816056455 450.646318011386
"18" 0.416666666666667 -1623.22908246284 0.426316899617181 0.217499686916647 409.069042753568
"19" 0.25 -1683.68886970258 0.204038533537406 0.169431057089123 528.215910859052
"20" 0.25 -1369.58781768567 0.420606030660339 0.214535580709995 406.928772695947
"21" 0.25 -2916.08384597286 0.217586338526013 0.166122465609221 528.542991577627
"22" 0.25 -2015.34710709929 0.521111913637187 0.251971908960054 352.686013344016
"23" 0.5 -1507.39212132721 0.524321711531645 0.252881055973933 356.923995209495
"24" 0.25 -1835.44023112595 0.363965647826314 0.207634844231011 452.202614342784
"25" 0.25 -1120.8202264864 0.514398726724284 0.249324073112655 360.587117065783
"26" 0.333333333333333 -944.816002248309 0.468675346235952 0.230469398863181 381.871149421809
"27" 0.25 -1865.37196963349 0.324378137269028 0.196099626557556 467.810515373687
"28" 0.166666666666667 -1931.49367067883 0.274656685875023 0.180569894374672 497.421089687296
"29" 0.333333333333333 -2747.04508946617 0.342386104486326 0.203607423001642 464.055897754712
"30" 0.25 -1401.34495078509 0.325785950008944 0.191207453948497 462.132158377438
"31" 0.333333333333333 -2013.14096033018 0.513607275835736 0.244754992390775 361.218200443545
"32" 0.333333333333333 -1537.60348985303 0.306460554185787 0.188892658819221 474.170202765758
"33" 0.333333333333333 -1620.52512336741 0.43061853195191 0.216814748733055 405.922128245877
"34" 0.416666666666667 -1052.01140196912 0.533228637456821 0.260714581557118 349.922480448906
"35" 0.333333333333333 -1008.17117231715 0.54537199752723 0.25849107230139 336.599338848235
"36" 0.333333333333333 -1279.33573354408 0.377672386669433 0.20593269613465 435.215342242939
"37" 0.0833333333333333 -1868.59355265653 0.118658518539941 0.15747896886867 573.998119203868
"38" 0.333333333333333 -1601.53220088823 0.427499103135146 0.226457410392026 405.036263300818
"39" 0.333333333333333 -1845.44223843004 0.384273298464835 0.207875165892589 433.829653095156
"40" 0.333333333333333 -1422.43261645058 0.521762197210045 0.249127933413288 353.696934703393
"41" 0.333333333333333 -1249.71763327799 0.453648248866874 0.229061185821588 396.018734883983
"42" 0.25 -1486.9659040932 0.444045943657228 0.225209060696728 398.848107688518
"43" 0.25 -1557.56744660733 0.339094580204316 0.197341777218813 456.980652481138
"44" 0.333333333333333 -1780.89717636589 0.328608098156251 0.195250281351417 464.930355628303
"45" 0.0833333333333333 -2390.98035124282 0.172263964371556 0.163406135104257 556.655420250066
"46" 0.333333333333333 -1797.15575652978 0.383537733078286 0.205362600630706 431.477286613735
"47" 0.166666666666667 -2738.90545958474 0.17771068994336 0.165797143836631 550.928408534543
"48" 0.166666666666667 -1824.64825729016 0.151631257380883 0.155874780772938 560.763590290991
"49" 0.25 -1551.22527263965 0.373879847750121 0.205017281597367 434.851503404274
"50" 0.333333333333333 -1989.94201687614 0.237329918583225 0.183772244956998 510.90436696324
"51" 0.166666666666667 -2037.00006543921 0.175121254840875 0.163307542119684 548.266474697653
"52" 0.333333333333333 -1608.27636894322 0.223393097580468 0.170020277574938 523.089068503366
"53" 0.166666666666667 -1735.3599520591 0.231251077303724 0.172823476426135 516.856965435892
"54" 0.25 -1561.09384989569 0.407265908003236 0.209544580656386 422.607238100823
"55" 0.166666666666667 -1866.94327659132 0.199164507552718 0.16558474926962 536.007958156634
"56" 0.5 -806.436939129709 0.652893749104951 0.320784458604189 283.375876460648
"57" 0.25 -1643.85535684778 0.436937127137819 0.224730387363561 405.738227089914
"58" 0.333333333333333 -1411.8106472548 0.426628425218339 0.226608630531583 409.043518177047
"59" 0.25 -2406.44752304913 0.22016055750355 0.172746337872205 525.415256216172
"60" 0.25 -1622.61067915905 0.309439979824083 0.191128734741689 480.797583726579
"61" 0.333333333333333 -2076.44741287666 0.397645512754534 0.210886972098595 432.6659090559
"62" 0.25 -1229.3018291833 0.392218408812963 0.213620132580704 431.453510569695
"63" 0.333333333333333 -1294.73016282819 0.363852129040009 0.203990509393668 438.546325757629
"64" 0.166666666666667 -2263.67647514537 0.135994360389045 0.158476088777675 570.20781443967
"65" 0.333333333333333 -2099.98485009854 0.440624708492864 0.224645117337321 409.511408401062
"66" 0.166666666666667 -2549.46735470392 0.327798958556725 0.196030926908266 468.500486499956
"67" 0.333333333333333 -3377.70588903373 0.407140441930145 0.21329089708584 427.102495033951
"68" 0.416666666666667 -1284.36569380797 0.513629641110121 0.251461818220229 361.312903828581
"69" 0.166666666666667 -1889.71835256051 0.239425371546492 0.177681130332167 516.366693113551
"70" 0.25 -2481.12531651525 0.314159520323301 0.195933484079155 475.488131172417
"71" 0.25 -1752.20455152687 0.221483975903729 0.173865243540222 522.538758782027
"72" 0.0833333333333333 -2764.57047801209 0.198869541966564 0.172792551883823 538.522104407698
"73" 0.0833333333333333 -1535.01391606289 0.145393741212963 0.156312047844012 564.177976594716
"74" 0.333333333333333 -2291.99170030233 0.383254173484886 0.208237595379193 438.894159796902
"75" 0.166666666666667 -1538.11679722857 0.380758488358994 0.210902638406515 433.354001729973
"76" 0.25 -1349.11155831762 0.402911655073534 0.217085979866894 420.191335569695
"77" 0.166666666666667 -1285.24252619721 0.411301504729297 0.216987780373038 413.951305107826
"78" 0.25 -1926.89450366834 0.375581032239185 0.206825324672107 439.550626869381
"79" 0.0833333333333333 -2009.52080248054 0.153227828255955 0.157945347409401 556.788284089908
"80" 0.166666666666667 -1592.93190611534 0.487045877041447 0.239686959403581 376.341070885449
"81" 0.0833333333333333 -2623.13689330832 0.145847563943201 0.162585392111304 566.123521486076
"82" 0.25 -1917.75331366216 0.303748536638314 0.183885098394857 478.383533860338
"83" 0.166666666666667 -2092.68595219037 0.177141077055275 0.16515949488949 554.230937479695
"84" 0.333333333333333 -1877.36722856388 0.369248280606201 0.207147846843482 446.845588125601
"85" 0.25 -1524.46519497085 0.449025381601653 0.223881067889756 398.664006044981
"86" 0.166666666666667 -2136.20764576051 0.288834538164965 0.183630141054758 488.730298516562
"87" 0.25 -1564.11124799628 0.37405338278598 0.20735925245663 441.67381381806
"88" 0.166666666666667 -2311.65693772405 0.197793546658341 0.169154507736082 527.441482858942
"89" 0.166666666666667 -1980.45516053053 0.272031473791169 0.178184904560691 500.449504853748
"90" 0.166666666666667 -2245.80605880103 0.205987399662881 0.166527704533519 536.438539413763
"91" 0.25 -1524.64669313317 0.347858246669632 0.203169373122212 449.230978887323
"92" 0.25 -1787.45902881672 0.287368820963686 0.187867570787706 486.954122033133
"93" 0.166666666666667 -2465.1210756955 0.115108077869991 0.157025107688122 580.905101168081
"94" 0.333333333333333 -1943.15371336336 0.394561937508456 0.214525129222918 426.175264738705
"95" 0.333333333333333 -1707.42360606819 0.495631064481043 0.24577747407342 371.158568955446
"96" 0.25 -2387.09372732693 0.289468243081777 0.185941459820922 488.291772553241
"97" 0.166666666666667 -1331.04393948154 0.301089964385457 0.186580458837459 476.669286304386
"98" 0.333333333333333 -2462.4208269579 0.421415508126049 0.214569604022664 410.10034076897
"99" 0.333333333333333 -889.511019650659 0.632774926635928 0.305683537262614 294.554221026269
"100" 0.25 -1616.54894894511 0.416537331794152 0.219860969464563 413.805402841235
"101" 0.416666666666667 -1028.48916356212 0.651838720328605 0.31691379786131 282.805252607954
"102" 0.25 -1466.31526447306 0.226317888390764 0.174395547096266 516.54028910799
"103" 0.0833333333333333 -2558.85299345245 0.188188427133395 0.172344725207685 551.835980011423
"104" 0.416666666666667 -1661.55672222174 0.333358192027087 0.191249058068801 465.744718949348
"105" 0.333333333333333 -999.31803819992 0.483361336156871 0.236573622906979 373.296239484425
"106" 0.25 -2059.69938375409 0.375711323645505 0.202870944928848 434.956922898647
"107" 0.25 -1579.7868921337 0.413925571149033 0.216411533439194 414.707729510735
"108" 0.166666666666667 -1722.79268062495 0.267573286207804 0.17798063807917 500.08434507804
"109" 0.416666666666667 -1696.01684195857 0.341431582237681 0.199812581556276 453.591376758516
"110" 0.416666666666667 -1484.09081742917 0.35270122420676 0.200352896675292 450.240600223036
"111" 0.333333333333333 -1773.46766576367 0.427243149733169 0.224153337738776 412.076985683786
"112" 0.166666666666667 -1666.09569759995 0.238507883770258 0.178565421134314 511.243275852245
"113" 0.166666666666667 -1828.93603791759 0.23002254574133 0.171626530580365 517.184028377899
"114" 0.416666666666667 -1628.12777749688 0.593535579287058 0.284873952672872 319.284997838773
"115" 0.333333333333333 -1881.82101600623 0.418365789491568 0.215596878402002 413.072704265593
"116" 0.166666666666667 -1509.70730014403 0.26925158852327 0.186086471643271 501.96754026619
"117" 0.25 -1360.606402868 0.367512260369884 0.204023095327847 435.785467723785
"118" 0.25 -1587.38013783414 0.41631030926557 0.210462752715694 417.740423413734
"119" 0.25 -1718.4915614452 0.384569259714823 0.210503954388214 428.345813167952
"120" 0.333333333333333 -612.674630319195 0.738449825522773 0.384284979382421 234.897533607576
"121" 0.416666666666667 -1448.62312084547 0.500957418899475 0.252229489287568 363.138211504165
"122" 0.416666666666667 -923.392327424888 0.574842630663511 0.27642119702434 324.611907538881
"123" 0.25 -1532.45490596144 0.434135356201355 0.220932177230826 406.76618169345
"124" 0.333333333333333 -1986.4727114436 0.352659377398143 0.197405064446699 454.187485509869
"125" 0.416666666666667 -1283.17570798339 0.435818005015024 0.229038078439193 401.349395073187
"126" 0.333333333333333 -888.833611608917 0.590403259693098 0.277663710472252 316.832044226728
"127" 0.25 -2696.25233711089 0.308072669106826 0.190126489555408 472.351013101516
"128" 0.25 -1643.04202357189 0.381450934006928 0.210208015364093 430.547478692739
"129" 0.25 -2158.20055571737 0.435661953780747 0.221256661040778 406.868629994337
"130" 0.166666666666667 -1671.72326810957 0.187687408308457 0.165229335780687 539.269060145065
"131" 0.333333333333333 -1363.55413048025 0.531802620498926 0.26080121852746 353.570194672467
"132" 0.166666666666667 -2257.86188105362 0.215450922755815 0.180055013514654 525.886208384871
"133" 0.166666666666667 -1721.96175661022 0.284385049902386 0.182641772888273 486.010919081923
"134" 0.25 -1737.450535048 0.436380512087961 0.222577940327651 404.270728013583
"135" 0.333333333333333 -1653.54089191561 0.389572806078611 0.206990188280065 426.864883944776
"136" 0.25 -1262.03027104979 0.314279383835786 0.189018814123328 468.178953570994
"137" 0.166666666666667 -1433.81297505987 0.3105016771413 0.190002662399392 467.633068808667
"138" 0.25 -1469.35579590218 0.423999489174329 0.217259640658516 413.599120460444
"139" 0.333333333333333 -1903.00315416793 0.262013903192794 0.182654448236301 499.258757252691
"140" 0.166666666666667 -2490.88807889022 0.181485362658044 0.162297060673011 541.250820248895
"141" 0.25 -1388.27359771102 0.428932859222908 0.226894993111258 406.173792594227
"142" 0.166666666666667 -2381.96012092091 0.367602876061694 0.205660786524266 443.42289381606
"143" 0.416666666666667 -1725.53757596345 0.391039201181177 0.216296950889769 430.685559386397
"144" 0.333333333333333 -1372.42026035375 0.322587828126737 0.196667815486383 465.069353440288
"145" 0.25 -1897.22844688215 0.335211987825174 0.196976072648127 460.099681101241
"146" 0.5 -1253.62542550214 0.497607420178403 0.246216043292654 366.176362302206
"147" 0.166666666666667 -2135.38167359804 0.232276629811873 0.173746363238051 522.77879985641
"148" 0.166666666666667 -1590.14533341868 0.185321545092342 0.162827358087814 540.939620690695
"149" 0.5 -2437.0192836181 0.414614480650109 0.217401206350165 421.388612214453
"150" 0.25 -1482.25899492926 0.324828550816032 0.196308809482404 464.743528898212
"151" 0.333333333333333 -1750.64805460601 0.491164381118557 0.244366068418607 375.441073069566
"152" 0.25 -1689.21408986744 0.171208576353587 0.161986762288466 553.598975459682
"153" 0.333333333333333 -1383.0489016368 0.322866273319873 0.190894341303526 463.011306586429
"154" 0.416666666666667 -1474.7174167181 0.527316472518249 0.253723854268356 354.579158169949
"155" 0.25 -1794.54149290344 0.338556955898713 0.201297945237425 458.357148823109
"156" 0.333333333333333 -1432.92830055818 0.390667696019526 0.213886202104843 435.20458666953
"157" 0.25 -2241.90280607245 0.27931299698587 0.186657933998787 494.79770345961
"158" 0.25 -1850.39738381351 0.360057474124744 0.20338733474202 448.27562905943
"159" 0.333333333333333 -1188.6500309527 0.382121248233197 0.206596473570828 435.881497457179
"160" 0.166666666666667 -2178.24714547069 0.242356014321815 0.174890379766887 516.386100479772
"161" 0.166666666666667 -1773.89041593954 0.263981810513109 0.183342288992441 503.063454945875
"162" 0.166666666666667 -2410.7897186973 0.169953303039577 0.161373838833167 555.911065252803
"163" 0.25 -1430.09486173043 0.244375024513948 0.17893737569971 503.8169375961
"164" 0 -2108.82568339783 0.0155859227271971 0.142663054221693 633.924971928436
"165" 0.25 -1465.15835621664 0.382461185182096 0.206748860298723 434.805554997236
"166" 0.25 -2094.65120194219 0.24575475212067 0.177531831989228 506.481061140506
"167" 0.333333333333333 -1041.80948334259 0.436154912897758 0.22039066862129 401.466207142649
"168" 0.0833333333333333 -2669.59044564907 0.0692860359335123 0.148111384587319 607.009211206059
"169" 0.25 -1742.26626969569 0.253111600149701 0.176660203285675 503.572650412452
"170" 0.333333333333333 -1411.54843267843 0.47271806515355 0.232147662528915 383.13630182202
"171" 0.333333333333333 -2010.24498426056 0.422455537297286 0.222726209894202 413.09773219455
"172" 0.25 -1670.00627976822 0.488593505559184 0.234845889778595 372.558151295972
"173" 0.333333333333333 -1534.44996723375 0.385226723590221 0.20787177949808 434.27891782545
"174" 0.25 -2432.27321810884 0.325786791052892 0.192287915588411 471.402976083397
"175" 0.333333333333333 -1571.66271735954 0.40672185765484 0.220460859346814 418.440848036394
"176" 0.333333333333333 -1354.49361980319 0.439055922211417 0.228440625994813 399.978367300234
"177" 0.333333333333333 -1378.1730838572 0.453274813867123 0.230156642693439 395.470343148953
"178" 0.0833333333333333 -2000.61624356404 0.306834093908578 0.188467709279405 471.788771786534
"179" 0.166666666666667 -1756.91553433023 0.240434470632907 0.17862224658933 509.972426119307
"180" 0.25 -1836.30921106778 0.38715857996556 0.20633397261704 429.232973358801
"181" 0.333333333333333 -1161.79491088551 0.529316519884378 0.263661661941411 351.608585079694
"182" 0.25 -1524.05442146645 0.426965202086433 0.223447231071389 412.82224666588
"183" 0.25 -2381.55878884058 0.222226761795891 0.178685837483718 525.011936591447
"184" 0.416666666666667 -1821.71895890283 0.420970530258647 0.216656498549676 414.549154657363
"185" 0.416666666666667 -1426.81940577664 0.416497605283976 0.215607209542583 411.892882534908
"186" 0.333333333333333 -2558.03838857265 0.275516258113365 0.181455378801847 493.070169101269
"187" 0.333333333333333 -1479.54946413818 0.43225011215054 0.219261447799223 403.929524923428
"188" 0.25 -1553.38230233678 0.318060291972744 0.195168686545982 466.828547392055
"189" 0.25 -1967.16065929036 0.315788705071454 0.196622076487417 476.56159457244
"190" 0.25 -1762.10182500664 0.499474005920975 0.248925801991206 373.306355923682
"191" 0.166666666666667 -2140.96313197643 0.316135016206408 0.194814433690595 469.049345842982
"192" 0.166666666666667 -3253.71784943463 0.106338119036352 0.153890591859018 590.498310948745
"193" 0.25 -2056.57613880701 0.318009680492834 0.191014426291889 469.318665808833
"194" 0.166666666666667 -1879.22489084838 0.224783037428153 0.174119173232738 520.956651120773
"195" 0.333333333333333 -2037.11852303222 0.358472154565901 0.202780331498339 452.911170863276
"196" 0.25 -919.261715439947 0.575525282090752 0.279322059174461 324.514552776339
"197" 0.333333333333333 -1161.47820324508 0.46067963606317 0.233594558230039 385.777419489878
"198" 0.166666666666667 -2577.83554878145 0.235273277442442 0.179057294830237 513.948768357916
"199" 0.25 -2005.50928724181 0.304729874742975 0.192219146636115 476.471885666787
"200" 0.333333333333333 -1328.00341744866 0.443541679690695 0.226320231714426 394.176159610325
"201" 0.0833333333333333 -3329.55796848236 0.159204096396573 0.162109589743203 559.641687278084
"202" 0.333333333333333 -1964.05731752726 0.286191750659287 0.184927351419929 495.111504329674
"203" 0.416666666666667 -1133.5991337158 0.460649738857615 0.232082093319215 390.681959970598
"204" 0.333333333333333 -2526.80534292352 0.379829012852172 0.212015723524921 441.540750394701
"205" 0.333333333333333 -2203.64097829154 0.530321527397989 0.256883538896159 349.696921575291
"206" 0.166666666666667 -1646.86997974214 0.250659338142343 0.17768254267628 511.806769477706
"207" 0.416666666666667 -1876.57759139023 0.497427427615961 0.241669924830037 375.367951943541
"208" 0.166666666666667 -2719.80806722945 0.23415207407884 0.17998672694265 511.780827502231
"209" 0.416666666666667 -1381.00841765071 0.49586501000104 0.244289329703101 369.652596404487
"210" 0.25 -1898.46767508413 0.220681921733615 0.169190855775667 526.277513893321
"211" 0.333333333333333 -2731.444805928 0.277584361489031 0.182733726297488 491.566183682624
"212" 0.0833333333333333 -3006.11185716034 0.263656408925073 0.177988436741799 507.548536090821
"213" 0.0833333333333333 -3108.26795963685 0.0488655332529383 0.146496484166345 616.10799381013
"214" 0.25 -2736.04725794859 0.320590775347266 0.191921190557907 470.968795007376
"215" 0.25 -2285.43219334868 0.142992344853388 0.154249537720681 567.218110792991
"216" 0.416666666666667 -1210.97626056208 0.536051732758341 0.258328164450176 346.860366675525
"217" 0.416666666666667 -657.604336689181 0.617843593253095 0.298232806776806 297.72513992466
"218" 0.25 -2226.30230523694 0.31253389962143 0.191834781798446 471.102241033344
"219" 0.0833333333333333 -2878.19063063403 0.266975944726497 0.180817283901676 499.206957780635
"220" 0.25 -1651.3161929848 0.361717848368496 0.196984629975476 445.946368712534
"221" 0.416666666666667 -1860.83745334765 0.440004217113276 0.22101194286303 403.299047903169
"222" 0.333333333333333 -1254.61956995751 0.491472513122204 0.245034673602021 373.993958943556
"223" 0.333333333333333 -1124.14188098495 0.503364362474678 0.2523535021376 365.407734993878
"224" 0.333333333333333 -2067.89226222673 0.411861672576493 0.214345020645445 415.943540181692
"225" 0.416666666666667 -1044.4178907182 0.53255381588903 0.260959985161877 350.478936905447
"226" 0.166666666666667 -2329.35139075403 0.178097535111779 0.16299266573093 550.685777056611
"227" 0.166666666666667 -2077.41633436051 0.341787850874787 0.195362681314212 463.341068653085
"228" 0.25 -2137.1204071738 0.33130333997715 0.202227142782347 463.428664482003
"229" 0.25 -1776.88353464036 0.322337711105405 0.189459875261165 466.435189180265
"230" 0.25 -1562.15041911311 0.341517914625142 0.20096071920837 450.306410125031
"231" 0.25 -1383.24741324519 0.449571917157813 0.229547146311492 398.741854623393
"232" 0.25 -1549.55048042879 0.45370163545548 0.232408296264454 400.924830693128
"233" 0.5 -1981.46679465822 0.499922668376325 0.245787908748297 363.366115936404
"234" 0.0833333333333333 -2574.94009794985 0.179389896776929 0.168322443497848 552.934498594752
"235" 0.25 -2537.91180298209 0.25348202625287 0.182248665065491 505.615638680775
"236" 0.166666666666667 -1729.82104231954 0.102279972166456 0.152520405068523 582.716211106428
"237" 0.25 -2135.55141647536 0.388562741057049 0.211637826851695 429.518913176025
"238" 0.166666666666667 -1968.94474314673 0.210978830413763 0.174392328943361 528.137059315995
"239" 0.333333333333333 -1283.02098326445 0.601478994504692 0.2893566753471 310.645128408379
"240" 0.166666666666667 -1875.48064769184 0.259152568623552 0.180690715367195 496.710877261688
"241" 0.416666666666667 -1928.39812479395 0.435772448808007 0.220609506595638 405.619217851942
"242" 0.416666666666667 -1350.26224797868 0.566450472013058 0.271453173686371 333.715768266686
"243" 0.333333333333333 -894.502622797045 0.527472866274529 0.254734491215748 349.901934894745
"244" 0.166666666666667 -2204.2785750974 0.37345045887346 0.209280775316905 440.56392753721
"245" 0.416666666666667 -1964.00922869414 0.442078513201555 0.221692800405352 404.380167461284
"246" 0.5 -1054.83580649087 0.611945455657603 0.290736539038597 304.907881454574
"247" 0.333333333333333 -1865.15184265214 0.400207745497844 0.22101076905802 428.539678355085
"248" 0.333333333333333 -1363.46885498049 0.457508816303096 0.231176936809591 387.886414845148
"249" 0.25 -1867.75919002931 0.406717687158067 0.212146113121973 419.763570575607
"250" 0.333333333333333 -1852.01575461225 0.367741202023497 0.208795048026957 439.565131359098
"251" 0.333333333333333 -1363.57712357536 0.380107150454751 0.202867542170979 433.930205211735
"252" 0.333333333333333 -1454.01559505143 0.437960724231548 0.226755975146652 404.513726778338
"253" 0.333333333333333 -1197.10017038951 0.394541250403111 0.212494794835171 423.923980655586
"254" 0.166666666666667 -2174.0047569621 0.244934176802899 0.177990548396722 505.24708526599
"255" 0.333333333333333 -2372.2559764762 0.344134942996009 0.193769896895295 454.004761391333
"256" 0.416666666666667 -1736.6265028852 0.467757665168366 0.241556534830122 391.744691691655
"257" 0.416666666666667 -1830.70440922528 0.501819914776291 0.243879412766194 369.715026984695
"258" 0.25 -1636.51417977095 0.2809181147941 0.185255835645244 485.826037614406
"259" 0.25 -1892.6485864797 0.334375865990953 0.194765478112649 462.841265035064
"260" 0.25 -1508.23097769128 0.251240879278451 0.184662743831737 505.442043925314
"261" 0.166666666666667 -1341.51363336941 0.343518743726546 0.196717301206448 455.320680291597
"262" 0.166666666666667 -3011.66666920154 0.281931581170598 0.185297700364392 490.562017207313
"263" 0.25 -1656.15511459169 0.317869457207236 0.191325466644206 472.946892020693
"264" 0.25 -1341.66396632753 0.416664094070842 0.212837706861251 415.069482412606
"265" 0.333333333333333 -1065.86769220937 0.500032580518786 0.249238629762914 366.925846407935
"266" 0.333333333333333 -1456.42746657997 0.365018510286133 0.202469969898044 443.281135652983
"267" 0.333333333333333 -2028.67808615163 0.195126835213359 0.167255943580404 542.852965010819
"268" 0.25 -2046.85033674665 0.32912490428927 0.193936757928806 462.442017674758
"269" 0.416666666666667 -1082.9541744052 0.593495558356729 0.283898348191041 317.39328049395
"270" 0.166666666666667 -1833.72237210429 0.148909502211319 0.162026204566866 557.496796968868
"271" 0.25 -2275.80265291892 0.279676916617748 0.183402087958637 487.48970049392
"272" 0.333333333333333 -1591.46000079822 0.342708813973908 0.203154718183106 459.866159365897
"273" 0.25 -2003.6480244294 0.301566609991476 0.191567199770366 472.633135559412
"274" 0.25 -1378.07676399554 0.384593730529833 0.212090009529483 431.259150978057
"275" 0.416666666666667 -1536.52829337118 0.602869755919779 0.285417109579946 313.857721023508
"276" 0.416666666666667 -1150.69945822303 0.480398703243782 0.231604620143948 377.991994957554
"277" 0.583333333333333 -1291.86684388361 0.685691457252962 0.331705375452457 264.965039651757
"278" 0.416666666666667 -2028.07453450598 0.434312784716441 0.217715793665417 409.91822011316
"279" 0.416666666666667 -1215.50547181789 0.557296957017329 0.272186419643193 335.939957748463
"280" 0.333333333333333 -1366.83035503193 0.423430767965802 0.216122962696275 411.878770676237
"281" 0.333333333333333 -1658.69521718131 0.555737860279239 0.268342438045997 335.645284940214
"282" 0.166666666666667 -2888.71956168068 0.246486075104749 0.176738663111817 518.29853214782
"283" 0.416666666666667 -1029.1412497481 0.541860020953341 0.259207263001067 344.931368819943
"284" 0.166666666666667 -2336.94627635448 0.128983740527127 0.156359398930263 576.707028661589
"285" 0.333333333333333 -1254.04898910632 0.359379622605941 0.199002090668897 442.936516924729
"286" 0.0833333333333333 -1424.71489299855 0.27533513062566 0.182123738087135 490.921869215381
"287" 0.333333333333333 -1044.97975755649 0.532479026221858 0.25700191596109 348.997740921157
"288" 0.25 -2077.83492959881 0.310517082411236 0.187849371411106 470.156802154337
"289" 0.25 -1844.48066755144 0.236398798548601 0.176646787791932 512.504485989488
"290" 0.166666666666667 -1701.26314421488 0.269397674772113 0.188154967930431 496.695479889065
"291" 0.166666666666667 -2234.6238527008 0.146638733981932 0.163173434813972 571.454413890671
"292" 0.333333333333333 -1590.36931827324 0.387673332598589 0.20913309022619 429.202739197826
"293" 0.0833333333333333 -2426.57365381225 0.103617224827842 0.152143428010722 594.552528718927
"294" 0.333333333333333 -1589.72495436326 0.362075446192252 0.206364774010814 445.375372453323
"295" 0.25 -1372.57649072789 0.215153805068091 0.170565458964276 523.25276431534
"296" 0.416666666666667 -1071.7186277406 0.551994317459885 0.27340580238133 338.897353162328
"297" 0.25 -2031.19586788799 0.283959367805764 0.1851801209376 486.121933435309
"298" 0.333333333333333 -1333.53788175414 0.326369015572552 0.192310695013038 460.384135272647
"299" 0.166666666666667 -1779.24744411774 0.175194334317781 0.162791996254673 550.960351192704
"300" 0.333333333333333 -972.362073324155 0.465333219610066 0.231849705884704 384.877520777844
"301" 0.166666666666667 -1759.9672678183 0.250485449533916 0.178499793476239 508.471829519069
"302" 0.166666666666667 -1639.45196543791 0.173172091920011 0.162146330534098 548.693873786822
"303" 0.166666666666667 -2623.08015524595 0.154742578442673 0.160243567625636 555.19327203501
"304" 0.166666666666667 -2685.50867273254 0.191091698188758 0.16511649074405 543.579947258807
"305" 0.25 -1091.06400317647 0.604189003208784 0.287621187119611 308.924369869363
"306" 0.25 -1708.60376510476 0.413520376696118 0.215988867596312 417.022337087549
"307" 0.333333333333333 -1977.86145602089 0.365840247537796 0.20096536226689 440.058633220545
"308" 0.5 -1754.15542188955 0.544948515817639 0.264952073184585 343.389018662227
"309" 0.166666666666667 -1743.72285332138 0.191732217915841 0.166004177839318 534.838328792786
"310" 0.25 -1600.95567148566 0.358459889198351 0.200937586222355 442.599641341362
"311" 0.416666666666667 -1826.34691448744 0.364562828347096 0.205112108925862 437.161098711756
"312" 0.416666666666667 -1436.10494311644 0.521573294028185 0.249778593665617 355.90175188405
"313" 0.333333333333333 -1122.67868353321 0.430246324126611 0.223638937060946 405.002376817977
"314" 0.25 -1059.69980069941 0.470514652675195 0.235796555349349 380.71552399402
"315" 0.0833333333333333 -1631.86623003016 0.173372551409438 0.166407186752307 551.719196771278
"316" 0.0833333333333333 -3078.64573658833 0.132048590605198 0.153521916306193 577.514865385345
"317" 0.25 -1546.70641020313 0.297767708763234 0.192494782266769 477.968004374211
"318" 0.416666666666667 -1470.88044566963 0.547571555213602 0.269237855318918 345.211818111099
"319" 0.25 -1206.97717267952 0.314167088176666 0.190721649872494 471.630325976894
"320" 0.416666666666667 -1734.71603026219 0.387456420836919 0.209780958588977 433.393228149847
"321" 0.333333333333333 -821.372696029864 0.629819174821116 0.302900168119635 294.437864004474
"322" 0.25 -1236.50414923964 0.234838179344929 0.169488515338966 513.522678584145
"323" 0.333333333333333 -1483.71150741258 0.415873518526145 0.21318118792056 414.739714392016
"324" 0.25 -1726.47715902744 0.403190919835668 0.211538406538068 422.658950289926
"325" 0.166666666666667 -2052.59852822957 0.197770808899118 0.169095507702485 543.585187137118
"326" 0.25 -2528.03659683064 0.331522320038394 0.195665348760975 468.373801438226
"327" 0.166666666666667 -2303.5930194568 0.194360942516973 0.168351576206613 535.551326590534
"328" 0.25 -1607.537999069 0.369659904045287 0.204838540172829 437.333757714678
"329" 0.166666666666667 -1404.94351023752 0.185354154764157 0.162601800086811 542.489376134609
"330" 0.166666666666667 -1986.83932259933 0.192078016371687 0.170277463960622 539.684901179311
"331" 0.166666666666667 -2021.54702157608 0.325780303337902 0.198299357024444 465.387644482963
"332" 0.333333333333333 -1481.52417259599 0.411600070201027 0.215208466948548 416.929741462956
"333" 0.25 -1668.5279201127 0.412884418305001 0.221899624091623 421.978506927458
"334" 0.166666666666667 -1480.58405434332 0.191598533253112 0.167832505871746 540.696936065811
"335" 0.0833333333333333 -1953.60263779945 0.183487186932686 0.168512579330212 545.223170966704
"336" 0.25 -1790.20877186484 0.365334229591223 0.203448027147296 442.118098435088
"337" 0.166666666666667 -1375.45782407779 0.204895108329328 0.17166897770259 526.304733258428
"338" 0.416666666666667 -1258.79748214309 0.443100425496361 0.228402431243507 402.315057822652
"339" 0.333333333333333 -1719.24822154204 0.438928082527777 0.220841210856808 407.148988878883
"340" 0.166666666666667 -2115.2306911491 0.317069572862402 0.188637750865302 475.710079643945
"341" 0.25 -1547.290254764 0.410819450642568 0.220362112310121 417.473380292528
"342" 0.416666666666667 -2139.46528541236 0.345390473982247 0.19396435138606 460.971619130117
"343" 0.166666666666667 -2394.87217561784 0.178100206268681 0.164173788155811 552.429660521825
"344" 0.25 -1198.63834510586 0.424400305722481 0.224033673766049 410.18367699571
"345" 0.25 -1178.92666182387 0.590845377890905 0.276442512741069 317.484425514108
"346" 0.416666666666667 -1844.21506926364 0.464486114687619 0.237027925655165 391.016290428948
"347" 0.25 -1474.1534123974 0.355323603135733 0.195601067618967 448.22261519884
"348" 0.166666666666667 -1722.41141102329 0.108883550226871 0.150406824309624 590.091686027416
"349" 0.25 -1444.34302562428 0.244471447718896 0.180847580242104 509.565009878129
"350" 0.333333333333333 -1979.40833144084 0.385383349758997 0.208429553574405 435.564166272087
"351" 0.333333333333333 -2559.74231719603 0.343643152700641 0.194183188389585 455.32555391415
"352" 0.333333333333333 -1982.13909126262 0.402244616071409 0.211567235401872 421.890047674021
"353" 0.25 -1265.44882698059 0.422847703289699 0.219931595729898 410.052912589412
"354" 0.333333333333333 -1394.41021776076 0.389087321171433 0.204524780017258 432.525915559172
"355" 0.25 -1499.28228452962 0.291534237548904 0.183265332817655 478.338814634837
"356" 0.25 -1560.40149639748 0.444909574262416 0.225340448816295 400.399117878804
"357" 0.166666666666667 -1855.43201195519 0.24474370071364 0.178724913752208 508.004206830985
"358" 0.25 -1882.42127643227 0.374687684485088 0.208422941850978 439.252638642173
"359" 0.416666666666667 -1705.45962576799 0.392631126593686 0.207374795312083 433.14137718996
"360" 0.416666666666667 -1741.73468790084 0.492988849041881 0.240972950218895 375.325548803834
"361" 0.25 -1594.67647424126 0.299802267415116 0.185477837340163 478.995424712133
"362" 0.416666666666667 -1535.9120592138 0.380219654828319 0.207971024898258 438.413071048739
"363" 0.166666666666667 -1746.69398663369 0.251691231273394 0.179895232627117 504.375420277226
"364" 0.166666666666667 -1686.49533270236 0.448700511253314 0.225333532741541 395.835626250596
"365" 0 -1879.24360318857 0.0372285555763018 0.144180757109814 624.227619969344
"366" 0.25 -1457.43610996292 0.47908520307332 0.237716922653985 382.747920258753
"367" 0.25 -1752.47363667846 0.176148037513861 0.166032525296788 546.938697934225
"368" 0.25 -1343.61131307701 0.222264775155853 0.170325795280293 516.089644862013
"369" 0.25 -2127.49754095611 0.156356234617932 0.163953979045411 561.187956106882
"370" 0.333333333333333 -1265.90836070999 0.416501404085315 0.216472023519201 407.657048896477
"371" 0.5 -1259.49109742783 0.60105199859343 0.291419972360321 315.45141517703
"372" 0.25 -1262.81497141765 0.41834496337662 0.214272535748905 412.894707818285
"373" 0.5 -1111.24520658131 0.511461026392798 0.245839213058097 357.075113352784
"374" 0.166666666666667 -1970.31534459388 0.30114274481661 0.189449252247502 480.851712439458
"375" 0.25 -1258.63694960637 0.388768823358049 0.215166941685608 430.108950678976
"376" 0.166666666666667 -3180.88058219371 0.154340893686631 0.158250168311046 568.550550820895
"377" 0.5 -1629.77757861688 0.747037870092885 0.388676779359927 233.520922778952
"378" 0.166666666666667 -1407.62212599228 0.296416186798985 0.187088231601874 476.892078560293
"379" 0.333333333333333 -1775.14616598534 0.386439121568065 0.212097121512723 428.777509087806
"380" 0.25 -2243.84111880723 0.309175431685959 0.190936356558615 478.564644465076
"381" 0.25 -2195.15725578878 0.37227464965006 0.202470373434477 447.021880436936
"382" 0.416666666666667 -1134.79521509396 0.585662527142262 0.278176517809201 324.414364055253
"383" 0.166666666666667 -1543.20885141131 0.348002619641848 0.200553980877958 453.74118621656
"384" 0.166666666666667 -1860.85621053788 0.121720934747177 0.157796110529709 576.403867424624
"385" 0.25 -1737.50841171202 0.196013191746826 0.164351925547427 533.357090429487
"386" 0.166666666666667 -2417.69519504492 0.133330192325023 0.156104668485157 575.707754936623
"387" 0.333333333333333 -1409.98259933159 0.475397159676211 0.233305724558796 382.33657236862
"388" 0.166666666666667 -1824.25265111602 0.207323732283248 0.173468628169851 534.985284313366
"389" 0.416666666666667 -1108.42860862865 0.606731828320702 0.287913425234763 309.105866172714
"390" 0.333333333333333 -1339.64954192661 0.330618576815723 0.194349433877063 457.562040619324
"391" 0.5 -1314.34916243092 0.550965550775549 0.266284790207301 343.263935206062
"392" 0.333333333333333 -1227.78561897773 0.568004328863823 0.2686986303285 333.921286073537
"393" 0.25 -2583.47022109343 0.361496540829527 0.20539538392575 452.240106409467
"394" 0.166666666666667 -1713.85751683663 0.346382909759514 0.197042579855449 456.688266961211
"395" 0.166666666666667 -2300.28840999137 0.10388435408156 0.151826525204678 581.717031416064
"396" 0.25 -1265.94107491077 0.348217013249958 0.199227097199214 449.970197790745
"397" 0.25 -2121.35235824412 0.271074529162025 0.183644746127232 490.911471060929
"398" 0.25 -2136.71585780624 0.383010567228042 0.205860480080788 439.30676093753
"399" 0.333333333333333 -1460.89050498309 0.529555200059908 0.258901384031721 355.413445767094
"400" 0.25 -1151.38565562506 0.361150739863756 0.204371704431483 442.084237676272
"401" 0.25 -1637.60751413927 0.450273787382359 0.225405070264796 399.547603189349
"402" 0.333333333333333 -1338.74710011064 0.391894041533966 0.206424484692149 423.800844735575
"403" 0.166666666666667 -1753.04317228201 0.260044756701848 0.178191258784119 494.622139442412
"404" 0.416666666666667 -997.21674303861 0.583568514788712 0.278864378972604 318.101013888728
"405" 0.25 -1380.07986176122 0.448155241754416 0.227728271048616 391.556550961698
"406" 0.25 -2076.68017468382 0.458845805468022 0.230232583557828 394.653885501884
"407" 0.333333333333333 -1819.41225368117 0.289993624095006 0.185349204356976 488.864545011241
"408" 0.166666666666667 -2243.33167149234 0.26613185462311 0.179727319102188 496.65567484872
"409" 0.416666666666667 -1518.67425834425 0.538794378271312 0.252977176698811 346.835404928583
"410" 0.166666666666667 -2077.66142495532 0.160996746046859 0.159327654589431 561.623204006218
"411" 0.166666666666667 -1705.62288296509 0.216124856801753 0.173354319149848 523.899506583531
"412" 0.416666666666667 -1824.97036860731 0.421260889221244 0.218063694664882 415.746594932196
"413" 0.416666666666667 -1677.70170281032 0.473911517374233 0.233673739796934 391.335718019051
"414" 0.25 -2105.96048071256 0.253253025031734 0.180705460154653 502.924211298195
"415" 0.25 -3291.09128697938 0.335477271512511 0.19335426639746 455.487404283437
"416" 0.333333333333333 -1935.87132227473 0.416597777972717 0.223286596087971 421.201010169371
"417" 0.333333333333333 -1123.85938141569 0.53625544988311 0.264572540035522 345.745843085742
"418" 0.25 -1509.78407089922 0.387539539501771 0.209126800296507 424.935818572284
"419" 0.25 -1809.97382821067 0.297720391289942 0.186979963868743 477.435631172906
"420" 0.416666666666667 -1148.64726532776 0.469316669070151 0.241951647533311 387.687989351875
"421" 0.333333333333333 -2157.54709774194 0.474697124437315 0.236784525513843 387.315770901544
"422" 0.166666666666667 -2011.90442617124 0.35684644507854 0.197837556544847 452.46986950255
"423" 0.166666666666667 -2309.26881202971 0.266428878463077 0.184347827969868 511.274104294595
"424" 0.5 -1034.60331910456 0.641043212747413 0.304705673305524 288.432551885317
"425" 0.416666666666667 -1665.27664329981 0.66998288188734 0.328000604338497 279.184561307705
"426" 0.416666666666667 -1067.8414704647 0.612447608247759 0.289696281733441 304.690431038172
"427" 0.166666666666667 -1778.04450264622 0.15586066624249 0.158236634679838 555.388476079803
"428" 0.333333333333333 -1632.56958129559 0.449878284474991 0.224331989960304 393.490030690944
"429" 0.25 -1752.31538882249 0.378748595713806 0.207691577714477 439.201981979187
"430" 0.25 -1868.6663966624 0.493290090203389 0.245428114684781 374.325074348741
"431" 0.333333333333333 -1864.5326359042 0.32722099021188 0.193160034686321 465.811025372562
"432" 0.333333333333333 -1332.05492351542 0.599170757066665 0.291884200871999 312.368142832099
"433" 0.25 -2164.55027984533 0.298285222275407 0.194838307496036 483.75920548005
"434" 0.0833333333333333 -1844.98811562255 0.167409841700802 0.160079798356459 558.414669729311
"435" 0.166666666666667 -1792.89898507252 0.228725474248665 0.171083162110173 523.149549523871
"436" 0 -2574.889058138 0.0814458711805193 0.153932840200998 605.93040429614
"437" 0.333333333333333 -2056.30799711931 0.310287506086284 0.195719186747092 477.092074162541
"438" 0.166666666666667 -1736.24437990802 0.244654426904712 0.180785574217984 508.946940660186
"439" 0.333333333333333 -1290.49961800361 0.496058982998784 0.2510712180715 369.01149512196
"440" 0.416666666666667 -1106.44703052216 0.480323246087061 0.236689203242914 373.838354760914
"441" 0.0833333333333333 -1999.81737866727 0.243250073014981 0.177811192151314 515.410456054788
"442" 0.166666666666667 -1629.04310313971 0.34117978130751 0.194954323238478 459.442000362957
"443" 0.583333333333333 -1235.25861982956 0.680969013548808 0.335996733877179 270.379575490046
"444" 0.333333333333333 -2238.57526023639 0.310244845428456 0.1909987279979 472.650658533555
"445" 0.333333333333333 -1590.38735444328 0.502670862224046 0.241695656692259 367.931079135181
"446" 0.25 -1379.48083768377 0.272247193373665 0.186592482490647 489.375881697307
"447" 0.333333333333333 -1690.48859287313 0.629624210807112 0.302113760052988 299.256819423004
"448" 0.25 -1933.00495547814 0.385661754503932 0.20779089540427 435.370427757881
"449" 0.5 -825.890826821692 0.586807794057736 0.28119716708127 319.469927327502
"450" 0.166666666666667 -1398.52873283078 0.352502106491852 0.204427841180323 446.026167479735
"451" 0.333333333333333 -1361.57616937781 0.469973189261926 0.236394719477286 388.253856897433
"452" 0.416666666666667 -2342.99319065207 0.418652530843618 0.221544414517045 414.21253968003
"453" 0.25 -1695.27499642451 0.218137896577634 0.172125254923991 525.937897170309
"454" 0.166666666666667 -1812.27995505603 0.262198290686557 0.184825163926528 498.712142603402
"455" 0.166666666666667 -1799.05038719247 0.302757360069776 0.191922710141751 480.420876107891
"456" 0.333333333333333 -1645.12401747445 0.449551068598528 0.229650536295226 399.317752015223
"457" 0.333333333333333 -1246.16436657522 0.391221458696259 0.212307771099244 429.095571617645
"458" 0.25 -2172.25548983325 0.15067090635777 0.155856653277582 563.798823321751
"459" 0.25 -2744.77938634356 0.221062954480037 0.171209899455795 518.153414050001
"460" 0.25 -1475.48979205219 0.256335604191945 0.181175926962176 501.10971499752
"461" 0.25 -1177.71151531645 0.33055645440545 0.192871888141703 456.025775647543
"462" 0.333333333333333 -1277.59895052795 0.502933121928496 0.244879938126766 369.371608868174
"463" 0.166666666666667 -2154.86772830433 0.201823025037042 0.168783175855291 530.95797604322
"464" 0.25 -1837.8392376269 0.427510556728271 0.213156656760773 408.544137237763
"465" 0.333333333333333 -2179.3711170431 0.321982565074716 0.193155291513024 463.742899514269
"466" 0.0833333333333333 -3054.39251760888 0.147377195164869 0.163341226295358 567.109430779507
"467" 0.166666666666667 -2152.67699876768 0.125147535176348 0.154092212802908 576.766275816802
"468" 0.333333333333333 -1531.25091690167 0.471582327282311 0.233835599751903 382.399130037511
"469" 0.5 -1629.24737124139 0.596018833652043 0.288524295848562 316.424640215747
"470" 0.333333333333333 -1550.93177730569 0.349808064870091 0.199980619175918 451.680163856328
"471" 0.333333333333333 -1963.98366225352 0.314614729075917 0.190792158105932 463.955313351904
"472" 0.25 -1147.025379901 0.260540198009585 0.177699603106471 495.50133014008
"473" 0.25 -1839.93101115443 0.309480612227758 0.190003340599885 477.74195831462
"474" 0.333333333333333 -1351.56708012146 0.300520759507651 0.18718254761486 476.693276787666
"475" 0.25 -2846.58261148676 0.28830315558559 0.181397948752477 497.403829221109
"476" 0.25 -1399.66651060159 0.300880289257527 0.188266048141433 477.72338608251
"477" 0.0833333333333333 -2638.01386420082 0.0568450342843149 0.141995417864577 622.48943748015
"478" 0.166666666666667 -1987.73473485698 0.132672491787945 0.152748702939303 568.487070358924
"479" 0.25 -897.416500719723 0.498113590687925 0.246121516504351 363.160810400052
"480" 0.166666666666667 -1904.00369039633 0.27344143667644 0.181441880273176 497.060016272518
"481" 0.333333333333333 -1368.7895716892 0.438760763873749 0.229259473276621 402.988719729055
"482" 0.25 -1227.89251336316 0.282021964708098 0.181905394166327 488.788081872091
"483" 0.166666666666667 -3264.47915642941 0.21216477983825 0.171693588762647 529.197672839249
"484" 0.25 -1918.55302705318 0.327900304212922 0.193987017373554 462.898269965581
"485" 0.25 -1307.78925147748 0.277126502165077 0.187162893090983 488.897118599601
"486" 0.166666666666667 -1954.48741288647 0.107734716877158 0.153288837655743 579.106775993027
"487" 0.25 -1813.13096388019 0.277266306205829 0.18024188188678 497.204666044405
"488" 0.25 -1995.14351137317 0.279276427716291 0.178574911246653 491.556467629285
"489" 0.416666666666667 -1526.44919701446 0.387134394785962 0.21026282143273 426.869003623137
"490" 0.166666666666667 -1756.39479789688 0.272957338804858 0.185573987233901 497.7808956494
"491" 0.166666666666667 -1613.52445574558 0.410252235810838 0.213709223298649 418.264411352412
"492" 0.333333333333333 -2590.98846675199 0.3930876149872 0.210037168347863 427.180090375526
"493" 0.25 -2037.04209364819 0.203763038972131 0.172252439176387 534.886779595749
"494" 0.333333333333333 -1348.24785029426 0.476793542627804 0.237821290019643 383.519903727446
"495" 0.25 -2215.63121956588 0.292402718248922 0.180366170694219 484.739934521383
"496" 0.333333333333333 -1437.64031044025 0.318501685801094 0.191785627553377 473.187946410012
"497" 0.333333333333333 -1176.96652561445 0.424055694904899 0.216474190475874 404.27945296898
"498" 0.166666666666667 -2097.53830069732 0.126584411972005 0.156515220787817 574.535343092058
"499" 0.25 -922.651197372443 0.454670688093439 0.225513569446084 386.623649395609
"500" 0.416666666666667 -1026.06266256804 0.475844252407678 0.233010049145407 377.372802373376
"501" 0.5 -1076.01612884459 0.797267291893616 0.449438807492726 202.980681164004
"502" 0.416666666666667 -1986.51385742065 0.339271518244523 0.19250077013711 460.041097921159
"503" 0.5 -924.382600975616 0.578517651839497 0.275901929745096 321.930401777253
"504" 0.25 -1864.48029930803 0.315806360244119 0.194609087087933 472.20156160149
"505" 0.333333333333333 -1081.76280761908 0.574932794730853 0.273818250746357 325.898235293452
"506" 0.5 -1404.77056788584 0.508954075119927 0.250903183145026 361.560485526063
"507" 0.25 -1740.87416451206 0.307562573259919 0.187734007189009 479.86139930839
"508" 0.166666666666667 -1907.37001970553 0.239559825408186 0.175172880054538 514.847125811451
"509" 0.333333333333333 -1980.84458526145 0.434767381731503 0.226698017003331 406.416271589645
"510" 0.166666666666667 -2480.32641385769 0.175161099902771 0.164235114927358 554.259406711606
"511" 0.25 -1459.48521946699 0.266964284448866 0.179639095084821 494.13881346433
"512" 0.166666666666667 -2323.79228896582 0.2650349830921 0.180647271602402 505.09804233456
"513" 0.333333333333333 -1609.77596225924 0.335673466119387 0.198733045961352 457.495192300149
"514" 0.25 -2310.3987351041 0.335703256757889 0.199281841515296 460.960461592129
"515" 0.25 -2900.28761256277 0.226685053923408 0.171151682700614 514.317200985584
"516" 0.416666666666667 -1850.43823970655 0.435188484108831 0.217695767618237 401.679365646509
"517" 0.5 -1205.24303031593 0.694545100580561 0.343656265079013 266.09511591421
"518" 0.25 -2208.18935565142 0.291766634071569 0.191488343714623 488.042128824317
"519" 0.333333333333333 -1399.34719876551 0.440579629144227 0.220764020013129 403.541971844626
"520" 0.25 -2544.01866018553 0.382652335709158 0.207599576571481 436.025797708179
"521" 0.5 -1023.13879807291 0.582620697778883 0.288747299741508 324.280892295879
"522" 0.166666666666667 -1274.56077936082 0.178699951884738 0.166119299300487 540.098837708803
"523" 0.333333333333333 -1795.87056631784 0.37212386270269 0.200356144563333 438.572758089313
"524" 0.25 -1591.9448114933 0.456332778124035 0.237406596892933 392.82816669662
"525" 0.25 -1297.603243809 0.328561512137418 0.198298817079211 464.574789551494
"526" 0.25 -1761.50151743324 0.245912485654079 0.176404362598172 503.229786890496
"527" 0.25 -1577.46412276091 0.426481054646194 0.227022267658547 410.04868117884
"528" 0.416666666666667 -1861.76654025829 0.419693169593111 0.217381724977138 415.254067640416
"529" 0.166666666666667 -1812.66777477317 0.293949967460106 0.192836303282644 490.36966161154
"530" 0.333333333333333 -1724.92707616412 0.36979559987317 0.205712140201473 443.955613383823
"531" 0.25 -2024.30591157364 0.338914003812207 0.201129716685494 457.92807557181
"532" 0.25 -1522.36970133638 0.297440060017137 0.193403716462958 477.381439840039
"533" 0.25 -1864.66505449159 0.259197540777609 0.17855834583263 504.218360366945
"534" 0.166666666666667 -1340.47544545661 0.090789852999596 0.148850653382194 590.8310098845
"535" 0.166666666666667 -2394.16599771052 0.147591883187106 0.156004983509842 562.775525994585
"536" 0.166666666666667 -2054.87579650595 0.221511492357274 0.173984926395704 519.797317735767
"537" 0.333333333333333 -1386.73876310728 0.40981969900421 0.217947371243819 419.025593998325
"538" 0.5 -1080.36300171911 0.645987779217078 0.310211295383306 284.313105443269
"539" 0.25 -1238.96077510231 0.308528759967837 0.19579205189894 474.696094629499
"540" 0.25 -1708.21558868726 0.23443568056129 0.168525136868949 516.685711896485
"541" 0.333333333333333 -2269.95213796317 0.360610248862171 0.203077497557817 450.630940627661
"542" 0.166666666666667 -1868.0092019402 0.391567853856306 0.213415386649934 430.177390758761
"543" 0.333333333333333 -1639.24924925506 0.35987739510438 0.20448764667511 443.607890363317
"544" 0.416666666666667 -1123.90255121953 0.567775924745934 0.270364245744241 326.872350913105
"545" 0.333333333333333 -1682.56689769308 0.419778348080263 0.216839463707223 414.141245781607
"546" 0.333333333333333 -753.17619492462 0.76236390601317 0.407703836155652 222.751115725802
"547" 0.166666666666667 -2517.56723821143 0.242816042867691 0.170495786294847 518.880948791062
"548" 0.25 -2496.11685707646 0.304621125267918 0.186653481268832 480.049495227472
"549" 0.0833333333333333 -2202.71657386767 0.0977158749857251 0.153787380283836 585.57124743371
"550" 0.5 -1606.31515511361 0.508735383619477 0.246261788587075 366.96228875468
"551" 0.25 -1692.11713391222 0.487673277154308 0.237147261074762 377.135633729161
"552" 0.166666666666667 -3204.77713322488 0.278538146143421 0.187358955240986 503.860838994393
"553" 0.333333333333333 -1586.72131240604 0.588258452773839 0.280300650321852 321.602676323934
"554" 0.333333333333333 -2562.7990773127 0.326750393066268 0.189783786144063 466.910800990164
"555" 0.166666666666667 -1856.8646933433 0.303045137359121 0.184904873830148 477.58511279284
"556" 0.416666666666667 -1632.36734569513 0.540072792279646 0.258198932169507 347.113411365908
"557" 0.333333333333333 -1956.747147843 0.355842122879922 0.204928132692448 449.738605223778
"558" 0.25 -1632.77734962347 0.282647799245844 0.184796005685303 489.824381461875
"559" 0.166666666666667 -2342.95663301375 0.237698725125716 0.17859382130134 516.071108457313
"560" 0.25 -1850.21330706014 0.291384104233751 0.186342422190412 487.373821800905
"561" 0.25 -1848.89519086898 0.373178054660796 0.206327351447996 441.775812120487
"562" 0.25 -1139.64738036719 0.46229542086578 0.232541737092205 384.727051973485
"563" 0.416666666666667 -1478.57469603339 0.40495090753983 0.211383600906028 428.260549252946
"564" 0.25 -1404.57133710794 0.477141573315603 0.229173608908581 381.882093552931
"565" 0.166666666666667 -2054.72814633145 0.135304937238545 0.155694836308232 572.118703580848
"566" 0.25 -1643.26039968931 0.35661290200218 0.20318644602196 447.830023927656
"567" 0.416666666666667 -1136.37204815921 0.66416191833371 0.320222574966208 278.192413360528
"568" 0.333333333333333 -1174.96163160715 0.574075256244319 0.280599091860829 330.551358690763
"569" 0.25 -1092.07252939502 0.396889915251456 0.211726338549009 424.818198172166
"570" 0.25 -1229.09970057937 0.312810147795893 0.189518235285692 468.595583045045
"571" 0.333333333333333 -3526.32150868985 0.250083757668788 0.178298067148924 509.840492058895
"572" 0.166666666666667 -2055.56710085288 0.332542113675223 0.193945099836733 469.303018342122
"573" 0.25 -1188.47623439253 0.273903427106851 0.182548381435428 491.695431365576
"574" 0.0833333333333333 -1622.16450470364 0.157543802020033 0.165088061959644 555.682875467276
"575" 0.166666666666667 -2287.65548921072 0.199417305887887 0.165958488879781 531.247652192363
"576" 0.25 -1929.22694382294 0.314719431402373 0.189172476081033 474.009553685591
"577" 0.166666666666667 -2619.76514771175 0.147039368449304 0.1622278271326 565.030506301548
"578" 0.25 -2090.61317812125 0.216331692045242 0.167556474443428 525.502287400405
"579" 0.333333333333333 -1733.31897679891 0.400116000449018 0.214836671116913 426.637162700151
"580" 0.416666666666667 -1766.21580000183 0.522892532417374 0.251882066056042 354.62340828921
"581" 0.166666666666667 -2312.0570595371 0.264592647536149 0.177752383214227 498.22116441112
"582" 0.25 -2167.9918647054 0.417968930248453 0.213219029160468 413.648778253968
"583" 0.0833333333333333 -2148.45783634761 0.249249096244335 0.176887190572736 512.492645013896
"584" 0.166666666666667 -2374.18306266154 0.0945601200089248 0.148436576091115 598.023390531177
"585" 0.333333333333333 -2139.87526487621 0.403737605405325 0.210271179003803 424.521712885057
"586" 0.25 -1863.90958206915 0.24958638154666 0.17837361830307 506.421432324264
"587" 0.333333333333333 -2071.56127605587 0.253660302437521 0.172210653499648 509.086838990697
"588" 0.166666666666667 -2256.31185536369 0.317974621265105 0.1916658543377 470.078215673734
"589" 0.333333333333333 -1551.5417384494 0.30929144338726 0.190859026662031 472.684880290781
"590" 0.333333333333333 -1526.09641219726 0.371825097323153 0.205938494277635 442.563280272631
"591" 0.0833333333333333 -2031.61151444646 0.126232408784053 0.152765624093922 583.094124808815
"592" 0.25 -1978.09141602178 0.282135045376618 0.182832599277773 488.687006410621
"593" 0.25 -1622.84473701571 0.221472516732997 0.171205835753104 520.996438962701
"594" 0.25 -1760.8809901753 0.205991696904327 0.170315434791104 533.079182011092
"595" 0.166666666666667 -1729.33604160261 0.154109610968774 0.158755074421649 557.632063720687
"596" 0.25 -1481.05952927754 0.320755334305745 0.19180750815289 466.319073486175
"597" 0.166666666666667 -2807.33373158971 0.290730550615077 0.181397610959433 481.77734270223
"598" 0.25 -1998.41421034841 0.194432400786941 0.164777985906696 539.663589409273
"599" 0.25 -1876.411365037 0.276692748977071 0.17934219465881 489.732129191521
"600" 0.166666666666667 -1371.2078550144 0.278583466793403 0.184718411802316 487.936463538043
"601" 0.416666666666667 -1491.52569063607 0.443278181215593 0.223557689968484 400.342385640356
"602" 0.416666666666667 -1439.53224256168 0.601813452888776 0.294319962362596 309.392276283896
"603" 0.25 -1997.2364051173 0.353843235656868 0.195430444900172 451.495359409228
"604" 0.166666666666667 -2100.51227657623 0.193329228390435 0.166480657590334 541.038223968812
"605" 0.333333333333333 -1133.32419181496 0.573284877241251 0.279130030082332 325.230911075699
"606" 0.333333333333333 -1238.00339887395 0.400073177417559 0.220088122681263 420.959735560049
"607" 0.25 -2012.45074147087 0.436775781500998 0.219608879641773 404.345211040415
"608" 0.166666666666667 -2016.64247426214 0.145185597813466 0.156625870348626 562.892782978104
"609" 0.25 -2604.43894576332 0.253905964737791 0.176261498789067 506.423789389874
"610" 0.5 -2007.9252356846 0.540577223688153 0.262662802130837 349.710272303352
"611" 0.416666666666667 -1602.51617290183 0.443955092517607 0.222219219231555 397.655338103212
"612" 0.166666666666667 -2253.68249512156 0.331035019189268 0.196068558753502 469.158086420298
"613" 0.25 -2067.46893336025 0.330535416107172 0.193048221775821 461.864382929299
"614" 0.25 -1798.11516143477 0.135030103449199 0.160289439270998 567.416036377566
"615" 0.166666666666667 -1661.90116898235 0.375126536767631 0.206703839818226 436.926016770997
"616" 0.333333333333333 -1380.05599009946 0.345059863478187 0.198270150365281 455.837223275094
"617" 0.333333333333333 -1628.80712600996 0.357526038156248 0.20427091660623 445.52425538963
"618" 0.333333333333333 -1598.9016288658 0.383897663653202 0.211861856479509 432.960370033328
"619" 0.333333333333333 -1294.02410728277 0.490632952585842 0.239331434991501 372.482228322448
"620" 0.333333333333333 -1845.07188421383 0.417768497743458 0.216150857980876 418.213328031288
"621" 0.0833333333333333 -2244.38000102259 0.224581863370843 0.170603141613544 520.336801617786
"622" 0.166666666666667 -1937.93858834484 0.132768357359677 0.162308361360137 570.019058069845
"623" 0.166666666666667 -3312.81469790573 0.193018528052232 0.16696710735713 549.191201249301
"624" 0.166666666666667 -1463.72592684023 0.399174579256292 0.221217122307235 426.60878847711
"625" 0.166666666666667 -1605.05132179335 0.215749993135487 0.174109825230097 519.728176794411
"626" 0.25 -1270.18014749996 0.492830627518975 0.242968213988349 373.163606533029
"627" 0.0833333333333333 -2176.75958871035 0.16365156764594 0.163232680223269 555.746762757462
"628" 0.166666666666667 -1532.07933370583 0.21058004378609 0.16903994433896 528.78821793091
"629" 0.25 -993.539072846062 0.450676190787638 0.229017048133709 394.291007590597
"630" 0.25 -1771.03055606681 0.376833673864443 0.203722651213632 435.71699377246
"631" 0.25 -1384.90383176628 0.338940984171862 0.193815345348019 454.543656401164
"632" 0.25 -1561.00370604015 0.223116061532594 0.178719984309851 521.583305479796
"633" 0.25 -1522.86240376042 0.32603812307353 0.188421905479776 465.054647597261
"634" 0.0833333333333333 -1805.44129310165 0.204237757281381 0.169846130813034 529.912771961328
"635" 0.25 -1861.25481981885 0.300743349850995 0.188297285081942 480.377458009971
"636" 0.166666666666667 -1994.39360918676 0.182745864292287 0.164689442516696 541.428378721601
"637" 0.333333333333333 -1705.03455165603 0.397147390894315 0.213510703740644 433.335490270711
"638" 0.25 -2223.88997268689 0.250427377330258 0.177255679815159 509.787483161301
"639" 0.333333333333333 -1529.13264710053 0.334383305947995 0.200495498406435 464.239328769282
"640" 0.166666666666667 -2194.83423611353 0.107360644528818 0.152545628921851 585.093418664266
"641" 0.416666666666667 -1662.89192271125 0.429283118071048 0.224488328546175 411.099463218548
"642" 0.166666666666667 -1768.08882367073 0.150437799473597 0.16392046477572 566.228707512494
"643" 0.333333333333333 -3323.41263218097 0.36285936891113 0.199226682825973 451.71137595722
"644" 0.0833333333333333 -1818.08885542411 0.0991427527018757 0.151413305324398 587.90472408752
"645" 0.333333333333333 -1389.84678817838 0.330341481435677 0.189471360548879 459.876101531042
"646" 0.333333333333333 -1267.1015438959 0.538319398048088 0.2604279257441 347.810496034899
"647" 0.166666666666667 -2637.49100882817 0.233777235175043 0.179241886561317 517.077250465714
"648" 0.166666666666667 -2195.01081555818 0.287553415334064 0.186005553165404 489.217389199629
"649" 0.416666666666667 -833.194559359515 0.735263379010087 0.380570521904396 240.877309650588
"650" 0.25 -1180.69070849575 0.316187236742296 0.192681519647927 471.419700555564
"651" 0.333333333333333 -2155.04052468843 0.289511461301318 0.186049566349587 482.382320362418
"652" 0.416666666666667 -1218.89853358552 0.578537624156188 0.278241434130838 326.102177313603
"653" 0.25 -1785.75225781823 0.2067638154989 0.173032074710252 529.079394175026
"654" 0.25 -1781.60154740799 0.31892037071357 0.18994378035497 470.704320507427
"655" 0.333333333333333 -1577.24658600825 0.403101203746481 0.207194415098846 422.882371463464
"656" 0.333333333333333 -1693.47659832174 0.423578387857025 0.21858251530162 410.01234138218
"657" 0.25 -2026.03030723248 0.244644328501746 0.17737041390328 517.448025830197
"658" 0.166666666666667 -1973.94877411052 0.310955408084469 0.191032262709799 470.093995334781
"659" 0.416666666666667 -991.432274098106 0.500430578868723 0.246043806904681 364.572973612882
"660" 0.333333333333333 -2010.95586236224 0.487061934018661 0.241085416622015 377.816765876454
"661" 0.0833333333333333 -4500.31490847603 0.0804703083786326 0.150220667379807 605.641239323509
"662" 0.416666666666667 -1292.74307834867 0.536545268717587 0.261801016865573 351.235204443897
"663" 0.333333333333333 -1303.07772946133 0.651477542375302 0.313840855587311 284.513062630636
"664" 0.166666666666667 -2300.13249585049 0.203445596524456 0.164055274041632 537.824700767463
"665" 0.416666666666667 -1074.19454798869 0.504945506340038 0.244297294640113 365.718900901568
"666" 0.416666666666667 -1432.79616619646 0.485170206210957 0.242064623632478 380.463589651559
"667" 0.166666666666667 -1959.73833584457 0.239958329395189 0.181677317264814 516.130435661781
"668" 0.25 -1299.79831166729 0.457158374433833 0.235758609711671 388.53731017075
"669" 0.416666666666667 -1568.96400381138 0.51103665843715 0.247101914260069 360.833249782741
"670" 0.0833333333333333 -1473.18886929863 0.24672363237831 0.180538474310106 508.030602127574
"671" 0.333333333333333 -1350.86921528815 0.373489602524753 0.206185018939112 432.878427505754
"672" 0.333333333333333 -1580.98064229025 0.411012944769892 0.214344730207818 418.018352007151
"673" 0.416666666666667 -1314.08082276534 0.515112582155706 0.251395836739361 358.633491772395
"674" 0.166666666666667 -1617.34368052602 0.207737320342279 0.167471419176556 530.052346713264
"675" 0.25 -1876.14107213544 0.221529985707643 0.166663957464405 523.999363380566
"676" 0.416666666666667 -2247.40759799595 0.365504226204151 0.203201806102318 438.492130035791
"677" 0.25 -2548.84319755004 0.393642653889515 0.211891448451225 433.818275260991
"678" 0.166666666666667 -1628.95772405669 0.254059405736091 0.182178355357164 507.188030080835
"679" 0.333333333333333 -1852.95134910264 0.43938621009327 0.225515136961478 403.750863934592
"680" 0.5 -1444.6054872073 0.524097551377444 0.256687080934253 355.896258157271
"681" 0.333333333333333 -1031.55830397317 0.525920614120212 0.25729071745666 352.653088844009
"682" 0.25 -1753.52456288266 0.278440602918833 0.184022553649108 495.579121964567
"683" 0.166666666666667 -1895.70440079592 0.272273628682441 0.181470030132714 497.017649964388
"684" 0.166666666666667 -1872.32678552162 0.109381445631582 0.153524524232857 576.918866895291
"685" 0.333333333333333 -1208.26155333127 0.474166369506389 0.238600155461074 382.457833248656
"686" 0.166666666666667 -1608.40658571733 0.298704195817239 0.186635825774837 481.57101943973
"687" 0.166666666666667 -2744.64818217075 0.255021667692786 0.177003307881099 509.968620987046
"688" 0.333333333333333 -879.547414277594 0.631101399220287 0.31205167743139 293.518922024523
"689" 0.5 -1327.17587549803 0.588860230195024 0.287320489281736 320.534773813998
"690" 0.25 -1505.52612222986 0.443690766201712 0.225277099206617 400.094492274285
"691" 0.166666666666667 -1445.02282727095 0.352643013075707 0.201420556938619 446.633502501026
"692" 0.416666666666667 -1904.46318389983 0.421490500072032 0.218608912489102 412.189121986665
"693" 0.0833333333333333 -2493.26027359101 0.205002497799178 0.170546558999916 534.918654566724
"694" 0.333333333333333 -1892.16537351151 0.3454419189789 0.205678980477578 456.538907332562
"695" 0.333333333333333 -2974.96978646365 0.372260975387855 0.207308444365328 450.084982621619
"696" 0.583333333333333 -1159.23428126934 0.533796658789204 0.256832128281244 347.426053708699
"697" 0.416666666666667 -2221.48532233864 0.389104621972736 0.213201750401092 433.981052050912
"698" 0.25 -2071.36843970099 0.330556688347052 0.194407293958739 464.389709318916
"699" 0.333333333333333 -1912.82349585857 0.389680999486839 0.208646120502578 429.83257530909
"700" 0.0833333333333333 -2397.7533370572 0.206523229961108 0.170538840240668 532.154641994222
"701" 0.25 -2127.30030541009 0.272472918578534 0.184690190495464 498.403099707379
"702" 0.416666666666667 -917.313850562727 0.564639350572284 0.271043060692115 330.822306149854
"703" 0.166666666666667 -1469.32810680049 0.234934126846804 0.174817829889712 509.644645888079
"704" 0.25 -1734.60555888015 0.349640040175912 0.197735405699665 453.841319089299
"705" 0.25 -1610.27180551888 0.37948657028389 0.202528483255627 435.881989706052
"706" 0.25 -1600.60464088978 0.443233591985514 0.223436174289448 397.188242880581
"707" 0.25 -2594.89323155948 0.285727866960879 0.186537625120903 485.861439877988
"708" 0.333333333333333 -1601.00171026189 0.454888871678138 0.230153987487632 392.407026622468
"709" 0.166666666666667 -1628.1897386681 0.263793563513406 0.184657851912013 501.294280078588
"710" 0.166666666666667 -1634.42516829606 0.283322206918361 0.185044626941423 490.775651259604
"711" 0.25 -2062.89762624432 0.215021844389682 0.16977869048066 527.62938830083
"712" 0.25 -1252.98193694554 0.407820011383758 0.211295692722195 420.253431837778
"713" 0.25 -1539.29967552083 0.318033054082786 0.190769391430959 468.505921020822
"714" 0.25 -1448.11607115444 0.379319912452993 0.206369831406102 432.158411652097
"715" 0.416666666666667 -1502.0141908245 0.482558895955023 0.239068605526016 382.57352918223
"716" 0.25 -2224.52182965201 0.279513279184274 0.18168770100067 492.563052902189
"717" 0.333333333333333 -1511.07981859745 0.360214941368996 0.205765623677728 450.206052057305
"718" 0.25 -2071.10134223654 0.333439547178318 0.194361652727413 462.561733270658
"719" 0.0833333333333333 -2819.6707821198 0.183602155587722 0.166092458382143 550.882677141025
"720" 0.333333333333333 -1186.65844426262 0.399922788686992 0.212237197462077 420.81640598214
"721" 0.166666666666667 -1916.34290246463 0.182754196363626 0.164820531405642 541.709228008804
"722" 0.416666666666667 -1283.25356134576 0.50465714896662 0.245808260920231 368.649775862768
"723" 0.333333333333333 -2750.18375851502 0.324786068680323 0.193668358695804 460.620321332146
"724" 0.333333333333333 -2285.9262476391 0.343151960813359 0.19442101702832 455.144879729697
"725" 0.166666666666667 -2098.86430408973 0.241739683309576 0.178079662868613 510.764721618155
"726" 0.333333333333333 -1828.41194419221 0.398055514190201 0.212281020638628 426.262900673975
"727" 0.25 -2977.43178043615 0.317381762093083 0.194295665769088 470.415237453424
"728" 0.25 -1398.83771729289 0.419536198954068 0.217125747815952 411.683231975266
"729" 0.333333333333333 -1461.91006834553 0.415566462768214 0.223589539521753 420.093590919119
"730" 0.333333333333333 -1478.64052320398 0.346904163952518 0.203006020688919 456.009777135383
"731" 0.333333333333333 -1685.17309393122 0.359985577479101 0.201895430470589 442.856686382811
"732" 0.166666666666667 -2010.6049473205 0.203782681552877 0.170574692977026 533.8439444698
"733" 0.25 -1812.31954797078 0.311050364740332 0.186964435772982 472.081987033486
"734" 0.25 -1615.00709515967 0.520094949401794 0.258518705497621 356.146724090921
"735" 0.166666666666667 -1315.24946793363 0.295848554924942 0.189882134551615 477.948028374231
"736" 0.25 -2208.94366581947 0.242523057410261 0.179715318567403 513.533158277096
"737" 0.333333333333333 -861.383214186386 0.669635102398947 0.32687704944479 274.13178977658
"738" 0.25 -2014.41848085607 0.21922120147847 0.176125872041124 525.797571829371
"739" 0.333333333333333 -1648.28112290625 0.348209995705911 0.194621317282541 454.286017912943
"740" 0.333333333333333 -1199.91835359383 0.473471192234665 0.234691090290005 381.230983054475
"741" 0.25 -2334.91901873651 0.362897058682521 0.198520354571094 444.914399895016
"742" 0.5 -1105.58253306897 0.584258027735561 0.280704633916771 321.966775963642
"743" 0.25 -1919.48008062853 0.324699377826174 0.194800796758179 465.198658759066
"744" 0.0833333333333333 -2893.95043255135 0.246176618416664 0.172799615301227 514.263344256273
"745" 0.416666666666667 -1448.3341121252 0.589696999646391 0.279132460801299 319.947598875328
"746" 0.333333333333333 -1579.3770226239 0.450749490852649 0.233040844481471 395.922252485761
"747" 0.333333333333333 -2680.71461515141 0.404227481514843 0.213360383739729 429.563399205396
"748" 0.166666666666667 -1930.55173412105 0.286343124771767 0.183165519849002 487.539234425903
"749" 0.333333333333333 -1131.62724649624 0.538925203081138 0.259892425721753 344.135657307361
"750" 0.166666666666667 -1659.67640923638 0.352162836172702 0.200461127986463 446.660951277467
"751" 0.333333333333333 -1225.14092672985 0.462910362164487 0.225356608894323 389.805506821396
"752" 0.25 -1253.33513743661 0.423204977852955 0.223835436836822 411.593024840404
"753" 0.0833333333333333 -1943.94439927063 0.0799163821069815 0.151283670237547 595.931479495904
"754" 0.416666666666667 -1091.7430099922 0.542095374780887 0.270916993484433 344.845314169568
"755" 0.0833333333333333 -3284.30076085526 0.117878382738439 0.155286136243697 582.858133563122
"756" 0.25 -2310.27818889267 0.127095244984943 0.154980642374795 572.295392776767
"757" 0.166666666666667 -1826.23793114606 0.458556096808624 0.231346450350383 389.520251451249
"758" 0.25 -1585.40008020344 0.154540825755356 0.159211397516873 552.750090495218
"759" 0.333333333333333 -1993.29495731409 0.18030955149854 0.162543760467886 549.412486074316
"760" 0.166666666666667 -1895.94921492565 0.220367520717801 0.172713878799271 526.465525505645
"761" 0.166666666666667 -1254.06179432474 0.354169699163305 0.202823579664556 447.844320553416
"762" 0.416666666666667 -1288.04976767859 0.330066435768501 0.194169355985644 456.247771184491
"763" 0.416666666666667 -1589.68443983095 0.568153365515259 0.266716765040822 331.904103969117
"764" 0.333333333333333 -2042.06520544816 0.182175642335383 0.161939542473339 544.073437866005
"765" 0.333333333333333 -1046.52493383565 0.462967512926005 0.237307836058313 385.834719267264
"766" 0.416666666666667 -1107.50026721182 0.420911280191425 0.218047185769054 408.406262177192
"767" 0.333333333333333 -1337.40880651109 0.577703845410316 0.278316648373129 324.124853546999
"768" 0.416666666666667 -937.65140896794 0.744489053939648 0.386491881795034 233.722203610779
"769" 0.25 -1933.06381396643 0.196774550399117 0.16947212226207 534.065090817646
"770" 0.166666666666667 -3561.21286405418 0.115749682591893 0.152454727595635 580.227141372271
"771" 0.0833333333333333 -1931.90731690678 0.223309205992359 0.174379429550093 521.787446495865
"772" 0.333333333333333 -1725.38228849049 0.337323977733284 0.196011216407838 461.221254879162
"773" 0.25 -1718.94719544466 0.20514922211787 0.167990516107317 529.179641626126
"774" 0.166666666666667 -3284.78705743226 0.20198032367635 0.171305955099144 539.490329746129
"775" 0.416666666666667 -2248.14955244558 0.477085550561739 0.24173925435125 393.074465474226
"776" 0.25 -2185.64470152278 0.347888607480664 0.195724024438836 447.739202670199
"777" 0.333333333333333 -962.009550179593 0.665268056984552 0.325106987820955 272.296022485585
"778" 0.333333333333333 -1447.19683543646 0.400510140538487 0.211220058898843 424.418894428876
"779" 0.25 -1704.2041952055 0.262964795543475 0.181081098441791 499.855919580003
"780" 0.166666666666667 -1582.62320635194 0.190636605017816 0.173241670075825 535.027385624596
"781" 0.333333333333333 -2552.04374600307 0.401153605794433 0.213924661418696 424.359265987619
"782" 0.333333333333333 -1890.79544847839 0.292487772996072 0.187832600515015 484.509224290773
"783" 0.5 -1681.33087221875 0.476490249136795 0.236603095511608 380.222394868592
"784" 0.166666666666667 -1749.37223310986 0.297830131356465 0.187551812379439 479.483830436799
"785" 0.25 -1890.08749517521 0.285459781308291 0.186046130624156 489.220903968683
"786" 0.0833333333333333 -3274.47188524281 0.122949195133591 0.158295591540898 583.472837738127
"787" 0.25 -1474.76247194539 0.239296595869062 0.176505797721422 509.672223754649
"788" 0.166666666666667 -2453.54878666689 0.34006301938359 0.20046049745391 458.867359268195
"789" 0.333333333333333 -1732.70855783895 0.464987804376509 0.230292828384682 389.50285567998
"790" 0.166666666666667 -3141.41662008472 0.280459796803166 0.182035662097309 495.503056003079
"791" 0.416666666666667 -1557.41133603472 0.397410579981556 0.21098439144428 423.247840165617
"792" 0.166666666666667 -1629.75572805449 0.232266415044399 0.173127970777284 518.687756106968
"793" 0.166666666666667 -1696.32168365493 0.249728109294336 0.180132639287797 509.241173483245
"794" 0.0833333333333333 -2132.08834555109 0.152806527346161 0.160273624914784 561.60519804762
"795" 0.166666666666667 -1975.66553727008 0.2782798763273 0.181611765848434 498.588952667764
"796" 0.333333333333333 -1680.67604740722 0.390575135745839 0.216034840170957 429.276571665937
"797" 0.25 -2232.93680998338 0.242901432989463 0.176079588365836 512.962389446357
"798" 0.333333333333333 -1058.01835327309 0.599398922920495 0.282239951178351 311.86097268736
"799" 0.25 -1491.35074523965 0.252591830753049 0.179827001256848 507.780058061432
"800" 0.25 -2159.51562738847 0.294487774102961 0.185215518445282 485.094668853006
"801" 0.25 -1955.15099193601 0.414465336250607 0.217359883874043 419.687037582458
"802" 0.25 -992.686682781862 0.365724034967844 0.201926667430751 439.450101936942
"803" 0.416666666666667 -1233.08345818771 0.646310385168427 0.324433228020321 291.629707445446
"804" 0.333333333333333 -2008.43178756218 0.30866964673439 0.18367501624324 479.462869970326
"805" 0.25 -1834.61657322061 0.354303486135531 0.203068095899297 448.491768315979
"806" 0.5 -1501.39993305587 0.594567505157191 0.290499767388671 316.179372842435
"807" 0.416666666666667 -1298.83644738881 0.588436194798322 0.284391741723069 322.146144385668
"808" 0.166666666666667 -1833.8942621905 0.326980550503343 0.191009460922881 466.456856834805
"809" 0.416666666666667 -1196.22446819294 0.505140501819454 0.244923538629529 362.169278097218
"810" 0.333333333333333 -1843.61339589137 0.366066476101285 0.201079054209466 443.376570532068
"811" 0.333333333333333 -1679.56930889126 0.417743025127159 0.22322227788404 410.483026736924
"812" 0.5 -1106.48940178362 0.557728687553588 0.266246129526667 332.763631032512
"813" 0.416666666666667 -809.384799196806 0.728239307299279 0.377320306632237 245.437915231686
"814" 0.25 -2215.12313317477 0.336447951759137 0.200671899067631 459.07376821754
"815" 0.0833333333333333 -2218.39515038369 0.158541653574502 0.160058123966934 553.110381738849
"816" 0.25 -2546.80218812091 0.324516168769174 0.195563666667009 468.383619914232
"817" 0.25 -1352.42941761188 0.529391469464412 0.253841232816324 347.961691375913
"818" 0.166666666666667 -1775.43694639889 0.192980414311764 0.165991969643458 536.997029015699
"819" 0.333333333333333 -1196.00766143855 0.433558221907665 0.220958418267769 397.830398733476
"820" 0.166666666666667 -2237.73444483382 0.180979479830698 0.168597209619145 552.170460472233
"821" 0.416666666666667 -1703.1874737172 0.476795474300958 0.239154387648705 386.580843492798
"822" 0.25 -1780.18783288746 0.376393164683258 0.210349775698549 443.548026725031
"823" 0.333333333333333 -2128.23313628447 0.38428336936449 0.20728969350767 433.652607224274
"824" 0.25 -2117.04349910035 0.318779715474715 0.190496697004336 473.557363854235
"825" 0.166666666666667 -2139.18880177351 0.184624034700859 0.165006802413389 548.027813217321
"826" 0 -2680.44254734256 0.0967340468999842 0.159973749771268 593.368363127401
"827" 0.416666666666667 -2103.98309063488 0.64114735830444 0.315331477899064 295.601156228874
"828" 0.333333333333333 -1667.81003912792 0.336639912362911 0.197198464406913 466.126420707149
"829" 0.416666666666667 -1534.41487957078 0.510471278208135 0.252555338428106 361.460220222874
"830" 0.166666666666667 -1857.13996957609 0.197558575740587 0.165095344745374 529.974148229521
"831" 0.333333333333333 -1667.92177313424 0.33596764778364 0.191100223054878 459.004163295725
"832" 0.166666666666667 -1406.68894897623 0.282375173096305 0.182433222687989 488.832983186841
"833" 0.25 -2100.65869351393 0.160705953812334 0.164190643457801 547.984785979763
"834" 0.166666666666667 -2041.34860710354 0.193910587475617 0.164267162049956 538.092042078278
"835" 0.333333333333333 -2041.97687956321 0.43921763763725 0.224032283026459 406.95696698009
"836" 0.333333333333333 -1497.84939530799 0.509351247035287 0.249349612722141 365.641926584218
"837" 0.416666666666667 -1618.23025924041 0.454011844606994 0.230440945595468 393.279213260366
"838" 0.166666666666667 -2934.31674330323 0.326564735231781 0.197312625777421 469.843904692067
"839" 0.166666666666667 -2682.95145499341 0.193692089604726 0.168079585217365 543.819920368472
"840" 0.166666666666667 -1647.41119986318 0.18433880721391 0.170388261594346 550.044619075933
"841" 0.333333333333333 -1579.29115839239 0.415259185289212 0.21876792080898 416.168463426381
"842" 0.166666666666667 -1653.33338100208 0.339898275358315 0.197679864942624 452.155638581752
"843" 0.25 -2132.78887754515 0.273422376161779 0.180765048069155 492.873413886679
"844" 0.25 -2177.02837725863 0.29607257810468 0.186788531231845 486.786326015487
"845" 0.416666666666667 -1035.67245243807 0.642333995444997 0.308877855610704 288.87388440364
"846" 0.25 -1661.06855173734 0.363580524422846 0.201938973355098 440.544864174598
"847" 0.333333333333333 -1982.35339100782 0.37440930052261 0.205196973980369 442.95619083717
"848" 0.25 -2799.59372306637 0.251498599662208 0.176787870419898 510.473548142265
"849" 0.0833333333333333 -3284.92068441883 0.139038239515649 0.155918992119701 565.944278073281
"850" 0.333333333333333 -1375.1028842193 0.562993964595453 0.276638587267859 336.307065017147
"851" 0.166666666666667 -1754.94037006368 0.331601458018161 0.194531408450972 462.522327749543
"852" 0.333333333333333 -1514.84470310751 0.282192421205296 0.186682118101602 486.114896905446
"853" 0.25 -1474.60417689615 0.317590462124474 0.192191144219404 468.323396723419
"854" 0.166666666666667 -1670.59063952116 0.282212037997336 0.187987433075482 489.082203499889
"855" 0.333333333333333 -1634.9581711525 0.403413199406379 0.215687570045731 421.398424905294
"856" 0.333333333333333 -2919.08336689308 0.358668488746728 0.198343426400854 449.684954161262
"857" 0.0833333333333333 -2511.98710853444 0.150842137358563 0.163542335908843 570.661537992065
"858" 0.333333333333333 -1219.99835657432 0.391178090677489 0.209180293711373 427.576246894123
"859" 0.166666666666667 -2490.18213199921 0.134262078809306 0.158814512124021 579.029395686651
"860" 0.25 -1924.13637886817 0.260533764904326 0.181830455592145 504.434054361226
"861" 0.166666666666667 -1302.07900999926 0.413776237776282 0.217232469116509 417.874195635905
"862" 0.25 -1677.75731470057 0.323847440450743 0.195694941096553 465.533571240106
"863" 0.416666666666667 -1650.49077095621 0.52818455929966 0.259802187244125 358.829266562618
"864" 0.25 -1774.56083579908 0.183416801175666 0.163456692088646 540.873418820684
"865" 0.333333333333333 -1276.08577648593 0.316847905844244 0.193362514445168 468.393065082522
"866" 0.333333333333333 -1859.30933851986 0.39029681280697 0.215308702559731 437.530166386068
"867" 0.25 -1788.45503995045 0.339956776298116 0.198286998564806 461.961833208227
"868" 0.333333333333333 -1367.29404807413 0.298013449915233 0.190845124449365 473.796826182609
"869" 0.25 -2004.41217017816 0.308701360569258 0.190105863638382 481.861737722228
"870" 0.333333333333333 -1998.80436091322 0.418662459558155 0.22211798501655 415.162036798
"871" 0.25 -2786.94376290259 0.212407406313566 0.169620746882911 528.359011262034
"872" 0.166666666666667 -1675.11470345427 0.264583311955954 0.181682002381119 494.465207440283
"873" 0.416666666666667 -1151.47133726309 0.459936835681954 0.230741727087973 387.66898691061
"874" 0.166666666666667 -2265.23505209544 0.305352439919737 0.191890952928845 474.88946490163
"875" 0.25 -2013.1306040303 0.301035123676745 0.190617986197939 482.480971315273
"876" 0.166666666666667 -1414.67500798926 0.262974458267423 0.184636393639722 498.748523888472
"877" 0.333333333333333 -982.610567142232 0.486643954030137 0.241057129859021 369.202205790998
"878" 0.583333333333333 -962.408672845765 0.603960741991487 0.291534865496797 309.447035472747
"879" 0.333333333333333 -1433.32140721727 0.489198281929641 0.246072293308333 373.626528491029
"880" 0.25 -1694.72041597717 0.32160397521266 0.194918081480029 471.168749570928
"881" 0.25 -1853.41547048455 0.37604142150039 0.203592804148057 443.54216124617
"882" 0.416666666666667 -1586.42392879738 0.229462673813643 0.172101928158614 519.086661123485
"883" 0.25 -1332.77140259717 0.394795866759481 0.214318979247035 423.362240412259
"884" 0.25 -997.544396563458 0.587613218296969 0.282810264441716 319.270098442161
"885" 0.416666666666667 -1877.60937032385 0.437391966951118 0.222753057842986 406.054654019997
"886" 0.25 -1519.00822209486 0.310895485806043 0.192906172091638 474.005929830922
"887" 0.166666666666667 -1561.15173837309 0.164973740997181 0.163464182861235 556.168493504282
"888" 0.333333333333333 -1910.49035686129 0.515715916507962 0.253509752477048 359.156470869933
"889" 0.166666666666667 -1333.58637662924 0.362207413637444 0.203014398743579 444.624305702576
"890" 0.25 -1568.24278878642 0.225255305416772 0.171822251585396 518.42073963963
"891" 0.416666666666667 -1197.58463153435 0.465364240424848 0.233124050544242 386.408359789872
"892" 0.166666666666667 -2077.45107358033 0.405366127157748 0.21128654774453 424.687814196104
"893" 0.333333333333333 -1803.04272090917 0.431354026806592 0.218336505990365 405.855733109233
"894" 0.333333333333333 -1150.13832920913 0.531871611350013 0.251761627621069 347.899546106979
"895" 0.166666666666667 -1938.00106417927 0.177133588364666 0.160658410766956 546.986817745683
"896" 0.333333333333333 -1275.61994444556 0.499139793834666 0.240779231180791 367.554290318773
"897" 0.416666666666667 -1796.59093576424 0.43109589146109 0.218716699370314 409.495046759965
"898" 0.25 -1118.00412709309 0.444581456624495 0.229654948418588 392.135767099548
"899" 0.166666666666667 -2068.05263768919 0.234844235445822 0.172459345748791 518.767140534853
"900" 0.416666666666667 -1593.06688553313 0.432669329425235 0.223062739729968 402.570083989145
"901" 0.25 -1657.80044461707 0.21738644370555 0.170207558958323 518.199908637744
"902" 0.25 -1339.94565766166 0.253267719273229 0.180712733183357 503.713250295084
"903" 0.25 -2118.84928273226 0.347326289275151 0.198234972796586 453.591332060536
"904" 0.25 -1908.00656846895 0.417736779445356 0.225101907936494 419.003660017345
"905" 0.166666666666667 -2268.45255958106 0.189330812695529 0.164959999239842 542.321545539652
"906" 0.25 -1400.69873375938 0.326263607753534 0.193915056411498 465.228492601165
"907" 0.25 -1750.34182964018 0.335065360338782 0.19460368859679 457.70284448585
"908" 0.25 -1340.49096007551 0.317154277615702 0.194162049619189 470.807884710683
"909" 0.0833333333333333 -1602.26009521781 0.218713405474317 0.16826416651567 522.834222105299
"910" 0.5 -1218.29107430564 0.57171416714151 0.273480950040383 326.142240423977
"911" 0.333333333333333 -1308.96646535319 0.397177911445879 0.210114219516555 426.453711904723
"912" 0.416666666666667 -1210.24898848713 0.536441781345333 0.254961951813253 348.018799530375
"913" 0.0833333333333333 -1832.86326068825 0.209623178317036 0.169102503611053 524.188314365442
"914" 0.416666666666667 -1443.12834324801 0.457146625199672 0.235590313523165 390.985845177919
"915" 0.416666666666667 -1251.18948748544 0.532697101075423 0.258717987869124 353.453968798742
"916" 0.25 -1715.73671171145 0.260122901019995 0.177194497991267 501.632068832729
"917" 0.416666666666667 -1393.3010704486 0.564942817880035 0.271291812682759 331.184961304937
"918" 0.333333333333333 -1113.91320901566 0.58070277029602 0.282654650160724 323.898101695816
"919" 0.25 -2207.51111176649 0.215432981980242 0.169411380558357 524.003465767393
"920" 0.0833333333333333 -2097.66840575602 0.130809677180988 0.160111457376085 574.518935118192
"921" 0.166666666666667 -2157.95121268703 0.324229483980777 0.199238709098725 471.081470020683
"922" 0.416666666666667 -1587.15391178363 0.404509155262827 0.215075646252072 419.086617646785
"923" 0.25 -2240.72566976727 0.279871908000661 0.180262560989091 490.224619119491
"924" 0.416666666666667 -1790.37308455162 0.480186507154658 0.234378311712709 381.237449272811
"925" 0.166666666666667 -1831.09166586558 0.298249301296231 0.186249134959223 478.486263277906
"926" 0.166666666666667 -2989.81293265779 0.117367698642678 0.155859426639471 579.987965919564
"927" 0.25 -1530.52564075317 0.350329215323949 0.194432313218976 449.679251965212
"928" 0.25 -1360.48061544651 0.414117493455978 0.212463489187686 419.717965221563
"929" 0.333333333333333 -1805.73683715659 0.344718029232298 0.199042842591995 455.16141157392
"930" 0.333333333333333 -2009.56954010721 0.319571097131212 0.191579244781295 467.308689993257
"931" 0.416666666666667 -1827.15336492224 0.443314061878991 0.229262006971461 410.42887736639
"932" 0.333333333333333 -1204.68654026332 0.523405921910031 0.250435266974888 356.103158720834
"933" 0.333333333333333 -1502.40481696252 0.388222749884089 0.213274568683117 431.931022645163
"934" 0.25 -1203.95588359319 0.488063732412078 0.23756385637154 374.768813748208
"935" 0.166666666666667 -1745.03789098343 0.415943891887915 0.222208137620767 420.247350349952
"936" 0.166666666666667 -1842.54820133652 0.184112425348981 0.168790002650224 542.981864891064
"937" 0.416666666666667 -1211.75491566801 0.4580948741199 0.235198756720935 390.521784743234
"938" 0.166666666666667 -1821.62062758253 0.111363240161259 0.15523859552965 578.937670828211
"939" 0.333333333333333 -1286.91393595593 0.470058675693547 0.237032890653551 383.126364170401
"940" 0.416666666666667 -1237.95267504263 0.395496681281848 0.209691424188498 419.691226804636
"941" 0.0833333333333333 -2491.91871941378 0.40849403199428 0.221149012854127 423.405521374699
"942" 0.166666666666667 -1454.66596480081 0.199624051962426 0.165423503668589 529.509279637905
"943" 0.0833333333333333 -2332.11083297154 0.149660128678321 0.164735551464914 565.322020138574
"944" 0.333333333333333 -1062.88064968518 0.4641268455595 0.231114179960052 383.876441852544
"945" 0.25 -2010.90967049127 0.323297504164606 0.194212330188427 468.5123244739
"946" 0.166666666666667 -1406.83948704918 0.281652788726896 0.182020107484779 483.972200756469
"947" 0.333333333333333 -1538.54921889077 0.464399567029424 0.23601198554734 384.713283837761
"948" 0.5 -1198.90610892594 0.416203578498435 0.21707769978475 413.95926675885
"949" 0.25 -2231.49265761174 0.201526814075796 0.166749233702853 541.863041927281
"950" 0.25 -2271.83195089656 0.331818259717213 0.193367493532206 464.901062357959
"951" 0.25 -2032.80283632897 0.503688544010421 0.245178429650609 368.352227620383
"952" 0.25 -1620.6916099786 0.316103667435801 0.186352881468837 472.834721139951
"953" 0.25 -1675.6744302347 0.447162734028611 0.232043656723298 397.84641333512
"954" 0.25 -1982.49008901675 0.289685806751505 0.182142217140322 480.148491166872
"955" 0.333333333333333 -1549.30744358899 0.374100402214299 0.206759833595517 441.979364171168
"956" 0.333333333333333 -1218.33611208506 0.441558704320395 0.225191795354784 399.258696635212
"957" 0.25 -1259.95126173282 0.257903868911401 0.179525155685124 503.660086617044
"958" 0.25 -1396.916871095 0.359895281863456 0.199481656101264 447.135413412552
"959" 0.25 -1380.70571643104 0.401274871792835 0.215515506228582 424.808672224048
"960" 0.333333333333333 -1650.50891168958 0.473590882101275 0.237757618205983 381.304332355023
"961" 0.333333333333333 -1847.2307801544 0.278933929769558 0.18167835515653 488.852731967026
"962" 0.25 -2192.45083161107 0.322515185013546 0.190903783798753 472.379848586887
"963" 0.166666666666667 -1971.17643311826 0.1925536143962 0.169284847815931 538.266198762788
"964" 0.333333333333333 -1178.1141273424 0.414931969205706 0.219467305088085 411.223318132972
"965" 0.333333333333333 -1583.07468590809 0.335260774171289 0.198290412054048 459.842761417632
"966" 0.25 -1820.54527464094 0.33209405284814 0.197024888683742 469.05002024143
"967" 0.416666666666667 -1712.2710666247 0.486955786100217 0.24309884088403 378.646199762952
"968" 0.166666666666667 -1799.34306459277 0.185389639119928 0.169212996414276 542.728396754067
"969" 0.25 -1926.6749043231 0.293530622886579 0.188311023678195 482.498637945275
"970" 0.25 -1336.88082051323 0.329315785523027 0.193637510246145 458.374138738366
"971" 0.25 -1367.30898032052 0.444582529398566 0.225236643999802 400.033812298272
"972" 0.333333333333333 -1660.35315225221 0.479852405123354 0.231399436698314 380.095475726365
"973" 0.166666666666667 -1477.98075774528 0.185510089602008 0.166117431322461 537.401432387773
"974" 0.25 -1833.65537735999 0.2827613062752 0.187876805331693 494.317558633152
"975" 0.333333333333333 -1346.12275314293 0.427290971483658 0.221996131236995 406.824162676004
"976" 0.166666666666667 -1902.49384297078 0.16905954793105 0.161363718868123 552.041261939481
"977" 0.166666666666667 -2552.74838310297 0.286556349484628 0.185438866215395 491.087172808224
"978" 0.25 -1382.57698699286 0.270536959131229 0.18034398134779 485.829833676037
"979" 0.25 -1178.32541680687 0.513610929556566 0.248656464391916 362.469388291477
"980" 0.0833333333333333 -3011.40153273033 0.0612766141023154 0.141801999358397 618.141132998471
"981" 0.166666666666667 -1724.55569465066 0.256558091010413 0.182684544227322 502.104158981019
"982" 0.333333333333333 -1515.05284554692 0.371730699172997 0.204319767979781 443.351034320253
"983" 0.25 -891.214629470698 0.530169714839044 0.256156008027373 347.819645682403
"984" 0.416666666666667 -1503.22223130196 0.434330001990184 0.22060733496655 401.95529757712
"985" 0.25 -1783.56321233667 0.160934217702784 0.16046903071662 556.135593630555
"986" 0.25 -1279.50977353895 0.34845854886006 0.195688294820067 448.634104744792
"987" 0.25 -2089.31836697711 0.208809186114922 0.166589188827461 535.136654539018
"988" 0.166666666666667 -2143.60205717856 0.337507615536829 0.197742695758336 462.482423164188
"989" 0.25 -1847.37204068595 0.375718645000154 0.204609466087937 437.875735263124
"990" 0.416666666666667 -1446.85571469343 0.460164475225042 0.226548450285734 393.354606015813
"991" 0.333333333333333 -1503.87237796788 0.339924162385803 0.194487740079961 450.884196532408
"992" 0.0833333333333333 -1898.8338128797 0.148020975724321 0.159301399624818 560.653816113067
"993" 0.416666666666667 -1510.23483346726 0.402541332579379 0.210294344990315 419.969780503141
"994" 0.0833333333333333 -1869.0783456111 0.241295143798351 0.17095008818413 513.874762654083
"995" 0.333333333333333 -979.168394670977 0.597129864435483 0.294933661080651 318.078642609266
"996" 0.333333333333333 -2220.74876385528 0.34997272099586 0.204551633438433 456.816410477539
"997" 0.333333333333333 -1433.85503987074 0.492471125377957 0.243954425081703 374.222796285923
"998" 0.0833333333333333 -2671.62531985998 0.200941895684525 0.169341417300678 537.801092559614
"999" 0.25 -1527.55846927959 0.199319950022692 0.165547752184625 534.934068755759
"1000" 0.166666666666667 -1869.94578380599 0.247830925459087 0.176534960793608 506.262488586316
