"SCI" "RCI" "GER" "MSM*" "MIG"
"1" 0 -9978.69922740636 0 0.143720646676267 1095.18015427906
"2" 0.444444444444444 -3472.82082218113 0.549584981893151 0.274974601291875 584.084624405368
"3" 0.222222222222222 -15095.4021298697 0.345225878728284 0.203736140717377 772.567888278328
"4" 0.222222222222222 -3961.96211292194 0.30470075624249 0.193922874221049 811.662887280551
"5" 0.444444444444444 -2576.76984960505 0.518691884576548 0.257749087133712 610.671415950917
"6" 0.333333333333333 -5671.16144363413 0.399287176212549 0.217817567459916 722.623073223722
"7" 0.444444444444444 -5070.12031591664 0.323777429733595 0.198328655443509 793.810672102822
"8" 0.444444444444444 -9607.72918998413 0.319654507380563 0.198399822477387 801.776797985123
"9" 0.222222222222222 -9524.74380729379 0.182818598679923 0.168363838415223 934.880087562604
"10" 0.111111111111111 -4470.94956613132 0.401200634817385 0.217976595911197 722.095871540834
"11" 0.333333333333333 -7527.09426551966 0.311778607110115 0.199515090207861 806.58185516668
"12" 0.222222222222222 -7339.64085620613 0.162118139901442 0.170304828776132 946.247780736326
"13" 0.111111111111111 -8588.55525483951 0.241396499445026 0.180305795899045 872.961399910459
"14" 0.111111111111111 -6021.11084593401 0.161536897444358 0.166503867955118 945.323384574032
"15" 0.111111111111111 -8731.66035123068 0.240532806462823 0.179608928710359 876.348415026884
"16" 0.222222222222222 -6773.56112135262 0.237842995156813 0.179857067837475 875.139364232449
"17" 0.222222222222222 -3830.82351866127 0.272996978489143 0.18941550095203 842.346694527543
"18" 0.444444444444444 -7101.90162706754 0.412935416111134 0.222697679433016 712.342896287749
"19" 0.444444444444444 -6711.06952871405 0.625767475245268 0.311436468000308 509.800629371754
"20" 0.222222222222222 -4250.81322556912 0.418682297577156 0.223106535011158 705.49255758971
"21" 0.222222222222222 -9581.37309394383 0.120998728558336 0.158653880485212 992.096755015524
"22" 0.333333333333333 -12895.331642846 0.242130582058941 0.179242530260849 878.139801814547
"23" 0.111111111111111 -8000.65035133807 0.244873818796182 0.182766778471847 867.878634665045
"24" 0.111111111111111 -9517.12883423585 0.0804008329812416 0.153483100491569 1025.52007026107
"25" 0.333333333333333 -15937.1580491509 0.410823133361651 0.221599102530915 721.016520289192
"26" 0.222222222222222 -5004.03448071762 0.243879388474669 0.180946775577231 869.869051260431
"27" 0.333333333333333 -5119.8102472325 0.320630457842921 0.19783929644819 796.035761871026
"28" 0.333333333333333 -6144.91083245109 0.34216834822766 0.202720345514789 780.497395087359
"29" 0.222222222222222 -16668.547196234 0.303428867833487 0.193612528452993 812.963919523498
"30" 0.111111111111111 -5880.96608686565 0.0806242871980059 0.155096913926086 1027.63010461901
"31" 0.444444444444444 -2575.75691679962 0.653207810359706 0.324797501809854 484.609638691577
"32" 0.222222222222222 -8248.76178520992 0.122464119481978 0.161334483275337 988.33199396159
"33" 0.333333333333333 -5766.24266780183 0.388384503422097 0.215803726936553 737.864123921539
"34" 0.555555555555556 -4419.751839092 0.581031135788432 0.28441445134739 555.372797768703
"35" 0.333333333333333 -5900.1778207524 0.298263401414087 0.192799421707111 816.392490217695
"36" 0.333333333333333 -6085.34268844818 0.244715701064921 0.181494558519684 867.243631345173
"37" 0.333333333333333 -11813.1239899101 0.18149159282135 0.170828522994209 932.697103047604
"38" 0.111111111111111 -21162.8071809391 0.0204101564506544 0.144158936328702 1093.55197933263
"39" 0.333333333333333 -9104.44678528792 0.239237743953358 0.179606708118129 876.359249881003
"40" 0.333333333333333 -18285.6645047326 0.262057940594073 0.183046317125804 859.891651858925
"41" 0.444444444444444 -7052.87537501978 0.365358747842527 0.208597973598864 755.892046145117
"42" 0.222222222222222 -7294.32038595649 0.240882290567162 0.179493345237462 876.912733403943
"43" 0.555555555555556 -4027.81990327553 0.491052446653891 0.246775332082058 638.153231588961
"44" 0.333333333333333 -7606.32525014731 0.282971936709224 0.189963068503794 835.768948634365
"45" 0.333333333333333 -5015.0977787812 0.384738551151882 0.216161870098395 741.867611113493
"46" 0.222222222222222 -3837.08435870385 0.384903390826713 0.213898023957573 736.597909418424
"47" 0.333333333333333 -7367.65081513436 0.496937729556085 0.249443058465646 632.68591389712
"48" 0.555555555555556 -6206.9808987375 0.70097268220168 0.358871893815636 439.97944605588
"49" 0.444444444444444 -5943.10580670422 0.320944983988031 0.197212122241938 798.125379974884
"50" 0.222222222222222 -5314.52938383995 0.283272377149349 0.189080496147397 832.449687868915
"51" 0.222222222222222 -6345.86558405981 0.262686839992793 0.184859621025739 853.505248332466
"52" 0.111111111111111 -7603.45320408814 0.16077863252135 0.165726896139355 949.755312303966
"53" 0.333333333333333 -5478.49205485857 0.338917184207456 0.202025902303553 779.806088458491
"54" 0.222222222222222 -10725.5149810345 0.206362801833863 0.173548102804987 906.953158553783
"55" 0.333333333333333 -8783.31631216584 0.342323487356194 0.202396385648868 780.726561818062
"56" 0.222222222222222 -18432.0061129323 0.100903361248352 0.15777841638446 1014.65011192602
"57" 0.444444444444444 -5104.85187030265 0.431554944502288 0.227601154312329 691.560640259343
"58" 0.333333333333333 -7389.31319680119 0.36671594555679 0.208716556383323 754.132794865221
"59" 0.555555555555556 -5351.08406772052 0.615719192954788 0.302011887531815 524.250664303103
"60" 0.222222222222222 -5328.53558439237 0.244642132252078 0.181175636333229 868.770234152791
"61" 0.444444444444444 -7602.40408751342 0.484896931792133 0.245786026724914 646.961573696602
"62" 0.444444444444444 -7935.34290162848 0.389983018082033 0.218320851263901 734.204095322941
"63" 0.222222222222222 -22400.3633906739 0.121849533604927 0.162984174853748 989.307780621177
"64" 0.444444444444444 -5193.73860737952 0.40515691214403 0.220928039866163 719.986287543923
"65" 0.333333333333333 -6575.66853147121 0.390454256923561 0.213844217208999 737.778551909327
"66" 0.666666666666667 -5008.47470249679 0.643561058457646 0.320924459226476 495.857467719726
"67" 0.222222222222222 -5511.11914056277 0.10179834627442 0.15753439977103 999.146854457026
"68" 0.444444444444444 -5745.36301882506 0.360907733250856 0.208331050348041 758.145442412235
"69" 0.222222222222222 -4600.54348514788 0.182398518186245 0.172522911098672 927.943959772517
"70" 0.333333333333333 -4545.36083944622 0.239464145345404 0.180745341235708 870.838489799504
"71" 0.333333333333333 -9591.37639814964 0.243013689170915 0.180199648394041 873.475622193306
"72" 0.444444444444444 -7147.35054308398 0.541851936317361 0.265460553400167 594.021283894149
"73" 0.444444444444444 -7839.63765523146 0.523912366204864 0.26153066931754 606.837082245317
"74" 0.111111111111111 -4871.29089783362 0.153283684994592 0.166113309996958 947.545985345077
"75" 0.222222222222222 -11441.3215263435 0.20165497468748 0.171932851892876 915.473676305148
"76" 0.333333333333333 -5953.89118094838 0.345050501222037 0.205712937759751 777.715358577692
"77" 0.333333333333333 -4984.76719867323 0.282827262327576 0.190736871566381 836.511600279459
"78" 0.222222222222222 -11433.8242470301 0.162575783506275 0.167426411068053 945.32775038511
"79" 0.333333333333333 -4102.94951051564 0.371479950127379 0.21501352806635 750.499404727365
"80" 0.333333333333333 -5670.08804207126 0.507859265989136 0.252570924282273 623.191289525037
"81" 0.222222222222222 -5093.21713496589 0.224175361795899 0.176671901157975 890.916999071953
"82" 0.111111111111111 -9860.38219075 0.124043154918783 0.163674132716056 987.916500747134
"83" 0.222222222222222 -9354.0789474699 0.326027547282612 0.201650801343395 797.527508909279
"84" 0.333333333333333 -4981.49367961518 0.303531089918902 0.196514824866377 819.017002127529
"85" 0.333333333333333 -5005.91270555412 0.466056210006964 0.238475119147744 660.026926760795
"86" 0.111111111111111 -56021.2648560577 0.0809006380963511 0.154998434757772 1034.02627778333
"87" 0.444444444444444 -3864.00287829894 0.383534902758254 0.213686250670361 736.593952611438
"88" 0.333333333333333 -7862.32038305199 0.287197031966545 0.190545777845897 826.355150767718
"89" 0.222222222222222 -6721.01889622108 0.202361428887516 0.174724325758345 911.769990192889
"90" 0.222222222222222 -5196.99590851266 0.303761046357391 0.193656866865696 812.777788608754
"91" 0.333333333333333 -3158.62939072714 0.343340723681956 0.203863130023324 772.086644514836
"92" 0.555555555555556 -6981.79526060024 0.430006885170779 0.227670425029968 691.350226887316
"93" 0.222222222222222 -6897.73610238245 0.25181854403349 0.182007224983244 864.800834222324
"94" 0.333333333333333 -14438.7765989234 0.323726748400287 0.196490536985019 801.056388847879
"95" 0.333333333333333 -5968.20221651782 0.428760365234095 0.225657744202668 697.516500291857
"96" 0.222222222222222 -4648.45531008107 0.458719185893949 0.236663751113431 666.039814719185
"97" 0.222222222222222 -6976.58981555559 0.456901285874875 0.235648218487294 667.944790800475
"98" 0.444444444444444 -8229.98822558231 0.404023338547848 0.218404939851388 720.679670098587
"99" 0.333333333333333 -5417.02679334987 0.460248746294256 0.235851377460226 671.358608974633
"100" 0.333333333333333 -6951.95996801726 0.410098639980303 0.221003648877697 712.205435517966
"101" 0.333333333333333 -12273.4310318367 0.361686956999035 0.205459678585706 766.087054566969
"102" 0.111111111111111 -10870.7557160399 0.122258202275219 0.160116832717769 983.032185488217
"103" 0.444444444444444 -3979.07131209878 0.485264151853349 0.245677608436038 645.050436284789
"104" 0.555555555555556 -5365.18990113482 0.510362277646051 0.255914985741319 618.905130238971
"105" 0.222222222222222 -14501.7994845249 0.22552563447065 0.178015727161502 895.720279772999
"106" 0.222222222222222 -8883.37093499753 0.142884339187111 0.162376959464735 969.349349309527
"107" 0.444444444444444 -5152.60402506451 0.345853713327026 0.204578687788255 775.207793177525
"108" 0.222222222222222 -6748.11496877026 0.4736136964245 0.24007957410759 656.424075464648
"109" 0.222222222222222 -5338.22215808486 0.402994526135726 0.21773577700268 724.058482921915
"110" 0.444444444444444 -6226.61577062763 0.449199612648945 0.231824697190174 678.96130959196
"111" 0.333333333333333 -5303.69384706873 0.301454150377094 0.193509886018548 814.266680519818
"112" 0.444444444444444 -4924.47298556303 0.381084589893247 0.211855385719506 742.959634778393
"113" 0.111111111111111 -5785.40255332776 0.156566139486375 0.168247106966634 950.619371662149
"114" 0.111111111111111 -6080.6313185346 0.237080167007239 0.17992856684023 874.903951651906
"115" 0.444444444444444 -6280.61221592574 0.387035979940841 0.213094422721362 738.639697791683
"116" 0.222222222222222 -9028.68955741555 0.101982269244026 0.157801331554969 997.456728970446
"117" 0.333333333333333 -11607.2031388233 0.360179890426204 0.205558113834009 766.154663454206
"118" 0 -11965.2463771346 0 0.145367013938191 1094.27756380034
"119" 0.222222222222222 -6428.34062152693 0.10204715260272 0.158697063277557 1000.05404643044
"120" 0.333333333333333 -3945.02512000483 0.402774551898411 0.219478674317709 717.153958075005
"121" 0.444444444444444 -4121.17565775473 0.450787875396814 0.233326686667298 675.079384394502
"122" 0.333333333333333 -3569.13956017581 0.3511123914079 0.204678113052673 769.012366063264
"123" 0.333333333333333 -6985.88228934751 0.498957539131072 0.250086852603654 629.381346365507
"124" 0.333333333333333 -13318.7141312965 0.354940827991873 0.206622502027252 764.208617994958
"125" 0.333333333333333 -8245.08621139639 0.44586203603877 0.231851983949973 682.223076238507
"126" 0.222222222222222 -5965.37400436458 0.101789712105596 0.15730905616182 1003.27585626263
"127" 0.444444444444444 -5354.42600944879 0.342512625730316 0.202889923419196 776.717288391828
"128" 0.444444444444444 -5147.47770459631 0.446702644102688 0.230754672215004 682.109698967845
"129" 0.333333333333333 -6653.81734700506 0.416539391553031 0.224797440092565 709.972501320136
"130" 0.333333333333333 -19220.1994065013 0.403997604430269 0.218375021497277 720.778406434925
"131" 0.333333333333333 -7191.37103830283 0.264214861731894 0.189266045938465 852.158660035767
"132" 0.222222222222222 -3965.51709198546 0.205582272047919 0.17426986268467 903.196901490679
"133" 0.333333333333333 -3510.58873111887 0.442442416517064 0.232657073049844 684.731869209209
"134" 0.444444444444444 -5165.45901966244 0.440106764698537 0.230313649850937 683.415855299379
"135" 0.444444444444444 -4036.34165389197 0.458046684649371 0.237238735143562 668.709568858543
"136" 0.333333333333333 -5716.41790620316 0.222070522946081 0.178910348045091 888.380607986148
"137" 0.111111111111111 -4508.30569332212 0.166314140514559 0.170000514958359 941.546019733814
"138" 0.222222222222222 -5339.70835631818 0.156752178196335 0.165703065052144 949.891904235259
"139" 0.222222222222222 -10428.5868111743 0.162438308664133 0.168226589456509 946.560693489201
"140" 0.333333333333333 -4817.76985673742 0.369356717127365 0.209896039490303 752.928669278952
"141" 0.333333333333333 -5608.67578454159 0.300480179582701 0.195323276085855 817.015729249269
"142" 0.222222222222222 -5564.26786108768 0.277441933902677 0.188196387700721 836.360367608676
"143" 0.222222222222222 -21305.5017119847 0.14186138582472 0.163127717091731 971.4788072119
"144" 0.333333333333333 -7838.87618984366 0.605974843244127 0.297916466268913 532.015390412975
"145" 0.444444444444444 -3392.20656594353 0.520792738861258 0.258683232676563 608.466186120384
"146" 0.222222222222222 -4882.23959470416 0.213104476691797 0.175587472062115 898.086291902536
"147" 0.333333333333333 -5641.7857748313 0.307291037810172 0.195057984209886 809.665847360156
"148" 0.111111111111111 -7000.88170869802 0.0619078802936239 0.150787601917589 1043.85239899249
"149" 0.222222222222222 -6048.43108704878 0.383911830297244 0.212290124108528 742.578919912083
"150" 0.333333333333333 -6543.23400209767 0.644672686262527 0.32057383339217 498.991078234348
"151" 0.222222222222222 -9831.37344731191 0.180869788077517 0.171916038328249 936.849661502498
"152" 0.333333333333333 -8782.89205318157 0.285277278046897 0.189290908599006 832.712974332413
"153" 0.444444444444444 -8036.47444358632 0.401276926729273 0.21875148856195 719.537960791634
"154" 0.333333333333333 -3592.73862879128 0.490529904102382 0.250609429492319 639.560951936268
"155" 0.333333333333333 -12205.7052793178 0.222166628006617 0.178292456018158 896.16540182766
"156" 0.111111111111111 -7885.04249962351 0.0622946223913925 0.154745474567941 1041.79965783879
"157" 0.222222222222222 -5410.75714889455 0.102598136652312 0.157199004618914 1001.27860466784
"158" 0.555555555555556 -4967.38834280838 0.467364581761155 0.239302571723128 657.744707324379
"159" 0.222222222222222 -6734.08123460738 0.163382395176041 0.166409192514561 945.996532934532
"160" 0.111111111111111 -9661.12458691579 0.165002704044508 0.165825192115374 949.192327125347
"161" 0.222222222222222 -10015.4594594044 0.184452825704281 0.169896988119991 926.443733592471
"162" 0.222222222222222 -3528.47866071216 0.290294588578027 0.191297775726329 825.000239425525
"163" 0.222222222222222 -6826.72124718786 0.274414737206877 0.188563218045777 840.762533808709
"164" 0.222222222222222 -2997.38056882923 0.48047171983883 0.244722695387854 648.227005536947
"165" 0.444444444444444 -3479.5487642756 0.364416735974925 0.208360046302888 755.423137942632
"166" 0.333333333333333 -5269.42930995585 0.503709597702781 0.255233500221888 631.216517479369
"167" 0.333333333333333 -14833.0077278732 0.265536918331171 0.185235883175455 855.218439380848
"168" 0.333333333333333 -3148.95487928969 0.481989507088341 0.244303796703423 644.420688093151
"169" 0.444444444444444 -4394.23893916897 0.529289713759677 0.262002392583766 600.757872658269
"170" 0.444444444444444 -6315.71155414881 0.364055154386869 0.210103630892538 759.932405818929
"171" 0.555555555555556 -4102.48736150701 0.468216773359897 0.239262010990526 660.977056942927
"172" 0.222222222222222 -3089.32300146251 0.429839164734155 0.229717836114313 694.840454477025
"173" 0.333333333333333 -10621.5903290762 0.262128849994911 0.186460602409206 854.511736791465
"174" 0.333333333333333 -3822.02934208463 0.355924577167093 0.207530832540945 760.634416108718
"175" 0.444444444444444 -2723.81166949074 0.482744195734488 0.244527975394128 643.689131054655
"176" 0.222222222222222 -8867.11962266918 0.183054496907011 0.168937560656928 931.70517786534
"177" 0.444444444444444 -11095.4687054812 0.465996382413793 0.239669828256947 661.725043833721
"178" 0.222222222222222 -7743.25641630891 0.364601499092397 0.209436626618806 755.228559616278
"179" 0.111111111111111 -6616.83621441505 0.161001605111561 0.165955374094633 948.447743007378
"180" 0.222222222222222 -5459.46693679892 0.143314832073195 0.165646812362133 962.896144936979
"181" 0.333333333333333 -9262.35950638391 0.321136525182527 0.201384063538273 801.869984004227
"182" 0.444444444444444 -4951.87713187696 0.36188792545939 0.208025263092705 756.638870010013
"183" 0.333333333333333 -5411.6673559221 0.348498477545442 0.203416024097313 773.78368148962
"184" 0.333333333333333 -5971.8598898989 0.441611220687389 0.230538117077014 682.750436221436
"185" 0.333333333333333 -14065.7484890898 0.362039277954349 0.211185566890359 764.294511500536
"186" 0.444444444444444 -5973.7843892539 0.463354626194974 0.23794677355072 664.413405497838
"187" 0.333333333333333 -5864.79316856428 0.392311754179618 0.215102081683841 733.902048829151
"188" 0.333333333333333 -8725.98344410129 0.362674533140964 0.206205914376088 763.3146725022
"189" 0.555555555555556 -3653.06107209313 0.629393775784663 0.312953111827091 510.651590347686
"190" 0.333333333333333 -5991.69911016073 0.410166050183729 0.221087170873003 711.936379566835
"191" 0.333333333333333 -13961.4031452316 0.219914896815125 0.176227141907961 893.165481184539
"192" 0.111111111111111 -6717.50629571503 0.144541243066033 0.165562189356139 968.15739583883
"193" 0.444444444444444 -5712.81801306218 0.401788971715492 0.216399576916465 727.358168822853
"194" 0.333333333333333 -7989.7536316983 0.30494727599057 0.193234571427619 818.730581065407
"195" 0.333333333333333 -3917.73780270278 0.516972520777119 0.25713182958818 612.137362582027
"196" 0.333333333333333 -6480.6101935051 0.307319999858392 0.194938169746399 807.43550739584
"197" 0.333333333333333 -13277.8926552267 0.329617646508168 0.199394622568228 795.102867488889
"198" 0.222222222222222 -2877.83443935756 0.390338809781347 0.217116018649384 728.775524630235
"199" 0.333333333333333 -3144.88464754571 0.387496823761618 0.215417113001511 734.680898002326
"200" 0.444444444444444 -4888.19190481662 0.4649745740847 0.236946215481461 664.285773377609
"201" 0.111111111111111 -6515.30122179025 0.144374398937956 0.162879514175128 966.358481587586
"202" 0.333333333333333 -8530.46537085227 0.300337827433067 0.192715998525858 823.212220194284
"203" 0.333333333333333 -5403.70389855804 0.202093196517373 0.173844752125162 911.875425193459
"204" 0.111111111111111 -6208.59177169078 0.020775165586576 0.147090128799754 1077.6293118763
"205" 0 -9187.21726355672 0 0.143397548681621 1101.13226123888
"206" 0.444444444444444 -8911.90858086496 0.421471409399435 0.225843160284299 704.504224814405
"207" 0.222222222222222 -8864.75968886752 0.203155374525754 0.176798208721866 913.497840470192
"208" 0.222222222222222 -7306.36722448686 0.164024666123472 0.170143320307379 947.324878007895
"209" 0.333333333333333 -3795.50947564645 0.239275880135616 0.180253608666577 873.214140700782
"210" 0.555555555555556 -6953.79944850795 0.595091128037628 0.292419349561136 538.268073696992
"211" 0.333333333333333 -18357.1927435231 0.323151144354291 0.197640298566973 798.278391871112
"212" 0.222222222222222 -16652.177330097 0.24276229762946 0.18466568988712 871.960443401965
"213" 0.333333333333333 -9978.7538988161 0.390427126283458 0.21601673184629 729.284854202997
"214" 0.333333333333333 -4876.02557185591 0.622642015857612 0.309035691158876 513.575870666374
"215" 0.333333333333333 -3702.84398588186 0.528528428527987 0.26093708674945 603.210536151705
"216" 0.444444444444444 -5748.7215269429 0.326908863950369 0.19900217780688 793.730701523228
"217" 0.333333333333333 -4735.58289753155 0.507484305262527 0.256062701487994 620.905756557826
"218" 0.222222222222222 -6581.81147097665 0.242915262883825 0.18156719023137 873.423645611457
"219" 0.333333333333333 -3663.69286939974 0.460449455414052 0.23731313037182 668.207899687509
"220" 0.222222222222222 -5189.20595690345 0.501526597173417 0.24992352186833 629.792661464354
"221" 0.222222222222222 -6865.33861574051 0.20443749679494 0.173395923031766 907.749139933148
"222" 0.444444444444444 -5524.58746643286 0.432691025744426 0.228867421951003 692.03148530121
"223" 0.222222222222222 -12043.2769382712 0.321511488479312 0.19613184419907 802.521388827823
"224" 0.222222222222222 -7072.77362102834 0.202792011660824 0.173112112611779 912.87479635994
"225" 0.333333333333333 -5247.23033584005 0.338949887987178 0.202198466128693 778.443096100539
"226" 0.444444444444444 -7338.67229959916 0.431781905422257 0.229431171191358 696.394896078482
"227" 0.222222222222222 -9216.50157142809 0.314909800385822 0.195095761499466 806.783288320853
"228" 0.333333333333333 -10604.2883782812 0.283882131130984 0.189976827555601 831.448576687533
"229" 0.444444444444444 -4762.06960741174 0.480228912989032 0.24330911796617 649.326789308479
"230" 0.333333333333333 -11047.8486886769 0.389658763647639 0.215079807274064 731.821373632876
"231" 0.222222222222222 -7888.60193330222 0.394783794235859 0.215785513859179 729.428019448603
"232" 0.111111111111111 -6054.70117874879 0.103469015114229 0.157052742878413 1002.21108600348
"233" 0.222222222222222 -6014.11178106369 0.101033545171582 0.1564237835152 1006.24084434516
"234" 0.333333333333333 -10653.940672366 0.315213151047437 0.196118696195353 803.451377765648
"235" 0.222222222222222 -5861.03697071639 0.18432402082549 0.170129569073677 925.177209682087
"236" 0.222222222222222 -6656.70421138864 0.32632150344751 0.201250412321501 793.780267131003
"237" 0.222222222222222 -25609.6630449715 0.204262600284526 0.172605748369199 911.904739483679
"238" 0.222222222222222 -4896.05558942517 0.320101670749149 0.197561149718754 799.910847592261
"239" 0.333333333333333 -6153.16277303221 0.500697864469619 0.252060197988218 633.465855963062
"240" 0.222222222222222 -11422.4309165456 0.321620029045851 0.197157581634716 798.346169064008
"241" 0.222222222222222 -9345.26920638486 0.102190078060398 0.156610604758932 1005.29610491088
"242" 0.444444444444444 -5325.78292111196 0.421898039593971 0.223650334197119 703.777173260436
"243" 0.444444444444444 -3407.9735889153 0.417330340824958 0.223502988999867 704.241141043953
"244" 0.444444444444444 -3271.6510137071 0.528046376572154 0.26162075500864 601.634224298457
"245" 0.222222222222222 -5707.78409257017 0.207117429205162 0.174209073558915 903.512066188501
"246" 0.333333333333333 -4484.42224432334 0.380025698752394 0.213903452581573 744.539597380953
"247" 0.444444444444444 -7059.75858860568 0.345464753681424 0.203903201069471 771.934914088831
"248" 0.333333333333333 -4159.85359353447 0.560382200182049 0.275106575528998 572.141904268693
"249" 0.333333333333333 -4788.51755481432 0.374373787206096 0.211785999237188 744.420733385137
"250" 0.222222222222222 -6139.18694743632 0.298709356797099 0.192418754544736 818.007581290137
"251" 0.444444444444444 -12869.2777639174 0.507503533932744 0.253295242516331 625.375334381801
"252" 0.111111111111111 -6703.10187471199 0.0622109522466959 0.151741048557176 1039.59868652346
"253" 0.222222222222222 -5321.12514916333 0.225553092650443 0.177515094659971 886.68515937475
"254" 0.111111111111111 -10648.3093394129 0.0825944371400935 0.153744940346805 1023.77352805855
"255" 0.222222222222222 -8496.23872910876 0.24192801137173 0.183216834142376 875.707719039288
"256" 0.222222222222222 -3621.69490261596 0.164636779258134 0.168097302662303 938.673540692008
"257" 0.555555555555556 -5609.32802845888 0.567083965335233 0.276868227991203 568.501489470294
"258" 0.333333333333333 -8379.90162651377 0.502339442550757 0.252339066167708 631.056919236807
"259" 0.333333333333333 -4943.22271460405 0.319764599538478 0.197101580408302 801.583193332586
"260" 0.444444444444444 -5083.35850196712 0.598026751034745 0.29370402650765 535.91366067261
"261" 0.222222222222222 -7603.54520662789 0.405611712858385 0.222576129265386 722.20890718007
"262" 0.333333333333333 -5092.12844228686 0.401828725307674 0.217343232617697 726.153328139894
"263" 0.444444444444444 -4271.61955435078 0.457791303464686 0.237113705488989 668.86023535179
"264" 0.333333333333333 -13944.0839923069 0.270910651851952 0.186468638552633 848.448668156494
"265" 0.444444444444444 -4377.2722677027 0.360289312475501 0.209181984517265 763.708434606413
"266" 0.222222222222222 -4322.16349241047 0.241797880256636 0.181121715827287 870.117400935502
"267" 0.111111111111111 -9639.19173694824 0.0412779706406704 0.149276814185148 1064.75749668675
"268" 0.555555555555556 -8645.04115665505 0.466048649213753 0.237020869939328 664.07654330309
"269" 0.333333333333333 -8532.60612372921 0.184241524958854 0.172033533425273 935.188545602025
"270" 0.444444444444444 -6514.26007846122 0.471898136211847 0.240363774633514 657.351833606861
"271" 0.444444444444444 -4125.09944999348 0.467492484335982 0.239685558063192 656.6937168509
"272" 0.222222222222222 -8777.57424811303 0.101704122832611 0.159369395007192 1005.33270037947
"273" 0.222222222222222 -5632.83650144242 0.227965028311762 0.177633640268059 886.093421057379
"274" 0.222222222222222 -4596.76484303013 0.483551200565936 0.244016327406269 645.038804054866
"275" 0.555555555555556 -11989.7606460863 0.402479546501527 0.217454269552393 723.830349820177
"276" 0.444444444444444 -5304.28301459554 0.482555530426487 0.247117329543242 648.129658397799
"277" 0.333333333333333 -8228.38500941523 0.24118021079641 0.182964018840155 880.318194424105
"278" 0.222222222222222 -5729.59714070327 0.184441880831777 0.170663632646321 923.66101425048
"279" 0.333333333333333 -9336.12617013191 0.410936512562785 0.224717451812828 712.728701355099
"280" 0.333333333333333 -29686.7513793203 0.364100342633932 0.207038406227573 760.245419523702
"281" 0.222222222222222 -7651.35067351683 0.101146258649333 0.157142043557443 1005.8499328343
"282" 0.222222222222222 -5444.07665336587 0.205919840064606 0.17421779882839 905.25011295306
"283" 0.444444444444444 -5784.81352130154 0.360927755546589 0.207793619533113 761.56445914011
"284" 0.222222222222222 -11522.288147634 0.120743094631637 0.15949403879629 995.48040527273
"285" 0.333333333333333 -8308.15750888158 0.528595328491717 0.262024124441609 600.708046770236
"286" 0.222222222222222 -10439.8420396426 0.280986957513259 0.188238855674777 836.171678986098
"287" 0.222222222222222 -7336.6036578544 0.241288244381102 0.180638633937119 878.880268132105
"288" 0.333333333333333 -9214.72280625424 0.261947637939967 0.1863245822073 859.741104620625
"289" 0.222222222222222 -6185.58853658547 0.445188039408816 0.235003245603181 681.933394468739
"290" 0.222222222222222 -6534.44110833113 0.241728355718033 0.181033831764763 870.410563108791
"291" 0.222222222222222 -4709.95032482993 0.403028580697941 0.218747569862268 719.550850777933
"292" 0.333333333333333 -12056.4632268008 0.321339190964908 0.195955790346214 803.242403411027
"293" 0.333333333333333 -6017.3159843522 0.315257350262762 0.195515316004706 805.052019536984
"294" 0.222222222222222 -4858.87409996024 0.241008882986487 0.181057685168797 869.336199969961
"295" 0.111111111111111 -7809.49800411978 0.167299355500072 0.168119492120497 941.756036475301
"296" 0.222222222222222 -6811.87361718115 0.282757826621749 0.188749393148259 833.909965879284
"297" 0.333333333333333 -8554.46841955717 0.284464782135811 0.189953071712082 828.625715716649
"298" 0.444444444444444 -9175.08359666677 0.525934647809654 0.259102911062585 607.480631361879
"299" 0.222222222222222 -11658.5149806502 0.281393140961129 0.188171351977304 842.309330992424
"300" 0.333333333333333 -7879.67715466486 0.403757265219393 0.219118965940546 722.896022290667
"301" 0.222222222222222 -13295.0317391229 0.242016907225542 0.181445781290995 874.091662108246
"302" 0.222222222222222 -6551.14825754209 0.202029814185352 0.174644109275172 913.589880974405
"303" 0.444444444444444 -3003.55494481681 0.522480050027797 0.261105344826668 609.179638363444
"304" 0.333333333333333 -5356.95985533853 0.203371248162819 0.175664669051733 911.176237566397
"305" 0.333333333333333 -6715.86660004222 0.200780486252803 0.172449132832111 912.732916745008
"306" 0.444444444444444 -7974.25442152885 0.302600864679378 0.192382619750515 818.818009511381
"307" 0.333333333333333 -6784.03132831495 0.281799314002296 0.188660885150593 834.301184765249
"308" 0.111111111111111 -10630.1552136144 0.16223072645467 0.168191875964839 953.814772020211
"309" 0.666666666666667 -3770.67000655133 0.52055697140814 0.259641363020549 609.032973872684
"310" 0.333333333333333 -4587.95030312101 0.265217672294612 0.185534517401974 848.359659453458
"311" 0.333333333333333 -5860.86107793396 0.424995416439254 0.225352072222386 699.824660815485
"312" 0.444444444444444 -3286.00822446912 0.399923493926421 0.220379740734461 724.116155868094
"313" 0.333333333333333 -7107.13682143655 0.423237052083836 0.225111906850779 699.2077949228
"314" 0.333333333333333 -4664.19090709839 0.306465918273765 0.19548820174879 805.163680426427
"315" 0.333333333333333 -6061.94400780482 0.458169377348445 0.235229436604727 669.133941193298
"316" 0.222222222222222 -6516.77536093974 0.359040726162601 0.20843727331768 761.736638813489
"317" 0.333333333333333 -6901.51614832422 0.284586874078725 0.190491961653489 829.694157092553
"318" 0.111111111111111 -10172.4918316678 0.282006577008519 0.188714727812807 834.063148246333
"319" 0.444444444444444 -8245.86131021631 0.359034999806609 0.207824253312161 763.141105964733
"320" 0.444444444444444 -4863.68988941943 0.440396476461586 0.231099092869848 686.00127681247
"321" 0.111111111111111 -19417.7252604804 0.166172422936774 0.16750344893719 939.68214385258
"322" 0.222222222222222 -7408.54123286697 0.30297408756492 0.1929311118621 815.835240261839
"323" 0.222222222222222 -6554.28461678988 0.321915802340094 0.200372867818728 801.175483446359
"324" 0.444444444444444 -8079.10507942795 0.424661622631528 0.227341983648656 704.184896601504
"325" 0.333333333333333 -4520.52604250006 0.28309966707263 0.188810867966388 833.638453629799
"326" 0.111111111111111 -6823.28350114239 0.0207639594392218 0.146143006962684 1077.02724387073
"327" 0.333333333333333 -13030.6944209107 0.364807241269094 0.207380052767878 758.99295954071
"328" 0.111111111111111 -10548.7703202522 0.0624070892411943 0.154136841102984 1039.04927625973
"329" 0.333333333333333 -6531.69290612729 0.240144838410747 0.179623152304484 876.279020719929
"330" 0.444444444444444 -5212.6723105857 0.422000106660563 0.224663015515521 700.604857630096
"331" 0.222222222222222 -7771.89886644697 0.161968548862475 0.166784937256157 953.350900725042
"332" 0.111111111111111 -4528.6077406057 0.141888428190059 0.164712258192651 965.531875183992
"333" 0.111111111111111 -8709.80781971928 0.0793099925516428 0.15391909967048 1022.6151292268
"334" 0.333333333333333 -12254.3220213638 0.321698058240322 0.197438829173506 797.208941416885
"335" 0.111111111111111 -12053.9303877281 0.0768442771006538 0.15357000070492 1024.93976217685
"336" 0.444444444444444 -3852.82557649657 0.519566360761005 0.262646610384459 610.557703512046
"337" 0.333333333333333 -5465.61573442751 0.228302142145775 0.177318347843309 887.668997114105
"338" 0.111111111111111 -7685.92115143957 0.0415149179303793 0.150736140663584 1060.23744463441
"339" 0.333333333333333 -9718.26465865455 0.465388408021966 0.238890081005116 661.224110536813
"340" 0.333333333333333 -3281.13981481768 0.499115655977228 0.249587344840883 630.640948964562
"341" 0.222222222222222 -6186.37113632281 0.157768921174831 0.166090846563518 950.97265659289
"342" 0.222222222222222 -4912.6476229306 0.123022945164412 0.162070055199172 980.251580680744
"343" 0.444444444444444 -9279.63083515732 0.56451824885227 0.278061817841437 568.751093104389
"344" 0.333333333333333 -6437.65140016607 0.32683178943052 0.199861728706561 790.739228098653
"345" 0.333333333333333 -6071.48023369418 0.483764443509627 0.244025349025154 647.524690412823
"346" 0.333333333333333 -14643.4589540981 0.245313206106979 0.182034916922723 864.669276976236
"347" 0.444444444444444 -6478.59740124288 0.608413500212035 0.297173567050535 529.656798086735
"348" 0.222222222222222 -4809.00125699338 0.407337884158407 0.218730533831445 719.606893664389
"349" 0.333333333333333 -4082.00566947009 0.479414949820572 0.242797549582397 648.276723841415
"350" 0.222222222222222 -3975.25143448321 0.205759900361113 0.174501020819886 902.000453982805
"351" 0.444444444444444 -4901.230796109 0.324848470465907 0.19830751605423 793.716764406231
"352" 0.333333333333333 -10845.9338498472 0.345647761705238 0.203409748015285 775.625867418782
"353" 0.222222222222222 -10711.7217853754 0.287256399046304 0.18861088564452 834.522352525592
"354" 0.555555555555556 -5135.7231282901 0.487894654220703 0.245266521268846 641.750856112433
"355" 0.333333333333333 -8367.77896152113 0.265244762606632 0.185555523967764 848.263617456867
"356" 0.555555555555556 -11067.2301573542 0.450213510443956 0.232959723435633 675.653274646378
"357" 0.333333333333333 -5479.623410649 0.608570318600778 0.298719450280501 526.915806293162
"358" 0.111111111111111 -14671.7629076863 0.30447921999896 0.195148258030183 815.697453706339
"359" 0.444444444444444 -9175.95281505365 0.42326268791845 0.223754539391487 705.467879797565
"360" 0.444444444444444 -5706.28361784923 0.493347777495262 0.252603062317377 637.090051237308
"361" 0.444444444444444 -7275.93996019532 0.38930279342395 0.21470201783199 733.109085743059
"362" 0.333333333333333 -4524.37191595192 0.285634891124157 0.189243876837962 831.731005673553
"363" 0.444444444444444 -5776.76307125477 0.52294331611546 0.264437152952643 610.081361148669
"364" 0.333333333333333 -6900.94749918118 0.285262762939105 0.190484262952297 830.568201311585
"365" 0.333333333333333 -9727.26692425079 0.370529369130486 0.209458005699212 751.463280071667
"366" 0.222222222222222 -6051.60558982841 0.164491866022062 0.167515150137144 939.616505558672
"367" 0.222222222222222 -6356.91766205148 0.163192401891674 0.167896801805891 949.006550193718
"368" 0.444444444444444 -4933.69327051209 0.519400119242463 0.259667447300965 608.879783947114
"369" 0.222222222222222 -6566.03614607454 0.184502621137988 0.170239566427753 924.579422415281
"370" 0.444444444444444 -4319.23777351787 0.431704896072419 0.230034451666452 693.723987466889
"371" 0.444444444444444 -10223.2497523706 0.425493697350991 0.224415903598561 701.37631725762
"372" 0.222222222222222 -5013.65383055008 0.24568688751727 0.181365687433525 869.953251693165
"373" 0.333333333333333 -4220.39134068765 0.223478912225664 0.176918147201053 889.67696355721
"374" 0.111111111111111 -4361.03949275647 0.560817349215186 0.277653488350258 575.9940158054
"375" 0.222222222222222 -4215.03792813274 0.545426910237784 0.271386533927842 588.560821183422
"376" 0.333333333333333 -3209.42279486328 0.519184367507525 0.257571005779993 611.093626486999
"377" 0.333333333333333 -12932.6157781523 0.222039622997205 0.175742744591338 895.627300950652
"378" 0.222222222222222 -3720.66881074072 0.143694685819147 0.165530205928461 960.504923994094
"379" 0.444444444444444 -2746.52827676982 0.516631155952894 0.257459468619057 611.358365820651
"380" 0.333333333333333 -5616.28242116834 0.219014304108466 0.180412286719738 894.220988635998
"381" 0.222222222222222 -4709.72031403151 0.290307806193058 0.19124939828604 823.009125312837
"382" 0.444444444444444 -2537.12490683972 0.514295428482354 0.256866812914939 612.850397751154
"383" 0.222222222222222 -120261.055586654 0.204501283720744 0.173791022647056 913.954545735847
"384" 0.333333333333333 -7647.64923013154 0.283493743032953 0.191982681949437 833.67151657131
"385" 0.333333333333333 -5533.10113144238 0.404250393715061 0.221392602618746 718.952340875217
"386" 0.333333333333333 -4592.2826401455 0.343336761620155 0.202560981195234 777.04994847104
"387" 0.222222222222222 -5419.70289836888 0.163665793293326 0.167143301885726 944.257139604539
"388" 0.222222222222222 -6595.90553698797 0.163710460787144 0.167217658949984 946.985592014366
"389" 0.444444444444444 -4810.29216174035 0.481530468664297 0.244829879762529 648.461423384468
"390" 0.333333333333333 -6611.47832691561 0.398929022181143 0.218806662645646 724.360131295584
"391" 0.222222222222222 -6291.4685973608 0.142875060131135 0.163331884303884 963.682018797705
"392" 0 -6997.28631545665 0 0.142992662104259 1105.98704617287
"393" 0.444444444444444 -6184.68330213156 0.323568170433442 0.199577682346899 800.185240469454
"394" 0.111111111111111 -4627.08303478989 0.40282065433221 0.219296912117828 720.640940229967
"395" 0.222222222222222 -7020.5901841004 0.183326308001285 0.169177478969012 930.383884186088
"396" 0.333333333333333 -5190.98500446098 0.281688127004833 0.188647429903829 834.360691159382
"397" 0.444444444444444 -5967.09506382726 0.417339185485729 0.223763818421069 703.420245107776
"398" 0.333333333333333 -4883.601973441 0.182798906655868 0.170323729388579 924.122555119172
"399" 0.333333333333333 -5322.64471488002 0.476715100666573 0.244742517324942 651.031667320384
"400" 0.333333333333333 -4482.73400207908 0.311220150812467 0.198689909575959 807.148870024737
"401" 0.222222222222222 -17101.8799199364 0.162340433381142 0.167138375955378 955.756449020561
"402" 0.555555555555556 -3286.69297714415 0.64966575790214 0.323738119356572 487.295378247998
"403" 0.444444444444444 -3938.95423150056 0.33804013723014 0.204425930120053 783.099596945196
"404" 0.444444444444444 -8235.00999802869 0.344503431867882 0.205216253611866 778.911193409655
"405" 0.333333333333333 -17981.762336434 0.18095068556331 0.171966539466704 934.270628085709
"406" 0.222222222222222 -7246.484314751 0.101173568373947 0.156960199319675 1005.33097466729
"407" 0.444444444444444 -6022.89757405021 0.361520178466413 0.207970177977627 756.83928114411
"408" 0.333333333333333 -12430.1423466127 0.376936419198165 0.213375008756701 750.355669744243
"409" 0.333333333333333 -15055.0875659408 0.285550150245446 0.19150355424293 839.786893811473
"410" 0.222222222222222 -4410.31626966981 0.239698748362815 0.181898333618875 872.094300574833
"411" 0.111111111111111 -7998.9488744633 0.0825454996951112 0.153660907090689 1024.33340385726
"412" 0.333333333333333 -2781.35610113857 0.441783601049447 0.231800048729709 679.033506949502
"413" 0.222222222222222 -6664.80809315757 0.383518420180359 0.213972175868217 737.141913440242
"414" 0.222222222222222 -4047.18062750899 0.102759601357165 0.158158783229929 995.202395880688
"415" 0.444444444444444 -6873.5452204031 0.323397236404458 0.197184635833218 798.23663408102
"416" 0.222222222222222 -14102.7036352656 0.223370676945247 0.176920337086385 897.222725321143
"417" 0.333333333333333 -5393.01161850171 0.395387747535933 0.216202474808989 728.021268669842
"418" 0.222222222222222 -4472.85413100826 0.53775156794502 0.264538887927867 594.997587057669
"419" 0.333333333333333 -6526.47083379559 0.238033621961269 0.182164069208869 877.491582898749
"420" 0.333333333333333 -5729.35264285061 0.252048566298937 0.182769841943247 861.192406397523
"421" 0.222222222222222 -16927.052341113 0.245195634418309 0.18025406169006 873.211946095526
"422" 0.111111111111111 -11519.9230564381 0.061881955781697 0.151853779454922 1045.63134405778
"423" 0.333333333333333 -9389.58634084322 0.42765550496561 0.226697910123556 698.501439583907
"424" 0.444444444444444 -9591.08462325563 0.365460795053006 0.211062178168125 753.548674497451
"425" 0.444444444444444 -3587.36183385002 0.407237569458626 0.220710564319073 713.151182797272
"426" 0.222222222222222 -12264.7884640597 0.183648670130788 0.171286343388983 930.109144323133
"427" 0.444444444444444 -10834.6775386698 0.302873811727379 0.193843596873615 811.994837789889
"428" 0.444444444444444 -8196.92144049053 0.362250712589783 0.209142590552234 763.408404471539
"429" 0.222222222222222 -8908.47499413532 0.224722735321445 0.177376958155455 887.375686429651
"430" 0.333333333333333 -5645.03777041984 0.324500336913039 0.198838455638232 794.561231022095
"431" 0.333333333333333 -5976.25809666593 0.333046690301439 0.20092250434826 783.386612219294
"432" 0.222222222222222 -6661.89059157242 0.524628072836736 0.260001166265936 605.381899860431
"433" 0.111111111111111 -7319.57780489428 0.0415264740638981 0.148979593409875 1057.7418726871
"434" 0.111111111111111 -5406.15460713705 0.103434765517114 0.158340222797973 1004.11488046674
"435" 0.333333333333333 -9294.83848099241 0.42235109771296 0.223573383959316 705.172649718286
"436" 0.333333333333333 -4256.22643757394 0.279413423837004 0.189615922168725 833.010830440233
"437" 0.444444444444444 -5311.08778671652 0.403925637320059 0.21882618191473 722.284187042504
"438" 0.333333333333333 -4818.48857365374 0.256570178928271 0.184484009187769 853.190478096111
"439" 0.333333333333333 -6641.50487470644 0.308310802767492 0.19399438213617 812.212127041537
"440" 0.444444444444444 -9706.67187028847 0.409274762903034 0.220543574284529 713.69116289434
"441" 0.222222222222222 -6972.85716713804 0.239108986602348 0.179368299822629 883.074530916777
"442" 0.333333333333333 -5144.82398465905 0.368376565167173 0.210400515918389 756.433413954312
"443" 0.333333333333333 -5034.87566356744 0.345066515055979 0.204020906698607 771.829029659484
"444" 0.333333333333333 -7470.71500402019 0.281733339632948 0.191103104860081 841.369701507804
"445" 0.333333333333333 -5977.29569293051 0.423399329562399 0.224495211067185 701.128541904152
"446" 0.444444444444444 -5405.56420085439 0.504522289982357 0.254096473839846 624.03209217987
"447" 0.333333333333333 -5187.52038586154 0.30080032014347 0.195769176162269 816.74078796343
"448" 0.222222222222222 -4344.25885518046 0.243547881050135 0.181902488294003 865.29877340435
"449" 0.222222222222222 -10699.0364876756 0.261289904376485 0.184695470681614 857.195763262734
"450" 0.444444444444444 -3881.06589602474 0.46477830944088 0.238558868541229 665.155351655697
"451" 0.111111111111111 -5012.75416743924 0.103382907199007 0.158707813132752 1005.11564563036
"452" 0.222222222222222 -4977.70838840778 0.246134863938401 0.181154156994598 868.873243713053
"453" 0.333333333333333 -4171.49095395461 0.343867682970302 0.205963359295643 777.882817790518
"454" 0.444444444444444 -6653.37689517875 0.3448014886859 0.202983726614346 777.33693518322
"455" 0.333333333333333 -3518.5149258593 0.420496299867517 0.223535404596188 704.139016744751
"456" 0.222222222222222 -6283.89762974553 0.262989952880372 0.184290248496912 856.487196984119
"457" 0.333333333333333 -6900.81240389961 0.449209294322124 0.235801214506706 678.048905544705
"458" 0.222222222222222 -9140.74793538655 0.235786947187915 0.179218051903147 878.259741853806
"459" 0.333333333333333 -7787.41373052887 0.386878300776397 0.213728747340581 736.447492246702
"460" 0.222222222222222 -4843.59171633561 0.204556773968545 0.173964186017362 904.78393055161
"461" 0.333333333333333 -9214.48365850025 0.322980020712896 0.197620637265315 796.475520867202
"462" 0.333333333333333 -4316.18069645893 0.401499700287308 0.21827692631498 721.102329308353
"463" 0.333333333333333 -6912.67066478369 0.435469927229481 0.228661469558611 689.050707569113
"464" 0.222222222222222 -7109.0425941401 0.262665692452636 0.183991588637623 858.295833384362
"465" 0.111111111111111 -7948.2048736587 0.123930590991444 0.159904653027936 984.503529451578
"466" 0.444444444444444 -4081.9912900414 0.549814040509176 0.273070485765482 582.192906696442
"467" 0.333333333333333 -3966.95847887851 0.4045518666923 0.219564679143402 719.871487045637
"468" 0.333333333333333 -4378.8599262475 0.40723958257074 0.221264359426463 713.062704762397
"469" 0.222222222222222 -6655.21156133523 0.326009354600072 0.2006062764809 796.720061974716
"470" 0.333333333333333 -16223.4059801847 0.201231971406655 0.173074408341675 911.354489263752
"471" 0.333333333333333 -15166.7239717677 0.269597056590474 0.186620845867878 845.001204132498
"472" 0.222222222222222 -8618.57638705382 0.100836724111387 0.155242131834098 1013.90001631908
"473" 0.222222222222222 -5558.59013459186 0.441959889726243 0.230036451688394 686.290293315751
"474" 0.444444444444444 -7186.38616582276 0.706421472021499 0.363834997538271 437.023988117627
"475" 0.444444444444444 -6631.3397743773 0.347762269220061 0.205599711002754 778.402930337773
"476" 0.333333333333333 -6616.1383754609 0.221420550885917 0.177069883491961 890.472414723341
"477" 0.333333333333333 -10577.3464582968 0.342124486106877 0.202171821675243 778.804253070592
"478" 0.222222222222222 -4915.6645805703 0.283886214610143 0.189601797814398 830.160904666525
"479" 0.333333333333333 -6451.38260749124 0.24167506017244 0.180770995540722 870.714903843869
"480" 0.444444444444444 -7265.7771054309 0.581087838036851 0.284970121262766 552.338607649552
"481" 0.222222222222222 -13396.5154351749 0.101149765615335 0.157156585848183 1005.82848881132
"482" 0.111111111111111 -34228.4944878621 0.0204487151480774 0.14696540362447 1095.03782173423
"483" 0.444444444444444 -3892.22220378616 0.650739859528088 0.323976932651118 486.8938697109
"484" 0.333333333333333 -8896.99082711715 0.202710845926655 0.176272512911299 911.842380061978
"485" 0.111111111111111 -4927.83351889462 0.165916055147662 0.167245439543849 941.131790674222
"486" 0.333333333333333 -10936.5509497201 0.242192333877066 0.182011043777381 875.829641320207
"487" 0.333333333333333 -4113.31089548575 0.461204090855225 0.236991944247169 664.157596157957
"488" 0.333333333333333 -3840.98077924874 0.404182977926179 0.219547482884047 717.014173280588
"489" 0.444444444444444 -9421.9603274466 0.425448052445657 0.224795927229991 702.404142076359
"490" 0.333333333333333 -6443.68738617112 0.3838197744481 0.213027406203792 738.872067237319
"491" 0.444444444444444 -7047.7703639166 0.31732571117952 0.198738171087007 802.028093108069
"492" 0.222222222222222 -17372.9326567482 0.244062154583959 0.179999885061653 879.01749016128
"493" 0.222222222222222 -7435.79289504103 0.123115502738733 0.161033504712899 977.436343328818
"494" 0.333333333333333 -3046.43362413834 0.592720153024201 0.291893793081438 539.923147727316
"495" 0.333333333333333 -5177.73188293707 0.361662476589623 0.209363136201271 760.245713911392
"496" 0.222222222222222 -6144.51746727899 0.284245341431736 0.18861995356 834.482232813886
"497" 0.222222222222222 -9803.34083067059 0.223598336190238 0.178305120758965 892.52985446821
"498" 0.222222222222222 -8509.64984787706 0.439830229307972 0.230099776889909 692.467463387665
"499" 0.333333333333333 -6321.72989814919 0.261107059291078 0.184722665350571 856.428832210437
"500" 0.333333333333333 -5041.01680490844 0.329214696684821 0.199320698121366 789.682162883855
"501" 0.222222222222222 -4729.80067618194 0.207352500084552 0.176990832996271 905.269700244092
"502" 0.222222222222222 -8736.98175902002 0.101236767263073 0.156718996278677 1004.34538082487
"503" 0.222222222222222 -7380.38178204603 0.142083373867939 0.162718194940884 969.235780476802
"504" 0.222222222222222 -4975.52856403549 0.20386390316574 0.176464878955536 910.314300093451
"505" 0.444444444444444 -7366.14100331721 0.386905081803326 0.215538602168779 740.30718265844
"506" 0.333333333333333 -6968.16302500587 0.301855164140497 0.19317274782354 814.814728130191
"507" 0.333333333333333 -3701.87489580399 0.259454728213391 0.18491017656747 851.224107411783
"508" 0.222222222222222 -5595.75219073302 0.22626657689895 0.177552201801157 886.499848513701
"509" 0.333333333333333 -9418.86966508731 0.321853297198641 0.197019906501922 801.005974511872
"510" 0.444444444444444 -5024.56787711451 0.460372515696521 0.235533136954981 668.271148743224
"511" 0.555555555555556 -5196.69826258792 0.526556980481597 0.261493103058545 601.927921459405
"512" 0.222222222222222 -9256.80211131202 0.222638192563906 0.17608449358259 893.889046091237
"513" 0.222222222222222 -9739.66576326028 0.160735542078377 0.16511022020358 953.302586635319
"514" 0.222222222222222 -6341.64440923218 0.296355614173148 0.191902568731707 820.207884867117
"515" 0.333333333333333 -4409.55175671318 0.354604095807474 0.205719600500191 765.11912145121
"516" 0.222222222222222 -12742.5322820926 0.100932664320173 0.156277210678454 1007.18460047164
"517" 0.222222222222222 -4273.27941861183 0.280573479571997 0.188970642836669 832.933611471299
"518" 0.444444444444444 -4082.11549577759 0.36674920028412 0.209277206866932 755.266795900697
"519" 0.333333333333333 -4342.17929965706 0.484916923051936 0.244726917373719 643.165867037163
"520" 0.111111111111111 -5992.26788851343 0.165482780672164 0.166809387785755 943.591976982495
"521" 0.444444444444444 -5020.39555419211 0.471286754874551 0.240955120885237 654.678784690425
"522" 0.333333333333333 -5133.82577236923 0.369359739903727 0.209716706909472 752.94992562728
"523" 0.444444444444444 -6337.55770487441 0.466339571509325 0.237158457018428 663.691280415817
"524" 0.222222222222222 -3440.77196159445 0.478614593222784 0.244357242891619 647.719698234857
"525" 0.222222222222222 -6729.50963337992 0.326392046356667 0.201402635781539 794.774999361835
"526" 0.333333333333333 -7594.1218401442 0.201346530560838 0.172052487799233 914.837105893344
"527" 0.222222222222222 -4788.8117110042 0.353163523934281 0.208524727142776 766.939890611824
"528" 0.333333333333333 -6444.82804832434 0.344090665314418 0.205924832300678 773.490325597324
"529" 0.333333333333333 -3066.95942563599 0.480313928108605 0.245764263714265 648.589935441315
"530" 0.222222222222222 -11183.539080897 0.403819701933482 0.217484755452931 723.728886984289
"531" 0.333333333333333 -13311.828990315 0.560925342003287 0.278519811710694 575.089498316334
"532" 0.444444444444444 -3208.8573503196 0.432701558927009 0.228429183680236 689.053812932828
"533" 0.222222222222222 -5346.90595980461 0.243841507476642 0.181697587557074 866.274572580983
"534" 0.333333333333333 -11852.6168365865 0.367268860508277 0.209535732339784 760.420519768423
"535" 0.333333333333333 -32417.4174819383 0.301835214173462 0.192037681109918 819.630809382186
"536" 0.333333333333333 -5938.17428956756 0.353999958017748 0.206206758617792 763.311547376309
"537" 0.222222222222222 -10982.5876405024 0.184660210956215 0.170354806939191 929.653685433394
"538" 0.333333333333333 -13869.3779068884 0.20241614257973 0.17410665563717 913.475109351706
"539" 0.444444444444444 -3461.19321547994 0.447354569724708 0.233012572900474 675.500030065887
"540" 0.111111111111111 -12458.5852437819 0.0618813474700451 0.152132592768555 1045.98615070079
"541" 0.222222222222222 -6231.00526374295 0.217124307087512 0.17645824191697 897.254301108653
"542" 0.444444444444444 -3151.88024721385 0.574179977153301 0.282326918613308 559.396560980589
"543" 0.444444444444444 -6507.88159329713 0.401642473680212 0.217084528262315 725.06318741336
"544" 0.111111111111111 -7742.87620765618 0.0622497835973193 0.153612600581875 1041.2044221021
"545" 0.444444444444444 -3041.18990984615 0.515460299732632 0.257006221351384 612.436536253337
"546" 0.222222222222222 -5369.25415729818 0.264392262588404 0.184955143507876 851.01715483407
"547" 0.333333333333333 -5062.9153945193 0.523678787604377 0.258589405057844 609.089340498671
"548" 0.111111111111111 -7243.87370387908 0.122044650662333 0.159849195405778 984.678087371285
"549" 0.222222222222222 -8165.79329978394 0.182353776752592 0.172927581619488 928.676588981412
"550" 0.333333333333333 -4057.41653814036 0.318493816858419 0.198198196847248 799.345241133822
"551" 0.333333333333333 -9059.64556481869 0.343817908021373 0.206155798835701 779.841034348682
"552" 0.222222222222222 -4744.02042431276 0.266744660914949 0.18568902462687 847.653760453989
"553" 0.333333333333333 -5918.57367688485 0.362241407069384 0.206576794992007 761.944244541554
"554" 0.444444444444444 -4395.6807330595 0.510483640043991 0.253548403509405 620.788763886504
"555" 0.222222222222222 -5203.90918104341 0.221021958868888 0.176072754312417 895.818630689615
"556" 0.222222222222222 -4312.83139874856 0.143510035188943 0.163361858211023 963.505200808123
"557" 0.333333333333333 -11455.3149669172 0.410093257458277 0.219690312616972 717.474655144964
"558" 0.222222222222222 -6102.71666184246 0.230095322916298 0.179017636083848 886.31111933121
"559" 0.222222222222222 -7803.80996051209 0.162559466090624 0.165273478566557 952.900698232069
"560" 0.111111111111111 -4084.32296027836 0.161352232561118 0.167288192331019 947.505337048229
"561" 0.222222222222222 -3413.57250157267 0.643130764296599 0.317589877749876 495.607735092752
"562" 0.222222222222222 -19090.183989621 0.304357714400468 0.19329615943539 817.397588691814
"563" 0.444444444444444 -8134.91879542115 0.382787616280916 0.212551602337778 740.824411886325
"564" 0.222222222222222 -8708.53026394226 0.180244872746587 0.171924706199778 930.185826535872
"565" 0.333333333333333 -7620.26958039936 0.261998958533156 0.185709134677945 849.355243486632
"566" 0.222222222222222 -7702.92815863152 0.140104520742038 0.163282160285041 963.975487127481
"567" 0.111111111111111 -7684.28449870932 0.10389774745991 0.158616804401212 999.452638474084
"568" 0.444444444444444 -4838.62997416617 0.383410715682826 0.212462749991357 740.835746531584
"569" 0.222222222222222 -15350.9671594269 0.181636320773307 0.169394244824523 929.19331564689
"570" 0.555555555555556 -2640.9883614988 0.523643922727564 0.2598366344364 605.765235304134
"571" 0.333333333333333 -5733.50957991372 0.307616749748905 0.195942916781579 813.290007698
"572" 0.333333333333333 -4696.47648942317 0.326998207507647 0.200376005943387 792.49827241397
"573" 0.333333333333333 -5627.65111210908 0.244340609768992 0.181252946966015 868.399673686479
"574" 0.333333333333333 -5828.7317519739 0.474737340909532 0.24529500667049 655.736424225103
"575" 0.555555555555556 -4535.0199079106 0.541718668959855 0.265823140256497 592.123017763323
"576" 0.222222222222222 -5771.92146507974 0.121541523248774 0.16004136929924 983.495709198155
"577" 0.333333333333333 -5067.58990167733 0.400303025946394 0.217900225470345 722.348954253015
"578" 0.555555555555556 -5318.40850887246 0.490224472952907 0.246641216763211 638.173951887013
"579" 0.333333333333333 -4695.9261655761 0.260963161403035 0.185566279509297 848.214451549179
"580" 0.333333333333333 -9492.86706300048 0.321982538565471 0.196712294881214 801.631768414914
"581" 0.444444444444444 -3980.08501719774 0.644063496585766 0.321682931795224 495.070554747642
"582" 0.333333333333333 -7970.64427181637 0.245331330997873 0.180634962844166 871.370622396003
"583" 0.333333333333333 -3590.82293035741 0.492868160974679 0.248531926288838 633.31903611077
"584" 0.222222222222222 -15250.9606072666 0.22471805416642 0.177822700479336 892.492316849344
"585" 0.444444444444444 -10453.9812290983 0.45087961964179 0.235474652414913 672.21629479751
"586" 0.222222222222222 -8188.91982803735 0.163363437354786 0.166283879890134 950.033915564185
"587" 0.222222222222222 -8790.04087027209 0.205787014098936 0.17304391036425 909.59571861662
"588" 0.444444444444444 -7862.81177665046 0.361114046519898 0.207734791222434 757.696864707954
"589" 0.222222222222222 -12667.4446373728 0.262849908765698 0.184828225305338 851.601532936725
"590" 0.222222222222222 -4673.59904721261 0.217907621175412 0.177145875271689 892.23040345097
"591" 0.222222222222222 -10951.0032453974 0.281015856063114 0.191759993069101 844.56672962755
"592" 0.333333333333333 -3409.51144515901 0.287976518133504 0.190961313963733 827.592623735964
"593" 0.555555555555556 -4140.20219277418 0.381937998183578 0.216600230151287 741.583759273426
"594" 0.333333333333333 -8632.20550454294 0.499478062472056 0.250275221853402 628.90764349096
"595" 0.111111111111111 -13585.3362205603 0.159619938540311 0.165251307145125 957.424693860812
"596" 0.444444444444444 -4726.9544004359 0.514226311527356 0.255938943552777 618.243600934977
"597" 0.333333333333333 -5739.07539429049 0.284881446236177 0.192129827546776 833.841182203824
"598" 0.222222222222222 -5223.42037992547 0.180526802226612 0.172278052645699 928.481320039555
"599" 0.111111111111111 -9924.17065624846 0.321425851823158 0.199258052019062 798.07194125792
"600" 0.333333333333333 -4502.27765595867 0.41110339917214 0.221835287001377 709.535449150717
"601" 0.222222222222222 -8591.45140809829 0.142555446461153 0.163401574793148 966.283263619407
"602" 0.444444444444444 -7691.37603452212 0.415177007571357 0.222226408274821 710.717435057368
"603" 0.444444444444444 -5559.97396348096 0.545933940781547 0.268284287604514 588.315116025158
"604" 0.444444444444444 -9421.82462359097 0.38295767171455 0.212306688589498 741.380316586909
"605" 0.222222222222222 -10951.2935795636 0.202509798409449 0.17589291890115 914.004506471497
"606" 0.333333333333333 -19684.4333983679 0.203817274337088 0.171190243433241 919.444921879447
"607" 0.333333333333333 -7697.41991746525 0.265433651671646 0.185343520848221 852.235084210779
"608" 0.222222222222222 -9736.17314052487 0.143317307168986 0.163604019212601 962.079053788166
"609" 0.333333333333333 -3403.55850232589 0.516110343943565 0.256952715615519 612.564065038017
"610" 0.333333333333333 -9344.41587974555 0.341279457887163 0.203924740204798 778.424673982523
"611" 0 -9646.09735843186 0 0.143991364627111 1102.68672529
"612" 0.333333333333333 -8870.4713307552 0.363672084596964 0.206843134905309 760.963133110781
"613" 0.222222222222222 -4615.50719978484 0.199718949582635 0.174406415513684 910.258192009688
"614" 0.333333333333333 -2963.99328920615 0.405924312170841 0.221658244367376 717.534040290723
"615" 0.555555555555556 -4030.86691740091 0.486983097355669 0.244750740043912 643.10326486351
"616" 0.333333333333333 -5913.54655447677 0.396270912027421 0.21768540688985 724.707899199752
"617" 0.222222222222222 -12993.5665208721 0.24197588277691 0.180340123935077 872.795230287546
"618" 0.444444444444444 -12755.7967544061 0.365897122796677 0.210963085611897 758.670603984222
"619" 0.222222222222222 -3413.51990036204 0.412623140387007 0.222597049274362 707.10730673701
"620" 0.333333333333333 -4526.64034168393 0.369725590263217 0.210178086886463 748.888727324968
"621" 0.333333333333333 -10095.6260165049 0.265006190781532 0.187482383497792 853.476126029738
"622" 0.444444444444444 -3547.02495764389 0.512757114594258 0.255559159631371 615.904357437394
"623" 0.333333333333333 -6455.76751391972 0.325346991877353 0.200549965650927 794.839808431361
"624" 0.222222222222222 -17495.7531402477 0.262654221927927 0.184428882461593 860.751368652191
"625" 0.333333333333333 -6823.45381321709 0.320380342455051 0.198053526134718 794.734651141404
"626" 0.444444444444444 -4323.05380854837 0.342368480684787 0.203752800785735 773.568585384823
"627" 0.333333333333333 -4517.19724987796 0.219105137236989 0.177046920935763 893.402845389582
"628" 0.555555555555556 -3850.86348189515 0.544187865827252 0.270255312961655 587.223312133853
"629" 0.222222222222222 -11192.4514122251 0.16144035313632 0.16977223449301 948.458134938451
"630" 0.333333333333333 -8963.66219466248 0.245136054204729 0.181269898402379 868.318465378112
"631" 0.444444444444444 -3399.17998074538 0.407620987690925 0.221321072595495 711.183974278299
"632" 0.222222222222222 -6904.248698065 0.260351110875506 0.183676752443509 856.940238250396
"633" 0.555555555555556 -7169.75221504075 0.545300366999229 0.267509763940426 588.389738308964
"634" 0.444444444444444 -4063.40858510599 0.410059088482085 0.221333324895069 711.144605425419
"635" 0.222222222222222 -15411.4182399891 0.181699779293178 0.169750866253579 929.116847051121
"636" 0.444444444444444 -5674.54120651235 0.486119111576773 0.243721580534634 645.818887497461
"637" 0.444444444444444 -4032.9183832006 0.540626516954703 0.269532196110726 590.645556138083
"638" 0.444444444444444 -8126.63190154302 0.403513690177572 0.219815963547553 723.661318445066
"639" 0.222222222222222 -4977.72469149434 0.34204651144533 0.202515423099428 779.335920593608
"640" 0.111111111111111 -8855.31285180199 0.240907996919823 0.181478726558591 876.549121835921
"641" 0.222222222222222 -8874.60369031523 0.162981514167087 0.167637075038488 950.177395729488
"642" 0.222222222222222 -5149.75945989979 0.265810872411484 0.186823401639067 847.463272956805
"643" 0.444444444444444 -5763.23837473395 0.52262183694254 0.262254044918022 610.608137523942
"644" 0.333333333333333 -13055.9627594836 0.311923789614887 0.195724213276011 812.529537115968
"645" 0.333333333333333 -4733.46875024492 0.267582432884763 0.186217129985291 845.249843623047
"646" 0.333333333333333 -5559.42075492341 0.31073566972342 0.196121569826123 809.167077791854
"647" 0.333333333333333 -10204.6142753254 0.389950024320079 0.21342472197133 737.496568092727
"648" 0.444444444444444 -7813.0708455165 0.324795389249658 0.200332721678355 792.347126103798
"649" 0.333333333333333 -7307.96860240199 0.181063192172268 0.168398774999576 934.686134150298
"650" 0.222222222222222 -12736.1581459591 0.162555317413519 0.170066277909455 948.437436267384
"651" 0.333333333333333 -6578.82564472489 0.538546084603114 0.266870974771301 594.535905245133
"652" 0.111111111111111 -5377.9772843965 0.122013429693225 0.161307180774597 986.677338654711
"653" 0.333333333333333 -4963.13044914126 0.224977639231241 0.17740744081962 887.8463870876
"654" 0.444444444444444 -8413.65767017829 0.3793945596783 0.212745081635448 739.852591608744
"655" 0.555555555555556 -3244.39485519603 0.523567642556837 0.260229454713748 604.850823566993
"656" 0.333333333333333 -2980.4495137138 0.493735867587971 0.248886063094778 632.468589353142
"657" 0.111111111111111 -5688.16532286197 0.321117626845985 0.197488088492569 799.798650382296
"658" 0.555555555555556 -7870.59480758946 0.591012903568779 0.290412145572044 541.988351382338
"659" 0.333333333333333 -6217.4662171927 0.301634256760118 0.193667975701035 812.731167505868
"660" 0.333333333333333 -8076.13900849261 0.265471163625877 0.188219463920485 852.415782502806
"661" 0.666666666666667 -3332.66200212574 0.586935894244843 0.29026740351077 548.926529479027
"662" 0.222222222222222 -4650.89837262639 0.18522059875079 0.170716663949081 921.995523805148
"663" 0.111111111111111 -13539.7857053538 0.0799068983788699 0.152614702887021 1031.35541348543
"664" 0.444444444444444 -6505.89228014315 0.437388154935042 0.230549820647837 682.715777256782
"665" 0.222222222222222 -6517.35451366923 0.242935369768579 0.180616009634634 873.986565596634
"666" 0.333333333333333 -8486.70280317787 0.264133146780736 0.186536932099811 855.504344057455
"667" 0.333333333333333 -6863.65477567001 0.349213254611256 0.205864022469732 774.729310398782
"668" 0.333333333333333 -4631.54706015468 0.24411803536096 0.181656151999641 869.875835067709
"669" 0.333333333333333 -13208.619682855 0.423901775293452 0.224010488612661 702.645670632692
"670" 0.333333333333333 -6996.42878199005 0.383998323872261 0.214972761866716 737.762968508643
"671" 0.444444444444444 -3349.91632853959 0.487874665304923 0.24703750641224 637.150213689986
"672" 0.333333333333333 -5399.80003390653 0.305107397722927 0.194335261539531 809.94050566568
"673" 0.333333333333333 -3911.39517924851 0.512308759902011 0.25757124498261 619.434551528678
"674" 0.444444444444444 -10677.8672620899 0.36200843517094 0.20919993312289 759.680960359843
"675" 0.333333333333333 -4147.77331675238 0.508936886184502 0.255249884387284 620.07110639473
"676" 0.333333333333333 -4098.25029783073 0.437731168078563 0.229787779706975 687.970782335009
"677" 0.444444444444444 -6641.20859145413 0.40945937015735 0.222522710660428 714.679811522109
"678" 0.222222222222222 -7101.16987979025 0.360786649934494 0.2068125781045 761.382698918297
"679" 0.222222222222222 -4896.08005515843 0.409507731100328 0.220606782670435 715.794200165966
"680" 0.222222222222222 -6644.87592521625 0.22024506324808 0.176565292548987 891.454927113326
"681" 0.555555555555556 -6360.70102113491 0.484890170894518 0.244024162744173 646.157547164266
"682" 0.444444444444444 -4662.50058433481 0.484608477959676 0.245212902108423 641.891183729004
"683" 0.444444444444444 -5499.73576945875 0.407268294614742 0.218993336795183 719.107006781618
"684" 0.333333333333333 -4501.35777184833 0.198788949865965 0.175966429201569 912.335261867102
"685" 0.222222222222222 -5462.293565389 0.219082277711237 0.179549568959577 892.709643063392
"686" 0.333333333333333 -6424.09154488391 0.266917602606047 0.185188168615955 852.223232800211
"687" 0.222222222222222 -6890.65925248134 0.162382212180531 0.166669359322058 944.384742583986
"688" 0.444444444444444 -5934.18109736323 0.342021399701733 0.202750911108357 776.322035445157
"689" 0.333333333333333 -9163.20061378836 0.282406433966357 0.189872361614172 837.621819139016
"690" 0.333333333333333 -7373.93050427596 0.415591865344895 0.225400845118302 709.521972508845
"691" 0.111111111111111 -9414.27025722843 0.0206852945303292 0.145659995566324 1080.5986872925
"692" 0.333333333333333 -5813.73418639573 0.247729001311153 0.181064163973507 869.305093541485
"693" 0.222222222222222 -9993.18994309319 0.122079524990733 0.160322298140107 984.055867839209
"694" 0.222222222222222 -4766.46226814072 0.163259731799631 0.169236125363353 946.102873410936
"695" 0.222222222222222 -5597.99214982822 0.179739342036446 0.170156457838169 925.031009694026
"696" 0.333333333333333 -3168.32428412298 0.262341318476603 0.18520800283871 849.855284801451
"697" 0.222222222222222 -17871.0452780485 0.26901571437225 0.186654349085241 851.579263848881
"698" 0.222222222222222 -9331.62183867266 0.118578067081973 0.159657357755604 985.86123566532
"699" 0.333333333333333 -8331.2667991916 0.264826025614648 0.184406155726613 853.550682078907
"700" 0.444444444444444 -10500.7553957027 0.33972714949148 0.201702898922136 780.355665888381
"701" 0.333333333333333 -4776.97106848313 0.31979102611339 0.198540172249669 802.796204291354
"702" 0.111111111111111 -9168.84067819704 0.103142662946434 0.157030051021333 1005.72106934681
"703" 0.222222222222222 -6974.15533674827 0.486905171553623 0.250220554735264 643.280863565742
"704" 0.333333333333333 -5797.65715902699 0.333646674991282 0.200949361931147 786.926362035843
"705" 0.333333333333333 -5561.99462082322 0.319927885046986 0.19803314826254 797.469406025368
"706" 0.333333333333333 -5382.77926725635 0.51889037303363 0.257713545019037 610.755635635578
"707" 0.333333333333333 -5003.64097564296 0.381707783102742 0.212905547262844 744.578565999842
"708" 0.111111111111111 -6677.9370341055 0.158727120565505 0.165872722871464 948.92033647974
"709" 0.333333333333333 -4240.00906988187 0.387879984532874 0.215929094072987 733.436028915807
"710" 0.222222222222222 -10824.6123413326 0.263057218237854 0.188378936942845 853.25472769062
"711" 0.111111111111111 -17707.4327001306 0.30258744567403 0.197358890961161 816.861827676673
"712" 0.222222222222222 -4451.99868919983 0.3193085042771 0.198010940038323 799.157427602098
"713" 0.222222222222222 -4281.2243586126 0.143331104170508 0.16430341233465 961.220870924322
"714" 0.222222222222222 -4123.6132677887 0.439450492000602 0.230105331233949 684.034564327286
"715" 0.222222222222222 -4817.9259458821 0.101520407046855 0.157130906368711 1001.71254425694
"716" 0.333333333333333 -8487.79607283114 0.305341707544163 0.193481236093272 813.515580002405
"717" 0.222222222222222 -8478.93767529287 0.183541664550385 0.168936646501326 931.710219539399
"718" 0.222222222222222 -4367.14764830263 0.184638741780493 0.170506644012107 923.131183021958
"719" 0.333333333333333 -14668.3276391572 0.366507337652174 0.211563778793989 756.110974441236
"720" 0.444444444444444 -4982.00484381634 0.432864777289192 0.226854431475602 693.837008059188
"721" 0.444444444444444 -7385.6304514102 0.412640959451459 0.223415117126816 709.703091617231
"722" 0.333333333333333 -8034.59393535052 0.384384506940409 0.216313431715324 740.201070861798
"723" 0.444444444444444 -5638.83197061943 0.364107309252549 0.20814427921154 756.206226739637
"724" 0.333333333333333 -6409.69003875915 0.35319249297981 0.205615202249597 765.507600011653
"725" 0.333333333333333 -4066.45210462948 0.372604042207983 0.210746375056712 746.869311311492
"726" 0.333333333333333 -4884.9562237721 0.306938370492998 0.194656878029618 808.602303670207
"727" 0.222222222222222 -5539.75395540086 0.383139262971925 0.213118832355682 738.555097455252
"728" 0.333333333333333 -9699.31587192918 0.300249972471304 0.195366609924499 825.965567869414
"729" 0.222222222222222 -5885.49527574537 0.237930063516256 0.18073944070018 870.866919750534
"730" 0.111111111111111 -20671.2411836559 0.0869672334775214 0.15420338968056 1020.72983172459
"731" 0.111111111111111 -10948.7944792643 0.0205734807851716 0.146785189267399 1088.02859477534
"732" 0.222222222222222 -19973.6107616263 0.328558704895663 0.202523816452211 789.227045973949
"733" 0.333333333333333 -7095.39464468195 0.477907890333942 0.246843508258038 654.756010168814
"734" 0.333333333333333 -5127.41270679737 0.538074625874922 0.266835148414073 592.920196533133
"735" 0.111111111111111 -5825.38917388433 0.0808207410271257 0.154220683758974 1020.61536859735
"736" 0.222222222222222 -5068.53893309681 0.376739955048369 0.211584787796295 744.289900298207
"737" 0.333333333333333 -6801.07979596407 0.427194552694521 0.224859241117477 699.993467992568
"738" 0.333333333333333 -8146.4402099344 0.488559787649642 0.249180113544575 643.865737296361
"739" 0.111111111111111 -15202.5753192468 0.0820984878380363 0.152892960104482 1029.47840039488
"740" 0.333333333333333 -5627.24991861759 0.441881418747775 0.229810114601762 687.5996548658
"741" 0.333333333333333 -4668.08879326902 0.240036037940407 0.179587582115812 876.452581774257
"742" 0.222222222222222 -5986.56137706383 0.161759127679888 0.166307036601568 946.442214451171
"743" 0.444444444444444 -4535.65966258063 0.616493762673249 0.303180379781641 519.162882879702
"744" 0.333333333333333 -5294.07488252841 0.223058316732061 0.178138693292038 891.696789063141
"745" 0.333333333333333 -5288.39046460488 0.500761387413205 0.249760307576404 630.204220708087
"746" 0.222222222222222 -6010.81103821885 0.223832788867976 0.176942118951893 889.556431969674
"747" 0.444444444444444 -6631.04214812353 0.543626245227474 0.26637365160662 590.899283959391
"748" 0.222222222222222 -8166.83267459512 0.184848073283807 0.170621706885885 922.508647186798
"749" 0.333333333333333 -8605.37979459128 0.344837074712756 0.202895276054768 777.011181159015
"750" 0.111111111111111 -7801.65769405738 0.402860173580454 0.218886804543737 720.144267216674
"751" 0.444444444444444 -5475.36814855141 0.382384471678535 0.211907957974137 742.775313889864
"752" 0.222222222222222 -8929.47081792732 0.102355813586581 0.1572909885358 1000.6930560054
"753" 0.333333333333333 -5275.43781288165 0.260973354415006 0.183873624468327 856.022719164449
"754" 0.222222222222222 -8232.57553402945 0.333645438778365 0.201052672953811 782.879420042131
"755" 0.444444444444444 -3717.64964874145 0.393854967988145 0.218450758813477 727.018879354117
"756" 0.222222222222222 -8900.1855416464 0.14448650158739 0.1641058041666 959.137312658411
"757" 0.333333333333333 -8629.21923687067 0.375173050450341 0.214107402166867 746.124678213429
"758" 0.444444444444444 -14689.0069375943 0.512480588289058 0.252843765676253 622.518809506809
"759" 0.111111111111111 -28353.4387590793 0.0617166984684367 0.150990381793382 1047.54950911803
"760" 0.333333333333333 -4998.06615160611 0.198300871658165 0.176962695602991 912.573140325444
"761" 0.222222222222222 -6122.6049783894 0.425955581596591 0.225151543352432 702.159171504411
"762" 0.111111111111111 -7638.83188589782 0.103513600808902 0.15927247100575 1004.37440403693
"763" 0.333333333333333 -7135.22774785619 0.445352889149815 0.233128101732716 684.814235451724
"764" 0.333333333333333 -6554.27367227049 0.364052461999348 0.208444816458288 757.624343848461
"765" 0.222222222222222 -4161.71949956622 0.409777071174281 0.222299402957123 711.192576523684
"766" 0.333333333333333 -4905.00771172848 0.404453874959448 0.21878074797771 719.441730842041
"767" 0.222222222222222 -12561.2877603539 0.142048589560297 0.162091185256732 971.058356755786
"768" 0.555555555555556 -4090.71372894303 0.569777764544865 0.279256805940832 563.638903874555
"769" 0.444444444444444 -3560.71251098039 0.318374940252212 0.197554497929246 796.742173171742
"770" 0.444444444444444 -5525.92136879876 0.378958540657954 0.211316475949254 746.337411479885
"771" 0.222222222222222 -5110.74924550601 0.319073447317259 0.197786881710282 795.806064785225
"772" 0.222222222222222 -10197.4025454814 0.163761566772761 0.165982369594223 948.293486740766
"773" 0.333333333333333 -6395.37350554109 0.458288539977332 0.234412042190948 671.499421385955
"774" 0.444444444444444 -8658.26697490279 0.467433721381841 0.243130606411497 661.763074490405
"775" 0.222222222222222 -24144.8377371667 0.10082430175556 0.157211957716942 1017.63723853081
"776" 0.333333333333333 -6014.75118160597 0.343916935484539 0.205596315607202 778.191302627441
"777" 0.222222222222222 -6692.99990865183 0.343172008038141 0.203232424197288 774.482716631889
"778" 0.333333333333333 -7181.55800606032 0.283715663912901 0.189399129256244 831.26238267601
"779" 0.444444444444444 -5198.93645436874 0.343981849826525 0.202034415642729 779.075186270941
"780" 0.444444444444444 -6183.78661253243 0.365302314948362 0.208419546038932 755.207479295623
"781" 0.222222222222222 -19298.4295653648 0.223806221420996 0.176390338600195 892.33912270423
"782" 0.111111111111111 -8281.09391687639 0.155731550732174 0.165064699884242 953.565481355996
"783" 0.333333333333333 -3352.1156821234 0.457720206943015 0.235839005592856 667.404442298785
"784" 0.222222222222222 -8646.62845390914 0.159313106905059 0.169152641167592 945.12603829368
"785" 0.111111111111111 -6138.39030022258 0.0829694967085695 0.155716053264804 1021.10733818705
"786" 0.333333333333333 -4213.33162284076 0.344466470414051 0.202665483599578 776.64927053384
"787" 0.333333333333333 -7927.62001350086 0.353497885031771 0.210442293785449 766.693264633394
"788" 0.333333333333333 -7936.92925054695 0.322150478232207 0.199731608681282 804.037549021351
"789" 0.444444444444444 -3662.16028654992 0.362665469641941 0.209247072105039 756.346123684803
"790" 0.333333333333333 -4979.53339652106 0.387314404823791 0.213934293141527 735.739921303187
"791" 0.333333333333333 -6480.6740409806 0.30832715877435 0.193635439689365 813.622820894467
"792" 0.222222222222222 -7078.0422475099 0.162823675747015 0.166802132573996 943.633019381063
"793" 0.222222222222222 -13501.5037636171 0.180066881236091 0.170133792691294 925.154241906549
"794" 0.333333333333333 -5880.71285015031 0.505215221313114 0.252693785491959 628.373322827299
"795" 0.333333333333333 -8276.95177076631 0.32258111308987 0.196821077060936 800.360370729887
"796" 0.333333333333333 -3135.30163810512 0.436627921109421 0.230250417594786 683.603537592734
"797" 0.222222222222222 -4201.57177516343 0.283436754522023 0.189601337250694 831.998726839805
"798" 0.222222222222222 -6882.12176637745 0.162677128288508 0.16856550279549 952.842209271272
"799" 0.444444444444444 -5219.10843661262 0.40716592100041 0.221686745024982 717.481298430171
"800" 0.111111111111111 -8280.21666297506 0.122134884532631 0.161448319827631 985.725682864967
"801" 0.222222222222222 -13177.6898321808 0.326297961938418 0.199567789823308 789.072402021661
"802" 0.111111111111111 -5821.67152680347 0.083181416510818 0.154752274307918 1017.10944607388
"803" 0.333333333333333 -5188.35958609292 0.283923062055708 0.189031510643405 832.665408345195
"804" 0.222222222222222 -13020.6491722774 0.20310386116182 0.174390946619948 908.712159691774
"805" 0.444444444444444 -4476.54712293565 0.474764519099803 0.242943252552519 647.887925868505
"806" 0.444444444444444 -3033.48212952633 0.358083422633537 0.207654851334716 757.988551619672
"807" 0.222222222222222 -8205.93742146699 0.202326487614514 0.17368741956582 910.823007410811
"808" 0.333333333333333 -9321.45867851296 0.36155969287316 0.207797422975811 768.548528468772
"809" 0.222222222222222 -7945.3230530419 0.32298994736372 0.198103451555553 795.374306775001
"810" 0.222222222222222 -7396.91835282915 0.224849024243653 0.178006776847933 884.235998129798
"811" 0.333333333333333 -4745.42980145225 0.425653827382191 0.22790887827832 699.473091194709
"812" 0.333333333333333 -3264.50278267815 0.404409188652815 0.22359181467311 721.183392757224
"813" 0.111111111111111 -7751.74713378804 0.402477011434797 0.218365148036102 720.810996697959
"814" 0.333333333333333 -7439.75093358272 0.296085842054596 0.192274295922419 821.15089806912
"815" 0.333333333333333 -5769.40372946788 0.355004134813352 0.20961093759088 764.888816951821
"816" 0.222222222222222 -6025.28382792621 0.320295276726927 0.199426897431039 805.54308815666
"817" 0.333333333333333 -3944.72456318373 0.261062116128916 0.188253284005989 850.91687214463
"818" 0.333333333333333 -9429.75034796018 0.486365752437622 0.245710100592146 643.896559362975
"819" 0.333333333333333 -5690.69590007845 0.288275112724023 0.189713034987475 829.674144480331
"820" 0.222222222222222 -6811.76819388321 0.20310590760801 0.173575047845122 906.812367065833
"821" 0.222222222222222 -8292.46280463428 0.203468163291865 0.172452473907854 912.71523355532
"822" 0.333333333333333 -5078.89969012706 0.34164507624122 0.202799539747459 776.135883720475
"823" 0.444444444444444 -2368.51832280579 0.566546332067697 0.282933004657004 567.173808208737
"824" 0.333333333333333 -7860.68468891304 0.277104159812885 0.187311044902549 842.927142861206
"825" 0.333333333333333 -4493.1149504357 0.403694180663662 0.21813953864203 721.556490766653
"826" 0.333333333333333 -16046.6911476478 0.321465222123713 0.196808259666193 802.531638754346
"827" 0.222222222222222 -6628.65639072275 0.446121885253253 0.231964216940066 680.390353835048
"828" 0.333333333333333 -5212.05931489082 0.449594646083543 0.231525530206794 679.838633171096
"829" 0.333333333333333 -11328.699136254 0.239417806082279 0.179433912343646 877.20318831678
"830" 0.222222222222222 -4261.36056002004 0.405916674497512 0.222492264162227 715.708525998308
"831" 0.333333333333333 -4524.4246626883 0.460651078844251 0.236807031281385 667.727563351439
"832" 0.333333333333333 -6464.31348437595 0.484546090126475 0.244093036292515 644.836093608895
"833" 0.444444444444444 -4230.37355811541 0.30154169023033 0.193676286723501 812.696291646222
"834" 0.222222222222222 -6266.63048576465 0.323081044405005 0.201304453944813 797.293738627783
"835" 0.333333333333333 -6997.22579192398 0.199199275705921 0.173099574882016 914.851843021461
"836" 0.222222222222222 -6009.10745704952 0.244975232189871 0.179990682512338 875.372856732621
"837" 0.333333333333333 -3065.12834170034 0.395573093974307 0.219916219402672 728.665883507719
"838" 0.111111111111111 -5562.88863124313 0.0807051218091479 0.153823042638857 1023.25371608688
"839" 0.222222222222222 -7943.61702938563 0.232751418685043 0.181667719702143 883.564699101262
"840" 0.222222222222222 -4552.10554223407 0.26095936146069 0.185415263630527 848.905300016981
"841" 0.222222222222222 -3225.85048242268 0.403748292531961 0.219537359559808 716.962253329461
"842" 0.222222222222222 -8499.44542449231 0.0974240287713728 0.156112566443589 1008.24682846321
"843" 0.222222222222222 -8615.69007893534 0.215646699315797 0.175583166548425 896.441288160672
"844" 0.111111111111111 -18279.4752016523 0.159476698878419 0.166531959964107 959.920663781697
"845" 0.222222222222222 -6052.51170712228 0.223110965043453 0.176939607029404 889.68799655058
"846" 0.222222222222222 -9236.63454367338 0.162278888427676 0.16554435985549 951.455251523107
"847" 0.222222222222222 -12707.8292265493 0.245984504901784 0.18110697584246 869.09959855394
"848" 0.222222222222222 -5658.12750126733 0.281361919097636 0.187696132468634 838.589468679135
"849" 0.222222222222222 -10062.6102980232 0.287930203494451 0.192246437654074 825.749029636313
"850" 0.333333333333333 -4979.0832417476 0.22129613481759 0.176503945998074 891.764765427494
"851" 0.333333333333333 -4379.29507152983 0.315812832517125 0.19695758763235 799.156823010091
"852" 0.444444444444444 -5432.18078776162 0.531211961471184 0.262525293955407 599.56127513845
"853" 0.444444444444444 -4361.50395503244 0.407481127854438 0.220370783398016 714.250762160774
"854" 0.111111111111111 -8743.89349819631 0.0777295359570295 0.152976456687094 1028.91649740557
"855" 0 -8272.94472348713 0 0.144261228225493 1100.85078618694
"856" 0.444444444444444 -9036.8418817512 0.569325609561232 0.280012663587287 562.11743420288
"857" 0.222222222222222 -5167.95201238181 0.218919360068796 0.176288658785664 892.853806275595
"858" 0.444444444444444 -9304.72594587113 0.444485112634107 0.229223309039911 686.666642494872
"859" 0.444444444444444 -4073.79070808088 0.529837265942474 0.26223300807054 600.229548362806
"860" 0.333333333333333 -12400.5188834722 0.343800953961008 0.202686108113628 776.570241862652
"861" 0.333333333333333 -5306.38175615658 0.278875629056732 0.189302375295821 838.823909013579
"862" 0.111111111111111 -14442.3401174819 0.0799028042473926 0.153704334092131 1033.4520335136
"863" 0.111111111111111 -6814.10161179617 0.0412292247930525 0.147886331030254 1064.33095542684
"864" 0.222222222222222 -5411.68782311643 0.263208272003734 0.18531159340603 849.380209338153
"865" 0.222222222222222 -5394.48960760627 0.401031534587426 0.21767127162473 723.10874478356
"866" 0.333333333333333 -8031.04555642289 0.362520154810064 0.206847944116873 760.945440729475
"867" 0.222222222222222 -9164.57413883832 0.18189340163227 0.168914090304382 931.94849834647
"868" 0.222222222222222 -6835.9531031982 0.18286928119936 0.16884457108629 932.218305790587
"869" 0.222222222222222 -19642.9006834907 0.119205102623202 0.160654516288652 987.406522257137
"870" 0.222222222222222 -10197.9720268903 0.318209052110042 0.195979697707592 803.144416697929
"871" 0.222222222222222 -5735.74538945122 0.245175959020496 0.18145314402843 867.441569242464
"872" 0.333333333333333 -3770.89493387582 0.440861454331971 0.230856184912204 683.388175931643
"873" 0.444444444444444 -5684.94168685821 0.322726091943403 0.198868550073381 792.304038528446
"874" 0.333333333333333 -4795.43552803776 0.39221809757403 0.2182498590206 730.225418758951
"875" 0.333333333333333 -7934.46937210433 0.203982902342905 0.174985008634078 905.690789240273
"876" 0.222222222222222 -7348.54102769763 0.244472288259389 0.181749993963446 878.249016566318
"877" 0.444444444444444 -12359.2354330107 0.47463751992573 0.243124480690359 651.947453130875
"878" 0.333333333333333 -5120.04857431066 0.281819555526213 0.19008923466056 831.281735835923
"879" 0.333333333333333 -11829.0546428118 0.263977190972289 0.184573785767432 852.775486754812
"880" 0.222222222222222 -5993.08372007413 0.137765662306422 0.164485446949182 971.686939232796
"881" 0.222222222222222 -14045.6995462241 0.122114304185487 0.160053411757205 983.421710739727
"882" 0.333333333333333 -3444.96341116887 0.453413767361762 0.237819463136115 672.036501690466
"883" 0.333333333333333 -4135.06875097429 0.467580706836899 0.23893534328046 658.755619151937
"884" 0.333333333333333 -5445.87825178366 0.303401367735798 0.193110636399719 815.076802264783
"885" 0.111111111111111 -5682.3650041093 0.16553852484142 0.16678127474069 943.784384514112
"886" 0.111111111111111 -8504.99062308307 0.123707135351654 0.159605404104959 986.182146417117
"887" 0.444444444444444 -3506.6881709998 0.443635865865392 0.234330984316593 681.468781996123
"888" 0.222222222222222 -3939.74018608793 0.263119983235624 0.1851474873082 850.13306034226
"889" 0.333333333333333 -3574.24037505049 0.303403862808812 0.196527807184162 813.935439782101
"890" 0.222222222222222 -8566.66195116283 0.242788448514249 0.180731070337194 872.107683682139
"891" 0.222222222222222 -12615.4672945739 0.244900915543364 0.180482804900926 872.105240642745
"892" 0.333333333333333 -10058.6137751473 0.219892983361936 0.180592014459926 891.768078352837
"893" 0.222222222222222 -4369.00460416033 0.184713819628685 0.172633076133032 925.575853243866
"894" 0.333333333333333 -4311.95155150728 0.439717924991962 0.232296176107973 689.043818819849
"895" 0.333333333333333 -5065.66022006829 0.375306316371812 0.210632713428915 747.272336939815
"896" 0.222222222222222 -13761.4024075356 0.239948609837661 0.179153503972397 881.676865123864
"897" 0.333333333333333 -4062.81280621934 0.421951388286315 0.224072028848077 703.187375459774
"898" 0.333333333333333 -4686.85697835313 0.322507055154202 0.198446428806316 793.161161663546
"899" 0.333333333333333 -8459.7496322132 0.26298091059377 0.183622831520685 859.526217439072
"900" 0.333333333333333 -5230.30375971207 0.493101926364805 0.249200878247774 631.61896180599
"901" 0.444444444444444 -5442.73085627556 0.508557578231703 0.253579188506749 620.71339894603
"902" 0.111111111111111 -10716.7413588005 0.0823426426538708 0.154091897885908 1027.60726998905
"903" 0.333333333333333 -5303.79890567616 0.328007680529439 0.199494104389669 790.198781983275
"904" 0.333333333333333 -5394.3081250047 0.524895037103078 0.260631971637567 603.916699133441
"905" 0.222222222222222 -5285.40452142195 0.423191366904695 0.224566698148811 700.905349268205
"906" 0.222222222222222 -8583.20175226352 0.420181810360894 0.222319857074689 707.988940219232
"907" 0.444444444444444 -5874.70204091408 0.402552218097252 0.220722291779337 727.361774515826
"908" 0.111111111111111 -8865.14111114698 0.0803449827906364 0.1533849515288 1026.17628672945
"909" 0.222222222222222 -8775.99626690996 0.288296695817314 0.190520694596928 826.15697120463
"910" 0.444444444444444 -4875.66507521443 0.376069874677787 0.211802409885431 744.299612558493
"911" 0.222222222222222 -9061.30383567442 0.244308706979465 0.182355763514223 880.144486754201
"912" 0.111111111111111 -6807.62585668361 0.083215162788209 0.156485738248439 1018.74884084642
"913" 0.333333333333333 -4766.64527758767 0.488955989471391 0.247590527601145 635.727067287336
"914" 0.222222222222222 -4476.15166748272 0.205138067147235 0.176793719540042 908.104994007316
"915" 0.444444444444444 -7449.73172466954 0.425245989520983 0.225465041928038 702.324750526133
"916" 0.333333333333333 -6182.47177829092 0.39376006340015 0.215966110769781 728.818051308929
"917" 0.444444444444444 -7742.2073923959 0.433290382032882 0.227283336513342 692.527672352083
"918" 0.222222222222222 -4194.28849317317 0.404672424067765 0.218891059665175 719.079163126927
"919" 0.222222222222222 -7635.10682628837 0.163537586503456 0.1665468276005 945.079544700542
"920" 0.222222222222222 -12526.1772024714 0.15974262238891 0.1693638504045 951.195820738771
"921" 0.222222222222222 -9131.35289196888 0.225330969547605 0.178457270623641 897.20138085545
"922" 0 -11900.2617868279 0 0.144891876909874 1101.2088644214
"923" 0.444444444444444 -6400.78546674339 0.508449529365572 0.257565985505706 626.726801619236
"924" 0.222222222222222 -10618.7756608891 0.185435394327402 0.170472528326303 923.315923951799
"925" 0.111111111111111 -8943.84481687934 0.0806620471322606 0.153285062668258 1027.52566810451
"926" 0.444444444444444 -14503.4593554988 0.343011801061816 0.201840438766123 782.587708796747
"927" 0.333333333333333 -4395.70957261233 0.502978499274711 0.250503126230257 628.335471771006
"928" 0.444444444444444 -5633.22152659496 0.441756294565117 0.230425244315946 683.084878426697
"929" 0.333333333333333 -10405.8558391569 0.439453413376105 0.228300909797753 692.687588839023
"930" 0.333333333333333 -4234.19782940561 0.519168157707253 0.258853284384751 608.066458859551
"931" 0.333333333333333 -4052.75717388013 0.421647390051358 0.224396918494815 701.435657208622
"932" 0.333333333333333 -10428.2186530622 0.28524334307401 0.190507190316581 832.377817311557
"933" 0.333333333333333 -7842.29432749836 0.323099439305727 0.1986387497474 798.928582799132
"934" 0.444444444444444 -3624.58736671992 0.40535291211054 0.220670602159489 713.954273584136
"935" 0.333333333333333 -9368.35628861394 0.344415409798134 0.202190243385726 778.474754094449
"936" 0.222222222222222 -4947.23568703869 0.383899730200953 0.212861146943741 739.44917736256
"937" 0.333333333333333 -6480.18170937052 0.259928381827341 0.185135854992291 854.446667152387
"938" 0.333333333333333 -7510.4287836745 0.274599499207888 0.186555612504934 843.716240356141
"939" 0.444444444444444 -5000.40496568281 0.467537727606309 0.240681164275436 657.936435967404
"940" 0.222222222222222 -3609.84697018255 0.32069438052985 0.197631655419783 796.431116592488
"941" 0.333333333333333 -2755.3837350838 0.514274429520013 0.256497567058701 613.692307345173
"942" 0.333333333333333 -12689.5129128259 0.358937858791289 0.207600357401341 772.485352428677
"943" 0.333333333333333 -5454.60083689704 0.593070771449912 0.289849716027512 543.0400352197
"944" 0.444444444444444 -6371.26131456476 0.422715340999916 0.224113380775571 702.32308064471
"945" 0.222222222222222 -18432.5488036196 0.100926729772668 0.156892994809065 1007.98614246622
"946" 0.333333333333333 -3953.30445232543 0.592749004060195 0.290639751414148 541.563909390057
"947" 0.444444444444444 -8181.86250651063 0.303303303622068 0.193086193809617 815.179982030182
"948" 0.444444444444444 -6629.25425863943 0.403166945266671 0.217996277600653 722.030677461112
"949" 0.111111111111111 -3715.63557363572 0.367857913010516 0.210222624096123 750.669913105248
"950" 0.111111111111111 -6106.54100730219 0.0795169395698064 0.155443285766085 1027.1049539231
"951" 0.555555555555556 -4073.9197015248 0.442961256661012 0.231159956364783 680.913781414693
"952" 0.222222222222222 -5518.30171500849 0.21665846408485 0.176158477050233 893.513628385402
"953" 0.111111111111111 -5134.24478579496 0.0812174130710247 0.157645263581581 1022.453567306
"954" 0.333333333333333 -7014.87226433927 0.222617411668184 0.177337656750652 893.099399590516
"955" 0.222222222222222 -4165.01759652192 0.407103625761186 0.221281465382941 718.165497846087
"956" 0.333333333333333 -3585.84631471975 0.277794281388635 0.187894629387015 837.703560306644
"957" 0.333333333333333 -7748.45378269237 0.261383368704498 0.184575214188322 857.446378065879
"958" 0.444444444444444 -5727.35802125177 0.405802517769849 0.219003320186575 718.710565054021
"959" 0.333333333333333 -4923.43815178231 0.310694930207551 0.194163073515434 810.658778469986
"960" 0.333333333333333 -4597.81337020957 0.238497561694788 0.183666520466961 876.273409254872
"961" 0.222222222222222 -7457.48496127225 0.238379060546654 0.180203607056144 878.798297053296
"962" 0.222222222222222 -7147.70055997711 0.215373158472002 0.175290465056525 897.938173358399
"963" 0.222222222222222 -9115.0176912615 0.321567507140809 0.197082989184143 799.833224624768
"964" 0.222222222222222 -7906.50489088917 0.264889485588814 0.185981842540728 846.31917745159
"965" 0.333333333333333 -6774.2063156772 0.321717216932346 0.197183326150767 798.241935931495
"966" 0.111111111111111 -14366.0007174334 0.0801127230445393 0.154281218956544 1030.50219016669
"967" 0.333333333333333 -8007.40705897159 0.307160960315503 0.196186605503053 813.051469936525
"968" 0.333333333333333 -14452.9222548599 0.244650853574123 0.180733281567542 878.047052221745
"969" 0.111111111111111 -4331.03593085752 0.276718189674148 0.188777352957252 834.752192021883
"970" 0.333333333333333 -3832.43064909341 0.376947634705911 0.213756943516143 745.511371714668
"971" 0.222222222222222 -6767.47090691616 0.24281650061896 0.180710360367918 871.007061684458
"972" 0.222222222222222 -6254.31495016983 0.238181043653475 0.182401136519814 876.49016023397
"973" 0.222222222222222 -6650.82071901244 0.180534898683408 0.168351785943759 934.947016556049
"974" 0.333333333333333 -6230.03784420159 0.284799676507033 0.19124770367641 830.907648272254
"975" 0.333333333333333 -4210.60300637613 0.436290053991908 0.228921456828673 687.572070266004
"976" 0.222222222222222 -15766.4388347818 0.147322383374307 0.163049846781388 965.348959886097
"977" 0.222222222222222 -12023.1295759621 0.202770498303629 0.17266147176078 914.172486637253
"978" 0.333333333333333 -7388.1265751335 0.321709193381211 0.200692070235769 797.715577674983
"979" 0.222222222222222 -7070.17982181556 0.240380507295596 0.17961977020927 876.295520346216
"980" 0.444444444444444 -5154.06138071648 0.284539503939149 0.189239091758738 831.752036733879
"981" 0.111111111111111 -8243.27890889194 0.102980241111444 0.158739723092407 1009.53722672448
"982" 0.444444444444444 -3748.17382630937 0.402501239148895 0.219023588618364 718.64405561476
"983" 0.333333333333333 -3144.18568396231 0.442127323701756 0.232415102021845 680.795427633077
"984" 0.222222222222222 -5718.80951671171 0.161862624740388 0.165970764423135 948.359794250969
"985" 0.333333333333333 -5401.10597953207 0.512542959072655 0.256221690573164 619.838267308311
"986" 0.333333333333333 -6445.91448452636 0.385333647192379 0.213014507359269 738.916808771761
"987" 0.111111111111111 -9132.81547655093 0.061883050135208 0.153171259844299 1047.23837624548
"988" 0.444444444444444 -5136.6559381927 0.486048056200349 0.243891340066467 645.369368002587
"989" 0.444444444444444 -3828.13336184408 0.388276326113786 0.214531036195849 733.693375052302
"990" 0.333333333333333 -15807.0331256511 0.385699376473353 0.214983491449367 739.318541011144
"991" 0.222222222222222 -3764.54562083923 0.367222793447323 0.21008669902698 749.21449443968
"992" 0.444444444444444 -12309.6713877509 0.386019853084037 0.214794365950032 734.167190779815
"993" 0.555555555555556 -3189.78679107512 0.514307135379654 0.257058464633985 612.31206770069
"994" 0.444444444444444 -5532.32842583697 0.382917946424779 0.212887487644726 740.374800975085
"995" 0.222222222222222 -5895.29998563228 0.222430232957501 0.176345700493601 892.564999086619
"996" 0.333333333333333 -6050.7971500704 0.20294898007728 0.173387833628517 907.791490937187
"997" 0.333333333333333 -5549.633377457 0.301067156081533 0.194012789305075 816.546096119098
"998" 0.222222222222222 -9011.01751912267 0.223517753242339 0.179014939648963 889.863770997361
"999" 0.222222222222222 -5797.45469048608 0.398182012825013 0.219312817160297 725.387086001621
"1000" 0.333333333333333 -5546.30067587781 0.499185008236129 0.250001859265699 629.595317660086
