"SCI" "RCI" "GER" "MSM*" "MIG"
"1" 0.363636363636364 -797.047511583924 0.615138367107189 0.228271018370719 284.744933292305
"2" 0.272727272727273 -1531.75958814729 0.261433042064352 0.136821234602582 484.18959123143
"3" 0.272727272727273 -1701.73251602177 0.524864204521713 0.206730455377845 349.184769999422
"4" 0.0909090909090909 -2064.7600350351 0.230488559842909 0.14337444546889 515.002965624502
"5" 0.272727272727273 -2540.75654703755 0.310272884747528 0.14296678567809 466.11668676543
"6" 0.272727272727273 -925.799281171186 0.54045449051447 0.210097364285721 336.584018710919
"7" 0.272727272727273 -742.395410064983 0.657844334232316 0.254795486084851 263.585346461704
"8" 0.363636363636364 -620.473511478266 0.564526244453765 0.215474554495152 314.6039030744
"9" 0.272727272727273 -1334.02566826811 0.288985383774647 0.140783642923605 478.083399920352
"10" 0.272727272727273 -1809.51081449025 0.456521892256825 0.172825356751005 373.373819746124
"11" 0.272727272727273 -2649.33765020204 0.394167732529671 0.168245914818812 418.94884759431
"12" 0.272727272727273 -679.80012091453 0.528730301708261 0.197575791705799 335.646123346791
"13" 0.181818181818182 -1029.77643682719 0.459779512165638 0.189290547128303 383.017111445253
"14" 0.181818181818182 -1253.25565576111 0.519061803137953 0.195697007770869 346.023291662452
"15" 0.636363636363636 -816.639767199178 0.882096734601163 0.505391647137093 139.219285252714
"16" 0.181818181818182 -1163.32411445613 0.484226683064276 0.176060785404263 363.741348215728
"17" 0.363636363636364 -1729.68720208602 0.446388940659813 0.189795994069186 388.299746303027
"18" 0.272727272727273 -1321.65081330208 0.405155238076539 0.157495003727882 408.591594848269
"19" 0.454545454545455 -1116.98077979301 0.610737340744463 0.250474672999683 297.95506707218
"20" 0.272727272727273 -1627.1131108963 0.405381679767584 0.17480156469783 417.028198372514
"21" 0.363636363636364 -968.083625779697 0.412162718668675 0.168820232846291 402.080001547222
"22" 0.272727272727273 -1167.73118104229 0.386395136830969 0.170698275964557 427.181793817517
"23" 0.181818181818182 -1893.67226957371 0.331142120462734 0.154897316910955 461.615120031056
"24" 0.363636363636364 -1349.56447809104 0.39811069802603 0.158842866777027 415.710010242916
"25" 0.272727272727273 -2937.26429044838 0.430692721044669 0.175587493630311 397.33424888252
"26" 0.0909090909090909 -1626.67536401966 0.253377967999772 0.146366387035098 497.501205185405
"27" 0.363636363636364 -906.515409838934 0.644185722375008 0.241165233459643 269.699039298261
"28" 0.0909090909090909 -1406.84250279642 0.386084059298037 0.165551879423637 430.16903386286
"29" 0.272727272727273 -1309.26743117201 0.455157155485948 0.183209676073257 384.632885966578
"30" 0.272727272727273 -966.044806717108 0.518027448133912 0.198150722755827 347.26077368696
"31" 0.0909090909090909 -1423.18026570009 0.305024548008119 0.143704942992932 465.572360636573
"32" 0.272727272727273 -1506.34157778237 0.570115573222891 0.214815175809206 320.150004727789
"33" 0.363636363636364 -1374.45887673185 0.46447692068933 0.180996070727117 379.995897961722
"34" 0.545454545454545 -1408.33483174167 0.677161784529881 0.28605646541852 260.796788212715
"35" 0.272727272727273 -1491.34848621592 0.4977892174418 0.199537586010918 362.723084224155
"36" 0.0909090909090909 -1543.9579152247 0.45004844496559 0.165668751033935 387.601642020896
"37" 0.181818181818182 -1651.05351029095 0.253894417620954 0.13922550361968 497.438706295111
"38" 0.272727272727273 -770.064124311168 0.644398753341535 0.243267201599189 271.439669658709
"39" 0.272727272727273 -1154.67841566152 0.627781080248874 0.241491354110257 288.952360805019
"40" 0.272727272727273 -1756.60110039685 0.390900296430736 0.16975644319158 426.761470373836
"41" 0.0909090909090909 -1223.41759192695 0.232950844886788 0.140454153602654 507.679396708228
"42" 0.181818181818182 -1640.00087255646 0.260976876783647 0.140845418566224 492.458854570996
"43" 0.363636363636364 -1294.69197258962 0.586939399195053 0.228876581992279 313.925201868115
"44" 0.272727272727273 -534.129322194772 0.670882402867558 0.259776892502076 256.300495265855
"45" 0.363636363636364 -667.258881878638 0.72201813448076 0.300323723653002 230.843900543835
"46" 0.272727272727273 -1330.67316859424 0.54454664098245 0.209849919555734 337.127545958129
"47" 0.272727272727273 -1572.81682424909 0.446220909381043 0.169148150961135 390.374876696116
"48" 0.272727272727273 -2281.93111366719 0.260060976159451 0.130358716297843 491.200480165763
"49" 0.181818181818182 -1720.55006647834 0.179651570011387 0.120464868324631 541.066896464489
"50" 0.181818181818182 -1163.4210463586 0.382627091037126 0.161286200209841 426.448549362749
"51" 0.181818181818182 -1112.23146985663 0.559504906814539 0.20242851103498 322.55506351135
"52" 0.181818181818182 -1352.95101097071 0.318540798334968 0.147935804641318 451.033386704652
"53" 0.363636363636364 -1869.99582283414 0.419691139172891 0.159737661065881 408.44594978703
"54" 0.363636363636364 -706.538486798417 0.774641987801074 0.343985365491096 198.792709978006
"55" 0.0909090909090909 -1565.99372017125 0.0746679818929503 0.109484873969846 599.648485024297
"56" 0.0909090909090909 -2005.28657886083 0.282813641413323 0.153144145813678 488.5665004418
"57" 0.272727272727273 -960.523087527464 0.455810534081492 0.166037391566041 377.897676093958
"58" 0.181818181818182 -1180.89046188533 0.303188847712177 0.140406780523891 457.652761612076
"59" 0.272727272727273 -1028.28369550816 0.668952732161983 0.261410084700336 262.322353602899
"60" 0.363636363636364 -757.727912585311 0.682927741856278 0.26452793049981 249.96553185099
"61" 0.454545454545455 -1342.47849998809 0.596416871904012 0.228297657323965 303.712111092801
"62" 0.545454545454545 -416.347339640489 0.816638406283934 0.385695223805067 170.480169081793
"63" 0.181818181818182 -1131.77753342749 0.272008108781438 0.138974125939737 480.685658820637
"64" 0.272727272727273 -1982.02969422317 0.352464931278496 0.146193358448524 443.772641572973
"65" 0.272727272727273 -1398.70350564898 0.630674772168859 0.256752397991805 284.691914219677
"66" 0.181818181818182 -1557.12474666345 0.455877925264569 0.168251406278467 378.641623731551
"67" 0.363636363636364 -801.832748675857 0.530458032233282 0.192137578394133 332.696948022523
"68" 0.363636363636364 -937.710828930975 0.589114822637987 0.227091582933957 305.585469825345
"69" 0.272727272727273 -1147.16382107472 0.398260998954339 0.165979440614704 417.342816162924
"70" 0.363636363636364 -911.058149613993 0.518674853580736 0.19138340871344 343.412478274596
"71" 0.181818181818182 -1111.97501634488 0.321475413676775 0.148989225762211 456.265024832927
"72" 0.363636363636364 -1786.49968667678 0.431857344013889 0.173517078894074 394.651772687316
"73" 0.363636363636364 -1780.55278837322 0.439782089295965 0.17241130814742 388.422183123208
"74" 0.272727272727273 -1258.84857903076 0.424622176518977 0.184921621644148 404.681863692543
"75" 0.363636363636364 -942.341708576155 0.701643478596288 0.2737144915742 238.854302718479
"76" 0.363636363636364 -905.95121503053 0.6495685179729 0.252302993720253 274.486514144239
"77" 0.363636363636364 -541.407781384664 0.691993833719952 0.283832294137975 245.808094626339
"78" 0.272727272727273 -702.971125361255 0.540037696223711 0.214721404092956 332.374063586222
"79" 0.181818181818182 -1988.99481988412 0.270539378660979 0.141183393452434 492.545864984346
"80" 0.181818181818182 -1009.13474871584 0.47277628419192 0.178742051610107 373.211418456654
"81" 0.181818181818182 -2564.14608336778 0.320760124902702 0.146853686136705 466.206276306463
"82" 0.272727272727273 -1261.73341872094 0.336444245705523 0.143891822596913 440.122463443188
"83" 0.181818181818182 -1595.8185956027 0.234395965139897 0.126977814733611 508.928749421809
"84" 0.272727272727273 -994.635863988939 0.378897298175364 0.152951919737444 418.368176844402
"85" 0.272727272727273 -1378.39835567016 0.429807326925362 0.163829708650606 397.944296334253
"86" 0.272727272727273 -990.920729340059 0.385937467911773 0.16779007744429 421.179850726889
"87" 0.363636363636364 -641.295627114799 0.664570138782347 0.257167625132386 259.404756334773
"88" 0.272727272727273 -1024.56450676311 0.662855513146545 0.280046895263832 271.97810452613
"89" 0.363636363636364 -1361.22526799714 0.515747835604969 0.199163631822665 348.8807495908
"90" 0.363636363636364 -1031.42420255692 0.412375920095714 0.172376716368997 405.204020542942
"91" 0.0909090909090909 -1673.57700642762 0.183940521846657 0.1244738558611 536.457457685832
"92" 0.363636363636364 -2247.57463554425 0.517537334835747 0.193748878558474 346.444462253316
"93" 0.181818181818182 -1373.0360954229 0.271529337463903 0.136267498818935 483.290457473544
"94" 0.272727272727273 -1478.45872480232 0.498431338649243 0.19599585136863 363.175903393014
"95" 0.272727272727273 -1011.65248747254 0.468712382279313 0.17674490444497 372.43195259975
"96" 0.454545454545455 -591.376556131461 0.744735136474005 0.303788707251307 212.952872677403
"97" 0.363636363636364 -860.375766504727 0.489907905808409 0.18679495166651 359.334702642961
"98" 0.363636363636364 -833.685296423841 0.770619079470312 0.328714978481913 195.684754508967
"99" 0.363636363636364 -959.530726184546 0.667700994219799 0.261193170187956 259.647176203225
"100" 0.363636363636364 -1121.87153007303 0.41122801172592 0.158081886342192 402.215252773021
"101" 0.272727272727273 -407.20529807533 0.807812520990032 0.37248438086323 178.427122484241
"102" 0.181818181818182 -856.445420029364 0.469965270960736 0.172931191320134 365.161131374689
"103" 0.363636363636364 -1013.79510075115 0.569345181048849 0.226192454755522 319.776845347474
"104" 0.363636363636364 -806.160204632025 0.639344136916292 0.244810945983292 275.402187152673
"105" 0.272727272727273 -749.960556896769 0.472822302076613 0.173690599590853 368.552318318549
"106" 0.272727272727273 -1211.33893555996 0.323690880836982 0.139737141462404 451.305410764273
"107" 0.181818181818182 -1036.12958801639 0.536095433592729 0.194575043381047 329.251780904306
"108" 0 -2118.80240502624 0.0646178952545489 0.110462835348504 611.701479107386
"109" 0.181818181818182 -2319.45855066235 0.347202660770769 0.150924792878819 447.733807159006
"110" 0.272727272727273 -1039.04236178215 0.345315326804652 0.143590026144385 436.787514691265
"111" 0.363636363636364 -1419.40170864394 0.521293481123901 0.195845655289057 342.998220883508
"112" 0.272727272727273 -1303.12458957602 0.4923575982043 0.190311931473974 362.972758327494
"113" 0.0909090909090909 -1852.45118532412 0.084767733002059 0.106892509916717 599.903054916882
"114" 0.272727272727273 -999.108810606154 0.413088203641106 0.158333484933349 397.761750285933
"115" 0.363636363636364 -994.105092979541 0.618299410256489 0.234359468749036 290.761805780348
"116" 0.363636363636364 -586.71231411252 0.68672881802091 0.279194871359164 250.588591040811
"117" 0.181818181818182 -1551.97880226359 0.540644639963891 0.215913811761068 335.960002120898
"118" 0.363636363636364 -1291.083660865 0.465274110068037 0.17251599259793 368.77942712619
"119" 0.181818181818182 -721.366904404736 0.605033780501894 0.227331641275213 294.050896885467
"120" 0.454545454545455 -866.562506526843 0.514699069354184 0.191227443228894 339.607578180207
"121" 0.272727272727273 -2439.25632717172 0.409092306286912 0.175666191822447 417.077818981209
"122" 0.272727272727273 -1052.76162767347 0.402923267908859 0.17168357753911 416.302215836081
"123" 0.181818181818182 -2127.9004852575 0.275637263750161 0.134499351256122 480.41374478857
"124" 0.272727272727273 -2196.88174101783 0.342771307173504 0.144440988829437 444.60268992437
"125" 0.272727272727273 -486.074296436044 0.749620242700128 0.320415534887439 208.676980001526
"126" 0.272727272727273 -1288.98798969114 0.338058661713227 0.155237894337111 450.66421008039
"127" 0.636363636363636 -1390.03311046876 0.71067441772455 0.302959024608583 242.683443991188
"128" 0.363636363636364 -1428.99964817257 0.342112342232343 0.146465910290133 445.635049912799
"129" 0.272727272727273 -1847.24084147931 0.218111718534565 0.123690165036359 513.839367069746
"130" 0.363636363636364 -798.529223704792 0.644196861889671 0.235711516932407 266.888663387892
"131" 0.454545454545455 -954.66829064096 0.639930959891101 0.244017014254711 277.946130941052
"132" 0.363636363636364 -1193.14603082958 0.509137399736647 0.186237910680622 352.022816716519
"133" 0.0909090909090909 -2282.05861550029 0.276191809310704 0.136254642835066 484.860871696553
"134" 0.363636363636364 -1035.44643873469 0.537281047111626 0.193285610428679 330.032510113728
"135" 0.0909090909090909 -1178.76735801796 0.296080926381212 0.142296988659369 472.846221832919
"136" 0.0909090909090909 -1006.21738730968 0.451928353746151 0.16529405688222 376.31080656366
"137" 0.363636363636364 -1272.87182156109 0.431386961661559 0.161294897077444 390.387403501617
"138" 0.363636363636364 -576.242287101348 0.678601867342459 0.265371426222253 248.40874938604
"139" 0.272727272727273 -770.155505622932 0.540657518660747 0.190114410474673 326.57001544832
"140" 0.181818181818182 -1857.76422572827 0.172165954118214 0.118115808781435 543.66527354744
"141" 0.181818181818182 -1802.81151246787 0.316773264104632 0.137802445007473 457.466373103857
"142" 0.454545454545455 -1734.77219867025 0.659259033117574 0.269447717384658 266.057293071353
"143" 0.363636363636364 -542.818262228733 0.753972186171138 0.31800074700765 209.116882836679
"144" 0.181818181818182 -1105.58272165173 0.48303184682806 0.176978859145854 366.831600041187
"145" 0.272727272727273 -771.788662601391 0.592497900988148 0.216138086379739 298.312609174731
"146" 0.363636363636364 -898.741362299208 0.507552581818108 0.187983584540097 348.288236513187
"147" 0.272727272727273 -1075.35593150454 0.658873645253425 0.260086836681154 265.432598558289
"148" 0.363636363636364 -1075.19779895914 0.498675276011568 0.193180245381024 360.240099392831
"149" 0.0909090909090909 -2477.20543997113 0.23929322087406 0.142970756238273 509.838607850961
"150" 0.363636363636364 -1442.7366854655 0.471592169846388 0.18199646233014 383.144856578053
"151" 0.181818181818182 -1548.91232944899 0.383353139811393 0.162646964836383 429.115911725012
"152" 0.272727272727273 -1028.62939177914 0.444174531653966 0.175894105649094 381.246024195082
"153" 0.363636363636364 -1026.14989314961 0.407882979012635 0.160174426099646 407.145817731554
"154" 0.181818181818182 -1448.04174024787 0.506187772895781 0.20954850330501 359.983199423889
"155" 0.272727272727273 -1519.0521477835 0.438326687979813 0.186371910555731 401.596512537252
"156" 0.454545454545455 -1319.54010305506 0.433722245505243 0.17091410941716 390.2205618829
"157" 0.272727272727273 -1255.33009738403 0.552285130478142 0.208385123977957 327.686316277459
"158" 0.181818181818182 -1515.4745378001 0.179789867683906 0.118655343246224 543.271418072178
"159" 0.181818181818182 -1931.31943713009 0.312110689252192 0.147241727469505 468.896582386387
"160" 0.454545454545455 -1191.20719387485 0.435552840662427 0.165970849170215 395.600615179888
"161" 0.272727272727273 -1290.22158549239 0.376277567770332 0.149845372338482 424.717827528482
"162" 0.181818181818182 -1402.09077720327 0.401844768579471 0.154996364980385 415.15500704475
"163" 0.181818181818182 -1418.39961680784 0.259429621653214 0.136433104357288 487.376603562408
"164" 0.272727272727273 -834.76536691822 0.551998581001089 0.197492372030755 319.253066086816
"165" 0.363636363636364 -1132.58846304296 0.668619102043327 0.269429769064403 262.9204530205
"166" 0.272727272727273 -1143.90567644163 0.421923635453723 0.169218530309464 401.538443951157
"167" 0.0909090909090909 -1670.81772890063 0.1404194359304 0.120787139364955 557.072679880727
"168" 0.272727272727273 -724.055388619265 0.482199082066062 0.18138953307082 360.690813128289
"169" 0.272727272727273 -1272.4771286622 0.393948523293129 0.165248363080017 414.730933414423
"170" 0.181818181818182 -1451.40519175555 0.238971180104194 0.127065852058977 499.663521575427
"171" 0.272727272727273 -1091.56794970785 0.619946924738075 0.233514132138831 284.644770169747
"172" 0.363636363636364 -1256.03523158857 0.539437020358098 0.200906058106686 332.260791039188
"173" 0.363636363636364 -1008.38519179273 0.474336665401147 0.177289078138521 369.315939900139
"174" 0.181818181818182 -1185.61816400058 0.40935999613295 0.167719676638453 403.334731215657
"175" 0.363636363636364 -1136.98758574196 0.470880483257661 0.181068204437338 367.681737880805
"176" 0.181818181818182 -1766.32904726603 0.301819408049657 0.135373676838618 471.970701024425
"177" 0.272727272727273 -1151.92180775178 0.451854103565931 0.177849422502777 384.67257474144
"178" 0.0909090909090909 -2213.57554025564 0.354349522152589 0.15265106114711 448.164322745719
"179" 0.272727272727273 -1422.94146255248 0.454220695481 0.17861365988615 386.894716322457
"180" 0.181818181818182 -1602.8578547922 0.491990769652749 0.197712199572632 373.540861462709
"181" 0.363636363636364 -993.818924510757 0.447224693462546 0.172292867590197 383.406572423782
"182" 0.181818181818182 -1651.27271830145 0.429062637529722 0.183866090952944 407.121731083945
"183" 0.0909090909090909 -1526.36831565709 0.391577563742804 0.177879218307236 421.757304270076
"184" 0.272727272727273 -561.625398293422 0.630149351681484 0.231034922448903 277.18420267551
"185" 0.272727272727273 -1510.61585493337 0.364666119878794 0.152094416817908 432.69894130649
"186" 0.545454545454545 -836.303096816408 0.700423851974597 0.289634466744603 239.982555667113
"187" 0.181818181818182 -1226.14742117301 0.437401523300604 0.170632040019653 393.129029999906
"188" 0.272727272727273 -1344.99173255143 0.27186490431262 0.128778713707173 479.003881459625
"189" 0.272727272727273 -2180.68163127079 0.453912743477134 0.193143555736706 398.232744808658
"190" 0.272727272727273 -1247.04743280847 0.501712533186372 0.196458983774191 361.268646964431
"191" 0.272727272727273 -1558.98047786426 0.397201268735011 0.151457150098398 413.414488703769
"192" 0.181818181818182 -1581.69222093432 0.454292217125443 0.16859025402859 380.263953885319
"193" 0.363636363636364 -1730.00235167487 0.470465360608368 0.171218048529631 370.782628243463
"194" 0.272727272727273 -816.647308791294 0.567842637514332 0.215865750724525 314.111786512437
"195" 0.181818181818182 -1276.70490271924 0.365958349766657 0.160039405081406 434.607962408476
"196" 0.363636363636364 -752.854795204527 0.741701879061131 0.308441896243846 217.29190974494
"197" 0.181818181818182 -1748.05484553407 0.359974573862083 0.155407767391281 447.185880181368
"198" 0.454545454545455 -972.131083497984 0.774717619722295 0.347568248815205 199.42474574371
"199" 0.272727272727273 -1568.12498252906 0.521490143309241 0.200795528338315 340.893522761727
"200" 0.454545454545455 -796.17263136881 0.70361253884312 0.296417781367137 240.362924955064
"201" 0.272727272727273 -1604.93063593513 0.385863232584707 0.167654292817269 431.547760432295
"202" 0.363636363636364 -812.743209352524 0.618051325590307 0.232527934887152 286.549777704862
"203" 0.0909090909090909 -1360.76810698617 0.23985377335044 0.136102219005976 507.31288957498
"204" 0.272727272727273 -1612.79104778529 0.464081199932644 0.171728850734916 375.1718698835
"205" 0.181818181818182 -2457.16006490042 0.38817129994104 0.152210966533344 419.219089077413
"206" 0 -2112.74534894769 0.108065701129792 0.118362415075146 583.266547396011
"207" 0.181818181818182 -1645.51794889565 0.218891803285951 0.127066110642377 518.420163644233
"208" 0.181818181818182 -2284.61861763535 0.256344982656511 0.131100975546348 495.000498249068
"209" 0.363636363636364 -863.622073477588 0.542245303644441 0.20302660713243 331.501212240837
"210" 0.272727272727273 -1153.46680835232 0.344333415906595 0.151699271995512 440.220184484019
"211" 0.181818181818182 -917.74139592554 0.487434960628026 0.179278549201038 360.283470513509
"212" 0.0909090909090909 -1617.33014555719 0.116122939629811 0.113496075340681 573.932333740615
"213" 0.181818181818182 -1372.01766212182 0.379471537543326 0.164984073094092 426.305801998812
"214" 0.181818181818182 -1064.85766867646 0.397934365822043 0.161613773720439 408.571121692495
"215" 0.181818181818182 -1129.12421662386 0.391632291256735 0.170041684519357 422.343429664255
"216" 0.363636363636364 -826.901974741264 0.517899149951388 0.18866041633163 340.99247650879
"217" 0.363636363636364 -1314.05588114893 0.38755230986606 0.152470440227975 416.858134575956
"218" 0.181818181818182 -1539.19242561703 0.440065612033263 0.19029601780894 403.396568921232
"219" 0.181818181818182 -1221.04850042009 0.441085178011895 0.184673154248434 388.585135235241
"220" 0.363636363636364 -1110.33817813464 0.537269967863365 0.206372524763233 336.771590622782
"221" 0.272727272727273 -836.925745880469 0.499351067880989 0.196601092464268 357.519324674911
"222" 0.272727272727273 -1122.38580843482 0.535784703428063 0.192895290000525 336.456721449585
"223" 0.0909090909090909 -1956.168768009 0.237122025803038 0.127806217654834 505.53332898462
"224" 0.181818181818182 -1725.29279655946 0.229836378243103 0.12847380084698 508.424249057251
"225" 0.181818181818182 -1796.5230703491 0.330080272769405 0.151762408692945 460.669049938465
"226" 0.272727272727273 -1271.41415204306 0.474552426758463 0.188327129579425 369.535882741248
"227" 0.181818181818182 -1228.71104392139 0.405507302454429 0.171620869774325 414.307328843244
"228" 0.181818181818182 -1479.54038842435 0.436655949565878 0.172614872309839 389.339776860306
"229" 0.272727272727273 -992.295145961889 0.486729601996691 0.192800520768142 366.276852114021
"230" 0.181818181818182 -2047.59041654118 0.310036953525651 0.149586569679779 468.305088359513
"231" 0.272727272727273 -1367.12664916761 0.40988060677961 0.172947394077593 412.266198580444
"232" 0.454545454545455 -703.75871458079 0.653590883381122 0.249564141443857 264.093585738109
"233" 0.454545454545455 -1516.5402778 0.627601240876406 0.238272223053596 277.933634113846
"234" 0.363636363636364 -1050.49672897215 0.447503357224138 0.178266801902349 382.666381575121
"235" 0.272727272727273 -1162.92558728452 0.454431271635919 0.171575772700263 387.356945302174
"236" 0.181818181818182 -1413.57221848821 0.212598279872163 0.127466094251562 519.192852970492
"237" 0.181818181818182 -1287.45660553173 0.407035381490324 0.159582392093346 410.677899237315
"238" 0.454545454545455 -707.91799649989 0.638102466661645 0.232855416649981 273.614772878436
"239" 0.181818181818182 -959.545991547097 0.391111683931446 0.160174444822689 414.095970715745
"240" 0.363636363636364 -1162.2284033533 0.579896229515974 0.210349686892867 307.647010929289
"241" 0.272727272727273 -1018.46376165744 0.617616782621018 0.252884592201163 295.405081437144
"242" 0.363636363636364 -2135.14687315043 0.450214602277087 0.168941119817057 380.344758356293
"243" 0.363636363636364 -864.239152280746 0.484351489072067 0.186788551550352 355.624376902299
"244" 0.181818181818182 -1877.98470340206 0.255319455855429 0.134348304656746 491.786639694811
"245" 0.272727272727273 -1220.9160525701 0.497452906695225 0.19966330392549 359.057379532221
"246" 0.363636363636364 -1245.62494577224 0.528934034477403 0.190410244428319 342.701811570418
"247" 0.0909090909090909 -2396.88419366849 0.206391762021178 0.129898649924523 531.135283542983
"248" 0.181818181818182 -1639.08280943666 0.254668313070589 0.129842681387819 488.657187309139
"249" 0.181818181818182 -1358.47372952982 0.47601244842432 0.181749226047703 366.731655789877
"250" 0.0909090909090909 -1330.14128941985 0.120382682836579 0.117267337076305 564.014194245788
"251" 0.272727272727273 -1262.79536981129 0.386745968160076 0.151890985676537 419.773035442806
"252" 0.272727272727273 -1339.34577154129 0.622632643157157 0.230142160313424 287.339885074203
"253" 0.272727272727273 -783.95758431895 0.500658589837559 0.18720196424911 356.094080377312
"254" 0.181818181818182 -2221.60586500813 0.285499824015241 0.143576122897318 481.160222020955
"255" 0.363636363636364 -1550.34500740664 0.492540314170897 0.183220247745221 354.64651069924
"256" 0.0909090909090909 -1760.62017366508 0.216023279498438 0.122338616109069 519.05677215202
"257" 0.272727272727273 -1341.64361138296 0.609392831111038 0.235722969540647 297.195505337731
"258" 0.181818181818182 -1283.38557133057 0.484890450697526 0.1785452003897 363.281603882334
"259" 0.545454545454545 -1002.97356889974 0.659316738266184 0.257057377578378 264.235345075349
"260" 0.181818181818182 -1899.9406572603 0.390192469984475 0.167392791059055 422.89504729039
"261" 0.181818181818182 -965.170671553148 0.390872985168557 0.161756402303202 411.276128723659
"262" 0.181818181818182 -996.151278599625 0.428688183840883 0.169277854494232 386.819609000592
"263" 0.272727272727273 -1007.45630183942 0.498128154963856 0.188638471035253 357.721869340632
"264" 0.454545454545455 -1000.40693297222 0.665732827267329 0.259987354587297 262.879094762192
"265" 0.363636363636364 -731.04495552401 0.60706885756125 0.237772033766056 291.92761875313
"266" 0.181818181818182 -1588.97849296477 0.492817373460882 0.175878423108973 356.583599918464
"267" 0.363636363636364 -1642.9289285871 0.673261611366888 0.274567135374247 264.51905314168
"268" 0.454545454545455 -781.194178757239 0.614923535499244 0.236949242497094 290.019291967782
"269" 0.272727272727273 -1632.37132075844 0.259143269481495 0.133549967291787 498.721367912157
"270" 0.363636363636364 -1733.14982396216 0.415993046459082 0.160719514162398 405.403684906149
"271" 0.181818181818182 -2282.33889616254 0.308028259598542 0.135527694133561 474.464500009932
"272" 0.363636363636364 -1317.24049861241 0.569905143108977 0.209317901098801 318.820314753638
"273" 0.454545454545455 -670.739141811637 0.807670376418783 0.381610176683945 182.658813045057
"274" 0.272727272727273 -1367.10949904591 0.470296512132496 0.19361270198551 377.323103917623
"275" 0.181818181818182 -1703.43555637574 0.331024190875901 0.147759518975666 455.503548243991
"276" 0.181818181818182 -875.940414591453 0.530126402977841 0.208900613982612 335.22718847323
"277" 0.181818181818182 -2346.37055541988 0.307317678213516 0.140150422287038 468.97849174249
"278" 0.181818181818182 -1152.76116023574 0.399424998776972 0.157898931299859 412.234698159667
"279" 0.272727272727273 -1344.7205237612 0.335649699131377 0.145579407417735 452.947620071692
"280" 0.272727272727273 -1384.91492306313 0.540921617311959 0.217605836222857 339.466682808578
"281" 0.181818181818182 -1042.36606032796 0.405202339668298 0.168188995205655 411.176243676478
"282" 0.0909090909090909 -1558.1956849289 0.121336733498385 0.116268055691239 571.913396375952
"283" 0.181818181818182 -1149.04208484155 0.585441703777084 0.212536762091332 311.102457048232
"284" 0.0909090909090909 -1391.237223877 0.152042089098806 0.118314654554278 544.873683506471
"285" 0.181818181818182 -1123.27622980274 0.440234591181829 0.168933473990799 393.681436743366
"286" 0.272727272727273 -1137.02652774426 0.400521230173574 0.159620596667165 408.600228029804
"287" 0.272727272727273 -1312.01431090307 0.427788624871304 0.174523344778379 399.080424632807
"288" 0.181818181818182 -2280.3033658242 0.185390915875739 0.121340145944961 533.329399710416
"289" 0.363636363636364 -959.318271949196 0.788140056134802 0.376315837177981 198.893699163874
"290" 0.272727272727273 -1457.27532964031 0.504204844984684 0.205157970981941 357.440646631364
"291" 0.363636363636364 -1123.99450516274 0.439076474078107 0.179838726733492 390.948799559753
"292" 0.454545454545455 -1097.76207088213 0.536991063969596 0.200930865918733 332.666771063383
"293" 0.0909090909090909 -1828.4131499801 0.286489257784 0.136734752525682 476.604450275889
"294" 0.181818181818182 -798.158487048311 0.51153134173755 0.190690979072373 343.177324292099
"295" 0.363636363636364 -1017.99415288858 0.618101149513175 0.2492134365636 291.040644441464
"296" 0.0909090909090909 -1941.22352742355 0.253566221732191 0.137569448084029 500.165678130032
"297" 0.272727272727273 -1255.57658858936 0.346641227829587 0.145687411725046 438.191222852329
"298" 0.363636363636364 -1149.8648658458 0.53080192721922 0.194251042262168 334.98595775367
"299" 0.272727272727273 -896.677813140949 0.592732236146142 0.224495210884432 305.417425884108
"300" 0.454545454545455 -735.954022555849 0.610978856839178 0.221419862244185 291.645455252228
"301" 0.454545454545455 -1326.89096191305 0.572624164661716 0.214480374395312 319.188654808782
"302" 0.272727272727273 -1534.54043407774 0.446345794461548 0.16869803336206 382.599470424838
"303" 0.363636363636364 -793.950675390179 0.596704088629734 0.224392338716211 297.46155627165
"304" 0.181818181818182 -1450.00988002028 0.494298711310204 0.185706409922657 360.279696350079
"305" 0.181818181818182 -1203.65204411434 0.438908284173096 0.169269144993 389.265245836519
"306" 0.181818181818182 -1139.52698279886 0.590957342063239 0.232430473353397 310.094307274185
"307" 0.363636363636364 -1529.19907620402 0.424616011982958 0.163786955151645 393.562631685147
"308" 0.272727272727273 -903.241333080854 0.661506346689034 0.252906547944548 263.963759252662
"309" 0.272727272727273 -998.073024404384 0.420835459345155 0.165297835240297 405.233261813491
"310" 0.363636363636364 -1101.21281591773 0.67418702272487 0.259265297867118 254.475817439705
"311" 0.272727272727273 -1369.09574370047 0.422649834554051 0.183513372370722 411.20964923104
"312" 0.181818181818182 -1397.30578268764 0.241916036979754 0.127979629104526 513.129383569653
"313" 0.363636363636364 -879.181412478782 0.669439936222664 0.255539854088301 255.131922955951
"314" 0.363636363636364 -1252.56575521765 0.404653370652015 0.156465145646412 411.742727059161
"315" 0.363636363636364 -1127.96936547324 0.554157463701977 0.20915557961568 325.102043195045
"316" 0.363636363636364 -843.693990120559 0.650233255117081 0.248927494150115 267.687496187876
"317" 0.363636363636364 -402.007325072674 0.759581465087949 0.313968611984962 202.127242214593
"318" 0.181818181818182 -2044.81096192353 0.303921102192096 0.146213344237226 470.610954573506
"319" 0.363636363636364 -860.129526835177 0.715126414466831 0.293229218782996 237.445916962717
"320" 0.181818181818182 -2101.33942048287 0.248470410631621 0.136319459899196 508.531612256425
"321" 0.0909090909090909 -1764.52312867551 0.15753146474126 0.120333440351969 548.945685361989
"322" 0.272727272727273 -1220.05845845505 0.594736910465849 0.224630057166436 302.703657861194
"323" 0.454545454545455 -893.160765511426 0.57477968631009 0.205089289070017 308.872541560128
"324" 0.181818181818182 -1423.31124755674 0.339595114058335 0.159585525233948 446.633394057048
"325" 0.363636363636364 -1947.6951184133 0.305587333740286 0.13708502157365 465.037934681424
"326" 0.272727272727273 -1005.88821481588 0.370497064295048 0.156575093133088 425.12056619412
"327" 0.363636363636364 -858.281662014841 0.706453988961557 0.281979753426803 237.953539843857
"328" 0.181818181818182 -944.157473243237 0.5587389453598 0.220581432078439 322.686262826575
"329" 0.363636363636364 -1180.62970988646 0.414885382592422 0.166371391201953 399.174420652178
"330" 0.363636363636364 -1624.56677241478 0.400394550889524 0.151656007645279 411.173222046962
"331" 0.454545454545455 -763.252560511141 0.769554237400008 0.34417927471377 203.227746495697
"332" 0.272727272727273 -1034.50652753426 0.488513680156147 0.180650640346665 360.586089207884
"333" 0.181818181818182 -2592.73129897599 0.45753881920851 0.192052639706836 390.38770896697
"334" 0.181818181818182 -2604.80902212465 0.183487084518758 0.118992647791693 529.968226276268
"335" 0.272727272727273 -841.935632168212 0.531147676585775 0.202574584192785 335.66187894725
"336" 0.181818181818182 -1188.6596964006 0.343552166781998 0.147441502656748 446.944202345074
"337" 0.272727272727273 -2009.13738229475 0.401689610506806 0.15306014472267 414.573645604204
"338" 0.363636363636364 -1109.99142369958 0.772816935610118 0.32936443528696 198.89608404513
"339" 0.272727272727273 -1771.86184683687 0.417535740148914 0.178336149141598 410.208451062057
"340" 0.272727272727273 -1391.01113889333 0.391115460644339 0.151565615050806 418.164388070965
"341" 0.272727272727273 -1424.25387577877 0.275645658402122 0.133660565925947 480.514066064672
"342" 0.363636363636364 -1613.81565252595 0.317423964104902 0.137060083112102 459.916666031804
"343" 0.272727272727273 -1337.84548869759 0.429968638760348 0.166554440820962 390.179800699232
"344" 0.272727272727273 -2300.87395774959 0.3656432629394 0.153404292526049 427.393788289872
"345" 0.363636363636364 -1323.10713680552 0.356557009315239 0.154247579998823 430.542654253845
"346" 0.272727272727273 -888.482073349501 0.347946145225046 0.14496293410573 436.940664874692
"347" 0.272727272727273 -776.163039950218 0.782424325728367 0.348757795912828 197.29956903219
"348" 0.363636363636364 -936.980647342307 0.654568134925163 0.255086083853947 268.038063467469
"349" 0.363636363636364 -889.971268849205 0.594788065487246 0.229111353724053 300.261401596433
"350" 0.363636363636364 -1019.69310115724 0.509843999631829 0.188497102651282 347.395465443609
"351" 0.363636363636364 -1416.62343963561 0.597623502016095 0.221441030160228 296.982008696999
"352" 0.272727272727273 -1729.7589053984 0.390063183542588 0.165563922888368 421.001110604591
"353" 0.181818181818182 -1392.31827217539 0.348447486648644 0.163837883593296 442.727659409144
"354" 0.181818181818182 -970.539522648791 0.318491919442644 0.139625775347533 451.237557031319
"355" 0.181818181818182 -1614.09460203179 0.29323343124638 0.134378437885846 467.967326760525
"356" 0.0909090909090909 -1722.81212518614 0.31228323265456 0.137013710518769 463.587606825377
"357" 0.363636363636364 -1215.39462270019 0.495144821877816 0.177379027708205 357.331719414808
"358" 0.363636363636364 -433.99552567991 0.803563390757462 0.38518338070229 183.310611462849
"359" 0.363636363636364 -1211.75365840614 0.429473446980229 0.168260950788111 402.571500172315
"360" 0.363636363636364 -1246.73637373336 0.592345234382346 0.215763199031796 302.169576321833
"361" 0.363636363636364 -1321.58343873476 0.398217642416663 0.156620127617837 408.926362605137
"362" 0.272727272727273 -1164.77283664709 0.315356203188841 0.14300715796112 454.635575627838
"363" 0.545454545454545 -580.987789712964 0.632729668923968 0.240590553750467 276.665613063809
"364" 0.363636363636364 -905.941475813904 0.639811123186795 0.242945734507211 271.876691248058
"365" 0.272727272727273 -948.380733807417 0.435188788430338 0.183902331698958 396.502136150899
"366" 0.272727272727273 -1125.47352902643 0.366747618466456 0.149796202395247 426.712944296387
"367" 0.181818181818182 -1517.77753397969 0.169773599203712 0.120958587408456 542.423444901104
"368" 0.272727272727273 -1310.94000277651 0.396152640811375 0.156854805510985 412.561313752981
"369" 0.181818181818182 -1303.17980134529 0.236847871720911 0.138830141262763 504.025280898297
"370" 0.272727272727273 -1437.24871077018 0.336538983785847 0.146662207017924 444.329474252777
"371" 0.272727272727273 -1349.25046123271 0.361156314266488 0.15955974917065 433.225503924931
"372" 0.181818181818182 -952.886246783236 0.459454080164933 0.188255135644363 382.257934658032
"373" 0.0909090909090909 -1457.62169183034 0.194218245708922 0.126993914561089 530.826459432265
"374" 0.272727272727273 -1050.54811570027 0.421278211828941 0.161865640585136 400.558266491862
"375" 0.181818181818182 -1586.35252088508 0.361920360631526 0.152854635657986 429.96648541207
"376" 0.272727272727273 -2213.60456072345 0.595653545997968 0.225381652229388 302.932192007219
"377" 0.454545454545455 -1200.66342298544 0.645254846389467 0.261099259519987 277.531250829436
"378" 0.272727272727273 -923.283398268609 0.578704283439966 0.211895956797123 308.087339144282
"379" 0.181818181818182 -2627.19455348644 0.218180938061527 0.128275164895761 519.147864806477
"380" 0.272727272727273 -1858.8116782058 0.327549710490445 0.148477699985068 453.348556977813
"381" 0.181818181818182 -1691.37674182222 0.273197747022822 0.139188527429851 486.620273653441
"382" 0.272727272727273 -978.86275809067 0.529363257653117 0.20870518770658 342.639671462413
"383" 0.272727272727273 -878.070452955676 0.608780976461136 0.224824140272506 287.807926572673
"384" 0.272727272727273 -1041.30579162652 0.446438503202503 0.177340119288588 386.022124691948
"385" 0.0909090909090909 -2721.77428918425 0.106710087817344 0.111213845252862 581.712188744743
"386" 0.181818181818182 -2213.74251452076 0.187753625242894 0.125878334903603 541.905660945072
"387" 0.181818181818182 -2073.31697653742 0.557204608060486 0.19652773804129 323.11036785359
"388" 0.272727272727273 -2060.78761449614 0.458587002456554 0.182782991646233 380.551604765258
"389" 0.181818181818182 -946.876128590297 0.478703125002498 0.185023019628814 362.185943550395
"390" 0.363636363636364 -707.728951175229 0.629029313532133 0.24247064615679 285.002999463363
"391" 0.0909090909090909 -1374.64055508632 0.190062065589865 0.12651281088022 528.136215388425
"392" 0.272727272727273 -940.675877812303 0.721047362203813 0.282918306878431 229.112191111338
"393" 0.181818181818182 -2409.46666554373 0.230237796976184 0.12696190605146 513.195256422367
"394" 0.272727272727273 -1374.73326605397 0.273665771289653 0.139509635388285 486.146696449921
"395" 0.363636363636364 -1198.92485988479 0.53378913740593 0.204366160919817 334.67147469545
"396" 0.0909090909090909 -1536.36655522864 0.21675750567288 0.134879889391767 523.072156375122
"397" 0.272727272727273 -2597.36724348818 0.283622933917236 0.145162799061673 478.54881614137
"398" 0.363636363636364 -1839.86216467224 0.389898659743955 0.156654553905819 427.056422848208
"399" 0.181818181818182 -2494.1329276752 0.211766057719513 0.12821424097774 529.490289433195
"400" 0.272727272727273 -1058.7691455563 0.478241435779009 0.202114799336023 377.305780971562
"401" 0.181818181818182 -1441.97509135483 0.29977715182021 0.144711409345144 475.26546589596
"402" 0.363636363636364 -952.390281433672 0.618445377730809 0.22481137788084 289.706307968742
"403" 0.181818181818182 -1952.43789223464 0.309651068794269 0.138769516393392 466.102758598002
"404" 0.272727272727273 -1365.11428867698 0.515300880574305 0.202129234069712 352.394514884835
"405" 0.363636363636364 -912.581147981396 0.581423200506484 0.211272532687117 303.262524855044
"406" 0.181818181818182 -1579.18846975503 0.315323941892567 0.142805326331249 452.977489675756
"407" 0.363636363636364 -1266.48517083657 0.601968393044167 0.219996507126164 297.787502340367
"408" 0.181818181818182 -2082.97965530628 0.311922614935974 0.147111758341702 465.663502747286
"409" 0.181818181818182 -1799.30452971912 0.309897237657878 0.139399176948817 469.62378681202
"410" 0.454545454545455 -1216.6830503628 0.50669780251377 0.190504267023952 350.162111609219
"411" 0.454545454545455 -850.909411052112 0.614569118570127 0.25067031746961 292.780390709452
"412" 0.181818181818182 -1563.310939985 0.335398867567394 0.151962824408557 454.704089254805
"413" 0.181818181818182 -1668.05318125878 0.324769089134997 0.154322107283791 461.507593064639
"414" 0.181818181818182 -1594.32159616393 0.414866414936597 0.16569970204005 401.379837998387
"415" 0.272727272727273 -496.335177640871 0.784595172392403 0.34738658537547 191.886005376058
"416" 0.272727272727273 -2090.26504533141 0.356827061172141 0.159733125261826 447.688530357589
"417" 0.181818181818182 -2705.4387503263 0.237148655559053 0.133625843186476 514.857705917687
"418" 0.272727272727273 -1401.21747593052 0.431857411839205 0.170872615221879 393.283835195971
"419" 0.272727272727273 -989.21719607711 0.527108500824053 0.197440808944093 337.307513048302
"420" 0.272727272727273 -1340.90873359919 0.538618915114057 0.218642814300158 344.86555223217
"421" 0.363636363636364 -1125.3883770823 0.440750122906054 0.162289693912068 388.536213955213
"422" 0.181818181818182 -1303.35731579621 0.141644233112119 0.114870848063422 567.190482070355
"423" 0.272727272727273 -2033.7086451406 0.403674080200813 0.172356317852479 422.939277337654
"424" 0.363636363636364 -917.33842990831 0.526957451359236 0.193619077944565 336.795033912256
"425" 0.363636363636364 -1319.87078623598 0.364973883266651 0.156626102602636 432.082077876665
"426" 0.363636363636364 -783.077901329934 0.689210959781768 0.261826407706663 241.59499645466
"427" 0.181818181818182 -2584.2100958851 0.369712721529267 0.16130042287987 439.123509662691
"428" 0.272727272727273 -1394.78783015173 0.382673601338009 0.157047303229249 420.394860995864
"429" 0.0909090909090909 -1226.61385391831 0.428633893592923 0.169769145425387 393.758337255614
"430" 0.272727272727273 -1304.84749043449 0.404698357143229 0.164496639225251 417.077456817799
"431" 0.272727272727273 -1372.09694843277 0.369357004603711 0.156280814660961 431.994161615847
"432" 0.272727272727273 -1549.04976940393 0.508759191721538 0.205523473966711 358.393050978368
"433" 0.272727272727273 -1327.15132444481 0.419485932051372 0.180726063300841 410.0212830715
"434" 0.363636363636364 -849.266724822067 0.63752501823446 0.256982750784462 278.217184133362
"435" 0.363636363636364 -1106.39724688998 0.66318166501857 0.262545152339115 263.757938412274
"436" 0.181818181818182 -1357.73525003067 0.297363733800467 0.143535877409178 475.567214640439
"437" 0.181818181818182 -976.234286012707 0.649642366207867 0.235582749487321 269.702702026908
"438" 0.272727272727273 -1171.08112539345 0.524209523939044 0.193987139422067 338.832401287486
"439" 0 -1830.58407579107 0.0352852506763509 0.105688913621712 624.874219747516
"440" 0.272727272727273 -974.872960525742 0.550546686537626 0.195226815171424 321.532142408879
"441" 0.0909090909090909 -1469.29736817993 0.250820585540383 0.145825765750644 501.776189721411
"442" 0.363636363636364 -948.542352982546 0.598321799118418 0.224993689393255 299.502937431517
"443" 0.272727272727273 -864.022729974927 0.523960194660984 0.191001856356742 338.374058238405
"444" 0.181818181818182 -1004.50594711233 0.434325871814108 0.175124951097336 394.72089130237
"445" 0.272727272727273 -1135.25434387692 0.439675488545441 0.171477129748474 387.060361010779
"446" 0.363636363636364 -1024.97667410398 0.582453758643876 0.230937876543304 309.944688570301
"447" 0.272727272727273 -810.714884606893 0.612279237421159 0.228895622674804 287.284520465787
"448" 0.272727272727273 -1194.01454308439 0.489942684343603 0.19639882761896 361.334990739648
"449" 0.181818181818182 -1959.35331388798 0.236131118434324 0.132968119963295 505.416615443933
"450" 0.272727272727273 -1035.48307597335 0.671349305088894 0.267692765604845 263.408575527999
"451" 0.454545454545455 -413.404977715527 0.811717984480755 0.396193115732786 177.037123809091
"452" 0.363636363636364 -722.544637119961 0.74429132998083 0.330740898867535 222.563383603003
"453" 0.272727272727273 -1498.36910771973 0.408062330815799 0.167136848276169 407.263618079957
"454" 0.363636363636364 -1454.03959068282 0.365356634890083 0.156867524806915 433.216029887728
"455" 0.272727272727273 -1258.14102822081 0.504770453983833 0.205741877277438 360.884140846238
"456" 0.0909090909090909 -1713.69888858982 0.53205218452556 0.18703584982377 340.971211694122
"457" 0.363636363636364 -1341.00107341578 0.368593150925946 0.153194028074878 431.670831810415
"458" 0.272727272727273 -868.60965943605 0.595943044619603 0.223108900313325 300.549114226783
"459" 0.272727272727273 -813.143228330293 0.558545891523761 0.215584538407467 318.97501709729
"460" 0.272727272727273 -1482.55509542413 0.48027366506512 0.174439632519363 367.014630364394
"461" 0.363636363636364 -1326.80053142707 0.55716960661509 0.205073310093192 324.1444508521
"462" 0.272727272727273 -1220.21361711579 0.436519463618085 0.175529693019378 390.889363943064
"463" 0.272727272727273 -1895.53111333305 0.404701867708003 0.15557478328554 411.759839507611
"464" 0.454545454545455 -904.01511680331 0.694260427393137 0.267196105349901 240.797126436455
"465" 0.363636363636364 -906.596847739471 0.583493872412081 0.212556351495433 305.757086987595
"466" 0.454545454545455 -1483.73287133906 0.634312272751589 0.255477036108866 285.385814228596
"467" 0.363636363636364 -1101.84999784515 0.413865475063095 0.160399319347271 403.218699184677
"468" 0.363636363636364 -1147.08488291424 0.54279603345782 0.213173731689228 336.957801205793
"469" 0.272727272727273 -872.087659779687 0.532505440412346 0.202421639176155 338.962769151072
"470" 0.454545454545455 -1060.07851767861 0.579645725270957 0.209747468012948 304.406841228914
"471" 0.272727272727273 -1262.37852499189 0.41650274818447 0.168302732845118 412.252677604521
"472" 0.181818181818182 -1607.42972238705 0.290527398376345 0.133931309254294 478.291235888936
"473" 0.454545454545455 -1108.57333425555 0.539411959715479 0.201040383592605 336.223060524533
"474" 0.272727272727273 -962.877729942155 0.624212444352398 0.246103622436422 291.537218841875
"475" 0.272727272727273 -1158.42628006723 0.542817919271111 0.198436397312965 328.138310922764
"476" 0.636363636363636 -521.606697872758 0.623238949225498 0.231517032077542 282.409129351878
"477" 0.0909090909090909 -1511.37103507792 0.123352528708144 0.114305794311275 571.448503663368
"478" 0.0909090909090909 -1837.27380908122 0.114371979192903 0.109917510062904 573.124900383165
"479" 0.272727272727273 -838.492952837592 0.700623048636145 0.282115751335164 241.713880365866
"480" 0.272727272727273 -759.75706277747 0.650798262944545 0.243934596786078 264.419919053861
"481" 0.181818181818182 -1986.80097164879 0.177555326773312 0.122282519782243 537.648538636917
"482" 0.0909090909090909 -1273.09698467717 0.376761364736138 0.173525851640872 433.441086575948
"483" 0.272727272727273 -849.036225086946 0.463076504517367 0.189920432563407 379.000660105049
"484" 0.181818181818182 -1405.61596350136 0.319559929370831 0.156611393347273 467.136423930817
"485" 0.0909090909090909 -1566.41578793384 0.28310603910025 0.149114197685352 486.575454260956
"486" 0.181818181818182 -1060.33612149513 0.533011020851896 0.205340718650875 338.421613333269
"487" 0.454545454545455 -682.576455075882 0.529066191485795 0.194804423973204 335.225057468645
"488" 0.272727272727273 -1240.27744958172 0.444307014277212 0.186867310583461 397.818162607727
"489" 0.181818181818182 -1522.5317443813 0.278242086209795 0.13491900613815 480.346630798618
"490" 0.272727272727273 -1009.99908171327 0.510336912226972 0.190068010091286 350.145301662688
"491" 0.181818181818182 -1327.70086792781 0.574582308245909 0.235490090393415 316.847659553587
"492" 0.0909090909090909 -2247.61191318332 0.150062398331415 0.120277037824065 553.745797040616
"493" 0.272727272727273 -953.131249684424 0.372968499603333 0.150637496680445 426.069584407716
"494" 0.181818181818182 -1408.73904604873 0.146954733475951 0.116136237542129 556.674620333139
"495" 0.181818181818182 -1037.01558524278 0.361326861682494 0.144347977862572 431.323835649155
"496" 0.272727272727273 -1229.40251661085 0.392157448158209 0.154995012046576 412.593045733194
"497" 0.272727272727273 -1225.8763071993 0.471225091361905 0.184198650227254 378.325480738154
"498" 0.272727272727273 -1813.55515874827 0.397097854678275 0.158457948822082 410.764657764556
"499" 0.181818181818182 -1412.75780347046 0.340179991285714 0.144560421587765 438.787178746622
"500" 0.272727272727273 -645.068188207053 0.597306496540535 0.215406662837488 297.041969900054
"501" 0.181818181818182 -724.37487240596 0.6929103040631 0.26614598937818 243.676111230359
"502" 0.0909090909090909 -2750.98537628924 0.118881543768914 0.113604316121074 587.284358209197
"503" 0.272727272727273 -1242.87046331636 0.366055424854626 0.153929090983625 433.71725980062
"504" 0.181818181818182 -1605.95748307191 0.382017518583158 0.172182017217488 423.086373726139
"505" 0.272727272727273 -2022.47694644881 0.340231218869807 0.143476428166959 446.573718257854
"506" 0.181818181818182 -1869.26776502793 0.343637967935649 0.150376256060581 454.400143063418
"507" 0.272727272727273 -1161.32462937687 0.262166670192632 0.130437094975397 483.837506113038
"508" 0.272727272727273 -1178.55904678036 0.447745104582451 0.166850080227527 380.75656365474
"509" 0.272727272727273 -751.625747788058 0.50182619781199 0.189107950653184 353.462705442903
"510" 0.272727272727273 -1580.2281644422 0.533031962267457 0.199836439894603 345.160295786662
"511" 0.272727272727273 -1035.96142475466 0.43440334239665 0.16805206074738 389.289892557973
"512" 0.181818181818182 -946.81489487112 0.424993700946286 0.1690936951326 396.147096409637
"513" 0.272727272727273 -1763.25314773445 0.329075206255677 0.149098443992031 448.746393303445
"514" 0.272727272727273 -1573.03567861791 0.390280758365198 0.164304812373509 420.817281433626
"515" 0.363636363636364 -990.156599198798 0.650443395470029 0.244165877635986 265.503400666651
"516" 0.272727272727273 -1309.42124322882 0.377748853697991 0.164317430552008 424.977917147789
"517" 0.363636363636364 -648.937375642883 0.651135628808287 0.260789878570934 268.7925204208
"518" 0.181818181818182 -1034.61310612641 0.599401526910912 0.222997401934512 298.588724030857
"519" 0.363636363636364 -1092.62867241661 0.55447629540477 0.210165052974012 324.063876657595
"520" 0.272727272727273 -1029.09134115722 0.352087640059533 0.150534293780371 440.535675887403
"521" 0.181818181818182 -1128.99759596473 0.610554584036482 0.225970667517719 290.088269837224
"522" 0.454545454545455 -708.020532109193 0.703361093451639 0.300498743317753 243.529375001288
"523" 0.363636363636364 -1380.27014201505 0.440363734150615 0.176866072410139 393.944331269606
"524" 0.363636363636364 -1048.49007927653 0.387839649745264 0.162260978609458 420.166864736995
"525" 0.0909090909090909 -1238.50201610116 0.385297518640749 0.157827008335768 422.096164737211
"526" 0.454545454545455 -422.511898734237 0.825495641780336 0.407385966795258 168.338484780782
"527" 0.363636363636364 -968.464759127174 0.604711568508419 0.237851364634466 298.245987981616
"528" 0.272727272727273 -1248.49451354885 0.338748433184341 0.14376034884845 442.696882296167
"529" 0.272727272727273 -1761.16790652348 0.382608245018811 0.153456362727015 429.685220094269
"530" 0.181818181818182 -1158.42799934932 0.378892648954764 0.156929980158971 428.377518823231
"531" 0.272727272727273 -1243.39570757809 0.58595325144134 0.227603749536925 310.147999079141
"532" 0.272727272727273 -926.62686597323 0.518055570608386 0.192824969257383 341.085351968207
"533" 0.272727272727273 -1216.53526797715 0.436980380816344 0.171949368924302 396.870316469797
"534" 0.272727272727273 -1114.06578481723 0.452879130161937 0.184528569017568 384.294339353906
"535" 0.363636363636364 -1417.51159979372 0.490468475403846 0.188768463592991 361.536323792429
"536" 0.363636363636364 -908.008372693756 0.570687453537769 0.206514337288081 311.877509711997
"537" 0.272727272727273 -1082.76685880738 0.596848718284956 0.231323790410419 301.698351876763
"538" 0.0909090909090909 -2051.19697956125 0.100514411869042 0.110919861980544 581.562649033521
"539" 0.272727272727273 -914.688913282618 0.544853300721456 0.203369784307495 328.936240626499
"540" 0.181818181818182 -1612.16437011992 0.439908007860078 0.179794199867677 395.773230520938
"541" 0.272727272727273 -920.7959541052 0.415826107558856 0.1604828856709 400.891484270396
"542" 0.181818181818182 -994.862409403313 0.491656312120141 0.183041949906729 358.005692003586
"543" 0.181818181818182 -1175.49989464275 0.43073912807594 0.18015931407836 395.985077633906
"544" 0.363636363636364 -1353.2022878956 0.460647754881644 0.174373602409283 379.926820790034
"545" 0.272727272727273 -1225.68076848429 0.358094573242281 0.147499155246844 437.675245452882
"546" 0.363636363636364 -894.939202553088 0.512069277543103 0.192826600185449 345.8529647919
"547" 0.454545454545455 -662.341958478666 0.710046712865962 0.295175265495466 231.904218200548
"548" 0.181818181818182 -1044.22670123464 0.339447421511837 0.148441298096364 448.362645640213
"549" 0.272727272727273 -934.073301685813 0.652700072976681 0.249732495616712 268.885339408065
"550" 0.363636363636364 -1073.61020479849 0.565639025582415 0.204838129310776 314.919663508993
"551" 0.181818181818182 -2117.96238484943 0.244835473220934 0.136443749732723 508.590393182076
"552" 0.181818181818182 -1262.0265966464 0.461477972559713 0.175253055438046 375.275801745313
"553" 0.545454545454545 -608.579014987892 0.60142679407261 0.227418699615209 293.6473708882
"554" 0.363636363636364 -1359.00901888245 0.588158939087733 0.220615567740345 304.65004606609
"555" 0.363636363636364 -383.010671001742 0.80373604858932 0.366631800012628 176.986254828272
"556" 0.181818181818182 -1612.77853990926 0.397678490105147 0.170419613927137 418.052571145561
"557" 0.454545454545455 -657.40833054277 0.689271304117714 0.263675283437216 243.345932021493
"558" 0.272727272727273 -1403.08398152027 0.541829236955042 0.202347890064046 333.185515650164
"559" 0.363636363636364 -1273.36781851223 0.414374456690328 0.172520587255665 401.709296494222
"560" 0.272727272727273 -679.841649010867 0.653748034838667 0.253623181421853 268.249645860633
"561" 0.181818181818182 -2005.85028010435 0.322615530300571 0.14944233549243 457.303300475713
"562" 0 -1909.89958512331 0.0313477135232526 0.10525250672507 623.610197975824
"563" 0.272727272727273 -1953.54831316638 0.466379329918123 0.176374177859555 380.67625698105
"564" 0.454545454545455 -632.242348069442 0.616334746760479 0.226986169446457 282.131208572758
"565" 0.454545454545455 -1244.09068559633 0.501543090871586 0.180258069065427 349.522727831977
"566" 0.181818181818182 -1740.95705038912 0.330748456693062 0.159018082557621 456.446330321091
"567" 0.0909090909090909 -1717.81941269843 0.406923520925411 0.173402488151599 419.693798166537
"568" 0.181818181818182 -2164.38162836876 0.230555531053143 0.133013502936675 511.278116209968
"569" 0.181818181818182 -1632.73129019274 0.217035673539892 0.120591587602482 516.594434632652
"570" 0.272727272727273 -1181.2112139402 0.48071485196897 0.182756434324048 371.835550621478
"571" 0.272727272727273 -583.342043013586 0.755740246305247 0.316120038963845 203.678251371696
"572" 0.181818181818182 -1944.57164423657 0.400144575015703 0.171717487257845 422.698721073603
"573" 0.363636363636364 -1200.58088322206 0.477676200693901 0.18394782421952 371.259857876867
"574" 0.272727272727273 -887.037328835318 0.602375479692248 0.2433705170568 300.682123344624
"575" 0.363636363636364 -1600.31071871536 0.469442281477594 0.173894066080731 371.10073143004
"576" 0.272727272727273 -2485.41473117268 0.267040024546222 0.128140274378463 487.274162193795
"577" 0.272727272727273 -1393.97165491027 0.505243192668568 0.187908594906265 348.596225896035
"578" 0.181818181818182 -1107.60749565965 0.36525230998407 0.150681822509755 424.278897721378
"579" 0.454545454545455 -1615.12894030321 0.505510393706099 0.193233964269287 350.532869238756
"580" 0.272727272727273 -1068.19814586949 0.390447744089375 0.161609144964112 413.801903522166
"581" 0.0909090909090909 -1826.39562725089 0.147186046094827 0.120211173781186 562.617635924078
"582" 0.181818181818182 -1411.80718384174 0.388019004618013 0.168928723273412 422.775176167069
"583" 0.272727272727273 -988.34696428642 0.462633595813911 0.187666219582852 377.862680374959
"584" 0.272727272727273 -3018.13825466585 0.339524058416775 0.153848613675324 461.388454209361
"585" 0.272727272727273 -1488.64775609061 0.552183590237776 0.203060726879143 334.388628035598
"586" 0.272727272727273 -1137.47638890221 0.550164795605438 0.212574306541691 329.537501182489
"587" 0.363636363636364 -693.599704607981 0.681635508716858 0.288226571982339 259.00546401696
"588" 0.363636363636364 -1318.40507398838 0.662053504478642 0.254173504285944 262.532574936084
"589" 0.272727272727273 -1138.13684006904 0.543898297803952 0.215999247042964 333.440436083975
"590" 0.363636363636364 -993.481670328119 0.541886390195303 0.21486950313597 332.694247834512
"591" 0.363636363636364 -1143.53565599657 0.530445465588491 0.203996150574573 340.824302983691
"592" 0.181818181818182 -2336.36403923701 0.264195439729873 0.130041603902153 486.734369648655
"593" 0.181818181818182 -1726.29325747717 0.275799453879354 0.137330332084405 479.782174965879
"594" 0.181818181818182 -1361.23842026538 0.235400638980882 0.129814516217396 507.481534421979
"595" 0.272727272727273 -2827.13331950099 0.396813676106331 0.169438876695896 424.884305222903
"596" 0.454545454545455 -1226.69796484684 0.616017527387263 0.228672949376886 292.895753398864
"597" 0.363636363636364 -1009.03203437651 0.475478380310639 0.18283268317378 370.656035222555
"598" 0.181818181818182 -890.044487143328 0.43682445201592 0.178742085157118 392.922581900097
"599" 0.0909090909090909 -2054.80090525248 0.273946218587909 0.140150822636984 489.775538809644
"600" 0.181818181818182 -2483.96491832544 0.306087564129346 0.143458137073222 470.155027934932
"601" 0.272727272727273 -790.124609773903 0.731095468800933 0.297847833732478 221.119098321954
"602" 0.272727272727273 -1384.40041261826 0.368808350819626 0.153019002773079 431.892634817958
"603" 0.363636363636364 -1087.66765372553 0.517763946984233 0.197884147653668 342.322722335788
"604" 0.363636363636364 -1044.64284169121 0.736780490551074 0.330410475872441 227.192764330609
"605" 0.272727272727273 -1165.63800219453 0.398326531667324 0.16658508011255 417.957378302689
"606" 0.363636363636364 -1740.88044901975 0.406438951719248 0.162367767186278 412.475057849591
"607" 0.181818181818182 -1590.16349567801 0.298316832358923 0.144827002327507 470.054520154663
"608" 0.181818181818182 -1090.46845243995 0.249907281602977 0.127896995556025 490.386471618235
"609" 0.272727272727273 -762.63046175983 0.599687355747448 0.234709285360164 298.792562869506
"610" 0.454545454545455 -981.44938233374 0.580366363174362 0.217829866883161 304.94698459995
"611" 0.272727272727273 -658.758806028812 0.71491055410088 0.295449093605937 233.270435977052
"612" 0.272727272727273 -1554.21649945587 0.304991319272163 0.14339242373944 468.172661440738
"613" 0.272727272727273 -1145.51546421 0.468731775808911 0.176351460129506 372.108878280059
"614" 0.181818181818182 -1613.65273156897 0.279966573584397 0.134516633225315 479.668271516496
"615" 0.272727272727273 -1286.0681674924 0.495496507400039 0.199439993728599 358.715713937103
"616" 0.181818181818182 -1394.7378217464 0.218061712848879 0.127256235660211 516.875276912039
"617" 0.181818181818182 -1672.34513801195 0.322624539453326 0.144846459663298 459.176892934681
"618" 0.181818181818182 -1510.63231616526 0.433382706303017 0.164452683791469 394.599095952907
"619" 0.272727272727273 -2609.36340323501 0.343686270977003 0.154956390510775 447.716958395834
"620" 0.363636363636364 -1162.72228024714 0.563547679885799 0.207877591138103 313.151146896661
"621" 0.272727272727273 -1360.430027883 0.297730397284964 0.141415836576688 463.311905397486
"622" 0.181818181818182 -1543.33626299575 0.202663404889176 0.120249089417937 533.877579770063
"623" 0.272727272727273 -915.725336230488 0.574281393543481 0.211131779107583 312.361206292559
"624" 0.272727272727273 -1655.99898413722 0.370694348970778 0.149672402255886 428.720009080029
"625" 0.272727272727273 -1334.71741205458 0.445627646821164 0.18758118011844 389.22877170589
"626" 0.363636363636364 -956.915887933151 0.555327481676446 0.206537274368146 324.839749337896
"627" 0.272727272727273 -967.663730349891 0.406733443418338 0.166008975941345 404.510153947386
"628" 0.181818181818182 -1558.20747989883 0.456287890905875 0.185925702308461 389.424643073137
"629" 0.363636363636364 -661.620706428621 0.5858572769504 0.228228420996313 306.41021253682
"630" 0.181818181818182 -1951.85506168757 0.449365179891233 0.176574758670508 393.818445031147
"631" 0.363636363636364 -807.779143251802 0.593266348762359 0.241927608408059 306.583936666499
"632" 0.272727272727273 -926.58598526258 0.416200661331003 0.165410909445283 395.67908386481
"633" 0.363636363636364 -1114.13959854912 0.41974832011995 0.163579479083719 400.293821616506
"634" 0.181818181818182 -1069.29161573748 0.481329078375335 0.179782723888804 365.945724920637
"635" 0.181818181818182 -827.054480619521 0.643061662105699 0.259622270364322 273.796843579842
"636" 0.272727272727273 -1123.20020969996 0.250633295850591 0.128139544636875 492.141350784781
"637" 0.272727272727273 -1145.19534134898 0.381234509829693 0.170994047765964 428.580737081089
"638" 0.363636363636364 -1111.76141963321 0.470355508411315 0.171886580147592 363.607472388993
"639" 0.363636363636364 -1497.08908420405 0.47022093874962 0.16880715528514 368.33003843124
"640" 0.363636363636364 -974.403633839211 0.529497349453701 0.190199068558466 332.805171671754
"641" 0.181818181818182 -1153.38247991996 0.391388276673183 0.158565447038201 413.332953663159
"642" 0.272727272727273 -1585.64256561991 0.343048869381533 0.154326098947952 445.057398496184
"643" 0.363636363636364 -1859.0803329193 0.367868530401267 0.148359912902705 425.689070848247
"644" 0.181818181818182 -1340.29006785276 0.317029632559657 0.140484075858716 459.416197718272
"645" 0.181818181818182 -1682.63491504907 0.384811486223012 0.157625923192543 424.9122114114
"646" 0.272727272727273 -1281.24266841176 0.448794326417916 0.178517036004431 387.211166453652
"647" 0.272727272727273 -840.134626038604 0.695938840689881 0.260424156017731 241.918387404678
"648" 0.272727272727273 -1774.19662533127 0.324073784140548 0.155661271250748 454.950426349719
"649" 0.272727272727273 -1395.93004484915 0.372420884655423 0.154155669991195 431.209435697727
"650" 0.363636363636364 -969.300672200632 0.496072132124608 0.18666144827808 358.946775173745
"651" 0.454545454545455 -958.759729867761 0.701599358697777 0.29585760162116 245.718808764743
"652" 0.272727272727273 -944.48300914343 0.471996212941106 0.177480731617688 368.101458437287
"653" 0.181818181818182 -1939.96485239995 0.327503137168931 0.15255622989284 455.318225877709
"654" 0.363636363636364 -458.799391343259 0.696959515124586 0.279537805760568 240.393283822236
"655" 0.272727272727273 -1442.40512196284 0.400384386512069 0.15909142096759 412.478711264103
"656" 0.272727272727273 -2636.28584579841 0.421910833351754 0.175935906984309 404.526977071608
"657" 0.272727272727273 -1670.14945404301 0.461369516478199 0.184895942190466 384.479490311502
"658" 0.363636363636364 -2118.1743470046 0.382718591809727 0.15390051551398 421.71875552301
"659" 0.545454545454545 -713.083950548761 0.707255831214099 0.283255760008024 235.5645536614
"660" 0.272727272727273 -1110.65359700912 0.447210648432365 0.175594138840714 385.735028337443
"661" 0.272727272727273 -1050.70024149113 0.513152787049644 0.194424482410307 348.321210609248
"662" 0.181818181818182 -1121.15350042843 0.269387188399814 0.138806208206163 481.186796289973
"663" 0.181818181818182 -1700.41590487446 0.245307524791809 0.128606901847581 496.373062864342
"664" 0.272727272727273 -935.263690677288 0.638534207316931 0.257742498605388 285.329359817866
"665" 0.363636363636364 -722.274183164314 0.6654567213755 0.279911510548843 265.755100711098
"666" 0.363636363636364 -1118.15173683132 0.727939816234015 0.317611538745056 231.112111835217
"667" 0.272727272727273 -1690.60151741929 0.287373071598974 0.142179987049778 479.100032095052
"668" 0.363636363636364 -1385.18184373479 0.44131449539528 0.172463872061163 388.502874943684
"669" 0.272727272727273 -668.256951474067 0.641320430246171 0.24059743481198 272.271290269215
"670" 0.272727272727273 -1078.79841663117 0.504251292095855 0.189038427929987 352.445860715443
"671" 0.454545454545455 -809.71126796451 0.699923693657024 0.286379859753565 244.765731658263
"672" 0.272727272727273 -1166.67765264414 0.405475092589191 0.161809731638763 412.424391136958
"673" 0.272727272727273 -1427.02094531395 0.356296407381498 0.154201452048759 442.546340611682
"674" 0.363636363636364 -1485.54829160876 0.521546217707621 0.210597457707662 351.142901826045
"675" 0.272727272727273 -1945.93331655663 0.291539315812545 0.142233533608098 477.207193064282
"676" 0.363636363636364 -1278.54881407889 0.540375007682057 0.207604615939482 334.270481757028
"677" 0.181818181818182 -2462.83818196005 0.29278189704915 0.15137965664007 481.935154664341
"678" 0.181818181818182 -859.744850235606 0.601114618158977 0.224883904220417 298.746838449756
"679" 0.454545454545455 -679.968990643523 0.845998970039901 0.455315200751055 165.451363810641
"680" 0.363636363636364 -790.052132120656 0.503891931912401 0.191904228006236 349.435695587052
"681" 0.454545454545455 -558.131889876571 0.761790326122041 0.333574373673985 207.475069807237
"682" 0.363636363636364 -1092.36666052802 0.559847588290675 0.206553569120562 322.40035234479
"683" 0.363636363636364 -1303.95750515931 0.462372928249161 0.176864611272829 375.346787202242
"684" 0.272727272727273 -1683.17522322114 0.413777430837403 0.16486782818578 405.45916040662
"685" 0.272727272727273 -1610.06160186572 0.395356511601734 0.156017429577847 421.880537675193
"686" 0.454545454545455 -904.532314674503 0.712608208051223 0.302914828092341 239.227999337471
"687" 0.181818181818182 -1932.1433881034 0.269204608623077 0.13560469476153 493.432193314459
"688" 0.181818181818182 -1378.00555796953 0.475555794335019 0.181565804331652 368.377391419746
"689" 0.454545454545455 -698.964203165862 0.765358045244898 0.337380777202683 205.095649041317
"690" 0.181818181818182 -1407.75562552531 0.375469606379781 0.152595896000873 433.1187980143
"691" 0.363636363636364 -738.178980557379 0.62867548261832 0.230374759981416 275.725535052433
"692" 0.181818181818182 -769.995460690688 0.584711111073135 0.21754861155341 306.105625089514
"693" 0.181818181818182 -1266.3822299705 0.384657879725684 0.167999772819247 426.39520825519
"694" 0.272727272727273 -1346.65898211766 0.614143246843412 0.223221012126077 289.632285995199
"695" 0.272727272727273 -1241.17457645052 0.391468405341902 0.155479281471898 411.911477471865
"696" 0.181818181818182 -1204.89791251605 0.472239221814716 0.195507047474267 376.334508126031
"697" 0.272727272727273 -1416.46471816241 0.4374504802433 0.17546340630114 393.504811059439
"698" 0.181818181818182 -845.475971130615 0.306766050626227 0.145457237353172 461.876606019516
"699" 0.272727272727273 -1537.02160287605 0.417323882211045 0.176785070103734 411.099542476178
"700" 0.272727272727273 -834.904774113105 0.557601061842931 0.205129758892102 314.30465651229
"701" 0.181818181818182 -1226.23067029566 0.180718777071946 0.119169789007621 532.793627468648
"702" 0.181818181818182 -2598.82716999178 0.296859711286556 0.143757036656255 475.549646905623
"703" 0.181818181818182 -1690.20851153122 0.360394820567968 0.164783096811135 446.458498704782
"704" 0.454545454545455 -1317.42629388288 0.613899102042606 0.22532984019435 289.631714924018
"705" 0.272727272727273 -1478.55766831244 0.457545864339612 0.182199052955966 383.482454032393
"706" 0 -2104.98610711428 0.081565276572876 0.114215534655724 599.438479876483
"707" 0.272727272727273 -1021.26435354354 0.570244300885468 0.212281881200698 314.26739472053
"708" 0.272727272727273 -1174.25761174143 0.509230331926217 0.193781568057168 348.1180291945
"709" 0.181818181818182 -1292.86845736587 0.503545211909057 0.1920188737289 356.027943861519
"710" 0.363636363636364 -858.395499009136 0.588564296005855 0.213993140310954 300.354990741983
"711" 0.181818181818182 -1377.48013985403 0.413515365509419 0.170092583035194 414.283906884829
"712" 0.363636363636364 -481.837686750713 0.680537662410161 0.261401616733635 246.294724956853
"713" 0.272727272727273 -990.77103064987 0.526308983642843 0.190921302832455 331.860395545629
"714" 0.363636363636364 -791.879467269243 0.583712313961071 0.210369340496792 303.057704199827
"715" 0.272727272727273 -757.041637838775 0.658572388963262 0.249495711678313 259.957283662399
"716" 0.272727272727273 -1222.55189228029 0.517972618650391 0.187495151185315 344.073666826659
"717" 0.363636363636364 -936.066886893663 0.683636625341278 0.262412271041661 245.594988115283
"718" 0.181818181818182 -2347.52099995346 0.304175619052517 0.137552414315616 469.738584081398
"719" 0.363636363636364 -843.764828208023 0.551743040954842 0.221026703173759 327.738096876698
"720" 0.363636363636364 -705.49000496019 0.689503475299045 0.28053412598266 244.64781803427
"721" 0.272727272727273 -1427.8032995433 0.475302112563401 0.188689994029751 375.787202783616
"722" 0.272727272727273 -1407.12830546294 0.393227599278909 0.165059099240686 412.309826638666
"723" 0.272727272727273 -1957.69720451786 0.328355451474788 0.146182600970803 451.09659196781
"724" 0.272727272727273 -1584.40588771553 0.562135335754345 0.218881729919306 327.264921397227
"725" 0.363636363636364 -571.365938020832 0.64773532415528 0.245647553201896 267.437578746723
"726" 0.363636363636364 -1374.429575706 0.478884588994141 0.181915747196033 366.812922434753
"727" 0.454545454545455 -1130.68942219235 0.598956956651747 0.217937166846908 297.899852963188
"728" 0.272727272727273 -1369.27296903742 0.362171319905494 0.151831060432049 433.479838334478
"729" 0.272727272727273 -749.338761161994 0.668026640265011 0.267063070591027 261.828671655303
"730" 0.272727272727273 -2894.35209014114 0.411619476550068 0.181952635191005 409.648890358826
"731" 0.181818181818182 -1998.26500517949 0.218936351884486 0.129161300957225 517.8047032414
"732" 0.0909090909090909 -1626.54688174235 0.442841834946691 0.186061543185888 401.802324970986
"733" 0.363636363636364 -1408.56669044682 0.404231445438472 0.165703253839005 414.623851382313
"734" 0.363636363636364 -775.314160458796 0.58977492997422 0.214651327725089 298.118572911073
"735" 0.181818181818182 -2108.7706537876 0.281295236509533 0.134045293138548 480.991237688914
"736" 0.181818181818182 -2507.58297789989 0.246594520136427 0.136708876617108 499.957540182839
"737" 0.363636363636364 -1040.94588177995 0.639538806472065 0.241703254933297 272.220548835094
"738" 0.454545454545455 -808.244249685621 0.48978839436483 0.176830763748303 351.469808800553
"739" 0.454545454545455 -881.553345454366 0.630496071130656 0.232494463945325 276.636219035927
"740" 0.363636363636364 -1989.9569483402 0.518403704234611 0.194452272645193 350.518407147913
"741" 0.0909090909090909 -1416.33369984211 0.19031118690606 0.120679639395333 531.413754930638
"742" 0.181818181818182 -1490.55018229311 0.421190314187324 0.165775300104046 402.879431745119
"743" 0.272727272727273 -1879.50518460828 0.226127167071916 0.126093073880945 506.877032684744
"744" 0.363636363636364 -961.360950744739 0.622166097543088 0.248453884245513 291.192757502187
"745" 0.272727272727273 -1247.43987616048 0.706345192839957 0.301397088454846 245.447874444118
"746" 0.181818181818182 -819.136170014149 0.576775762718619 0.216627355849145 305.706798057305
"747" 0.272727272727273 -1293.91251380537 0.329548839474505 0.155261866734217 453.826262594259
"748" 0.363636363636364 -976.547311221912 0.602994521803572 0.250677724668067 298.517623083992
"749" 0.272727272727273 -697.942222815037 0.511006132225411 0.188505744066571 346.825566131552
"750" 0.272727272727273 -1522.12693807756 0.678342523578149 0.268178016805517 255.600435779919
"751" 0.272727272727273 -1567.03481923935 0.404035632842084 0.161225426694961 414.150963535812
"752" 0.272727272727273 -1746.0472285057 0.446886772862525 0.18670428409353 399.463445501507
"753" 0.363636363636364 -771.871395899656 0.603969414496127 0.221700667743791 292.389311534562
"754" 0.272727272727273 -1009.62705808175 0.662492777780389 0.260417622559409 262.665013832075
"755" 0.181818181818182 -1167.39915076257 0.299208099077092 0.148875912414365 472.404382086498
"756" 0.181818181818182 -2501.79009234423 0.390769019252491 0.164814839841613 427.989798074844
"757" 0.181818181818182 -1602.63622885336 0.175481447297103 0.120295290786155 535.962317747343
"758" 0.363636363636364 -1023.02772788235 0.472630833589828 0.181220689248687 370.119268054177
"759" 0.363636363636364 -642.601840806421 0.51779793311085 0.195074722800216 340.310241927533
"760" 0.272727272727273 -978.384181815934 0.385956704577386 0.153997149791591 418.701533211151
"761" 0.272727272727273 -1743.93926723382 0.528731032203377 0.198496298341107 340.372311021271
"762" 0.0909090909090909 -1568.24602260982 0.306850848422009 0.140736647766825 463.419448208308
"763" 0.272727272727273 -1863.79156155612 0.39914047218437 0.168259740950234 418.721275848907
"764" 0.0909090909090909 -1065.33788046675 0.363145321270301 0.160853830864607 436.007492137234
"765" 0.181818181818182 -1310.07142633336 0.401463591775348 0.158098477390678 417.887738289288
"766" 0.181818181818182 -962.401302004402 0.40442167576232 0.157578756904463 403.59003505971
"767" 0.272727272727273 -968.27017840297 0.348194116707016 0.164194629400253 444.563924701232
"768" 0.272727272727273 -1183.83164733276 0.431004173136166 0.182012957106711 397.155297157622
"769" 0.0909090909090909 -1636.9585679942 0.299872935325811 0.156303684053543 475.343279138824
"770" 0.363636363636364 -839.951592721137 0.648199221312241 0.251016785505204 266.053996648383
"771" 0.272727272727273 -1327.87533210891 0.508045758117813 0.193400667210516 351.3174836208
"772" 0.272727272727273 -1128.39702880378 0.418833749176123 0.167808379583841 401.084237280814
"773" 0.363636363636364 -1082.30967646194 0.427388574210892 0.162888566760538 396.891527635092
"774" 0.0909090909090909 -1310.727212146 0.190234112998825 0.121038797851995 528.723951308709
"775" 0.0909090909090909 -2373.51545259922 0.336425277293645 0.154781424249833 444.10884117852
"776" 0.181818181818182 -2003.72294070199 0.241695782369201 0.135603270570393 509.353441614879
"777" 0.363636363636364 -835.112027894261 0.608492942784906 0.224726733252064 285.835410188255
"778" 0.272727272727273 -2494.20743977498 0.348382733797123 0.144080921681093 450.072691871063
"779" 0.272727272727273 -928.11273410599 0.578018510402821 0.214500290399955 307.757477191067
"780" 0.272727272727273 -1380.72341137369 0.465181921482326 0.17439923602295 369.482954192022
"781" 0.272727272727273 -2010.47078813891 0.274749273220893 0.129655019318254 486.325119539746
"782" 0.363636363636364 -862.261141682393 0.475069859437916 0.181526455761818 372.948268794664
"783" 0.272727272727273 -1323.69958983756 0.559520580892387 0.210904785378745 322.722455621208
"784" 0.363636363636364 -1024.88018879956 0.44411216378044 0.162642242581474 381.892178794567
"785" 0.272727272727273 -1163.73995647759 0.481361862593022 0.183549406616318 366.622612953838
"786" 0.272727272727273 -1358.6048960577 0.526650080778538 0.208591842932569 340.927761803928
"787" 0.545454545454545 -429.927566763739 0.846261042577425 0.445090421053171 159.564891215088
"788" 0.272727272727273 -1785.28728225178 0.366493942837841 0.16116865075271 434.186871832341
"789" 0 -1816.78915791119 0.189833600861037 0.137293532976394 534.50738302893
"790" 0.363636363636364 -1045.76834949145 0.453453924587725 0.185219716596513 380.508211880084
"791" 0.363636363636364 -1196.37426790407 0.510373259685254 0.184627070487013 343.138154780085
"792" 0.0909090909090909 -1647.48559581358 0.20862364582945 0.123759481825001 523.959284107562
"793" 0.272727272727273 -1575.05334136311 0.516274570550159 0.192554738496063 343.05568091356
"794" 0.454545454545455 -634.118501750111 0.758076823092317 0.320752716033823 206.746473196929
"795" 0.0909090909090909 -1722.77696400203 0.209372807017054 0.133080101878063 524.150707686587
"796" 0.272727272727273 -971.156896699817 0.677771307449866 0.270073820698242 257.731580142921
"797" 0.181818181818182 -1331.55791276259 0.417955675962424 0.158488629282428 402.442965122091
"798" 0.181818181818182 -4325.03784266604 0.250136279448992 0.132424671033313 505.801370598865
"799" 0.272727272727273 -1795.23790689259 0.484343339403823 0.178861231397709 369.47386998178
"800" 0.272727272727273 -1255.5956371903 0.436903583025828 0.169588506682057 391.280684880318
"801" 0.181818181818182 -1624.31425146027 0.290394935249039 0.145361389538711 476.548016252776
"802" 0.454545454545455 -2086.74180015546 0.644171986961429 0.25524843541854 277.918981240853
"803" 0.363636363636364 -807.557148133011 0.614199562418746 0.228210988056171 286.076420018822
"804" 0.454545454545455 -745.239365530173 0.705717344315167 0.291325744568288 239.511808945239
"805" 0.272727272727273 -1408.17214464011 0.505865498312641 0.190999466801401 357.266783038399
"806" 0.454545454545455 -675.077890206163 0.793256259195334 0.388737451253948 195.539612813399
"807" 0.454545454545455 -1075.55229141869 0.632512600384279 0.252580142605802 280.028893461951
"808" 0.272727272727273 -1917.40222979802 0.43474982155578 0.178029835400141 395.036772718036
"809" 0.181818181818182 -1592.63845455651 0.188356051786717 0.118391129846374 531.551546652883
"810" 0.272727272727273 -1365.41604013057 0.23641823207934 0.126771787984217 510.003329075116
"811" 0.363636363636364 -902.461656548926 0.510007399089989 0.195598295393294 349.600696711428
"812" 0.181818181818182 -1074.50307585146 0.437684358645127 0.176592623183125 391.064157810376
"813" 0.272727272727273 -1297.29146787998 0.397441217483866 0.17304053735812 414.821790306282
"814" 0.454545454545455 -492.371240593489 0.64755607145557 0.251609309906564 266.136332277057
"815" 0.363636363636364 -871.905986878636 0.672864152298585 0.282813084667971 259.820453006518
"816" 0.363636363636364 -961.709582504745 0.690319291758255 0.284963840528088 248.424499418994
"817" 0.272727272727273 -642.415256938785 0.662380604732694 0.266604183452034 263.773391061521
"818" 0.272727272727273 -817.111274155544 0.367238583658498 0.153973233003008 427.752608899342
"819" 0.181818181818182 -1995.39704452979 0.332012882322362 0.146157292713943 454.960733356152
"820" 0.181818181818182 -864.221546248964 0.370353035752578 0.155104483226518 419.21171656379
"821" 0.454545454545455 -655.48540686643 0.703047135050633 0.292606765820576 244.09521801346
"822" 0.0909090909090909 -1802.04839591253 0.276535974855238 0.145927412451628 494.417884436401
"823" 0.454545454545455 -493.356943529945 0.707183227038983 0.278196193307466 230.702482709335
"824" 0.272727272727273 -1232.60980111884 0.341062412528125 0.153201545784139 440.37336589871
"825" 0.181818181818182 -1345.64159823363 0.363206134272348 0.169177268791959 437.427136237232
"826" 0.272727272727273 -1007.36178555526 0.542577290695111 0.216741318539674 335.836767167482
"827" 0.272727272727273 -923.256264409197 0.476504573999645 0.19543001070864 371.216970448918
"828" 0.181818181818182 -1162.01968533862 0.322196363547714 0.143127045296178 454.212284926861
"829" 0.272727272727273 -907.443204033135 0.688092332689831 0.279981210102891 251.529642994061
"830" 0.363636363636364 -706.483415155432 0.650220166585976 0.263639787822012 272.149704934866
"831" 0.272727272727273 -1850.5578688846 0.529002507252702 0.20285287215736 346.25625049693
"832" 0.363636363636364 -820.202241631274 0.630111623848671 0.24672903557308 283.104403645615
"833" 0.272727272727273 -1538.49421629101 0.438555826384423 0.170221786635548 384.722387699306
"834" 0.454545454545455 -1259.40714929468 0.479059635185974 0.178052072318464 369.031602872256
"835" 0.454545454545455 -1486.7138192445 0.631260459278897 0.229954675670468 275.409256779042
"836" 0 -2408.65728343815 0.151222883052761 0.125329052037813 562.924459345429
"837" 0.272727272727273 -1525.52300241669 0.465277347805746 0.187291609416711 373.195674204524
"838" 0.454545454545455 -1210.19277465309 0.705308252091902 0.287162199591441 242.365522701014
"839" 0.0909090909090909 -1450.69606814682 0.305560354923099 0.155257714870626 475.804881296784
"840" 0.272727272727273 -2351.88861486661 0.537522757951773 0.214304092539986 339.398543301795
"841" 0.181818181818182 -942.670859383219 0.617217044112346 0.223476285142421 286.933172479738
"842" 0.181818181818182 -819.82887902554 0.47568885760434 0.173790221253288 368.349803999427
"843" 0.363636363636364 -1418.79711329498 0.512031008466251 0.195624416069355 345.28221205034
"844" 0.181818181818182 -971.619389365028 0.47176277623235 0.177490234916697 370.162054491753
"845" 0.181818181818182 -777.72386942271 0.522208860534027 0.2012561388853 343.437869492709
"846" 0.363636363636364 -638.778404403407 0.686401770535378 0.292055504339962 257.127944776835
"847" 0.363636363636364 -1760.16998921214 0.366638961908325 0.153098072580962 431.527814232779
"848" 0.181818181818182 -756.691348906865 0.673506668670714 0.266866798425939 256.424257190304
"849" 0.454545454545455 -1617.38336647324 0.542085295136522 0.209588175000159 332.924383642862
"850" 0.181818181818182 -859.785973521221 0.635329388728782 0.251125202646628 278.539256864274
"851" 0.272727272727273 -1209.09345673822 0.34905560632807 0.161640482058195 440.074091197259
"852" 0.363636363636364 -951.961113141169 0.629729307803515 0.24879092158177 282.716725548054
"853" 0.272727272727273 -942.821818679077 0.526395808111989 0.18785751074283 336.452146579372
"854" 0.272727272727273 -761.596463119379 0.502273776011317 0.183850384039998 353.125621530297
"855" 0.272727272727273 -1775.97599193267 0.448568753487597 0.190658817704027 399.89476913095
"856" 0.454545454545455 -785.518730683878 0.50593785714707 0.183918672797002 348.45274191295
"857" 0.181818181818182 -1960.24906748105 0.280705032160031 0.142313825720709 479.453363413224
"858" 0.272727272727273 -965.366226184546 0.527987706307299 0.205231648030891 340.931194840919
"859" 0.454545454545455 -406.806618091905 0.792725185643983 0.35877869214331 185.144612897222
"860" 0.181818181818182 -1646.85494155558 0.491527255338847 0.188828109497805 362.094882094115
"861" 0.272727272727273 -2162.95255667075 0.447253579969562 0.180621401764663 387.243653017119
"862" 0.181818181818182 -920.218893188777 0.472000409543621 0.174399395796378 364.363994876516
"863" 0.272727272727273 -1529.40457981482 0.561206069514002 0.198071643503138 320.020935989846
"864" 0.272727272727273 -732.623762723807 0.729589147643048 0.304575960381815 224.440100581606
"865" 0.363636363636364 -777.060128618294 0.530716152998626 0.203466598620144 336.628552433487
"866" 0 -1892.5169526856 0.0170881059646389 0.101795098541434 632.530458731425
"867" 0.272727272727273 -1098.92536159469 0.344765416270482 0.161282455685473 444.508390446624
"868" 0.363636363636364 -646.966751038152 0.740183854361747 0.324322261488991 221.504214654537
"869" 0.363636363636364 -693.228748846848 0.667335648387346 0.26117566246956 258.688016578031
"870" 0.454545454545455 -764.784621830187 0.806380998733568 0.366119382143555 177.753929066902
"871" 0.272727272727273 -1279.11019210109 0.55372051380145 0.212406113286041 330.909429051506
"872" 0.272727272727273 -1980.54036741304 0.588304508295451 0.23627534948456 315.523538238346
"873" 0.181818181818182 -916.138624822114 0.509435015565608 0.200947727443035 353.922720868513
"874" 0.363636363636364 -977.170316048266 0.556715175805527 0.212710630233693 325.499657032324
"875" 0.272727272727273 -1330.8964120949 0.376207139583363 0.162537580943884 432.037292564683
"876" 0.363636363636364 -1105.19598584063 0.588096050921558 0.227714441319662 307.813565307343
"877" 0.272727272727273 -1192.43721589277 0.51111963163349 0.206324131801599 356.056650303316
"878" 0.0909090909090909 -2116.88614940848 0.154448334508006 0.119787070709403 554.832944540586
"879" 0.181818181818182 -1644.01633064183 0.478137914908386 0.193426397014679 372.776645116054
"880" 0.363636363636364 -1105.13695924944 0.38712182918888 0.157730631787136 420.419112158043
"881" 0.272727272727273 -1892.78500841811 0.689216177594272 0.287399842596875 252.323473183776
"882" 0.272727272727273 -1297.86539947755 0.425549381385478 0.173906319010869 400.855969044159
"883" 0.181818181818182 -1667.62160751799 0.248219266919685 0.135982176065628 506.589904833457
"884" 0.272727272727273 -1208.64264779899 0.470281937936783 0.174948619400704 372.156113573827
"885" 0.363636363636364 -1670.0176539949 0.544654339254742 0.201438722594845 333.716820393957
"886" 0.363636363636364 -1025.20940057231 0.518248838172969 0.198280398004542 345.45818488847
"887" 0.272727272727273 -1136.84620908775 0.408614853448644 0.160334144873887 405.166012700647
"888" 0.363636363636364 -877.189471555055 0.510066599642718 0.184472732839803 348.398834831011
"889" 0.272727272727273 -1369.90171175293 0.483891517883816 0.176514350818323 371.004511706217
"890" 0.272727272727273 -1586.94314639938 0.382003801054816 0.174416735704143 427.017546975775
"891" 0.363636363636364 -780.641180622176 0.55764008745702 0.21337261103531 321.650478092744
"892" 0.0909090909090909 -2133.37751351362 0.185308876615843 0.127878817975086 544.6085550686
"893" 0.181818181818182 -1174.25115124765 0.290903952481356 0.141686805197077 473.878777917649
"894" 0.181818181818182 -988.254905451475 0.422537142967973 0.171333832980954 398.720601643808
"895" 0.272727272727273 -1099.94582706228 0.511303067459385 0.195589320558873 349.421973795653
"896" 0.181818181818182 -888.102063174567 0.507300938993515 0.185364522112281 346.585106910497
"897" 0.0909090909090909 -1587.86041480765 0.188438668561226 0.13053512293078 539.419015979627
"898" 0.363636363636364 -1025.3198096597 0.622067030083207 0.227535912847916 287.74008451954
"899" 0.454545454545455 -1572.84857404961 0.562924428856133 0.218819838591604 325.531047199736
"900" 0.454545454545455 -846.801370710046 0.565717969209173 0.215666515877138 317.648505860148
"901" 0.272727272727273 -2016.48793398324 0.302660303565178 0.144662494927218 468.418699458556
"902" 0.363636363636364 -1750.77618693964 0.497548056442957 0.185277204328514 359.893667647499
"903" 0.181818181818182 -1791.77888564088 0.298628325638476 0.143187579954154 473.879300904937
"904" 0.181818181818182 -989.384290417203 0.430233620410803 0.169077312069518 400.277216939942
"905" 0.181818181818182 -1408.18695929868 0.493967672254433 0.183523832845322 363.189412566239
"906" 0.363636363636364 -1178.38124877724 0.52743612740417 0.189320524415131 335.051367291133
"907" 0.363636363636364 -1248.50411344859 0.483292033173926 0.188281622478849 366.153158815892
"908" 0.181818181818182 -1927.35700134422 0.177399777411522 0.119582922292309 540.328679632815
"909" 0.272727272727273 -1020.83245026933 0.533021869925553 0.212826128726747 338.206856557878
"910" 0.454545454545455 -1034.52525913653 0.588011027455751 0.237218961655065 314.306173627963
"911" 0.545454545454545 -779.888086305338 0.780770886232302 0.368142469882348 199.335932526214
"912" 0.363636363636364 -587.790580286061 0.549644883586333 0.205216404258093 319.351672780758
"913" 0.363636363636364 -1078.24043728045 0.531870198914308 0.191491543264138 333.640208241309
"914" 0.181818181818182 -1651.19630900043 0.202239391195398 0.124239092771679 524.570149557176
"915" 0.272727272727273 -1267.43418398961 0.476252041385745 0.187371115734651 371.088856208953
"916" 0.272727272727273 -1127.4061094128 0.46852486092356 0.173386939858954 374.738826009317
"917" 0.272727272727273 -480.550699448154 0.686624042990158 0.261841955420139 241.154772814014
"918" 0.454545454545455 -709.301209827878 0.853062900070347 0.474701894597445 162.024834496086
"919" 0.0909090909090909 -2548.86875409496 0.201220557278628 0.135573435011634 532.989591281779
"920" 0.0909090909090909 -1815.31345688795 0.152517316546401 0.117659534844989 553.151905518991
"921" 0.363636363636364 -895.193341233635 0.516345859839259 0.187592677627643 334.419806409883
"922" 0.272727272727273 -1093.13458563463 0.353792776822342 0.143621233854287 435.888689939887
"923" 0.272727272727273 -1047.02764140556 0.519344574626317 0.206427365104332 348.77700595099
"924" 0.545454545454545 -509.280981957073 0.805227895555272 0.394539715862744 182.895207625953
"925" 0.272727272727273 -807.662946497819 0.519243390497299 0.20054276467628 338.763807773253
"926" 0.0909090909090909 -1753.15479515525 0.121952729967657 0.1162710333907 564.134840279363
"927" 0.363636363636364 -866.890301611199 0.557742216550935 0.206636826646765 324.466100191476
"928" 0.0909090909090909 -1233.66647230618 0.217464268235723 0.12064394839042 512.013314708998
"929" 0.363636363636364 -936.019849206837 0.641816709763622 0.24012838732441 276.680891439551
"930" 0.181818181818182 -1461.42511305683 0.404491672703212 0.160270062515538 409.380835540185
"931" 0.181818181818182 -1443.44238729486 0.329822196073672 0.149627878345639 451.876266337046
"932" 0.454545454545455 -775.996726781317 0.656722116731996 0.276695390486132 269.701341920707
"933" 0.181818181818182 -2676.46355806288 0.435283360141609 0.172437373411358 401.321541075967
"934" 0.454545454545455 -668.702091687173 0.727892131789673 0.314459065681436 224.392190713738
"935" 0.181818181818182 -2585.28346709788 0.389921788941349 0.168233231091153 430.012828312453
"936" 0.363636363636364 -1319.81658104599 0.583822176609758 0.228400669555596 313.324355420994
"937" 0.363636363636364 -1024.23419587169 0.384028237044965 0.153248332988107 422.086153047706
"938" 0.0909090909090909 -1187.34506320263 0.327420014212434 0.150042851361035 458.831019653112
"939" 0.181818181818182 -1881.77054535932 0.334601587591148 0.157220090976464 460.647936439328
"940" 0.363636363636364 -390.765402501825 0.680821943351523 0.256966938142774 243.899556749838
"941" 0.0909090909090909 -1005.62299298975 0.43974284760683 0.170551042338689 386.815466195775
"942" 0.181818181818182 -1535.4582662977 0.374266003173511 0.158655818702026 433.346824192256
"943" 0.181818181818182 -1615.37135247847 0.392034636030918 0.164125843174949 419.028497967788
"944" 0.363636363636364 -654.179583488242 0.70349114510621 0.280112116188677 237.642277887941
"945" 0.363636363636364 -505.289087881645 0.714665105608629 0.291090149352538 230.977678898745
"946" 0.454545454545455 -1054.45223045433 0.632661388996039 0.2495836841902 282.564725610556
"947" 0.363636363636364 -1082.37570247501 0.434990977541092 0.172496948630206 394.056398642645
"948" 0.545454545454545 -732.040832533791 0.67465198155202 0.265423646082287 255.561949259765
"949" 0.363636363636364 -1732.51880090237 0.48759205153712 0.184958090454694 366.158954007341
"950" 0.181818181818182 -2152.63196743155 0.371942037996723 0.164459856879031 434.155947990518
"951" 0.272727272727273 -1431.5023308272 0.387554468532579 0.16046157465552 423.552757108188
"952" 0.454545454545455 -966.513201806196 0.520963338690386 0.194529251943561 342.764671449165
"953" 0.272727272727273 -1356.82623203744 0.453393379467409 0.171427265690613 381.294742925232
"954" 0.363636363636364 -1901.22337660822 0.319212097348578 0.143489325494025 453.811328722816
"955" 0.181818181818182 -783.737669904393 0.547874228702091 0.194666560885197 323.155713499268
"956" 0.0909090909090909 -1582.36291067326 0.345402798825472 0.157215371964765 454.58113464344
"957" 0.272727272727273 -1463.97487521631 0.650496281255698 0.24251137506859 268.170594511053
"958" 0.181818181818182 -965.492112271884 0.523255846893581 0.191207466757003 336.929320684401
"959" 0.181818181818182 -2368.45662807272 0.180366523568528 0.119470029253841 542.691344990872
"960" 0.181818181818182 -1174.75050213567 0.296642421150777 0.149231602561189 476.351924461429
"961" 0.181818181818182 -2427.86651615738 0.24398212309909 0.128279568708253 494.304385613533
"962" 0.272727272727273 -1121.58906872598 0.465001383636878 0.183516448776858 375.701452175341
"963" 0.363636363636364 -1587.23783404175 0.618285236762682 0.23672332091689 294.595661495754
"964" 0.272727272727273 -1555.35482203816 0.591633754431704 0.236576861714036 311.765950597101
"965" 0.363636363636364 -495.467309850688 0.678183800564352 0.252399133444784 248.187292794965
"966" 0.272727272727273 -845.941050774756 0.62406707247627 0.246548395611937 287.671877102821
"967" 0.272727272727273 -1370.27096853825 0.285708407852913 0.134750336069809 473.665938727686
"968" 0.272727272727273 -1878.86554149175 0.428681159135189 0.167102931405472 399.056354564521
"969" 0.181818181818182 -1136.0263223945 0.514694934623525 0.192571765511011 345.070462221105
"970" 0.272727272727273 -1198.04044749261 0.42191739456484 0.172717612078757 402.482066781504
"971" 0.181818181818182 -1611.62660294539 0.183735810965971 0.119748983155902 530.121725978574
"972" 0.0909090909090909 -1977.06709888728 0.185684213586121 0.121321383529087 536.071523941448
"973" 0.272727272727273 -1157.06018131354 0.505139523783612 0.185379297318979 351.751267375029
"974" 0.363636363636364 -845.602310684459 0.673226619376843 0.26362061656131 259.660578359792
"975" 0.0909090909090909 -1949.02586937455 0.522810981218388 0.19194799712335 342.09016721755
"976" 0.272727272727273 -1413.38020160123 0.35216237907372 0.147811630936599 439.921530869207
"977" 0.272727272727273 -694.969988676718 0.554747904118903 0.20448868586646 321.911752942426
"978" 0.0909090909090909 -1476.46183637319 0.0506782137381576 0.10250542452659 609.556139409798
"979" 0.363636363636364 -856.399599203133 0.439277449268631 0.16345974676663 384.835964605724
"980" 0.181818181818182 -1267.63191460924 0.611005908343995 0.225015895362032 288.943109831493
"981" 0.363636363636364 -993.091052135837 0.625703189432484 0.234500317147284 285.431746503152
"982" 0.181818181818182 -915.482974515329 0.462980255420056 0.181295648701422 375.891270605498
"983" 0.272727272727273 -656.939921094371 0.589357790930973 0.230280690644951 304.379184483015
"984" 0.181818181818182 -2978.97903388707 0.279495643977963 0.145402607118763 489.729992912081
"985" 0.272727272727273 -1293.81807111694 0.359118302503049 0.157296872876388 431.452067100315
"986" 0.363636363636364 -1245.67123946756 0.432583006200301 0.166935436645706 387.952085378533
"987" 0.545454545454545 -626.288078235497 0.656245257979193 0.266705912401847 265.663386790059
"988" 0.272727272727273 -1065.41291531845 0.61309686424385 0.240202911425839 293.685804056446
"989" 0.181818181818182 -1427.11985531743 0.369118264869846 0.16361786829716 437.452854061604
"990" 0.272727272727273 -1085.76995607282 0.297283034895373 0.144041600517415 469.673593967804
"991" 0.272727272727273 -1401.86333806749 0.495898461004552 0.193576958692385 359.335079219704
"992" 0.454545454545455 -1008.94253930852 0.551452747527643 0.222988278683675 329.067156191193
"993" 0.0909090909090909 -1330.67319934227 0.126847653474298 0.114732540747018 570.11720236052
"994" 0.0909090909090909 -1594.84571135494 0.38424592468256 0.165393489924634 430.459974903962
"995" 0.272727272727273 -705.051283222453 0.562252346951477 0.20302884529399 319.917227869551
"996" 0.181818181818182 -1962.87770143672 0.445346858577898 0.183377845688059 396.666887166502
"997" 0.181818181818182 -1521.27298889817 0.211570500387658 0.123884715497178 510.888600530347
"998" 0.272727272727273 -1259.75600141891 0.617138107934321 0.227689399957377 287.85578810313
"999" 0.272727272727273 -1294.8531100812 0.518220690485086 0.193600014077902 348.458926993573
"1000" 0.363636363636364 -594.305736597356 0.554833423381996 0.204091593229831 320.060737586173
