"SCI" "RCI" "GER" "MSM*" "MIG"
"1" 0.269230769230769 -98.5068798378259 0.411125038804776 0.10977905039483 245.037641312657
"2" 0.307692307692308 -36.0814820554874 0.346178053855439 0.107540662966129 229.030909173139
"3" 0.307692307692308 -36.3724519308881 0.282331831049681 0.102583669075152 235.775333457584
"4" 0.307692307692308 -46.4529822416339 0.264304148849438 0.091248114491928 261.417544441791
"5" 0.230769230769231 -66.5545918138005 0.265241253632705 0.101111076943891 274.881118166931
"6" 0.346153846153846 -43.0475934782794 0.504179755403732 0.129346579527224 205.401860509249
"7" 0.346153846153846 -10.068438102863 0.493853591214128 0.132410464722227 193.019533801526
"8" 0.230769230769231 -100.437342835538 0.174196862389381 0.0884621478953009 311.52602077879
"9" 0.269230769230769 -71.4464859759238 0.264401091589063 0.10427238352067 259.361795963794
"10" 0.230769230769231 -85.0715220279823 0.326876473687299 0.0954200161137419 265.667563333246
"11" 0.307692307692308 -38.5187052917525 0.320088368103645 0.100162691938345 234.058542470885
"12" 0.230769230769231 -90.8290250596797 0.197602877330382 0.0900819462508858 264.486604428338
"13" 0.230769230769231 -3.16350274788879 0.447198430249137 0.124491119444515 189.307787761334
"14" 0.192307692307692 -67.3437339390917 0.214700967764481 0.0848476682501701 291.031729077175
"15" 0.269230769230769 -62.9782701209315 0.384723753777545 0.101863929816357 243.395024411199
"16" 0.192307692307692 -126.897416353633 0.340044117555973 0.09847726321138 261.571905488912
"17" 0.230769230769231 -56.4272164832055 0.369838273518688 0.116767837212732 250.336664279578
"18" 0.384615384615385 -12.2906829593257 0.522525097358583 0.139624178426347 186.767967196754
"19" 0.269230769230769 -108.483443029099 0.327313154624248 0.0960596396847663 272.073307475867
"20" 0.307692307692308 -7.07753715512369 0.390339059543618 0.113850961096902 205.844534072173
"21" 0.269230769230769 -50.9145618876498 0.314371186880812 0.0967457606510146 251.331759858145
"22" 0.230769230769231 -53.4086460244094 0.423343254196901 0.108689085865624 229.244543378009
"23" 0.384615384615385 -82.9438135595721 0.387278558325604 0.111350308713347 258.07968918154
"24" 0.346153846153846 -11.5362151696233 0.541090580698264 0.145382954920357 177.873315648017
"25" 0.307692307692308 -65.8557760283388 0.317782856727862 0.0959365972211402 262.955134151401
"26" 0.269230769230769 -25.2557857353096 0.257929254890409 0.115602345159471 243.280231169742
"27" 0.307692307692308 -39.6704336662477 0.382464286175821 0.122499217713948 216.838326326204
"28" 0.423076923076923 -4.82014448407824 0.580797397203927 0.139451906010647 157.294446302005
"29" 0.307692307692308 -4.37315315249343 0.416669823839814 0.12502007805875 207.655382864061
"30" 0.307692307692308 -96.9273824886727 0.319245567617941 0.106076574664877 264.164867055765
"31" 0.192307692307692 -52.5372272329214 0.42775800075471 0.115104712950176 218.817172749094
"32" 0.307692307692308 -37.5489557465499 0.451302409858934 0.117701843208661 209.12398390383
"33" 0.346153846153846 -47.0885938545219 0.303771958725605 0.0908497567320302 245.52510750127
"34" 0.307692307692308 -60.7619678609197 0.451376322833777 0.124595445723339 219.306778463586
"35" 0.269230769230769 -76.6924007542863 0.432703054101422 0.0991822241771898 239.851895193588
"36" 0.346153846153846 -54.1035287936491 0.297330619187497 0.106805718881688 263.177192603475
"37" 0.384615384615385 -22.8254297649299 0.523815358467435 0.148573343432508 185.133985614334
"38" 0.192307692307692 -135.229534881282 0.183601204308294 0.08676841231772 310.080891985772
"39" 0.384615384615385 -36.1994574054153 0.435021565094202 0.111791188552492 218.597891809097
"40" 0.192307692307692 -105.043483331557 0.192312084147145 0.0846048109482395 289.513198187957
"41" 0.307692307692308 -21.8041647550179 0.535223274589521 0.143792709972333 196.122369287927
"42" 0.192307692307692 -127.167709063422 0.224951928902413 0.0912472877329485 313.846011154992
"43" 0.307692307692308 -66.4623369512157 0.262449516121936 0.0927638466693381 280.651124513648
"44" 0.346153846153846 -103.564163008212 0.347321540027315 0.0963092006001551 269.305645232131
"45" 0.307692307692308 -29.9051135137779 0.395160996737445 0.109705262489451 201.204059329522
"46" 0.307692307692308 -34.2533309965328 0.439692374148039 0.125766881397974 211.295581023493
"47" 0.269230769230769 -66.2003790393092 0.28296362959347 0.0943784263066151 261.358073169482
"48" 0.230769230769231 -105.624395407879 0.168942897791346 0.093190291570895 284.360299779349
"49" 0.230769230769231 -98.9079493740556 0.252201974284223 0.0896062963546879 278.437679191702
"50" 0.192307692307692 -65.8397481341365 0.173899176658349 0.0850844586984603 277.479897880461
"51" 0.384615384615385 5.49009895604774 0.517078966412944 0.159352869792001 167.530889836987
"52" 0.192307692307692 -53.3036485578785 0.417233249543158 0.118069204427863 233.619822870544
"53" 0.384615384615385 -55.2306826154182 0.365466964078964 0.105790691447815 219.605480007827
"54" 0.346153846153846 -39.0587117375484 0.358002838680629 0.114510496250582 240.749713441986
"55" 0.115384615384615 -51.0729233303148 0.145242150815997 0.0836632245728579 280.869060540334
"56" 0.192307692307692 -63.9110335710606 0.443024945065826 0.126691673242518 211.221536980411
"57" 0.269230769230769 -30.5933975557398 0.217833812348814 0.0931549191580037 259.222969154902
"58" 0.576923076923077 -46.177753092296 0.511714716010117 0.14648555686355 199.684636913529
"59" 0.230769230769231 -16.4854153053953 0.420574788942557 0.103729620889082 220.192462610002
"60" 0.346153846153846 -56.3163030753749 0.496686547576406 0.134767543452845 206.646677388623
"61" 0.346153846153846 -32.6763755510041 0.37735890680115 0.111327984533405 223.349017390735
"62" 0.307692307692308 -46.9454130253463 0.32009118464846 0.104342733635871 240.397684210632
"63" 0.230769230769231 -47.0585630732776 0.379088471417251 0.123347205474611 233.742617482464
"64" 0.461538461538462 -26.2309868901867 0.485123580500773 0.142693583751013 186.348545699148
"65" 0.230769230769231 -47.432947633716 0.374133069265842 0.117983881891509 244.812296111193
"66" 0.269230769230769 -42.7888004705476 0.420758461167773 0.127324551984064 198.74327875236
"67" 0.423076923076923 -38.7892344317254 0.451182661721182 0.115585820833498 227.548015284813
"68" 0.307692307692308 -57.5923597447178 0.364691674135759 0.1091619207816 220.577637690678
"69" 0.269230769230769 -85.6942876117345 0.352730179482028 0.102499477692331 252.466080940249
"70" 0.346153846153846 -102.503140153556 0.402798493757857 0.119097675199614 225.115537492516
"71" 0.307692307692308 -30.6740919338161 0.357054897864383 0.105386404070585 213.442264209106
"72" 0.5 -106.795109918986 0.549885948130456 0.132683574890513 204.105504138516
"73" 0.230769230769231 -117.170843555553 0.3072118371039 0.0841734187961733 279.116248548729
"74" 0.307692307692308 2.34132900114045 0.471455467696215 0.119094645924588 182.229975643666
"75" 0.192307692307692 -69.3212234760606 0.32900149599928 0.106356904102664 257.523583005015
"76" 0.230769230769231 -55.4108892856729 0.204592889950657 0.0898233811245632 286.696986159291
"77" 0.230769230769231 -97.9503479501114 0.311646234538581 0.0972175957911858 272.904259518986
"78" 0.269230769230769 -53.8557106517126 0.294892279822773 0.0868874984712789 262.446232060669
"79" 0.269230769230769 -142.829683809704 0.303905084560199 0.089922051426282 278.993675665287
"80" 0.269230769230769 -23.1015097489918 0.337264030796536 0.108705995787384 223.660389132057
"81" 0.269230769230769 -53.7073276014291 0.351517704821796 0.111338788011165 238.489503754671
"82" 0.230769230769231 -54.6325029859857 0.338209870253458 0.0944671180371914 244.961166854547
"83" 0.384615384615385 -6.41547534840461 0.522458614020968 0.133941044131455 179.021110921931
"84" 0.307692307692308 -36.8672114655854 0.429072753417859 0.108550744825015 214.070229330319
"85" 0.423076923076923 -38.588625212931 0.361721101498749 0.108428455947141 230.048073893636
"86" 0.230769230769231 -75.856188130395 0.249392629283736 0.101262194798321 257.384629356135
"87" 0.269230769230769 -28.8533420531541 0.368802283347778 0.106720758585315 230.617574643441
"88" 0.346153846153846 -10.8032006278961 0.241358830220616 0.0983695421319343 239.004734074855
"89" 0.307692307692308 -42.3338392242841 0.383748962533833 0.103287497117118 237.47520325134
"90" 0.230769230769231 -59.2138501544879 0.229752965008021 0.090837155269871 275.631842913004
"91" 0.384615384615385 -42.5441163500558 0.500248941207013 0.124189934118988 199.658166202628
"92" 0.269230769230769 -74.3816867558002 0.382704581091189 0.107147899393129 221.984730935958
"93" 0.269230769230769 -47.7031221934475 0.386582633199057 0.10365504445033 228.876488949521
"94" 0.307692307692308 -30.009889940477 0.380686919331297 0.106839430000774 217.537783295214
"95" 0.307692307692308 -22.4225176432731 0.378294851678448 0.121121320677987 217.002251948183
"96" 0.269230769230769 -64.4658175334018 0.244643202694805 0.093322723658784 255.504441666692
"97" 0.230769230769231 -61.6646588997271 0.253957448381088 0.101375960585295 278.458620189996
"98" 0.423076923076923 -11.6750409633465 0.42749522286154 0.11975031897054 207.06219968731
"99" 0.346153846153846 -24.1769278736322 0.479280693222614 0.131181948910927 199.329842748065
"100" 0.307692307692308 -32.917869454953 0.337419632045679 0.108974080694245 223.056847882564
"101" 0.346153846153846 -31.9172712666701 0.39589576650834 0.110342080128363 236.660720686316
"102" 0.269230769230769 -139.906390162004 0.199097217583716 0.0896385139116569 281.958308987399
"103" 0.230769230769231 -63.6054312926255 0.330694192635776 0.107096038681802 231.400578855695
"104" 0.307692307692308 -63.5423360976635 0.411463708834024 0.108234541622447 226.455708307559
"105" 0.346153846153846 -43.8844977773595 0.353900563428953 0.108352303317953 240.357565698395
"106" 0.346153846153846 -59.4903982216996 0.470875985230617 0.122851099423644 225.399281235938
"107" 0.230769230769231 -84.5845673687545 0.230791793040579 0.0971066387886272 272.19965093364
"108" 0.269230769230769 -52.9918083700929 0.372462094265985 0.104676138295558 228.415009225784
"109" 0.230769230769231 -64.8234009047608 0.464469795310455 0.118422049325686 202.602831529719
"110" 0.307692307692308 -84.3828883927816 0.275171854475488 0.0943260650690714 260.22850361702
"111" 0.307692307692308 -33.1517131864174 0.282773582512167 0.0968542830771055 240.711336869784
"112" 0.346153846153846 -83.8140200969406 0.414966430917684 0.120156995329131 235.206816733675
"113" 0.307692307692308 -40.7669710099927 0.506564328983861 0.148300644229956 182.648999141539
"114" 0.230769230769231 -62.4785617808547 0.334558499927822 0.102213182769895 256.779302042979
"115" 0.269230769230769 -37.9274343835702 0.228835283780929 0.0834034830112439 274.043457710417
"116" 0.346153846153846 -86.398901665527 0.267045806752422 0.0836876300043174 277.046169973859
"117" 0.230769230769231 -100.648117526553 0.270413508191265 0.0914386967385077 277.923714601858
"118" 0.269230769230769 -132.045124819791 0.418190845953945 0.120491844036391 229.58871819173
"119" 0.230769230769231 -68.059040894376 0.377758393608766 0.107159700956151 249.856897514532
"120" 0.269230769230769 -52.8073694034988 0.333816421733517 0.0940100588247949 261.854281188054
"121" 0.307692307692308 -17.0955591025999 0.481228835720325 0.119136765759566 199.164415025339
"122" 0.423076923076923 -73.3680933589063 0.463964677002373 0.121231709818367 219.394551002565
"123" 0.269230769230769 -47.3229627126483 0.29456462494116 0.0874191389363106 254.006545156818
"124" 0.192307692307692 -63.8959927701541 0.286779881903212 0.0925809891614321 248.968441230534
"125" 0.307692307692308 -13.7544119108612 0.570627860466729 0.157048905099093 172.16002941085
"126" 0.346153846153846 -41.8564272211303 0.341486114072859 0.112080633532379 249.158571245819
"127" 0.307692307692308 -94.4552605955645 0.420066038651175 0.126838004367471 233.916664856486
"128" 0.230769230769231 -45.6449623703318 0.33613977148653 0.100133713483139 235.331486352743
"129" 0.230769230769231 -76.6735009161613 0.325775930226644 0.104353663931835 247.365773316929
"130" 0.307692307692308 -14.9744064790083 0.437060056188695 0.11061926934101 208.98039118275
"131" 0.423076923076923 -78.8474337892967 0.465293388901479 0.119704439788917 212.361936669089
"132" 0.269230769230769 -65.6938180264148 0.386115157851119 0.102528431894648 242.985067565278
"133" 0.346153846153846 -54.342624165735 0.391306048719822 0.108201538072867 230.633815828199
"134" 0.230769230769231 -51.1504961388803 0.392023254679327 0.113672487358655 214.959587158416
"135" 0.230769230769231 -15.8219995922709 0.575844518317619 0.139315888871308 179.721480768453
"136" 0.346153846153846 -37.8043677192758 0.447243153799977 0.132179693517415 231.656785695557
"137" 0.346153846153846 -60.0256522065048 0.397593446687068 0.107781571074003 226.171825423553
"138" 0.230769230769231 -70.0872016402383 0.338922555281513 0.0874175995724789 261.495469767838
"139" 0.269230769230769 -53.4290193354227 0.415833590298626 0.114130926147682 232.156129914923
"140" 0.307692307692308 -41.6060624598725 0.440104731585609 0.107167908719011 224.12503857791
"141" 0.192307692307692 -69.8927304122491 0.230323639059905 0.0814921517952925 297.479573320914
"142" 0.230769230769231 -88.1456008209705 0.234638624706837 0.0855836737082102 275.543403830025
"143" 0.153846153846154 -167.849970305654 0.137300435879473 0.0785940329306539 330.941855893424
"144" 0.346153846153846 -22.8800302449988 0.408832092972938 0.120865230478286 202.343564871005
"145" 0.307692307692308 -46.5530333301598 0.334560694274183 0.110117838839722 239.77741291082
"146" 0.230769230769231 -61.4878980712902 0.337891612925386 0.105125856549987 251.94281991262
"147" 0.346153846153846 -7.87678901785374 0.422725437343083 0.128034972469339 198.973125163228
"148" 0.307692307692308 -31.0613978585535 0.385522760390145 0.114175102951419 226.610410539056
"149" 0.230769230769231 -81.0506984083262 0.35342799142404 0.0919628434510698 258.272278448553
"150" 0.269230769230769 -79.1534215497272 0.362914042551219 0.0947001135928769 244.915206506127
"151" 0.307692307692308 -58.4495011855035 0.435493990068926 0.114123386817065 227.412827107352
"152" 0.346153846153846 -97.8063816606881 0.374664411538609 0.10801342438575 252.764447789392
"153" 0.384615384615385 -18.9303324723404 0.517888266862577 0.138004594302207 172.009554728754
"154" 0.230769230769231 -105.007630746554 0.404683451828398 0.123989890587856 253.968702857541
"155" 0.423076923076923 3.35301816497592 0.502553208504077 0.117704289152724 189.781952081225
"156" 0.269230769230769 -8.77586526447702 0.525236449145955 0.17017583156841 173.882293713167
"157" 0.269230769230769 -70.2793303190943 0.313951235934375 0.106565454764235 257.640953153679
"158" 0.269230769230769 -37.6692611811149 0.321651290560064 0.101281374208417 232.350726760142
"159" 0.269230769230769 -139.926057318305 0.20514706306304 0.0782210301792671 312.368696156149
"160" 0.307692307692308 -48.3147403906414 0.460426606091333 0.126474502224764 214.801009111991
"161" 0.346153846153846 -57.5419773605687 0.34640874855333 0.105753728636041 252.446550002
"162" 0.269230769230769 -26.1612994966824 0.19037937559626 0.0948257517948182 255.891330099548
"163" 0.346153846153846 -21.4070031583979 0.3454828459435 0.0963611702292766 232.015819083191
"164" 0.269230769230769 -24.4044686388812 0.423124826177595 0.107793468567085 220.77245247066
"165" 0.230769230769231 -100.289980412608 0.43704915683453 0.11163841273527 241.952356316848
"166" 0.346153846153846 -45.3285601817123 0.51986380858287 0.143485557943031 196.983274434279
"167" 0.269230769230769 -77.2328067523945 0.275041292942262 0.096380694026647 275.616365584815
"168" 0.269230769230769 -95.7710182511843 0.334859632910896 0.0933483155134544 267.544396717763
"169" 0.269230769230769 -83.0382702877282 0.272875289850036 0.0915415658004471 272.206535584568
"170" 0.384615384615385 -16.3095145049494 0.409724144823378 0.125693730044396 218.101733019874
"171" 0.346153846153846 -28.1194318406388 0.516977643074589 0.145030482653956 157.392595818718
"172" 0.307692307692308 -73.4692289767944 0.240396762740866 0.102431259917913 243.27379316546
"173" 0.346153846153846 -28.1443395144782 0.415610361851136 0.118898530991398 205.815011761314
"174" 0.269230769230769 -38.6482759067917 0.278457296684634 0.102557943677774 261.729488477521
"175" 0.384615384615385 -46.8825948608371 0.381557074675943 0.102256012463833 222.639313897374
"176" 0.192307692307692 -19.4278628952652 0.303928610418182 0.103823191161386 240.910558169233
"177" 0.269230769230769 -88.6196246785523 0.321251908409624 0.105459643648298 248.380115767568
"178" 0.346153846153846 -45.0240454310771 0.345293127279145 0.0892845006988563 256.908075398491
"179" 0.230769230769231 -135.81547020434 0.253367502625572 0.097717275008516 269.460150093115
"180" 0.307692307692308 -63.4729246506498 0.327059744614883 0.102501071212026 239.764222036647
"181" 0.269230769230769 -101.650767130269 0.293043891000052 0.101424874010096 266.06572274772
"182" 0.461538461538462 -82.4039656701662 0.441638839196564 0.121208498345954 225.631623907951
"183" 0.307692307692308 -98.6088783746802 0.39061403878636 0.106395478757089 246.002349069593
"184" 0.423076923076923 -11.5676756922175 0.60968505095152 0.160315885661619 158.18868597439
"185" 0.230769230769231 -100.934110140677 0.245304139696141 0.0944478040473881 283.453349074884
"186" 0.346153846153846 -113.351076621092 0.341069754519844 0.0964597433075767 265.46973361481
"187" 0.192307692307692 -49.6915975457628 0.374126315485317 0.108371796716933 231.028207977717
"188" 0.384615384615385 -31.6485619935225 0.442108353296747 0.110506398772015 222.926787621919
"189" 0.192307692307692 -35.1296034862527 0.246935954100314 0.0939096320893281 255.613927880428
"190" 0.230769230769231 -75.7349696692401 0.271192775144652 0.103785531585107 252.30371138894
"191" 0.269230769230769 -2.5568813196386 0.347534352223168 0.13373333480548 219.183777007302
"192" 0.269230769230769 -81.0865854389701 0.258722319132619 0.0899804002277575 272.775799277015
"193" 0.346153846153846 -3.48787265580051 0.312304859984965 0.102296403112483 224.215045580813
"194" 0.346153846153846 -105.50227134349 0.265252393474396 0.0846940699020665 294.76093249185
"195" 0.269230769230769 -16.6469691952442 0.466493454856432 0.134623959963199 215.274850590411
"196" 0.230769230769231 -105.452085851597 0.239305267604615 0.0944442266384224 289.721293893433
"197" 0.230769230769231 -19.5753718396182 0.394048808437257 0.113258250592279 214.782797271223
"198" 0.269230769230769 -36.086801033304 0.377649016879814 0.123744887188673 238.315066462341
"199" 0.346153846153846 -78.3027018791846 0.341369308446437 0.0957501339573794 259.005953670498
"200" 0.461538461538462 -44.4190831158826 0.4874814438942 0.134004312670541 192.13527466442
"201" 0.230769230769231 -73.0344138037273 0.317085207777079 0.0986072960838989 249.309449688131
"202" 0.346153846153846 -105.407942075769 0.296370240181552 0.0934376824496853 278.278042731206
"203" 0.269230769230769 -9.86558634109342 0.411365616752877 0.133193682655399 213.004101486644
"204" 0.307692307692308 -111.361038235427 0.293540473229111 0.093116518880041 297.090505142817
"205" 0.230769230769231 -39.5813646916316 0.251828785601021 0.10979091516335 254.382791815423
"206" 0.269230769230769 -25.4658548986195 0.28069857905744 0.110306410076999 240.48161009877
"207" 0.346153846153846 -75.411404949303 0.431261395823831 0.113946987749393 242.937114449861
"208" 0.230769230769231 -32.4454921203287 0.360792044452644 0.107987552650188 228.560848368444
"209" 0.384615384615385 -8.14945982008815 0.440766907538737 0.130246937715731 196.097771767257
"210" 0.307692307692308 -38.5161999756918 0.320175066280567 0.0989418635858426 229.855207026578
"211" 0.461538461538462 14.7184706869766 0.557804139717447 0.14884229908874 158.994670829088
"212" 0.153846153846154 -153.392530635558 0.181287507568353 0.0869566920499353 325.416076209149
"213" 0.230769230769231 -105.448498649888 0.397955772464744 0.0994770095593239 239.641108018151
"214" 0.307692307692308 -26.0881075811288 0.320382100506744 0.0957298057136617 247.225452204109
"215" 0.192307692307692 -46.5644006153346 0.306878125980809 0.09682154534844 257.834273581416
"216" 0.269230769230769 -39.0107181780155 0.279624276111314 0.0980021669103169 254.248419607957
"217" 0.346153846153846 -44.8628519355079 0.444188722178614 0.120609223350842 216.208102599601
"218" 0.307692307692308 -65.9453413230494 0.379777886237032 0.108905684068145 253.012024303176
"219" 0.384615384615385 -49.2374753372904 0.437566802201377 0.121671104217234 221.945683748731
"220" 0.269230769230769 -55.4555428385852 0.244051195238172 0.0892678552881469 254.754891434647
"221" 0.230769230769231 -66.8534354190876 0.276082080974029 0.0956908076941514 257.496829824769
"222" 0.346153846153846 -30.6723044338853 0.431000580527381 0.131177712587225 206.05072811665
"223" 0.269230769230769 -44.1922157845318 0.347636635816522 0.0921405871620471 259.318966934988
"224" 0.346153846153846 -9.87821151002439 0.463260174376939 0.117001436964052 193.734210176454
"225" 0.307692307692308 -57.1772806543216 0.405180068846755 0.116992735760355 236.797690621801
"226" 0.230769230769231 -32.9249504791218 0.380222666211162 0.101668360718193 239.073283392899
"227" 0.230769230769231 -50.4476643897132 0.357414217897269 0.109293054468656 243.76383127091
"228" 0.269230769230769 -20.072124339418 0.456552521921471 0.135843527906622 201.108272083369
"229" 0.346153846153846 -22.0707886933592 0.415958399097284 0.114765684182959 221.695894117276
"230" 0.269230769230769 -52.3472575840525 0.241014929544275 0.0909114707462625 259.835250199637
"231" 0.192307692307692 -119.251002260424 0.187382887306398 0.0919799188431157 306.733012871137
"232" 0.346153846153846 -1.68855977029458 0.378381591288831 0.120059822722789 218.378925697054
"233" 0.192307692307692 -79.9390848781813 0.309822218992617 0.0956624133198973 268.545852275179
"234" 0.307692307692308 -58.7483308499439 0.214865239167421 0.0869079428359467 293.954800202684
"235" 0.384615384615385 -83.1533038257371 0.395884670387734 0.119708316442521 232.702556123631
"236" 0.307692307692308 -22.6899651827968 0.361857636946943 0.107731411394487 233.495235490291
"237" 0.192307692307692 -95.5507519095062 0.260329300252411 0.0877736980988515 283.730409783833
"238" 0.384615384615385 -27.9063800886318 0.489800768600731 0.12023653240036 197.046850426658
"239" 0.269230769230769 -42.6007709850072 0.408675041497164 0.122637879939058 229.266167852604
"240" 0.307692307692308 -46.8676953397821 0.400531859818171 0.107637575930985 224.121159259132
"241" 0.346153846153846 -26.3845826790253 0.390850077747595 0.11524376399236 216.007410273734
"242" 0.192307692307692 -29.3123462495786 0.248275937915193 0.0992367330009424 265.377477611005
"243" 0.269230769230769 -39.2550300832184 0.378619896746453 0.103967153436633 255.381350244083
"244" 0.346153846153846 -44.5245497742814 0.323479160347525 0.104506893870676 259.926499625114
"245" 0.269230769230769 -57.6600955530191 0.434990466551763 0.127190174136102 210.526970828627
"246" 0.269230769230769 -51.2992702250644 0.382934519072007 0.102275393861301 236.329282897641
"247" 0.384615384615385 -87.6484716535018 0.498208592027582 0.125853892384449 220.003177882903
"248" 0.230769230769231 -23.9649091911401 0.218401784358382 0.100960443846885 242.878348905034
"249" 0.192307692307692 -77.67980788108 0.32699190353319 0.113002290209439 241.048083002409
"250" 0.230769230769231 -74.4584675948492 0.292783061849383 0.0915186524334246 261.65902043568
"251" 0.269230769230769 -51.2398460104786 0.360983822026642 0.102448800869619 236.86644969481
"252" 0.153846153846154 -48.2472673308074 0.359014423931985 0.105345314596393 233.068006910617
"253" 0.230769230769231 -71.5728590470397 0.407508982656953 0.10659118423925 242.178163018217
"254" 0.307692307692308 -20.274655601747 0.352961640300291 0.0993881164979338 230.000314515387
"255" 0.307692307692308 -15.9893118876725 0.431495093873951 0.120062524789637 192.855840110695
"256" 0.192307692307692 -50.9018267448916 0.333726245767176 0.100768884922638 249.45825938147
"257" 0.384615384615385 -12.9401410885148 0.376058439451001 0.10855789089626 214.82664818211
"258" 0.230769230769231 -79.4688942010226 0.333636895311446 0.0978185405985751 240.601647192016
"259" 0.269230769230769 -68.4667776767188 0.452996669274828 0.117800258963106 223.160778473504
"260" 0.269230769230769 -65.6472782238004 0.425424304258347 0.101397646526395 232.202414407167
"261" 0.269230769230769 -110.990844122975 0.23673514446712 0.0833174885707678 312.132274244199
"262" 0.346153846153846 -56.542577812359 0.363807432163178 0.098031221163766 240.428164143395
"263" 0.423076923076923 -138.180645164565 0.382666368266706 0.0964742388907469 254.418531809356
"264" 0.269230769230769 -72.4620903450854 0.236417303006483 0.0875691172034231 282.504885353707
"265" 0.384615384615385 -55.9770743037288 0.438274159848958 0.111346164495507 230.33225855384
"266" 0.269230769230769 -72.0017396599912 0.31074756055241 0.0943299447196448 262.764655007082
"267" 0.307692307692308 -39.8830801810237 0.428196776071991 0.132583755042907 214.818656127146
"268" 0.230769230769231 -55.5565464098166 0.26272639003005 0.0948428305460639 260.288797353697
"269" 0.384615384615385 -62.5852843440544 0.507159976843095 0.134718465528924 212.814772896594
"270" 0.307692307692308 -98.0225593065426 0.437392056795437 0.110734631671432 242.139835091261
"271" 0.307692307692308 -16.3506710815995 0.359151131774628 0.109265128555807 228.276674129316
"272" 0.230769230769231 -64.7739870248673 0.304529773830638 0.10265578124496 263.232852310869
"273" 0.230769230769231 -78.0980221132538 0.319042457423311 0.109613981455492 256.475793381236
"274" 0.230769230769231 -19.9884695445007 0.275882539053047 0.0985857155724157 261.840742897526
"275" 0.346153846153846 -79.3007711272527 0.362978958418677 0.112179242399219 237.053657330829
"276" 0.346153846153846 -29.0253646532114 0.462519058083382 0.128952279080705 211.983507188894
"277" 0.269230769230769 -191.475793207062 0.375796028615008 0.0945832215274105 270.839307361916
"278" 0.307692307692308 -50.4131972813942 0.228176253270411 0.0937864031296401 296.42710318896
"279" 0.307692307692308 -62.0439983722428 0.264511912144219 0.10363166722862 236.734485827526
"280" 0.269230769230769 -52.0067152542365 0.339516794219852 0.100672673623961 258.072442595405
"281" 0.307692307692308 -52.384478309414 0.457665366011669 0.126763208870058 204.682589060278
"282" 0.307692307692308 -57.630583904731 0.390592994324378 0.122077641945588 227.89230094071
"283" 0.307692307692308 10.8576625158243 0.426055556480123 0.12079043224878 190.808273170814
"284" 0.461538461538462 -11.1019431071488 0.463765154186151 0.122931723708786 214.820880879089
"285" 0.269230769230769 -55.1495399105177 0.385393821386433 0.119971300882141 234.788406414576
"286" 0.269230769230769 -163.559733344313 0.204075712849276 0.0724956763107983 301.92520801655
"287" 0.307692307692308 -70.9580650680609 0.249012372393426 0.0936537014580764 272.687154014329
"288" 0.115384615384615 -63.3884431449699 0.327385886853757 0.0925594037512539 265.895844335379
"289" 0.307692307692308 -36.7818327185045 0.301067396240678 0.0956500545364468 254.82518020614
"290" 0.384615384615385 31.4330244880514 0.615240640762232 0.15888757541828 140.705147210225
"291" 0.384615384615385 -46.5367491738405 0.397698249531983 0.112574200552949 210.058297161353
"292" 0.307692307692308 -57.7613948388058 0.485662576894141 0.118842243449773 207.460596719589
"293" 0.230769230769231 -147.415853885165 0.245757066066285 0.091722733876957 307.757553912764
"294" 0.346153846153846 7.53320315898084 0.600291390575723 0.167581494020526 147.585507556102
"295" 0.346153846153846 -25.5216660361284 0.448056542602654 0.12547414982792 209.678841656209
"296" 0.230769230769231 -70.8856932450748 0.381599881827894 0.118858649352028 242.630723191919
"297" 0.230769230769231 -83.6004814380906 0.385662552168009 0.102635036124949 244.422070060647
"298" 0.307692307692308 -67.9954986035597 0.378154338846504 0.119816688250363 233.71609824622
"299" 0.269230769230769 -53.3216617342288 0.394599937288368 0.116158604452291 230.054652706422
"300" 0.192307692307692 -76.4050019778979 0.200006107626563 0.0867732772341563 290.786947451741
"301" 0.307692307692308 -90.2019027955659 0.415901537091716 0.0969012561881766 246.113006867347
"302" 0.230769230769231 -92.1372165956871 0.240498121759729 0.0847909334883242 314.031999888304
"303" 0.230769230769231 -19.3338787772594 0.260729139340455 0.104059668193246 246.108651633863
"304" 0.346153846153846 -103.895012242306 0.373978416751225 0.103615946748876 247.243397967508
"305" 0.307692307692308 -44.0032641952183 0.445267299988274 0.117006551424677 225.357812658171
"306" 0.423076923076923 -22.0884763640655 0.411651133946076 0.117532729315941 221.703846702776
"307" 0.384615384615385 -88.1455046332016 0.347575720343973 0.101031783356375 266.194525632244
"308" 0.230769230769231 -16.7698265398722 0.220825462622375 0.0886703611371474 250.9965758629
"309" 0.230769230769231 -50.7986636776549 0.411225782196772 0.110419857388767 214.623286193167
"310" 0.307692307692308 -64.865575048856 0.303195682021415 0.0985985088902589 249.760988449939
"311" 0.230769230769231 -33.6870755047136 0.392737417046018 0.105324052611352 228.95107322793
"312" 0.346153846153846 -25.9263330288733 0.414232803436622 0.112851481486617 208.401393148117
"313" 0.461538461538462 -55.1210769278289 0.53386979598651 0.146723184258399 187.238550829291
"314" 0.346153846153846 -40.7118423588526 0.392512805199651 0.107208543451365 214.048458180837
"315" 0.269230769230769 -88.9781008325861 0.434357015295041 0.112955377761099 239.927705715965
"316" 0.307692307692308 -52.4370984897972 0.41291115575784 0.117197493882916 221.86784438333
"317" 0.346153846153846 -86.9944794994274 0.457954510216265 0.116098103468049 221.629764069519
"318" 0.269230769230769 -105.604491658708 0.372250748729136 0.0986534366116632 263.212061566478
"319" 0.269230769230769 -59.7076753776208 0.36263353180852 0.105639455429074 254.07485544614
"320" 0.230769230769231 -41.2772638821127 0.397922063512578 0.105614852719976 223.860438895351
"321" 0.384615384615385 -29.6518053447097 0.471560530925728 0.12684254010149 216.581508850046
"322" 0.269230769230769 -50.7470868128953 0.262934281955262 0.0926059725720647 241.582336673113
"323" 0.269230769230769 -44.5540152507867 0.366301772508259 0.115534630984961 216.876763875308
"324" 0.307692307692308 -88.8843564158452 0.253845971473446 0.0938128236574303 292.211892965119
"325" 0.307692307692308 -28.811012444149 0.428621901234163 0.124477388422105 220.587951530921
"326" 0.269230769230769 -91.0683932167312 0.289460078283182 0.0944672758307302 245.472471387736
"327" 0.384615384615385 -24.3641958666533 0.432890519792577 0.114814877212546 225.590737212612
"328" 0.423076923076923 -30.0825822973298 0.391770786100702 0.107405063459221 218.918486376707
"329" 0.307692307692308 -58.096819133207 0.29193923510262 0.101742588811311 230.648631010214
"330" 0.384615384615385 -41.915107248971 0.409195305412388 0.115906252916873 226.52322330046
"331" 0.346153846153846 -86.4368475744631 0.411200383348417 0.105522940531973 237.017888345583
"332" 0.423076923076923 -35.3139685986534 0.478475141423342 0.128407356543611 198.264101853962
"333" 0.423076923076923 -64.0943460380203 0.573916765666507 0.143892271952292 180.552135537355
"334" 0.230769230769231 -46.317886311633 0.295198238202173 0.0974259436437038 243.444994336455
"335" 0.269230769230769 -80.1336315432154 0.33793792929017 0.107395301824917 254.394735653177
"336" 0.307692307692308 -70.5595335387656 0.295455544454824 0.100834893049596 237.628372091358
"337" 0.384615384615385 -65.2769924286067 0.445347431932684 0.112307818314409 211.254254666208
"338" 0.346153846153846 -51.0253781908304 0.458582634453653 0.128010335242593 221.526302552382
"339" 0.269230769230769 -81.9945878321186 0.355632849509079 0.101696159177513 244.452575655687
"340" 0.346153846153846 -39.7544913979397 0.399516339294146 0.114753722242592 223.015157938735
"341" 0.307692307692308 -39.7666082436436 0.484177185146392 0.128690446404947 208.614405013183
"342" 0.269230769230769 -12.202276569367 0.372381103845912 0.108473907405175 223.185434496836
"343" 0.346153846153846 -104.799635466313 0.288259920857753 0.100017569676203 273.847602944486
"344" 0.307692307692308 -30.0431088055867 0.379178235970859 0.105768571782883 234.436743226191
"345" 0.192307692307692 -61.4014745218091 0.210229105606729 0.0839534642263163 293.070333639779
"346" 0.307692307692308 -46.017552336115 0.323761232968119 0.113117624906798 244.646714086439
"347" 0.230769230769231 -23.6041569454531 0.401956133068629 0.113005299401733 224.213963118875
"348" 0.230769230769231 -147.987969667576 0.37234853762752 0.112739348324503 243.612399679376
"349" 0.307692307692308 -115.312903129167 0.326378577448169 0.106662791551767 245.529683163678
"350" 0.269230769230769 -77.4109429232952 0.392882293518477 0.115992344294759 239.817185890945
"351" 0.307692307692308 -62.9172738646201 0.393139100177742 0.105413988769591 225.337050984735
"352" 0.192307692307692 -69.3291561285299 0.206708046207722 0.0926358300885299 267.988343902598
"353" 0.346153846153846 -31.3066322670839 0.476487155751469 0.130520247926287 201.21108353029
"354" 0.307692307692308 -22.2217183964966 0.464242904736179 0.126432172903608 188.634302600902
"355" 0.269230769230769 -9.35429014438349 0.499351435436373 0.134548137642199 198.326861587809
"356" 0.346153846153846 -2.76956011093632 0.501326664736886 0.136001367543883 186.49700725026
"357" 0.423076923076923 -15.9718022834522 0.458960001808043 0.116158319832777 214.358842461943
"358" 0.192307692307692 -80.0381931550558 0.335065005235188 0.0971688917697148 258.900348790623
"359" 0.307692307692308 -75.6499828048917 0.290892989880614 0.105032236603847 252.523733824529
"360" 0.192307692307692 -66.4135460720952 0.323465365575283 0.0953087673790168 252.124848451866
"361" 0.307692307692308 -87.2804128361031 0.294035815305835 0.0950409531501392 260.151938637248
"362" 0.384615384615385 -113.062788596384 0.390605407961158 0.106611632878513 237.139304941632
"363" 0.307692307692308 -5.08031874896158 0.280103716382376 0.113803209742527 243.831018252485
"364" 0.192307692307692 -120.683625216186 0.144423643133475 0.0709773944918615 312.817343670512
"365" 0.269230769230769 -43.7144739557893 0.182641846115385 0.0959651562648943 261.358743695701
"366" 0.269230769230769 -80.6953010738059 0.324585954588564 0.0995223656491319 281.077960393932
"367" 0.307692307692308 -64.5832444638264 0.483389850387919 0.117636508115533 226.419451196874
"368" 0.269230769230769 -38.7699941828307 0.420600019794599 0.12317868932316 220.207384612034
"369" 0.307692307692308 -25.491358270081 0.37129783123058 0.114243300982675 232.158094292385
"370" 0.269230769230769 -38.1539901571181 0.337250415599964 0.10792305647883 252.210296763401
"371" 0.230769230769231 -74.995606922037 0.161651852370622 0.0855631066629439 300.605710428525
"372" 0.269230769230769 -90.8986043007735 0.429389186182598 0.106303568087354 207.598932784107
"373" 0.307692307692308 -126.280627388329 0.356714643902832 0.104870524686112 265.993173841839
"374" 0.230769230769231 -80.3624744366344 0.317068697296276 0.100047580097992 256.731530822702
"375" 0.230769230769231 -29.8203016516098 0.392852521748648 0.116764478033795 229.785123823611
"376" 0.192307692307692 -29.4128155530067 0.291781081567141 0.0956606682823264 248.730991247864
"377" 0.269230769230769 -41.5685532569822 0.365372437514977 0.100177594069373 226.360911410884
"378" 0.346153846153846 -24.0457487320664 0.47583784212949 0.135404812405815 196.077044027089
"379" 0.346153846153846 -89.8012407908438 0.345213800847833 0.0873262101294743 278.137272625738
"380" 0.307692307692308 30.4311995778016 0.586962574491115 0.166722713192988 150.845295511461
"381" 0.269230769230769 -67.480887387425 0.457338070833417 0.121225142534082 224.318316131984
"382" 0.423076923076923 -33.1619066841739 0.470775543778389 0.141064688966442 186.114768419978
"383" 0.230769230769231 -88.0330795323232 0.276216667202297 0.0930706478927748 264.29767602697
"384" 0.346153846153846 -35.7529007101226 0.446140594424165 0.124428873997824 215.698163381503
"385" 0.384615384615385 10.3526135718747 0.444499823028605 0.114249366536859 193.245971631394
"386" 0.230769230769231 -39.4033090024417 0.383593169529922 0.120117537988167 234.962002432295
"387" 0.269230769230769 -44.1692102215409 0.482922651845611 0.119011859178589 202.993199091363
"388" 0.269230769230769 -125.401218040334 0.314474778090652 0.0979507882253599 271.205506158676
"389" 0.346153846153846 -34.1227103074206 0.375725526038071 0.11403634374824 223.000033158064
"390" 0.307692307692308 -17.4384379291515 0.629364041848603 0.182343287634698 159.269590552021
"391" 0.384615384615385 -53.28324722266 0.403706997057291 0.114863070121823 212.18268433868
"392" 0.346153846153846 -13.7681513672978 0.473326637757259 0.124918019731082 192.446121689468
"393" 0.269230769230769 -94.6389372484269 0.266959551039642 0.0942033667086637 288.59756946641
"394" 0.230769230769231 -75.972378461317 0.289648527159386 0.0921392996947015 262.317771806214
"395" 0.192307692307692 -103.823975868677 0.179201653018032 0.0789157702571989 313.777171205375
"396" 0.192307692307692 -77.6880744886301 0.22308698342863 0.0982327257327317 280.023439566162
"397" 0.230769230769231 -67.9286558825866 0.380700980147532 0.11826740478347 228.848954347949
"398" 0.346153846153846 -61.8611412041382 0.324750522557407 0.0988487289845442 252.350110745407
"399" 0.307692307692308 1.5619477213589 0.481626775225632 0.139545758390404 180.230012868913
"400" 0.153846153846154 -44.6677419140428 0.2568884008822 0.104205734202322 235.204874906144
"401" 0.153846153846154 -113.320978027295 0.271983317480799 0.102389258662258 272.701398879406
"402" 0.346153846153846 -70.5280271995662 0.473449046552398 0.1196052111927 222.117134146467
"403" 0.230769230769231 -21.7990922466592 0.453808911445428 0.122380506002447 208.428650623229
"404" 0.307692307692308 -74.4541815432602 0.201769560043878 0.0917932657689364 290.347063007578
"405" 0.307692307692308 -50.0474209697518 0.438335507970288 0.133309358420193 215.438209610311
"406" 0.346153846153846 -82.9434712113879 0.434635607055726 0.121185918640521 224.060559594492
"407" 0.307692307692308 -43.4379031775006 0.374331180640711 0.104540131557601 219.741586325308
"408" 0.230769230769231 -13.2037426445267 0.474525485035614 0.133828978563654 208.245643970119
"409" 0.307692307692308 9.14565188064339 0.59012263149339 0.155012300149366 169.997011227561
"410" 0.346153846153846 -84.1735272840456 0.358748837833184 0.113520189888372 227.591049893401
"411" 0.423076923076923 -41.2036677151543 0.343862848294253 0.109674530342437 241.663299645465
"412" 0.384615384615385 -31.7836810312455 0.399601089908979 0.11130247410679 230.522438629353
"413" 0.230769230769231 -61.1679497391919 0.152738164200466 0.079986423788936 306.259405892254
"414" 0.346153846153846 -141.768000630417 0.320648189319421 0.0969476559494624 265.234613765911
"415" 0.423076923076923 -21.6908595831783 0.576242146736768 0.164510905568229 180.878352686903
"416" 0.153846153846154 -88.5681790646376 0.325093515203195 0.0962727180102171 276.468763504503
"417" 0.346153846153846 -56.0405839652506 0.32418275934244 0.100103087619808 248.39267928021
"418" 0.346153846153846 -24.0066038734522 0.225303607540979 0.0958723560038462 249.176594950128
"419" 0.307692307692308 -47.7503986362057 0.342984150005108 0.111114534418804 232.332064366606
"420" 0.153846153846154 -121.134468735344 0.28006679795811 0.0890073764359918 290.979496461418
"421" 0.307692307692308 -110.177979729771 0.46011151938793 0.113736556892745 225.564396010456
"422" 0.384615384615385 -55.0087578181211 0.447161521264888 0.126600052399788 220.199182008319
"423" 0.384615384615385 -25.6263167118874 0.414106565201722 0.108566706700656 222.237656682502
"424" 0.269230769230769 -6.34341466483437 0.425580487160577 0.126817515466317 199.355462386995
"425" 0.384615384615385 -22.6872069018955 0.515522256492984 0.131298212109651 182.22145209772
"426" 0.230769230769231 -75.4761738539058 0.236537154931137 0.0861758532443501 279.683786538043
"427" 0.269230769230769 -55.8554719793316 0.291083480331157 0.100848621331359 269.372141639884
"428" 0.307692307692308 -21.6116233886575 0.482734637166153 0.113508972251261 201.217778687826
"429" 0.384615384615385 -32.9515290193165 0.390812386217652 0.107919733629345 223.44364536861
"430" 0.346153846153846 -38.9580384333456 0.314499050719982 0.102433742985524 257.005712562995
"431" 0.230769230769231 -67.1457411952993 0.377064871851304 0.105244416683657 227.938919308255
"432" 0.269230769230769 -54.4123226772917 0.441565437518543 0.113625935655752 226.212607960082
"433" 0.230769230769231 -57.1242702413494 0.312684133708226 0.106583682627671 255.225363703608
"434" 0.346153846153846 -37.173589327649 0.511992490637449 0.12756643077534 200.799216614892
"435" 0.307692307692308 -27.3026088895467 0.352041262138807 0.104004776665242 228.115004327325
"436" 0.384615384615385 -14.6068045973387 0.595615096209594 0.150024064240198 163.154827672318
"437" 0.269230769230769 -14.9011052138821 0.344015580413107 0.106724271952248 227.819702434205
"438" 0.269230769230769 -100.382629322048 0.21752728697839 0.0898052060168671 274.611407457017
"439" 0.307692307692308 -21.6036577650812 0.371032226799851 0.115156293513925 238.627817532578
"440" 0.384615384615385 -13.1221943033664 0.459500126156237 0.135991431815978 192.683058178928
"441" 0.269230769230769 -84.7937219312122 0.320154600092175 0.0955196651310707 280.052067348161
"442" 0.423076923076923 -29.5029605040491 0.488231824832885 0.12592505424333 186.348136365055
"443" 0.384615384615385 -32.6125292001658 0.525134694656921 0.154726951987132 172.065012071887
"444" 0.230769230769231 -39.3549038863177 0.419611236429675 0.116255697298808 209.610443058182
"445" 0.230769230769231 -52.5063552524289 0.346822167324901 0.104358935898557 245.020102124135
"446" 0.307692307692308 -39.0109593262835 0.408359483311767 0.123245449582776 199.425562910922
"447" 0.346153846153846 -26.4641395110281 0.4621138482813 0.116289869637294 201.849234345891
"448" 0.307692307692308 -56.132150388878 0.287151652093161 0.0965800432489847 260.979954801206
"449" 0.307692307692308 -61.6032909892306 0.421027187940056 0.112829070647073 212.764798027226
"450" 0.307692307692308 -30.0679981733585 0.525168558028154 0.134289014250494 187.566402815441
"451" 0.307692307692308 -28.2841607074662 0.539046752042047 0.140127919312364 180.194870998226
"452" 0.153846153846154 -85.8186488731829 0.295904648771165 0.099412137614405 265.504073774228
"453" 0.346153846153846 3.42309248286834 0.497370012498741 0.123573861722168 191.727862551948
"454" 0.230769230769231 -44.1923271742875 0.272344396452576 0.0892490702956128 276.893400001931
"455" 0.346153846153846 -28.7650581994285 0.399325003129694 0.10158825530071 226.665420451495
"456" 0.307692307692308 -55.6844401599759 0.336888904400411 0.104071085591979 245.015409448463
"457" 0.269230769230769 -26.8031611126176 0.434287183033927 0.121640558879867 205.132300661961
"458" 0.346153846153846 -129.738295541678 0.389251649318386 0.0996434533954919 237.960017269012
"459" 0.307692307692308 -88.6345515459323 0.396891586234721 0.104983775648117 245.118907943834
"460" 0.269230769230769 -29.4641053096228 0.286874933802403 0.0981265540198841 223.752859139298
"461" 0.192307692307692 -40.488300404842 0.226264506950584 0.0861735160468172 277.753191450555
"462" 0.461538461538462 -23.4776550170192 0.446093838236046 0.123795821840294 203.060816996959
"463" 0.346153846153846 -49.4947300015802 0.447356939386429 0.114868644806844 208.248388010357
"464" 0.230769230769231 -97.9288226977069 0.27621435915193 0.0907484232674161 260.745680984962
"465" 0.269230769230769 -42.3127607938691 0.301095179568405 0.0979010819592434 258.140677597723
"466" 0.384615384615385 -37.7566586913373 0.405037284740105 0.129820770361985 216.771503905333
"467" 0.384615384615385 -30.0748247821704 0.386148103799395 0.10468590690094 233.125124771628
"468" 0.269230769230769 -90.8728097379475 0.289403584115564 0.0955816230698858 282.889923417768
"469" 0.269230769230769 -33.2695599999617 0.309976250911021 0.103088104657581 229.396981759793
"470" 0.384615384615385 -84.1325872089632 0.431676121923002 0.108500231416843 230.977795749358
"471" 0.423076923076923 -56.110766756565 0.429531935310878 0.125969874650628 224.632558461861
"472" 0.192307692307692 -51.8343012700062 0.285801498157211 0.0988415359786409 267.9787965261
"473" 0.192307692307692 -141.087269590396 0.262005431699488 0.0840754920017081 289.455522314231
"474" 0.346153846153846 -51.7352082184658 0.344565271259592 0.106342505599494 240.28077124849
"475" 0.230769230769231 -110.840864525359 0.378816325153783 0.117003954110676 218.820438847635
"476" 0.346153846153846 -105.757484226202 0.284649331850863 0.0910585948765007 277.007560212915
"477" 0.307692307692308 -29.413063208146 0.40723886580238 0.103790683557845 231.577611471494
"478" 0.461538461538462 -0.0929747971039951 0.570396009016597 0.159692879248875 160.486562217539
"479" 0.423076923076923 -50.0544315633237 0.33727287879825 0.109838172164046 235.790045837583
"480" 0.269230769230769 -89.8331174111682 0.278035899751613 0.093385519987973 265.145789666423
"481" 0.384615384615385 -58.4385861170509 0.566247717957182 0.155998657373269 190.744532738742
"482" 0.307692307692308 -12.4975759161331 0.320283835276442 0.100050500901457 221.289660182567
"483" 0.346153846153846 -80.4437937490881 0.462339187605613 0.132502365454164 202.35339157749
"484" 0.346153846153846 -7.13271689290123 0.503949434090061 0.132640104684415 190.221829917226
"485" 0.269230769230769 -76.3794639069512 0.365556808712316 0.103836222227665 240.708031018958
"486" 0.269230769230769 -80.3436013349339 0.298601722598425 0.0974563525823013 274.059032326182
"487" 0.153846153846154 -100.518434868097 0.235965151353746 0.090654452780479 302.042375012916
"488" 0.384615384615385 -40.9935053606864 0.425700083733715 0.138149144595129 204.373969521141
"489" 0.384615384615385 0.692601852424901 0.515016431984154 0.118972918131616 184.031876360322
"490" 0.269230769230769 -44.849201520817 0.362102183987585 0.105842128421227 213.837367772413
"491" 0.384615384615385 -17.5448434640111 0.597383751110792 0.15322763243151 151.981110980217
"492" 0.153846153846154 -90.5128664912557 0.196381418611904 0.0790369667409474 321.165346737704
"493" 0.269230769230769 -7.95322218863195 0.46911256973047 0.122193143362715 185.403248945624
"494" 0.346153846153846 -69.5897962640712 0.333816918654842 0.101364637105291 233.978122144374
"495" 0.307692307692308 -80.9919257463545 0.369297383115298 0.0972639283328669 242.125197513788
"496" 0.307692307692308 -109.699867974462 0.485046035730305 0.131291502311728 226.299596918216
"497" 0.269230769230769 -47.1263783132662 0.351811633042183 0.102035039258794 235.482959291725
"498" 0.307692307692308 -75.7251156792572 0.369601599473338 0.113023737520178 248.945848551681
"499" 0.269230769230769 -39.6144502464616 0.389707878047931 0.107580481030861 226.999659665846
"500" 0.346153846153846 -54.2652654865813 0.449481353823303 0.13427833385814 205.996246524556
"501" 0.384615384615385 -12.0360247637737 0.41091405686316 0.112650593393278 203.693940575724
"502" 0.384615384615385 -28.8497722417885 0.387732591306145 0.119171839052285 223.949956626627
"503" 0.269230769230769 -12.1745371486761 0.368119936544876 0.12496835471079 211.6957444133
"504" 0.230769230769231 -58.9672812374193 0.301991795469177 0.102022966015515 262.789702099599
"505" 0.346153846153846 -82.4863067511368 0.342560906348299 0.0847217414896066 265.65999301333
"506" 0.384615384615385 -57.802679408 0.418772622049139 0.106758844717845 217.2426273965
"507" 0.230769230769231 -97.8416932268149 0.249697532817186 0.0986559293466754 277.395665126569
"508" 0.192307692307692 -37.8007475226433 0.157012078241208 0.0888589736592744 277.043063679417
"509" 0.307692307692308 -77.7273753196141 0.412351802881813 0.121397118204536 230.945846799514
"510" 0.192307692307692 -74.560622580732 0.275963111288555 0.109033912915197 245.864300522557
"511" 0.269230769230769 -125.367521475045 0.242484111419903 0.0937613043958874 280.175288961306
"512" 0.346153846153846 -18.7436003566951 0.570087528446103 0.145962439132002 166.928655513087
"513" 0.346153846153846 -0.881851707365633 0.514385726837081 0.134891408302816 184.477000009622
"514" 0.269230769230769 -38.7904884038026 0.305503436447399 0.0991955742940519 267.481296016094
"515" 0.346153846153846 -73.7378663293795 0.321819073144825 0.0997654696390231 244.253247706615
"516" 0.346153846153846 -28.8832269064447 0.348917137695076 0.102201329755533 242.174710665606
"517" 0.346153846153846 -28.3408058862184 0.516239348272321 0.130599966026836 184.794189918279
"518" 0.346153846153846 -63.1937587625573 0.357009390010181 0.111748550264053 251.332807407626
"519" 0.384615384615385 -21.0175652857026 0.531244710750709 0.146884675552045 189.826061119442
"520" 0.346153846153846 -27.6200893115189 0.536863056373745 0.156289297612867 184.509349303697
"521" 0.346153846153846 17.8615628963113 0.570228359794488 0.155874272487834 162.309458962921
"522" 0.307692307692308 -102.717191041748 0.411278012048098 0.108199593708271 248.286339033595
"523" 0.230769230769231 -35.3098593952957 0.419384889769398 0.113077685102412 232.53064400373
"524" 0.230769230769231 -39.3928904915904 0.321823796428389 0.0926198637879947 241.399083560798
"525" 0.192307692307692 -35.6574286512646 0.339636540287945 0.10218489284358 237.715183978053
"526" 0.346153846153846 -36.9382883887136 0.470074953964484 0.124362559612803 217.990726988399
"527" 0.269230769230769 -37.1622775881919 0.340838659877777 0.106926813381741 233.849601513282
"528" 0.307692307692308 -16.6386934330838 0.365939693653277 0.113049651927004 231.046722822096
"529" 0.230769230769231 -131.256246350959 0.20356840900422 0.0827976664245343 313.730687650135
"530" 0.384615384615385 -17.0545165915899 0.441812651967633 0.11469841740525 210.201896369606
"531" 0.346153846153846 -68.8516251773241 0.355664936765231 0.102943190015242 253.908698743233
"532" 0.269230769230769 -57.4499425705181 0.28546879122643 0.0958405762740908 257.485274788807
"533" 0.230769230769231 -55.7481193072378 0.294613575906681 0.105556105407063 238.130118549187
"534" 0.230769230769231 -91.8021903205045 0.317268929461954 0.107226646248154 246.274022157774
"535" 0.346153846153846 -101.950633117739 0.273094841095872 0.0956125096669605 257.084715451808
"536" 0.346153846153846 -42.6983105681838 0.457889070227093 0.125818605668153 198.819305780316
"537" 0.307692307692308 -84.6831593299901 0.3652376622329 0.104884319125838 258.313085656827
"538" 0.384615384615385 -54.3621748097142 0.433819815393652 0.121360603687261 209.157017800822
"539" 0.230769230769231 -38.4454783592466 0.364693411601402 0.0941638575557975 245.094913971848
"540" 0.192307692307692 -80.8777232622951 0.151944676035575 0.0845217729512598 289.364355044062
"541" 0.230769230769231 -101.741968272661 0.291509657645508 0.0877118445108249 268.311575333322
"542" 0.269230769230769 -43.8352421791257 0.341747350171159 0.103418679281048 247.558104988639
"543" 0.307692307692308 -37.5281664142601 0.325397542039481 0.103351923524383 233.957836969676
"544" 0.346153846153846 7.9815277631779 0.580174154701345 0.15738833176756 158.19505860975
"545" 0.230769230769231 -19.5736214412768 0.306494086529407 0.099708227154883 231.642308937223
"546" 0.269230769230769 -111.942486452451 0.329087560988059 0.11057120718232 248.420004666802
"547" 0.346153846153846 -123.193471067387 0.355581700004351 0.0990792725601469 264.669905741396
"548" 0.346153846153846 -40.9867073152453 0.416985662434307 0.116210353990216 213.023415444861
"549" 0.192307692307692 -54.1711565911658 0.322341979806522 0.0983382490965111 260.097615689388
"550" 0.423076923076923 -35.5161597178081 0.542522381332945 0.138717437314484 189.837367130476
"551" 0.230769230769231 -42.2329896441191 0.458855856440115 0.120244186576481 202.100364194494
"552" 0.269230769230769 -88.6770752192494 0.31074649615585 0.0947044064525935 280.878986658892
"553" 0.307692307692308 -47.2926921020475 0.342574604879732 0.106753517946423 240.625131031293
"554" 0.384615384615385 -75.3698314090069 0.42158627761433 0.103490387021195 224.914000271321
"555" 0.230769230769231 -145.118458801716 0.237537887363677 0.0869194642600697 285.270051977825
"556" 0.230769230769231 -39.8701234478908 0.312400894037445 0.092338052016177 245.122774937232
"557" 0.346153846153846 -67.9270903680523 0.315956502597952 0.0975847302606508 249.758035269687
"558" 0.384615384615385 -29.4168558917102 0.356097961303541 0.105740044883353 210.940453382586
"559" 0.269230769230769 -56.3102809593363 0.353905759359742 0.0966273129432498 245.293258855455
"560" 0.269230769230769 -137.644117825609 0.198487738465286 0.0838432631367694 286.797177092577
"561" 0.269230769230769 -98.8140702106257 0.374270611241893 0.105700430117095 249.245543321054
"562" 0.307692307692308 -68.3479564423675 0.307807960867204 0.103808625489668 235.743563388814
"563" 0.230769230769231 -67.495379638242 0.378133567733321 0.107464353416415 255.839802023037
"564" 0.384615384615385 -14.9408217771165 0.479975142258808 0.121566268675825 207.911599232648
"565" 0.269230769230769 -34.3103511178656 0.442698891480335 0.128003005633138 204.252226474443
"566" 0.384615384615385 -51.9641762630544 0.378987339692709 0.111091884799451 216.195667853979
"567" 0.269230769230769 -101.605165349335 0.218206564910707 0.0886959423787628 279.488642187873
"568" 0.269230769230769 -91.8954333215078 0.307272105066055 0.0981524998378995 270.200340728331
"569" 0.230769230769231 -31.4341188946893 0.342394497222606 0.113312935338087 238.978819527677
"570" 0.230769230769231 -63.0701245444424 0.395157914695678 0.114263199487096 249.601575023052
"571" 0.307692307692308 -81.7222117953049 0.322714984855766 0.0946045546472876 257.035773365581
"572" 0.230769230769231 -73.8286632013879 0.405195258686251 0.112777884342472 253.294436150319
"573" 0.230769230769231 -33.5679245081315 0.303953744160666 0.106182157745474 249.162390010976
"574" 0.384615384615385 -28.9352818713902 0.558749097262943 0.14581279287558 170.799305618736
"575" 0.423076923076923 -90.5336062988303 0.479790846600269 0.129276638016715 201.245846603843
"576" 0.346153846153846 -37.6364079327865 0.425533919009575 0.110899263165777 219.31235863707
"577" 0.269230769230769 -52.5026655658314 0.291933672422873 0.105593330454694 240.759411625345
"578" 0.307692307692308 -31.3274479880865 0.481047672131056 0.128658463671803 205.609130697334
"579" 0.230769230769231 -50.2651311171221 0.26966897285569 0.0912327302931418 262.645015810709
"580" 0.307692307692308 -34.6869067435185 0.415235250415749 0.111763949312558 222.20949214553
"581" 0.230769230769231 -115.16333060983 0.230517438851941 0.0803100129874295 300.00194045885
"582" 0.269230769230769 -61.9333082166776 0.249885777803143 0.0847318266060324 259.771656419923
"583" 0.384615384615385 -44.6143242782129 0.404192704398253 0.106410485865566 227.960718725114
"584" 0.269230769230769 -91.7036775995273 0.35847620035576 0.115537156655257 248.019708297858
"585" 0.269230769230769 -14.5683598930205 0.4007300936984 0.111190257742632 219.251078891917
"586" 0.230769230769231 -48.7795359902567 0.354154679995546 0.102649914494288 233.69859182301
"587" 0.269230769230769 -25.092458602459 0.371952205301664 0.102869664602866 220.859935560487
"588" 0.269230769230769 -89.8547229746798 0.400465619067383 0.11473081345217 245.228173816241
"589" 0.192307692307692 -60.0825527342796 0.321255176919628 0.112324512013498 247.837614893652
"590" 0.307692307692308 -9.30796762905259 0.385197226111149 0.115578922430709 223.144402262541
"591" 0.346153846153846 -74.4786894403934 0.441526093253511 0.11840496636201 230.33921708608
"592" 0.269230769230769 -67.5213275393314 0.339890471745389 0.108555588905221 246.513215653501
"593" 0.269230769230769 -40.6483425332131 0.519683593612482 0.122940388482521 190.523572852025
"594" 0.269230769230769 -12.7773619270337 0.519071415275691 0.132201171224863 185.244151854841
"595" 0.269230769230769 -79.7626722341945 0.38328310822875 0.105621312183416 234.85571790535
"596" 0.307692307692308 -38.3193846186954 0.40319401685189 0.108656021068576 221.58720951105
"597" 0.346153846153846 -86.4371880583609 0.309811013272226 0.0992574322380085 246.108902568505
"598" 0.269230769230769 -58.4084718144217 0.447097289285539 0.108820272277526 211.293347776975
"599" 0.230769230769231 -142.499202709969 0.232510325064826 0.0804142228321682 312.862565615568
"600" 0.269230769230769 -35.1424404442673 0.503793640382987 0.131935858437572 203.511876058467
"601" 0.384615384615385 -29.2148383807859 0.390872987523115 0.110894988766599 215.871306806728
"602" 0.307692307692308 -54.766824659021 0.33840325742519 0.114799680030111 232.51622156295
"603" 0.384615384615385 -61.4281740673033 0.368084824043453 0.10731189442358 250.304727847758
"604" 0.192307692307692 -89.3380647977016 0.238356958487765 0.102274990221052 274.31209183896
"605" 0.269230769230769 -95.8010600357579 0.248173480137218 0.0888792743020972 287.345090219141
"606" 0.269230769230769 -64.6300923041699 0.356633079070423 0.0987488466600521 242.080381248603
"607" 0.346153846153846 -13.1549324087104 0.443467202350956 0.128274643994847 200.330065180841
"608" 0.192307692307692 -64.714534725158 0.258054207791786 0.0890166002412326 273.098601086782
"609" 0.269230769230769 -54.4872633704929 0.363489421032204 0.107596340734173 237.011023939624
"610" 0.384615384615385 -11.7672062994816 0.509698963429071 0.1271235411733 187.892495206892
"611" 0.384615384615385 -80.7863999915695 0.503774049294258 0.126275828385436 219.511172496448
"612" 0.192307692307692 -41.1830524107015 0.275814358613439 0.0914263750266881 250.378165572961
"613" 0.307692307692308 -37.4763773694126 0.453007156184442 0.119196905201246 204.305820096247
"614" 0.230769230769231 -59.1140349122492 0.240089570136329 0.0867048020362458 263.953922925182
"615" 0.192307692307692 -108.473509098375 0.222553734974987 0.0913437420582722 284.767260673032
"616" 0.269230769230769 -66.8058729030641 0.455139967755939 0.126897655841455 218.844136747047
"617" 0.384615384615385 0.425771685067944 0.487463394003617 0.117880100031295 187.506431304603
"618" 0.230769230769231 -56.3629310780117 0.360949176297738 0.100775368814663 248.226388878007
"619" 0.230769230769231 -84.9687732078754 0.358914486640962 0.100562756670269 258.272774618412
"620" 0.269230769230769 -71.03586472396 0.289908687529058 0.101153361054309 254.819906025496
"621" 0.230769230769231 -43.1961262100085 0.370960060036554 0.0987880336304027 236.565673935907
"622" 0.307692307692308 -84.4583676030122 0.347001967482724 0.104891253632085 234.844535413901
"623" 0.307692307692308 -79.3242679633761 0.238261214390928 0.0931801934759278 265.875360959489
"624" 0.230769230769231 -29.7431775869837 0.282436784654873 0.0985312900326902 262.214123016829
"625" 0.192307692307692 -58.8464290276902 0.296730739424716 0.0944687743943395 266.352349894093
"626" 0.346153846153846 -54.3820216794519 0.378685813157661 0.116042513581543 224.333526505055
"627" 0.346153846153846 -93.7113173723798 0.415938409293877 0.104016365666399 242.455300049991
"628" 0.384615384615385 -50.5682574416064 0.33561603101549 0.104134520171014 237.0981975751
"629" 0.307692307692308 -33.6954576921054 0.388981540600001 0.112453791496569 240.013638636358
"630" 0.269230769230769 -199.508271278468 0.157478121647869 0.0719022803921076 336.742299012295
"631" 0.230769230769231 -43.632956429835 0.518751015503307 0.11941596259 201.266178037245
"632" 0.307692307692308 -45.1587201987437 0.423605642475348 0.109243381653999 219.2446319967
"633" 0.269230769230769 -89.2517853437112 0.380655373088318 0.103629015202059 245.380956568965
"634" 0.230769230769231 -103.732109467652 0.209638791257559 0.0868118090856035 279.478040893101
"635" 0.269230769230769 -51.464328522241 0.363524040448021 0.105309377333159 235.189688460552
"636" 0.269230769230769 -50.8244401472561 0.414869391383259 0.121584101548497 223.46519901813
"637" 0.192307692307692 -105.040672775332 0.259238575743354 0.0888935317008726 286.260155474599
"638" 0.307692307692308 -37.76925286391 0.479698849501733 0.111659204280269 208.303960819482
"639" 0.307692307692308 -43.5044993623622 0.450675198313587 0.132799922121132 196.441179567543
"640" 0.346153846153846 -32.2431791600636 0.42475206768236 0.111714656657568 219.375262268651
"641" 0.192307692307692 -89.5651602136194 0.211329877069538 0.0873515583845853 306.581237274334
"642" 0.307692307692308 -48.3504861038518 0.362798009618046 0.114696279213739 226.801982096904
"643" 0.307692307692308 -93.1123967507552 0.244638293396402 0.083548552215456 301.54725345477
"644" 0.230769230769231 -62.9840042332044 0.461189555069791 0.12051164428244 213.430025923974
"645" 0.307692307692308 -19.5156094366454 0.418177966099896 0.116452011461732 221.45996561707
"646" 0.269230769230769 -45.5781517810067 0.377167680081691 0.104576943348814 238.355011141305
"647" 0.230769230769231 -13.2244250832931 0.277614353338489 0.0984139939121248 232.221457847878
"648" 0.346153846153846 -55.9758073534012 0.469615928386726 0.126732656857635 200.787171872808
"649" 0.269230769230769 -43.8966855452563 0.367688684493895 0.10874359326476 227.892364692176
"650" 0.346153846153846 -19.5703967429868 0.492677665818147 0.128448020797888 187.77646949416
"651" 0.346153846153846 -22.0849959415166 0.378750819193851 0.105640012249473 218.167061769934
"652" 0.192307692307692 -70.7876578450251 0.417525099741798 0.110047036014034 230.879014403392
"653" 0.269230769230769 -92.9250186319927 0.26592147626643 0.0933434902938075 275.368000300862
"654" 0.230769230769231 -47.4039149127093 0.299269572725187 0.0918941214916872 261.927335048299
"655" 0.192307692307692 -77.365521327189 0.265187682856685 0.091827620611211 275.201616177596
"656" 0.384615384615385 -83.0666143198887 0.48675920610437 0.116934129751013 225.147812141259
"657" 0.346153846153846 -37.8488672376947 0.330076655672044 0.107019830787067 229.561276532318
"658" 0.230769230769231 -31.6479354844938 0.167019689397391 0.0809400349550454 287.970709756943
"659" 0.269230769230769 -91.2676100099121 0.413992905962675 0.120673247508196 212.363581483825
"660" 0.461538461538462 -64.9068097733766 0.449272788506626 0.132728910371016 211.916572106034
"661" 0.192307692307692 -129.107884631542 0.201349896832853 0.0841075118585185 315.883008585535
"662" 0.230769230769231 -202.562296094337 0.210740190839262 0.0847549310622376 321.333401502352
"663" 0.230769230769231 -54.5773669053213 0.256132949579206 0.102919043710043 245.041358738509
"664" 0.269230769230769 -19.3704580059235 0.358328707252537 0.103946065622758 225.941437927205
"665" 0.269230769230769 -80.3881422535257 0.413031551019359 0.120644385730514 242.402255581939
"666" 0.269230769230769 -109.868179056556 0.375655084706996 0.103687080920181 255.586777703953
"667" 0.307692307692308 -41.7937027906245 0.415200380775005 0.10634205039741 235.259801754318
"668" 0.307692307692308 -76.9209139790288 0.31837145720618 0.105906361423669 258.476358538656
"669" 0.346153846153846 -53.5240543487812 0.442531587566079 0.123081409937244 198.706223301599
"670" 0.230769230769231 -62.7172661370666 0.342755009301328 0.0989060040066327 252.106941657141
"671" 0.192307692307692 -64.9662756889622 0.447840519452827 0.110018030715132 215.827548024962
"672" 0.384615384615385 -59.5647369989552 0.446350996613941 0.128459613203715 236.223508053846
"673" 0.307692307692308 -67.8597007413994 0.441139846330323 0.120081046921023 220.089726762404
"674" 0.384615384615385 -6.86647016922277 0.477991634507056 0.114571070173152 203.016521477695
"675" 0.423076923076923 1.3604361229292 0.569396225946807 0.133472857909259 170.75691586751
"676" 0.269230769230769 -58.3713712703519 0.32875068123025 0.117356656583495 246.169307149658
"677" 0.307692307692308 -50.7834412214387 0.281780904925234 0.093563052226338 253.36552986695
"678" 0.269230769230769 -55.1164911132517 0.278641933510035 0.0959541095751503 256.597224839963
"679" 0.307692307692308 -75.5531360800188 0.228676600367041 0.0912511344459399 270.162056891415
"680" 0.269230769230769 -4.20043834727728 0.610572797748696 0.161764421280121 165.778380490583
"681" 0.192307692307692 -73.0107236541959 0.215315761202344 0.090847684753776 287.612917451044
"682" 0.307692307692308 -46.5823622483415 0.305242324231202 0.0948647851495493 234.680029716264
"683" 0.346153846153846 -44.8227468049927 0.27525155675279 0.0987623747590584 269.746574659934
"684" 0.230769230769231 -36.9733752785809 0.303087093582244 0.103456591525004 246.459782768446
"685" 0.346153846153846 -21.309038871105 0.485936290205929 0.123683130915841 207.035933452328
"686" 0.307692307692308 -123.044447553889 0.33117953457881 0.102933583364045 266.778089794586
"687" 0.461538461538462 -49.346811618794 0.428156113858585 0.110682947039174 220.262550710617
"688" 0.269230769230769 -91.8712121465346 0.270998544767909 0.0941304673059553 295.58999027153
"689" 0.461538461538462 -10.2348949198594 0.60767699017052 0.173001536330137 157.119960157233
"690" 0.230769230769231 -39.2358004274913 0.238982745482065 0.088114889938092 256.139680768521
"691" 0.346153846153846 -34.0727859991857 0.526170924571739 0.127570373574915 187.344630698976
"692" 0.384615384615385 -52.2388449779935 0.439298795949218 0.128536507088677 218.460657775956
"693" 0.346153846153846 -7.52286497839603 0.514485649271531 0.138298356508747 180.952483778452
"694" 0.346153846153846 -83.10826032373 0.392012948604685 0.101442697406842 233.83528315132
"695" 0.269230769230769 -102.852703827478 0.283319550791786 0.0845736142427842 278.454820403503
"696" 0.269230769230769 -101.290500972248 0.464769299503538 0.109594849765729 218.404860521695
"697" 0.269230769230769 -43.7401104462352 0.38865715870078 0.110303699085645 218.101772260373
"698" 0.307692307692308 -40.6505000210453 0.336947083550369 0.108078849432173 223.998013347485
"699" 0.307692307692308 -18.9715597631464 0.391612385767414 0.114119760914795 203.292320834557
"700" 0.269230769230769 -66.0517055766817 0.391937732754624 0.121227879889252 242.838300049589
"701" 0.346153846153846 -71.7840061867872 0.284591090438132 0.0996146739888122 259.899379713316
"702" 0.269230769230769 -141.922378117773 0.361311134154149 0.100397762563949 274.576132436413
"703" 0.346153846153846 -16.3966499367353 0.410668913446616 0.113736227997797 223.140106876339
"704" 0.346153846153846 -71.8728661455724 0.221749004982122 0.0840566481598845 282.240669971146
"705" 0.269230769230769 -66.328098604045 0.250236440677587 0.0922112398961745 265.934239565083
"706" 0.269230769230769 -38.0168524129908 0.402928747143998 0.10259261288361 225.801002627159
"707" 0.346153846153846 -92.5276707743499 0.362210615513634 0.11694004545585 233.963017516294
"708" 0.307692307692308 -29.9847570895001 0.3768652654884 0.108226542894187 216.432620563549
"709" 0.269230769230769 -37.1180899186205 0.309264349473806 0.0964252345640255 256.812098052814
"710" 0.423076923076923 -36.5902754722726 0.445815136891243 0.134347871784005 205.68483579576
"711" 0.230769230769231 -93.9369774354919 0.449760987816267 0.130427372253116 235.073675006628
"712" 0.307692307692308 -67.9145501879808 0.392166991258634 0.103982528338159 225.733385504293
"713" 0.230769230769231 -95.4288639465472 0.228015188094192 0.0912440259928991 266.112563656005
"714" 0.153846153846154 -17.7551242822358 0.191036190812796 0.0986648029758904 253.250777867842
"715" 0.269230769230769 -122.210918254262 0.153318442966806 0.0792470801311461 322.938947887793
"716" 0.307692307692308 -59.1297952446227 0.447624412796843 0.123757130395614 212.405398044535
"717" 0.153846153846154 -67.5533387147076 0.135388663004817 0.075644333671406 295.955901584802
"718" 0.269230769230769 -22.2311613270873 0.360072668601871 0.0966180221188795 232.059795541149
"719" 0.269230769230769 -64.1990368300285 0.280334763789273 0.10908925729474 241.413414101801
"720" 0.384615384615385 -67.273641349376 0.386837503787409 0.108081524035826 249.369810685646
"721" 0.230769230769231 -80.4824160860566 0.354703720912487 0.103183942173398 246.34966982583
"722" 0.192307692307692 -26.9843964262972 0.235558005093167 0.0993525954976463 254.228645642637
"723" 0.307692307692308 -73.3332524435461 0.434796515142965 0.110796720200155 226.727731342572
"724" 0.384615384615385 -40.7261510811789 0.445819630926666 0.121569248351402 210.453868359332
"725" 0.230769230769231 -0.347151129504186 0.446893294563025 0.120850241823833 191.724727913057
"726" 0.230769230769231 -26.1453101485484 0.343657148372061 0.097127803818434 241.236787798037
"727" 0.384615384615385 1.70490461226089 0.459223182015607 0.129045616421479 191.502716211178
"728" 0.230769230769231 -107.79668359207 0.356919353210798 0.0919705210948958 259.047831730735
"729" 0.269230769230769 -33.7918904341259 0.44987139931614 0.128086324921373 200.809184444104
"730" 0.384615384615385 -41.7937384665359 0.378568733885622 0.108533633029811 231.809160969732
"731" 0.307692307692308 -87.1737035630461 0.37833785378249 0.103973687186895 247.84515736395
"732" 0.307692307692308 -69.837591475801 0.358912306253395 0.107227401290731 248.612194791925
"733" 0.153846153846154 -180.520025052316 0.127031113701263 0.0762444445538902 315.698708550315
"734" 0.230769230769231 -108.576710437722 0.246716434040771 0.0920430972256982 284.728077357584
"735" 0.346153846153846 -41.9360949900059 0.447987097753727 0.128473029588601 206.717679606052
"736" 0.307692307692308 -52.8621701462765 0.4240618822013 0.112223243947 215.235722979368
"737" 0.230769230769231 -18.5481108076913 0.380474141812874 0.108571836207962 225.367699263389
"738" 0.307692307692308 -29.5702240050595 0.458074279948334 0.139228026333918 210.021098716902
"739" 0.192307692307692 -78.0127500423789 0.295744891092655 0.110714407051044 254.615856973743
"740" 0.346153846153846 -49.888115469655 0.386343785077353 0.1056079561438 221.1285568556
"741" 0.230769230769231 -29.0280646706529 0.395140136283527 0.110758856031537 220.134719296563
"742" 0.307692307692308 14.3781239936231 0.463543615540462 0.1360752006982 175.813149525714
"743" 0.307692307692308 -62.206683117485 0.368031971379568 0.106351972878677 263.145125585543
"744" 0.307692307692308 -87.4170122791501 0.341730299873841 0.111356362871999 237.237879778538
"745" 0.269230769230769 -69.4510957276719 0.2785911988788 0.0845680620688693 284.185309561784
"746" 0.346153846153846 -79.9289003315961 0.315653288616139 0.104162955117435 262.236853153119
"747" 0.230769230769231 -127.318536512452 0.236007107109227 0.0882728719026319 284.409063049322
"748" 0.307692307692308 2.66808626215111 0.456038051162228 0.144499017028407 201.326357533997
"749" 0.307692307692308 -91.0833900566152 0.306644826767347 0.0945992508358613 277.596516733798
"750" 0.230769230769231 -35.6340529581879 0.332918449958081 0.102951282874305 243.794183047442
"751" 0.230769230769231 -85.455118217332 0.256165611962416 0.0985389913608792 266.817560478635
"752" 0.230769230769231 -34.5248191148448 0.379831045594881 0.120162276034322 219.681280901381
"753" 0.153846153846154 -82.6400604390799 0.212905492322457 0.0855126870096093 286.254652196062
"754" 0.269230769230769 -63.9753261322733 0.195885809931898 0.0796809566437379 285.105910294717
"755" 0.384615384615385 -23.5396444233718 0.422445140866623 0.133424669421679 202.564416700047
"756" 0.423076923076923 5.40844128774214 0.408686687966376 0.123080561250424 192.4387970798
"757" 0.307692307692308 -16.2600236052106 0.497476086962591 0.147353914841975 185.183913162677
"758" 0.269230769230769 -17.7146934931318 0.1620985704166 0.0825156817292867 264.685278466712
"759" 0.307692307692308 -2.27473707413588 0.574787076694979 0.155754545596961 152.736281917361
"760" 0.307692307692308 -68.5897671707461 0.376475492926236 0.106433245664822 241.72845015896
"761" 0.346153846153846 -13.6083145919862 0.387021412339248 0.120257327152194 225.776692330181
"762" 0.307692307692308 -17.0467596568938 0.33297202499821 0.107024230763848 216.188292660397
"763" 0.384615384615385 -35.5776422176463 0.496941816626013 0.12946784382336 208.618399122846
"764" 0.384615384615385 -24.1598569603245 0.486504474823101 0.134060084218604 206.579637022549
"765" 0.307692307692308 -43.7755309699667 0.461863950244366 0.115448812341639 215.362679604092
"766" 0.346153846153846 -53.9788858989773 0.41161245838486 0.109417938217577 217.548168939175
"767" 0.384615384615385 -40.0016618705011 0.529066557120804 0.13793808061226 189.135641941461
"768" 0.307692307692308 -36.9063119964549 0.360188614160956 0.111078887426737 216.89952303662
"769" 0.230769230769231 -90.8104353148433 0.233198790878626 0.0983412974768413 272.311038161353
"770" 0.230769230769231 -40.331780917921 0.268334449872154 0.0996118325696102 260.345663122982
"771" 0.423076923076923 -50.8883202700299 0.386327042014364 0.0999066212111458 230.90506461414
"772" 0.307692307692308 -61.3276303131471 0.341158176522062 0.102609020389412 245.518632896659
"773" 0.384615384615385 -36.4229071141653 0.530872319375102 0.122629345515166 203.082811966343
"774" 0.307692307692308 -170.781211279482 0.314368422593833 0.0859231668918063 286.149205625551
"775" 0.346153846153846 -84.5266522711729 0.402903472060103 0.108776648062256 254.519074740708
"776" 0.230769230769231 -20.0677209351167 0.335647954752075 0.118306038679103 226.753645274225
"777" 0.346153846153846 18.5641131257484 0.476370783248855 0.132321531184502 179.811990806316
"778" 0.423076923076923 3.76166172104589 0.575967636839827 0.162511816977327 170.938666298948
"779" 0.230769230769231 -86.5489228977625 0.178081320885079 0.0886993751476324 280.551237710146
"780" 0.192307692307692 -23.2814652843328 0.35821235823679 0.122553541314247 220.431800371679
"781" 0.384615384615385 -42.1258071400832 0.473531553429867 0.111767199532495 208.297660756879
"782" 0.307692307692308 -102.916239722186 0.383466202969596 0.0981660220014527 258.523387509165
"783" 0.307692307692308 -86.6524832677655 0.2964706670619 0.0874605025880529 272.057367626135
"784" 0.307692307692308 -39.3305769016789 0.329604552463768 0.109786892256414 247.18937493389
"785" 0.192307692307692 -66.9205711798474 0.209421301141446 0.090672208062392 295.604989763056
"786" 0.230769230769231 -15.1499203409107 0.449186283921661 0.129099161278635 203.848928363868
"787" 0.423076923076923 -54.3112767384249 0.461330177077508 0.133489670860698 205.169545211471
"788" 0.269230769230769 -144.941502206165 0.330831229190241 0.093496446733651 270.580908885691
"789" 0.192307692307692 -105.017315814669 0.169832059941141 0.0806146137870361 308.549343329398
"790" 0.423076923076923 -10.7526263903783 0.582027583200303 0.175276945953163 174.916952625778
"791" 0.192307692307692 -68.7291985078605 0.179671693673432 0.0865812546248102 285.682485308209
"792" 0.307692307692308 -18.1715746076359 0.477704554550501 0.127005843934593 188.565499331621
"793" 0.269230769230769 -48.231016363638 0.465044512393714 0.126545270213225 214.369176181704
"794" 0.230769230769231 -78.8198729891495 0.266522790733501 0.0997268054684832 266.945458213268
"795" 0.384615384615385 -46.9602188950246 0.332937993591397 0.10180589239386 244.417737361058
"796" 0.269230769230769 -46.7975575085981 0.368657517886695 0.10933382457733 232.681535621132
"797" 0.384615384615385 -59.8319728996995 0.4719776876415 0.124482227970162 233.056368907546
"798" 0.307692307692308 -4.5540084051116 0.558982131336748 0.148581690542235 174.385133474856
"799" 0.346153846153846 -37.4843503120056 0.489701186601684 0.120548325963802 210.338079064656
"800" 0.423076923076923 -6.64031150251521 0.382213217355044 0.110629240999122 219.425665820623
"801" 0.269230769230769 -29.4237246653866 0.431641534434371 0.124583886199702 193.169934090632
"802" 0.269230769230769 -52.1591119579463 0.307107706124583 0.093169117411104 249.460847569951
"803" 0.307692307692308 -23.0744957789467 0.369711059641302 0.107255326887155 224.836745739412
"804" 0.346153846153846 -42.2995006670145 0.484085034242041 0.124645055600969 204.882196833645
"805" 0.230769230769231 -106.926294891832 0.294238365712165 0.0934919688922116 288.652099945527
"806" 0.269230769230769 -140.019097779135 0.26688815872848 0.0800119665066832 292.240790924849
"807" 0.192307692307692 -145.009954668396 0.130996761292091 0.0842034470756622 296.578578176838
"808" 0.230769230769231 -110.062615101752 0.306082282988484 0.0900130107312002 285.063545752512
"809" 0.307692307692308 -48.7581074093147 0.338630062494624 0.112964119634211 237.259185468536
"810" 0.269230769230769 -100.816424095242 0.212881358611547 0.0918763314422577 304.193074105689
"811" 0.192307692307692 -84.5395466573949 0.214814664579343 0.0789551998730355 306.827656440237
"812" 0.346153846153846 -50.620781087597 0.405117654167586 0.113371936855301 228.692127989195
"813" 0.384615384615385 9.86993317384545 0.500244175141445 0.129819879750451 182.456876645363
"814" 0.269230769230769 -124.405431676906 0.254109681037851 0.0977591153251167 288.059040851281
"815" 0.230769230769231 -85.5119456896681 0.23262980053653 0.0961221941395877 287.415262751207
"816" 0.346153846153846 -42.635931859204 0.301521170964482 0.0952613672001247 261.30551118216
"817" 0.346153846153846 -113.024056701647 0.371276433552166 0.0933819032027897 254.474659901024
"818" 0.269230769230769 -28.8838898121715 0.317160476381249 0.107542548256068 240.914820168829
"819" 0.346153846153846 -29.8584200044734 0.342916000303141 0.111727745592745 223.642001601318
"820" 0.346153846153846 -79.7345227885173 0.288484075610784 0.104327971617168 263.933556345194
"821" 0.307692307692308 -119.469047358393 0.429208140451252 0.105388550015906 248.764663421949
"822" 0.307692307692308 -16.0456642307549 0.45047470450961 0.127173962234453 193.012919413196
"823" 0.230769230769231 -27.8243653742406 0.294390674120256 0.103961918550267 249.029880908951
"824" 0.269230769230769 -62.4192289965502 0.297649696993856 0.104582500234398 268.11862436471
"825" 0.384615384615385 -81.372298260859 0.424780773498552 0.113226108410976 232.334580274858
"826" 0.230769230769231 -105.844003168465 0.287515598017243 0.0945807181315797 269.360495523
"827" 0.230769230769231 -29.8590607545108 0.369087522176465 0.118114876167921 242.323380634356
"828" 0.307692307692308 -52.9604118464548 0.332432152864743 0.100410330554168 233.678632244626
"829" 0.192307692307692 -50.8114334557282 0.318392891769619 0.101743120209658 268.479178789305
"830" 0.307692307692308 -29.8293425239297 0.384594246196854 0.0989018535660169 234.180524419271
"831" 0.307692307692308 -41.0195643875264 0.434822828898663 0.121586852903378 206.134835854936
"832" 0.346153846153846 -16.7121253181862 0.397032527977353 0.114108402451136 200.534200084005
"833" 0.230769230769231 -104.631682055655 0.369997052914949 0.112938938850506 238.027019854719
"834" 0.346153846153846 -11.0450841754338 0.455007788414011 0.128045053998862 195.119588930202
"835" 0.230769230769231 -18.4014135231612 0.331625542073245 0.0996020133949472 241.186591471368
"836" 0.192307692307692 -71.8870854970212 0.287826609404851 0.0998496543894155 285.257309390507
"837" 0.230769230769231 -48.3293894569111 0.432378366123697 0.125107823930554 216.565866405042
"838" 0.230769230769231 -38.0809616487998 0.393523789123854 0.0969278768537443 230.065059531555
"839" 0.269230769230769 -68.753574344054 0.276397465546403 0.0867794649869756 290.890964297932
"840" 0.269230769230769 -42.3544269731223 0.343624456242926 0.115898164672765 241.68651288975
"841" 0.230769230769231 -39.2075408243753 0.358380791472454 0.112877549874437 246.177517252197
"842" 0.307692307692308 -52.1747799151856 0.349529289793334 0.0992560243774931 227.49256928415
"843" 0.307692307692308 -3.52469219654803 0.471360286327263 0.130855949110678 173.151813487234
"844" 0.269230769230769 -42.8077462354213 0.398831610257805 0.11422728727072 226.354415158411
"845" 0.269230769230769 -53.0875305739206 0.361195333097553 0.11272569665346 236.956769468617
"846" 0.230769230769231 -52.3304876256848 0.317077188857687 0.0880788834906355 269.183209633846
"847" 0.346153846153846 -33.8878800932421 0.387412740577455 0.110568678464265 222.203195326524
"848" 0.307692307692308 -170.856418740674 0.396343278940445 0.106499227759728 254.714822027273
"849" 0.384615384615385 -2.00131418686134 0.545644243354918 0.141532352701471 172.400985207129
"850" 0.307692307692308 -68.824435635818 0.389153657033715 0.103471469722665 233.01462227229
"851" 0.307692307692308 -40.322418046756 0.347486198022121 0.0956391938172952 238.026266354537
"852" 0.384615384615385 -61.6653268001085 0.452186408420909 0.116739973479724 211.79632293087
"853" 0.307692307692308 -70.8398577271868 0.325036408489708 0.11504424007613 244.572842296176
"854" 0.384615384615385 -91.4734081034341 0.411059574966865 0.113791836981657 233.630713761039
"855" 0.269230769230769 -82.5529857301178 0.296921722928963 0.0973290236673635 277.742591811707
"856" 0.346153846153846 -49.9984670365905 0.432738569317097 0.105810284195396 222.76678816109
"857" 0.307692307692308 -1.96842254224856 0.403932383764977 0.113764568135034 193.574744909229
"858" 0.269230769230769 -46.9598720608453 0.311809884730908 0.100277505487511 269.327634135745
"859" 0.230769230769231 -110.199937679829 0.193615857996837 0.0823663826333581 320.995628624745
"860" 0.423076923076923 -29.1637806528387 0.516036714346542 0.13564115473849 189.770600710758
"861" 0.230769230769231 -85.2293895015817 0.255844906409736 0.0878401377961708 290.812722415002
"862" 0.307692307692308 -154.367668205493 0.318634128458368 0.094781294290315 289.856419163598
"863" 0.307692307692308 -50.1310967062372 0.358353326866828 0.106499769851959 239.214881497566
"864" 0.230769230769231 -32.5535334457395 0.382457745371683 0.12465366882591 223.043206885848
"865" 0.307692307692308 -15.4050464600354 0.372841214988104 0.112738438313743 229.483341221106
"866" 0.307692307692308 -64.7580597418675 0.323016422724582 0.0999932962118801 254.398794522737
"867" 0.269230769230769 -73.0163012205644 0.360343797015511 0.115771006814335 249.707605895344
"868" 0.269230769230769 -61.227723701652 0.190015865627659 0.099074993750228 285.920392971318
"869" 0.307692307692308 -41.3131387017063 0.469131017250272 0.125154590386999 199.867633414301
"870" 0.269230769230769 -130.954652162786 0.304922414643959 0.101499276343141 271.328358692909
"871" 0.307692307692308 -60.2146335630426 0.32701251715711 0.102156919227872 248.324545174572
"872" 0.307692307692308 -43.0307204672289 0.331100950733898 0.100879865845573 233.02195904362
"873" 0.269230769230769 -37.1500404083223 0.373666657085406 0.111750580894042 227.991092152661
"874" 0.230769230769231 -28.228715695519 0.313810092193879 0.0984791067620423 241.289098778591
"875" 0.230769230769231 -44.7762530372038 0.31495857859964 0.0944475213999767 257.687607450713
"876" 0.307692307692308 -33.5845111727156 0.423945743808285 0.105880405750993 228.434434666592
"877" 0.346153846153846 -43.3571658187212 0.37740938146003 0.107236859065697 223.947806814555
"878" 0.346153846153846 -109.465401196909 0.246356634251206 0.08012150573869 302.4615520726
"879" 0.230769230769231 -133.666447111014 0.288912371183032 0.0909111308282824 288.501955797048
"880" 0.346153846153846 -30.0675133495984 0.39083621373485 0.104773539272739 206.548537821979
"881" 0.307692307692308 -118.892986606999 0.375581489181495 0.101703461243545 243.890941960709
"882" 0.307692307692308 -23.6301861664156 0.450994915725158 0.112991264555528 205.775074112667
"883" 0.384615384615385 4.98791407297907 0.482075658368775 0.129797748211518 175.116384044997
"884" 0.307692307692308 -14.1681204297496 0.46736066048086 0.114264248499753 201.253652497102
"885" 0.230769230769231 -24.7707022990766 0.355480501420623 0.103311291919702 225.428336468874
"886" 0.346153846153846 -70.5129422938815 0.356445332758941 0.0978702046280374 242.566118348609
"887" 0.423076923076923 -6.22584586059913 0.444631402148224 0.113727722938781 193.866757980916
"888" 0.384615384615385 -66.8974944964371 0.351535300919936 0.0984163707893508 250.174127434264
"889" 0.269230769230769 -79.8881034320104 0.297765752863948 0.0996892257579825 269.410393473967
"890" 0.269230769230769 -36.4916971195047 0.424698377858812 0.111505635487002 219.643006990352
"891" 0.269230769230769 -42.8108806462022 0.374848169463947 0.113437073485731 246.501438360359
"892" 0.346153846153846 -181.399884914938 0.361623444102129 0.104493356845703 271.732120223916
"893" 0.346153846153846 -75.5830642543734 0.412396629153864 0.107868944948515 232.481584584797
"894" 0.384615384615385 -15.8640396083537 0.507787023827282 0.130785515026781 184.990934767048
"895" 0.269230769230769 -58.8314957344179 0.348468894259675 0.104170927795408 250.96699553126
"896" 0.346153846153846 -16.9360980082359 0.410187808069147 0.113423608872826 204.000866191057
"897" 0.230769230769231 -51.5446823722103 0.370755723176416 0.109638252808583 221.566647718805
"898" 0.307692307692308 -53.4521864370784 0.401929058070481 0.109452822501136 232.747490308033
"899" 0.346153846153846 -63.6225611222029 0.406463066237543 0.124566152752633 213.195084116934
"900" 0.307692307692308 -33.1859373735833 0.407345946899786 0.117809780949014 219.85644989803
"901" 0.384615384615385 -12.815431757944 0.429266585690502 0.109503745473924 207.48698568047
"902" 0.230769230769231 -22.6184923904718 0.312899421114126 0.092774578420527 246.529733042293
"903" 0.230769230769231 -101.166795581701 0.288846407947892 0.0932791832410185 289.586910961601
"904" 0.346153846153846 -61.9782645595218 0.491244432657667 0.116996622754988 207.893677714346
"905" 0.153846153846154 -78.2081833900274 0.194134212574997 0.0893017840345269 291.759575178483
"906" 0.192307692307692 -34.4361869213724 0.278795377449352 0.0979616016398799 248.977991122343
"907" 0.230769230769231 -110.520835827552 0.185570250079708 0.0943557941791858 302.094683311889
"908" 0.269230769230769 -17.5526797415156 0.438491634313064 0.130012066986465 203.083685255279
"909" 0.230769230769231 -74.1926216570224 0.420212724510246 0.121338622840887 232.060971143236
"910" 0.346153846153846 -19.8620782980384 0.525038902536721 0.128295858125289 184.897134781829
"911" 0.346153846153846 -71.9681115431433 0.412988384908283 0.109799398738059 254.490357301589
"912" 0.230769230769231 -73.0773288183068 0.2940096229692 0.0931869954806362 264.866143480986
"913" 0.307692307692308 -15.6601251344114 0.472951931879841 0.12505439663746 193.698646231014
"914" 0.269230769230769 -79.497884399438 0.318046140152403 0.0942164849054415 255.841817083894
"915" 0.346153846153846 -71.8021073141724 0.373569858377383 0.098749054990453 256.175134388325
"916" 0.5 20.2150422792202 0.628897545244972 0.198912060183227 135.883478981094
"917" 0.230769230769231 -50.6677012266041 0.270784806615766 0.0955254812060491 253.660882403594
"918" 0.307692307692308 -8.82643096805909 0.446998464439064 0.130227023736168 178.385880367779
"919" 0.307692307692308 -66.5309507474042 0.372807148632285 0.102527624047985 226.100766051579
"920" 0.346153846153846 -21.2603583987977 0.457013461684111 0.113921237880638 200.217759160292
"921" 0.346153846153846 -37.2966740490716 0.508862953177205 0.143027868087404 199.873399807271
"922" 0.461538461538462 4.33108937704826 0.621417123300108 0.159928900640441 147.232611465105
"923" 0.384615384615385 19.6355074655521 0.488655044931545 0.136101770912456 178.506284276601
"924" 0.230769230769231 -43.8043262655176 0.361580994807701 0.112665516197064 234.084202505234
"925" 0.384615384615385 0.964734530349676 0.439428693097014 0.12556946539873 191.818595330785
"926" 0.307692307692308 -66.474301793995 0.283197393341225 0.0987098264405517 275.984526641066
"927" 0.192307692307692 -76.3527609241322 0.420562082565215 0.119303181152507 216.494403506159
"928" 0.230769230769231 -68.6792817306969 0.309533771624493 0.102609513478794 250.789696043166
"929" 0.346153846153846 -98.8495603023597 0.332072387210895 0.107518182012322 243.410592014752
"930" 0.269230769230769 -32.6529108778256 0.303599263757621 0.100355704957373 235.202657095813
"931" 0.384615384615385 -38.2215920352752 0.388121162413732 0.109812174688473 226.97504879748
"932" 0.423076923076923 -17.4851292693265 0.592886105904653 0.181032738198164 163.303153117085
"933" 0.192307692307692 -165.597700239067 0.28558666677189 0.0959333740676221 285.033005339117
"934" 0.269230769230769 -163.031146181044 0.287340755764325 0.0924279386829026 281.889072052422
"935" 0.423076923076923 -107.117738662773 0.393676787722143 0.110912372692415 241.945399664748
"936" 0.230769230769231 -65.5648245221032 0.328048426996033 0.105102662581266 235.611393697876
"937" 0.346153846153846 -39.8567795047382 0.399173800678939 0.129267916293403 214.386872339873
"938" 0.269230769230769 -49.4195891596459 0.362105454921564 0.10614490377464 236.428268341771
"939" 0.269230769230769 -96.3797182757505 0.285067679589903 0.0924157474106022 281.367070154608
"940" 0.269230769230769 -17.8264321139337 0.298200373800008 0.112907372155432 215.736633285838
"941" 0.307692307692308 12.9019891015156 0.587621526560671 0.146844361501348 156.932562413211
"942" 0.346153846153846 -58.8001402149411 0.400562694267718 0.111157692177164 236.748646699311
"943" 0.307692307692308 -43.8565926329276 0.370074962869105 0.10740692226866 231.113107750895
"944" 0.269230769230769 -29.2319355191313 0.373405249167968 0.110462711295925 228.283808076191
"945" 0.384615384615385 -28.8549166556831 0.4378501841126 0.104297263190318 215.102683601272
"946" 0.115384615384615 -148.001773873693 0.200060566297513 0.075953657654547 333.513456888869
"947" 0.269230769230769 -61.1766229317104 0.283244962788368 0.0922510255829354 277.19311795047
"948" 0.230769230769231 -118.807496768993 0.209818432507197 0.0895565654931782 306.092028983976
"949" 0.307692307692308 -56.2145512921349 0.3218459373609 0.104417876391282 260.063355571842
"950" 0.307692307692308 -46.3572866820711 0.438594298700887 0.125380447497338 219.422319999305
"951" 0.384615384615385 -42.7953744706011 0.491045738150434 0.152138506777585 179.737656459315
"952" 0.230769230769231 -51.2262655760602 0.312748703633173 0.0996180558040254 268.949468254126
"953" 0.269230769230769 -17.3512852603052 0.477040686181163 0.130511080477581 197.855928236833
"954" 0.192307692307692 -62.5340092002608 0.300291769151097 0.0923947608256327 246.389995481535
"955" 0.269230769230769 -120.781899193014 0.262725188390747 0.0835915659360468 298.972303618579
"956" 0.230769230769231 -21.0427850106898 0.417580478446979 0.115134278266903 215.720579669499
"957" 0.269230769230769 -62.8392395561989 0.41602343138613 0.106731712523108 238.6252831834
"958" 0.192307692307692 -39.3108826407667 0.352770048819446 0.100588720322226 238.725832769489
"959" 0.307692307692308 -80.9729241692881 0.333716272851506 0.103872308663805 263.764617246715
"960" 0.384615384615385 -15.7797185756212 0.501380823146516 0.132033728579868 184.033925331393
"961" 0.269230769230769 -51.2920398851191 0.34364686251806 0.099010534463797 257.294901175578
"962" 0.346153846153846 -46.5347577256544 0.375841739403508 0.105290219775232 222.049579742001
"963" 0.346153846153846 -92.9462767720886 0.370586453268748 0.110734861763607 242.014618383767
"964" 0.307692307692308 -21.7696720829078 0.450072389130388 0.113718265679612 210.342183015551
"965" 0.269230769230769 -11.3751695450249 0.381615870751706 0.112656555929062 224.164533205526
"966" 0.230769230769231 -50.8634917626712 0.343653427252275 0.0991972771934078 234.898204515292
"967" 0.307692307692308 -53.965137968728 0.323667497352514 0.105939520279076 258.514622841086
"968" 0.384615384615385 -54.8943633215674 0.469283329767929 0.131749714842301 221.499813755653
"969" 0.230769230769231 -148.080858144039 0.198010220048811 0.0850561422813404 284.293773326385
"970" 0.346153846153846 1.25588819721889 0.550115848198255 0.140889151556435 164.924349616822
"971" 0.346153846153846 -58.2318108982369 0.456373837012145 0.113090803075566 223.187220658148
"972" 0.153846153846154 -39.8929867104145 0.327556970845885 0.107988879339324 247.485311787571
"973" 0.423076923076923 -53.5472677270616 0.496255726977384 0.137410567943284 208.306505391258
"974" 0.346153846153846 -79.190181836727 0.446694844342981 0.10975770851218 219.656276355893
"975" 0.230769230769231 -107.925949250181 0.228435517867089 0.0848730597439198 287.490628761565
"976" 0.192307692307692 -72.5723476868089 0.381691103043608 0.100803726788604 249.216917208061
"977" 0.346153846153846 -13.4863618719252 0.563007765846334 0.142102840630529 187.860920782061
"978" 0.307692307692308 -6.63618931578045 0.359872560744344 0.104226433881251 223.102061818182
"979" 0.269230769230769 -79.7731911404477 0.306535024434762 0.104987930011928 244.861387723745
"980" 0.230769230769231 -102.872900323438 0.257501571995175 0.0862023289983109 302.655105079538
"981" 0.346153846153846 -70.2471812805523 0.437744736414207 0.106563794701727 226.805349521306
"982" 0.269230769230769 -19.6201871380853 0.373179141746142 0.0980339926914882 231.272128086588
"983" 0.307692307692308 -25.0734810260884 0.369479737593639 0.109458952917931 229.253008310976
"984" 0.384615384615385 -58.6064332080706 0.341096447161258 0.105819065643416 255.006153963641
"985" 0.153846153846154 -96.6319970918012 0.306829524765422 0.0960574839994178 274.069859608188
"986" 0.384615384615385 -34.5188193521981 0.478590112206753 0.12662436323529 197.974743250525
"987" 0.384615384615385 -63.5934193185646 0.384920132341688 0.113658172122352 233.200190832852
"988" 0.346153846153846 -16.2089282516582 0.48348715790393 0.126818629937672 196.037858082131
"989" 0.307692307692308 -87.3750989081062 0.351494764272193 0.0919233781682756 252.667411472593
"990" 0.269230769230769 -110.411754082598 0.20452374613983 0.0920805765524035 295.635655104974
"991" 0.346153846153846 -6.84073332608579 0.409128325806589 0.104781755473676 210.091141704312
"992" 0.384615384615385 -0.170580693555866 0.6425398279426 0.187711963236295 153.419631264405
"993" 0.153846153846154 -104.229052552196 0.311468638987085 0.109713999823465 265.9772527475
"994" 0.346153846153846 -52.905601437359 0.377785565937227 0.102648536683488 240.553679569354
"995" 0.230769230769231 -100.175619103307 0.341451994509775 0.0999297894561448 265.393808389716
"996" 0.307692307692308 -20.8429448462976 0.322397937482009 0.108977775007933 219.768781521213
"997" 0.153846153846154 -64.5147315477903 0.127942078109341 0.0807629998546439 307.732368835667
"998" 0.346153846153846 -36.3715078240558 0.435342563290105 0.116703028739726 211.106132707675
"999" 0.346153846153846 -12.8749167746663 0.498605698985892 0.124284753170054 199.66196470642
"1000" 0.307692307692308 -64.3359617146762 0.437137380246435 0.121000926246712 224.841471452257
