"SRL" "MIG" "GMax" "GMin" "SCI" "RCI" "GER" "MSM*"
"1" 150.3 51.6 51.6 12.9 1 65.6686626746507 0 0.25
"2" 150.3 51.6 51.6 12.9 1 65.6686626746507 0 0.25
"3" 150.3 51.6 51.6 12.9 1 65.6686626746507 0 0.25
"4" 150.3 38.7 51.6 12.9 0.928571428571429 74.251497005988 0.333333333333333 0.333333333333333
"5" 150.3 51.6 51.6 12.9 1 65.6686626746507 0 0.25
"6" 150.3 51.6 51.6 12.9 1 65.6686626746507 0 0.25
"7" 150.3 51.6 51.6 12.9 1 65.6686626746507 0 0.25
"8" 150.3 51.6 51.6 12.9 1 65.6686626746507 0 0.25
"9" 150.3 51.6 51.6 12.9 1 65.6686626746507 0 0.25
"10" 150.3 38.7 51.6 12.9 0.928571428571429 74.251497005988 0.333333333333333 0.333333333333333
"11" 150.3 51.6 51.6 12.9 1 65.6686626746507 0 0.25
"12" 150.3 51.6 51.6 12.9 1 65.6686626746507 0 0.25
"13" 150.3 25.8 51.6 12.9 0.857142857142857 82.8343313373254 0.666666666666667 0.5
"14" 150.3 51.6 51.6 12.9 1 65.6686626746507 0 0.25
"15" 150.3 51.6 51.6 12.9 1 65.6686626746507 0 0.25
"16" 150.3 38.7 51.6 12.9 0.928571428571429 74.251497005988 0.333333333333333 0.333333333333333
"17" 150.3 51.6 51.6 12.9 1 65.6686626746507 0 0.25
"18" 150.3 51.6 51.6 12.9 1 65.6686626746507 0 0.25
"19" 150.3 51.6 51.6 12.9 1 65.6686626746507 0 0.25
"20" 150.3 25.8 51.6 12.9 0.928571428571429 82.8343313373254 0.666666666666667 0.5
"21" 150.3 51.6 51.6 12.9 1 65.6686626746507 0 0.25
"22" 150.3 51.6 51.6 12.9 1 65.6686626746507 0 0.25
"23" 150.3 51.6 51.6 12.9 1 65.6686626746507 0 0.25
"24" 150.3 51.6 51.6 12.9 1 65.6686626746507 0 0.25
"25" 150.3 51.6 51.6 12.9 1 65.6686626746507 0 0.25
"26" 150.3 51.6 51.6 12.9 1 65.6686626746507 0 0.25
"27" 150.3 51.6 51.6 12.9 1 65.6686626746507 0 0.25
"28" 150.3 51.6 51.6 12.9 1 65.6686626746507 0 0.25
"29" 150.3 51.6 51.6 12.9 1 65.6686626746507 0 0.25
"30" 150.3 51.6 51.6 12.9 1 65.6686626746507 0 0.25
"31" 150.3 38.7 51.6 12.9 0.928571428571429 74.251497005988 0.333333333333333 0.333333333333333
"32" 150.3 51.6 51.6 12.9 1 65.6686626746507 0 0.25
"33" 150.3 51.6 51.6 12.9 1 65.6686626746507 0 0.25
"34" 150.3 51.6 51.6 12.9 1 65.6686626746507 0 0.25
"35" 150.3 51.6 51.6 12.9 1 65.6686626746507 0 0.25
"36" 150.3 51.6 51.6 12.9 1 65.6686626746507 0 0.25
"37" 150.3 38.7 51.6 12.9 0.928571428571429 74.251497005988 0.333333333333333 0.333333333333333
"38" 150.3 51.6 51.6 12.9 1 65.6686626746507 0 0.25
"39" 150.3 51.6 51.6 12.9 1 65.6686626746507 0 0.25
"40" 150.3 51.6 51.6 12.9 1 65.6686626746507 0 0.25
"41" 150.3 51.6 51.6 12.9 1 65.6686626746507 0 0.25
"42" 150.3 51.6 51.6 12.9 1 65.6686626746507 0 0.25
"43" 150.3 51.6 51.6 12.9 1 65.6686626746507 0 0.25
"44" 150.3 51.6 51.6 12.9 1 65.6686626746507 0 0.25
"45" 150.3 51.6 51.6 12.9 1 65.6686626746507 0 0.25
"46" 150.3 51.6 51.6 12.9 1 65.6686626746507 0 0.25
"47" 150.3 51.6 51.6 12.9 1 65.6686626746507 0 0.25
"48" 150.3 51.6 51.6 12.9 1 65.6686626746507 0 0.25
"49" 150.3 38.7 51.6 12.9 0.928571428571429 74.251497005988 0.333333333333333 0.333333333333333
"50" 150.3 51.6 51.6 12.9 1 65.6686626746507 0 0.25
"51" 150.3 51.6 51.6 12.9 1 65.6686626746507 0 0.25
"52" 150.3 38.7 51.6 12.9 0.928571428571429 74.251497005988 0.333333333333333 0.333333333333333
"53" 150.3 51.6 51.6 12.9 1 65.6686626746507 0 0.25
"54" 150.3 38.7 51.6 12.9 0.928571428571429 74.251497005988 0.333333333333333 0.333333333333333
"55" 150.3 51.6 51.6 12.9 1 65.6686626746507 0 0.25
"56" 150.3 51.6 51.6 12.9 1 65.6686626746507 0 0.25
"57" 150.3 51.6 51.6 12.9 1 65.6686626746507 0 0.25
"58" 150.3 51.6 51.6 12.9 1 65.6686626746507 0 0.25
"59" 150.3 38.7 51.6 12.9 0.928571428571429 74.251497005988 0.333333333333333 0.333333333333333
"60" 150.3 51.6 51.6 12.9 1 65.6686626746507 0 0.25
"61" 150.3 51.6 51.6 12.9 1 65.6686626746507 0 0.25
"62" 150.3 51.6 51.6 12.9 1 65.6686626746507 0 0.25
"63" 150.3 51.6 51.6 12.9 1 65.6686626746507 0 0.25
"64" 150.3 51.6 51.6 12.9 1 65.6686626746507 0 0.25
"65" 150.3 38.7 51.6 12.9 0.928571428571429 74.251497005988 0.333333333333333 0.333333333333333
"66" 150.3 51.6 51.6 12.9 1 65.6686626746507 0 0.25
"67" 150.3 51.6 51.6 12.9 1 65.6686626746507 0 0.25
"68" 150.3 51.6 51.6 12.9 1 65.6686626746507 0 0.25
"69" 150.3 38.7 51.6 12.9 0.928571428571429 74.251497005988 0.333333333333333 0.333333333333333
"70" 150.3 51.6 51.6 12.9 1 65.6686626746507 0 0.25
"71" 150.3 51.6 51.6 12.9 1 65.6686626746507 0 0.25
"72" 150.3 38.7 51.6 12.9 0.928571428571429 74.251497005988 0.333333333333333 0.333333333333333
"73" 150.3 51.6 51.6 12.9 1 65.6686626746507 0 0.25
"74" 150.3 51.6 51.6 12.9 1 65.6686626746507 0 0.25
"75" 150.3 38.7 51.6 12.9 0.928571428571429 74.251497005988 0.333333333333333 0.333333333333333
"76" 150.3 51.6 51.6 12.9 1 65.6686626746507 0 0.25
"77" 150.3 51.6 51.6 12.9 1 65.6686626746507 0 0.25
"78" 150.3 51.6 51.6 12.9 1 65.6686626746507 0 0.25
"79" 150.3 51.6 51.6 12.9 1 65.6686626746507 0 0.25
"80" 150.3 38.7 51.6 12.9 0.928571428571429 74.251497005988 0.333333333333333 0.333333333333333
"81" 150.3 38.7 51.6 12.9 0.928571428571429 74.251497005988 0.333333333333333 0.333333333333333
"82" 150.3 51.6 51.6 12.9 1 65.6686626746507 0 0.25
"83" 150.3 38.7 51.6 12.9 0.928571428571429 74.251497005988 0.333333333333333 0.333333333333333
"84" 150.3 51.6 51.6 12.9 1 65.6686626746507 0 0.25
"85" 150.3 38.7 51.6 12.9 0.928571428571429 74.251497005988 0.333333333333333 0.333333333333333
"86" 150.3 51.6 51.6 12.9 1 65.6686626746507 0 0.25
"87" 150.3 38.7 51.6 12.9 0.928571428571429 74.251497005988 0.333333333333333 0.333333333333333
"88" 150.3 51.6 51.6 12.9 1 65.6686626746507 0 0.25
"89" 150.3 51.6 51.6 12.9 1 65.6686626746507 0 0.25
"90" 150.3 51.6 51.6 12.9 1 65.6686626746507 0 0.25
"91" 150.3 38.7 51.6 12.9 0.928571428571429 74.251497005988 0.333333333333333 0.333333333333333
"92" 150.3 51.6 51.6 12.9 1 65.6686626746507 0 0.25
"93" 150.3 38.7 51.6 12.9 0.928571428571429 74.251497005988 0.333333333333333 0.333333333333333
"94" 150.3 51.6 51.6 12.9 1 65.6686626746507 0 0.25
"95" 150.3 38.7 51.6 12.9 0.928571428571429 74.251497005988 0.333333333333333 0.333333333333333
"96" 150.3 51.6 51.6 12.9 1 65.6686626746507 0 0.25
"97" 150.3 51.6 51.6 12.9 1 65.6686626746507 0 0.25
"98" 150.3 51.6 51.6 12.9 1 65.6686626746507 0 0.25
"99" 150.3 38.7 51.6 12.9 0.928571428571429 74.251497005988 0.333333333333333 0.333333333333333
"100" 150.3 51.6 51.6 12.9 1 65.6686626746507 0 0.25
"101" 150.3 38.7 51.6 12.9 0.928571428571429 74.251497005988 0.333333333333333 0.333333333333333
"102" 150.3 51.6 51.6 12.9 1 65.6686626746507 0 0.25
"103" 150.3 51.6 51.6 12.9 1 65.6686626746507 0 0.25
"104" 150.3 38.7 51.6 12.9 0.928571428571429 74.251497005988 0.333333333333333 0.333333333333333
"105" 150.3 51.6 51.6 12.9 1 65.6686626746507 0 0.25
"106" 150.3 51.6 51.6 12.9 1 65.6686626746507 0 0.25
"107" 150.3 51.6 51.6 12.9 1 65.6686626746507 0 0.25
"108" 150.3 51.6 51.6 12.9 1 65.6686626746507 0 0.25
"109" 150.3 51.6 51.6 12.9 1 65.6686626746507 0 0.25
"110" 150.3 38.7 51.6 12.9 0.928571428571429 74.251497005988 0.333333333333333 0.333333333333333
"111" 150.3 51.6 51.6 12.9 1 65.6686626746507 0 0.25
"112" 150.3 51.6 51.6 12.9 1 65.6686626746507 0 0.25
"113" 150.3 51.6 51.6 12.9 1 65.6686626746507 0 0.25
"114" 150.3 51.6 51.6 12.9 1 65.6686626746507 0 0.25
"115" 150.3 51.6 51.6 12.9 1 65.6686626746507 0 0.25
"116" 150.3 51.6 51.6 12.9 1 65.6686626746507 0 0.25
"117" 150.3 51.6 51.6 12.9 1 65.6686626746507 0 0.25
"118" 150.3 51.6 51.6 12.9 1 65.6686626746507 0 0.25
"119" 150.3 38.7 51.6 12.9 0.928571428571429 74.251497005988 0.333333333333333 0.333333333333333
"120" 150.3 51.6 51.6 12.9 1 65.6686626746507 0 0.25
"121" 150.3 51.6 51.6 12.9 1 65.6686626746507 0 0.25
"122" 150.3 51.6 51.6 12.9 1 65.6686626746507 0 0.25
"123" 150.3 51.6 51.6 12.9 1 65.6686626746507 0 0.25
"124" 150.3 51.6 51.6 12.9 1 65.6686626746507 0 0.25
"125" 150.3 38.7 51.6 12.9 0.928571428571429 74.251497005988 0.333333333333333 0.333333333333333
"126" 150.3 51.6 51.6 12.9 1 65.6686626746507 0 0.25
"127" 150.3 51.6 51.6 12.9 1 65.6686626746507 0 0.25
"128" 150.3 38.7 51.6 12.9 0.928571428571429 74.251497005988 0.333333333333333 0.333333333333333
"129" 150.3 51.6 51.6 12.9 1 65.6686626746507 0 0.25
"130" 150.3 51.6 51.6 12.9 1 65.6686626746507 0 0.25
"131" 150.3 51.6 51.6 12.9 1 65.6686626746507 0 0.25
"132" 150.3 38.7 51.6 12.9 0.928571428571429 74.251497005988 0.333333333333333 0.333333333333333
"133" 150.3 51.6 51.6 12.9 1 65.6686626746507 0 0.25
"134" 150.3 51.6 51.6 12.9 1 65.6686626746507 0 0.25
"135" 150.3 51.6 51.6 12.9 1 65.6686626746507 0 0.25
"136" 150.3 51.6 51.6 12.9 1 65.6686626746507 0 0.25
"137" 150.3 38.7 51.6 12.9 0.928571428571429 74.251497005988 0.333333333333333 0.333333333333333
"138" 150.3 38.7 51.6 12.9 0.928571428571429 74.251497005988 0.333333333333333 0.333333333333333
"139" 150.3 51.6 51.6 12.9 1 65.6686626746507 0 0.25
"140" 150.3 38.7 51.6 12.9 0.928571428571429 74.251497005988 0.333333333333333 0.333333333333333
"141" 150.3 51.6 51.6 12.9 1 65.6686626746507 0 0.25
"142" 150.3 38.7 51.6 12.9 0.928571428571429 74.251497005988 0.333333333333333 0.333333333333333
"143" 150.3 51.6 51.6 12.9 1 65.6686626746507 0 0.25
"144" 150.3 51.6 51.6 12.9 1 65.6686626746507 0 0.25
"145" 150.3 51.6 51.6 12.9 1 65.6686626746507 0 0.25
"146" 150.3 51.6 51.6 12.9 1 65.6686626746507 0 0.25
"147" 150.3 51.6 51.6 12.9 1 65.6686626746507 0 0.25
"148" 150.3 38.7 51.6 12.9 0.928571428571429 74.251497005988 0.333333333333333 0.333333333333333
"149" 150.3 51.6 51.6 12.9 1 65.6686626746507 0 0.25
"150" 150.3 38.7 51.6 12.9 0.928571428571429 74.251497005988 0.333333333333333 0.333333333333333
"151" 150.3 51.6 51.6 12.9 1 65.6686626746507 0 0.25
"152" 150.3 51.6 51.6 12.9 1 65.6686626746507 0 0.25
"153" 150.3 38.7 51.6 12.9 0.928571428571429 74.251497005988 0.333333333333333 0.333333333333333
"154" 150.3 38.7 51.6 12.9 0.928571428571429 74.251497005988 0.333333333333333 0.333333333333333
"155" 150.3 38.7 51.6 12.9 0.928571428571429 74.251497005988 0.333333333333333 0.333333333333333
"156" 150.3 51.6 51.6 12.9 1 65.6686626746507 0 0.25
"157" 150.3 51.6 51.6 12.9 1 65.6686626746507 0 0.25
"158" 150.3 51.6 51.6 12.9 1 65.6686626746507 0 0.25
"159" 150.3 51.6 51.6 12.9 1 65.6686626746507 0 0.25
"160" 150.3 51.6 51.6 12.9 1 65.6686626746507 0 0.25
"161" 150.3 38.7 51.6 12.9 0.928571428571429 74.251497005988 0.333333333333333 0.333333333333333
"162" 150.3 38.7 51.6 12.9 0.928571428571429 74.251497005988 0.333333333333333 0.333333333333333
"163" 150.3 51.6 51.6 12.9 1 65.6686626746507 0 0.25
"164" 150.3 51.6 51.6 12.9 1 65.6686626746507 0 0.25
"165" 150.3 51.6 51.6 12.9 1 65.6686626746507 0 0.25
"166" 150.3 51.6 51.6 12.9 1 65.6686626746507 0 0.25
"167" 150.3 51.6 51.6 12.9 1 65.6686626746507 0 0.25
"168" 150.3 51.6 51.6 12.9 1 65.6686626746507 0 0.25
"169" 150.3 51.6 51.6 12.9 1 65.6686626746507 0 0.25
"170" 150.3 38.7 51.6 12.9 0.928571428571429 74.251497005988 0.333333333333333 0.333333333333333
"171" 150.3 51.6 51.6 12.9 1 65.6686626746507 0 0.25
"172" 150.3 25.8 51.6 12.9 0.857142857142857 82.8343313373254 0.666666666666667 0.5
"173" 150.3 51.6 51.6 12.9 1 65.6686626746507 0 0.25
"174" 150.3 51.6 51.6 12.9 1 65.6686626746507 0 0.25
"175" 150.3 51.6 51.6 12.9 1 65.6686626746507 0 0.25
"176" 150.3 51.6 51.6 12.9 1 65.6686626746507 0 0.25
"177" 150.3 51.6 51.6 12.9 1 65.6686626746507 0 0.25
"178" 150.3 51.6 51.6 12.9 1 65.6686626746507 0 0.25
"179" 150.3 51.6 51.6 12.9 1 65.6686626746507 0 0.25
"180" 150.3 51.6 51.6 12.9 1 65.6686626746507 0 0.25
"181" 150.3 51.6 51.6 12.9 1 65.6686626746507 0 0.25
"182" 150.3 51.6 51.6 12.9 1 65.6686626746507 0 0.25
"183" 150.3 38.7 51.6 12.9 0.928571428571429 74.251497005988 0.333333333333333 0.333333333333333
"184" 150.3 51.6 51.6 12.9 1 65.6686626746507 0 0.25
"185" 150.3 51.6 51.6 12.9 1 65.6686626746507 0 0.25
"186" 150.3 51.6 51.6 12.9 1 65.6686626746507 0 0.25
"187" 150.3 51.6 51.6 12.9 1 65.6686626746507 0 0.25
"188" 150.3 51.6 51.6 12.9 1 65.6686626746507 0 0.25
"189" 150.3 51.6 51.6 12.9 1 65.6686626746507 0 0.25
"190" 150.3 51.6 51.6 12.9 1 65.6686626746507 0 0.25
"191" 150.3 51.6 51.6 12.9 1 65.6686626746507 0 0.25
"192" 150.3 38.7 51.6 12.9 0.928571428571429 74.251497005988 0.333333333333333 0.333333333333333
"193" 150.3 38.7 51.6 12.9 0.928571428571429 74.251497005988 0.333333333333333 0.333333333333333
"194" 150.3 38.7 51.6 12.9 0.928571428571429 74.251497005988 0.333333333333333 0.333333333333333
"195" 150.3 51.6 51.6 12.9 1 65.6686626746507 0 0.25
"196" 150.3 51.6 51.6 12.9 1 65.6686626746507 0 0.25
"197" 150.3 51.6 51.6 12.9 1 65.6686626746507 0 0.25
"198" 150.3 51.6 51.6 12.9 1 65.6686626746507 0 0.25
"199" 150.3 51.6 51.6 12.9 1 65.6686626746507 0 0.25
"200" 150.3 38.7 51.6 12.9 0.928571428571429 74.251497005988 0.333333333333333 0.333333333333333
"201" 150.3 51.6 51.6 12.9 1 65.6686626746507 0 0.25
"202" 150.3 38.7 51.6 12.9 0.928571428571429 74.251497005988 0.333333333333333 0.333333333333333
"203" 150.3 51.6 51.6 12.9 1 65.6686626746507 0 0.25
"204" 150.3 51.6 51.6 12.9 1 65.6686626746507 0 0.25
"205" 150.3 51.6 51.6 12.9 1 65.6686626746507 0 0.25
"206" 150.3 51.6 51.6 12.9 1 65.6686626746507 0 0.25
"207" 150.3 51.6 51.6 12.9 1 65.6686626746507 0 0.25
"208" 150.3 51.6 51.6 12.9 1 65.6686626746507 0 0.25
"209" 150.3 51.6 51.6 12.9 1 65.6686626746507 0 0.25
"210" 150.3 38.7 51.6 12.9 0.928571428571429 74.251497005988 0.333333333333333 0.333333333333333
"211" 150.3 51.6 51.6 12.9 1 65.6686626746507 0 0.25
"212" 150.3 51.6 51.6 12.9 1 65.6686626746507 0 0.25
"213" 150.3 51.6 51.6 12.9 1 65.6686626746507 0 0.25
"214" 150.3 51.6 51.6 12.9 1 65.6686626746507 0 0.25
"215" 150.3 51.6 51.6 12.9 1 65.6686626746507 0 0.25
"216" 150.3 38.7 51.6 12.9 0.928571428571429 74.251497005988 0.333333333333333 0.333333333333333
"217" 150.3 51.6 51.6 12.9 1 65.6686626746507 0 0.25
"218" 150.3 51.6 51.6 12.9 1 65.6686626746507 0 0.25
"219" 150.3 51.6 51.6 12.9 1 65.6686626746507 0 0.25
"220" 150.3 51.6 51.6 12.9 1 65.6686626746507 0 0.25
"221" 150.3 51.6 51.6 12.9 1 65.6686626746507 0 0.25
"222" 150.3 51.6 51.6 12.9 1 65.6686626746507 0 0.25
"223" 150.3 51.6 51.6 12.9 1 65.6686626746507 0 0.25
"224" 150.3 51.6 51.6 12.9 1 65.6686626746507 0 0.25
"225" 150.3 25.8 51.6 12.9 0.857142857142857 82.8343313373254 0.666666666666667 0.5
"226" 150.3 51.6 51.6 12.9 1 65.6686626746507 0 0.25
"227" 150.3 51.6 51.6 12.9 1 65.6686626746507 0 0.25
"228" 150.3 51.6 51.6 12.9 1 65.6686626746507 0 0.25
"229" 150.3 51.6 51.6 12.9 1 65.6686626746507 0 0.25
"230" 150.3 51.6 51.6 12.9 1 65.6686626746507 0 0.25
"231" 150.3 51.6 51.6 12.9 1 65.6686626746507 0 0.25
"232" 150.3 38.7 51.6 12.9 0.928571428571429 74.251497005988 0.333333333333333 0.333333333333333
"233" 150.3 51.6 51.6 12.9 1 65.6686626746507 0 0.25
"234" 150.3 51.6 51.6 12.9 1 65.6686626746507 0 0.25
"235" 150.3 51.6 51.6 12.9 1 65.6686626746507 0 0.25
"236" 150.3 51.6 51.6 12.9 1 65.6686626746507 0 0.25
"237" 150.3 51.6 51.6 12.9 1 65.6686626746507 0 0.25
"238" 150.3 51.6 51.6 12.9 1 65.6686626746507 0 0.25
"239" 150.3 51.6 51.6 12.9 1 65.6686626746507 0 0.25
"240" 150.3 51.6 51.6 12.9 1 65.6686626746507 0 0.25
"241" 150.3 51.6 51.6 12.9 1 65.6686626746507 0 0.25
"242" 150.3 51.6 51.6 12.9 1 65.6686626746507 0 0.25
"243" 150.3 51.6 51.6 12.9 1 65.6686626746507 0 0.25
"244" 150.3 51.6 51.6 12.9 1 65.6686626746507 0 0.25
"245" 150.3 38.7 51.6 12.9 0.928571428571429 74.251497005988 0.333333333333333 0.333333333333333
"246" 150.3 25.8 51.6 12.9 0.928571428571429 82.8343313373254 0.666666666666667 0.5
"247" 150.3 51.6 51.6 12.9 1 65.6686626746507 0 0.25
"248" 150.3 51.6 51.6 12.9 1 65.6686626746507 0 0.25
"249" 150.3 38.7 51.6 12.9 0.928571428571429 74.251497005988 0.333333333333333 0.333333333333333
"250" 150.3 51.6 51.6 12.9 1 65.6686626746507 0 0.25
"251" 150.3 38.7 51.6 12.9 0.928571428571429 74.251497005988 0.333333333333333 0.333333333333333
"252" 150.3 12.9 51.6 12.9 0.928571428571429 91.4171656686627 1 1
"253" 150.3 51.6 51.6 12.9 1 65.6686626746507 0 0.25
"254" 150.3 51.6 51.6 12.9 1 65.6686626746507 0 0.25
"255" 150.3 38.7 51.6 12.9 0.928571428571429 74.251497005988 0.333333333333333 0.333333333333333
"256" 150.3 51.6 51.6 12.9 1 65.6686626746507 0 0.25
"257" 150.3 51.6 51.6 12.9 1 65.6686626746507 0 0.25
"258" 150.3 51.6 51.6 12.9 1 65.6686626746507 0 0.25
"259" 150.3 51.6 51.6 12.9 1 65.6686626746507 0 0.25
"260" 150.3 51.6 51.6 12.9 1 65.6686626746507 0 0.25
"261" 150.3 51.6 51.6 12.9 1 65.6686626746507 0 0.25
"262" 150.3 51.6 51.6 12.9 1 65.6686626746507 0 0.25
"263" 150.3 51.6 51.6 12.9 1 65.6686626746507 0 0.25
"264" 150.3 38.7 51.6 12.9 0.928571428571429 74.251497005988 0.333333333333333 0.333333333333333
"265" 150.3 51.6 51.6 12.9 1 65.6686626746507 0 0.25
"266" 150.3 51.6 51.6 12.9 1 65.6686626746507 0 0.25
"267" 150.3 51.6 51.6 12.9 1 65.6686626746507 0 0.25
"268" 150.3 51.6 51.6 12.9 1 65.6686626746507 0 0.25
"269" 150.3 51.6 51.6 12.9 1 65.6686626746507 0 0.25
"270" 150.3 51.6 51.6 12.9 1 65.6686626746507 0 0.25
"271" 150.3 51.6 51.6 12.9 1 65.6686626746507 0 0.25
"272" 150.3 51.6 51.6 12.9 1 65.6686626746507 0 0.25
"273" 150.3 51.6 51.6 12.9 1 65.6686626746507 0 0.25
"274" 150.3 51.6 51.6 12.9 1 65.6686626746507 0 0.25
"275" 150.3 51.6 51.6 12.9 1 65.6686626746507 0 0.25
"276" 150.3 51.6 51.6 12.9 1 65.6686626746507 0 0.25
"277" 150.3 38.7 51.6 12.9 0.928571428571429 74.251497005988 0.333333333333333 0.333333333333333
"278" 150.3 38.7 51.6 12.9 0.928571428571429 74.251497005988 0.333333333333333 0.333333333333333
"279" 150.3 51.6 51.6 12.9 1 65.6686626746507 0 0.25
"280" 150.3 51.6 51.6 12.9 1 65.6686626746507 0 0.25
"281" 150.3 51.6 51.6 12.9 1 65.6686626746507 0 0.25
"282" 150.3 51.6 51.6 12.9 1 65.6686626746507 0 0.25
"283" 150.3 51.6 51.6 12.9 1 65.6686626746507 0 0.25
"284" 150.3 51.6 51.6 12.9 1 65.6686626746507 0 0.25
"285" 150.3 51.6 51.6 12.9 1 65.6686626746507 0 0.25
"286" 150.3 38.7 51.6 12.9 0.928571428571429 74.251497005988 0.333333333333333 0.333333333333333
"287" 150.3 51.6 51.6 12.9 1 65.6686626746507 0 0.25
"288" 150.3 51.6 51.6 12.9 1 65.6686626746507 0 0.25
"289" 150.3 51.6 51.6 12.9 1 65.6686626746507 0 0.25
"290" 150.3 38.7 51.6 12.9 0.928571428571429 74.251497005988 0.333333333333333 0.333333333333333
"291" 150.3 38.7 51.6 12.9 0.928571428571429 74.251497005988 0.333333333333333 0.333333333333333
"292" 150.3 51.6 51.6 12.9 1 65.6686626746507 0 0.25
"293" 150.3 51.6 51.6 12.9 1 65.6686626746507 0 0.25
"294" 150.3 51.6 51.6 12.9 1 65.6686626746507 0 0.25
"295" 150.3 51.6 51.6 12.9 1 65.6686626746507 0 0.25
"296" 150.3 12.9 51.6 12.9 0.928571428571429 91.4171656686627 1 1
"297" 150.3 51.6 51.6 12.9 1 65.6686626746507 0 0.25
"298" 150.3 38.7 51.6 12.9 0.928571428571429 74.251497005988 0.333333333333333 0.333333333333333
"299" 150.3 51.6 51.6 12.9 1 65.6686626746507 0 0.25
"300" 150.3 51.6 51.6 12.9 1 65.6686626746507 0 0.25
"301" 150.3 51.6 51.6 12.9 1 65.6686626746507 0 0.25
"302" 150.3 51.6 51.6 12.9 1 65.6686626746507 0 0.25
"303" 150.3 51.6 51.6 12.9 1 65.6686626746507 0 0.25
"304" 150.3 51.6 51.6 12.9 1 65.6686626746507 0 0.25
"305" 150.3 51.6 51.6 12.9 1 65.6686626746507 0 0.25
"306" 150.3 51.6 51.6 12.9 1 65.6686626746507 0 0.25
"307" 150.3 51.6 51.6 12.9 1 65.6686626746507 0 0.25
"308" 150.3 51.6 51.6 12.9 1 65.6686626746507 0 0.25
"309" 150.3 51.6 51.6 12.9 1 65.6686626746507 0 0.25
"310" 150.3 51.6 51.6 12.9 1 65.6686626746507 0 0.25
"311" 150.3 51.6 51.6 12.9 1 65.6686626746507 0 0.25
"312" 150.3 38.7 51.6 12.9 0.928571428571429 74.251497005988 0.333333333333333 0.333333333333333
"313" 150.3 51.6 51.6 12.9 1 65.6686626746507 0 0.25
"314" 150.3 38.7 51.6 12.9 0.928571428571429 74.251497005988 0.333333333333333 0.333333333333333
"315" 150.3 51.6 51.6 12.9 1 65.6686626746507 0 0.25
"316" 150.3 51.6 51.6 12.9 1 65.6686626746507 0 0.25
"317" 150.3 38.7 51.6 12.9 0.928571428571429 74.251497005988 0.333333333333333 0.333333333333333
"318" 150.3 51.6 51.6 12.9 1 65.6686626746507 0 0.25
"319" 150.3 51.6 51.6 12.9 1 65.6686626746507 0 0.25
"320" 150.3 51.6 51.6 12.9 1 65.6686626746507 0 0.25
"321" 150.3 51.6 51.6 12.9 1 65.6686626746507 0 0.25
"322" 150.3 51.6 51.6 12.9 1 65.6686626746507 0 0.25
"323" 150.3 51.6 51.6 12.9 1 65.6686626746507 0 0.25
"324" 150.3 51.6 51.6 12.9 1 65.6686626746507 0 0.25
"325" 150.3 51.6 51.6 12.9 1 65.6686626746507 0 0.25
"326" 150.3 38.7 51.6 12.9 0.928571428571429 74.251497005988 0.333333333333333 0.333333333333333
"327" 150.3 51.6 51.6 12.9 1 65.6686626746507 0 0.25
"328" 150.3 51.6 51.6 12.9 1 65.6686626746507 0 0.25
"329" 150.3 51.6 51.6 12.9 1 65.6686626746507 0 0.25
"330" 150.3 51.6 51.6 12.9 1 65.6686626746507 0 0.25
"331" 150.3 51.6 51.6 12.9 1 65.6686626746507 0 0.25
"332" 150.3 51.6 51.6 12.9 1 65.6686626746507 0 0.25
"333" 150.3 51.6 51.6 12.9 1 65.6686626746507 0 0.25
"334" 150.3 51.6 51.6 12.9 1 65.6686626746507 0 0.25
"335" 150.3 51.6 51.6 12.9 1 65.6686626746507 0 0.25
"336" 150.3 51.6 51.6 12.9 1 65.6686626746507 0 0.25
"337" 150.3 38.7 51.6 12.9 0.928571428571429 74.251497005988 0.333333333333333 0.333333333333333
"338" 150.3 51.6 51.6 12.9 1 65.6686626746507 0 0.25
"339" 150.3 38.7 51.6 12.9 0.928571428571429 74.251497005988 0.333333333333333 0.333333333333333
"340" 150.3 38.7 51.6 12.9 0.928571428571429 74.251497005988 0.333333333333333 0.333333333333333
"341" 150.3 38.7 51.6 12.9 0.928571428571429 74.251497005988 0.333333333333333 0.333333333333333
"342" 150.3 51.6 51.6 12.9 1 65.6686626746507 0 0.25
"343" 150.3 38.7 51.6 12.9 0.928571428571429 74.251497005988 0.333333333333333 0.333333333333333
"344" 150.3 51.6 51.6 12.9 1 65.6686626746507 0 0.25
"345" 150.3 38.7 51.6 12.9 0.928571428571429 74.251497005988 0.333333333333333 0.333333333333333
"346" 150.3 38.7 51.6 12.9 0.928571428571429 74.251497005988 0.333333333333333 0.333333333333333
"347" 150.3 51.6 51.6 12.9 1 65.6686626746507 0 0.25
"348" 150.3 51.6 51.6 12.9 1 65.6686626746507 0 0.25
"349" 150.3 51.6 51.6 12.9 1 65.6686626746507 0 0.25
"350" 150.3 38.7 51.6 12.9 0.928571428571429 74.251497005988 0.333333333333333 0.333333333333333
"351" 150.3 38.7 51.6 12.9 0.928571428571429 74.251497005988 0.333333333333333 0.333333333333333
"352" 150.3 51.6 51.6 12.9 1 65.6686626746507 0 0.25
"353" 150.3 51.6 51.6 12.9 1 65.6686626746507 0 0.25
"354" 150.3 51.6 51.6 12.9 1 65.6686626746507 0 0.25
"355" 150.3 51.6 51.6 12.9 1 65.6686626746507 0 0.25
"356" 150.3 51.6 51.6 12.9 1 65.6686626746507 0 0.25
"357" 150.3 25.8 51.6 12.9 0.928571428571429 82.8343313373254 0.666666666666667 0.5
"358" 150.3 51.6 51.6 12.9 1 65.6686626746507 0 0.25
"359" 150.3 51.6 51.6 12.9 1 65.6686626746507 0 0.25
"360" 150.3 38.7 51.6 12.9 0.928571428571429 74.251497005988 0.333333333333333 0.333333333333333
"361" 150.3 51.6 51.6 12.9 1 65.6686626746507 0 0.25
"362" 150.3 51.6 51.6 12.9 1 65.6686626746507 0 0.25
"363" 150.3 51.6 51.6 12.9 1 65.6686626746507 0 0.25
"364" 150.3 51.6 51.6 12.9 1 65.6686626746507 0 0.25
"365" 150.3 51.6 51.6 12.9 1 65.6686626746507 0 0.25
"366" 150.3 51.6 51.6 12.9 1 65.6686626746507 0 0.25
"367" 150.3 38.7 51.6 12.9 0.928571428571429 74.251497005988 0.333333333333333 0.333333333333333
"368" 150.3 38.7 51.6 12.9 0.928571428571429 74.251497005988 0.333333333333333 0.333333333333333
"369" 150.3 51.6 51.6 12.9 1 65.6686626746507 0 0.25
"370" 150.3 38.7 51.6 12.9 0.928571428571429 74.251497005988 0.333333333333333 0.333333333333333
"371" 150.3 51.6 51.6 12.9 1 65.6686626746507 0 0.25
"372" 150.3 51.6 51.6 12.9 1 65.6686626746507 0 0.25
"373" 150.3 51.6 51.6 12.9 1 65.6686626746507 0 0.25
"374" 150.3 51.6 51.6 12.9 1 65.6686626746507 0 0.25
"375" 150.3 51.6 51.6 12.9 1 65.6686626746507 0 0.25
"376" 150.3 51.6 51.6 12.9 1 65.6686626746507 0 0.25
"377" 150.3 38.7 51.6 12.9 0.928571428571429 74.251497005988 0.333333333333333 0.333333333333333
"378" 150.3 51.6 51.6 12.9 1 65.6686626746507 0 0.25
"379" 150.3 51.6 51.6 12.9 1 65.6686626746507 0 0.25
"380" 150.3 38.7 51.6 12.9 0.928571428571429 74.251497005988 0.333333333333333 0.333333333333333
"381" 150.3 38.7 51.6 12.9 0.928571428571429 74.251497005988 0.333333333333333 0.333333333333333
"382" 150.3 51.6 51.6 12.9 1 65.6686626746507 0 0.25
"383" 150.3 51.6 51.6 12.9 1 65.6686626746507 0 0.25
"384" 150.3 51.6 51.6 12.9 1 65.6686626746507 0 0.25
"385" 150.3 51.6 51.6 12.9 1 65.6686626746507 0 0.25
"386" 150.3 51.6 51.6 12.9 1 65.6686626746507 0 0.25
"387" 150.3 51.6 51.6 12.9 1 65.6686626746507 0 0.25
"388" 150.3 51.6 51.6 12.9 1 65.6686626746507 0 0.25
"389" 150.3 51.6 51.6 12.9 1 65.6686626746507 0 0.25
"390" 150.3 51.6 51.6 12.9 1 65.6686626746507 0 0.25
"391" 150.3 51.6 51.6 12.9 1 65.6686626746507 0 0.25
"392" 150.3 51.6 51.6 12.9 1 65.6686626746507 0 0.25
"393" 150.3 38.7 51.6 12.9 0.928571428571429 74.251497005988 0.333333333333333 0.333333333333333
"394" 150.3 38.7 51.6 12.9 0.928571428571429 74.251497005988 0.333333333333333 0.333333333333333
"395" 150.3 51.6 51.6 12.9 1 65.6686626746507 0 0.25
"396" 150.3 51.6 51.6 12.9 1 65.6686626746507 0 0.25
"397" 150.3 51.6 51.6 12.9 1 65.6686626746507 0 0.25
"398" 150.3 51.6 51.6 12.9 1 65.6686626746507 0 0.25
"399" 150.3 51.6 51.6 12.9 1 65.6686626746507 0 0.25
"400" 150.3 51.6 51.6 12.9 1 65.6686626746507 0 0.25
"401" 150.3 51.6 51.6 12.9 1 65.6686626746507 0 0.25
"402" 150.3 51.6 51.6 12.9 1 65.6686626746507 0 0.25
"403" 150.3 51.6 51.6 12.9 1 65.6686626746507 0 0.25
"404" 150.3 51.6 51.6 12.9 1 65.6686626746507 0 0.25
"405" 150.3 38.7 51.6 12.9 0.928571428571429 74.251497005988 0.333333333333333 0.333333333333333
"406" 150.3 51.6 51.6 12.9 1 65.6686626746507 0 0.25
"407" 150.3 38.7 51.6 12.9 0.928571428571429 74.251497005988 0.333333333333333 0.333333333333333
"408" 150.3 51.6 51.6 12.9 1 65.6686626746507 0 0.25
"409" 150.3 38.7 51.6 12.9 0.928571428571429 74.251497005988 0.333333333333333 0.333333333333333
"410" 150.3 51.6 51.6 12.9 1 65.6686626746507 0 0.25
"411" 150.3 51.6 51.6 12.9 1 65.6686626746507 0 0.25
"412" 150.3 25.8 51.6 12.9 0.928571428571429 82.8343313373254 0.666666666666667 0.5
"413" 150.3 51.6 51.6 12.9 1 65.6686626746507 0 0.25
"414" 150.3 51.6 51.6 12.9 1 65.6686626746507 0 0.25
"415" 150.3 38.7 51.6 12.9 0.928571428571429 74.251497005988 0.333333333333333 0.333333333333333
"416" 150.3 51.6 51.6 12.9 1 65.6686626746507 0 0.25
"417" 150.3 51.6 51.6 12.9 1 65.6686626746507 0 0.25
"418" 150.3 51.6 51.6 12.9 1 65.6686626746507 0 0.25
"419" 150.3 51.6 51.6 12.9 1 65.6686626746507 0 0.25
"420" 150.3 38.7 51.6 12.9 0.928571428571429 74.251497005988 0.333333333333333 0.333333333333333
"421" 150.3 51.6 51.6 12.9 1 65.6686626746507 0 0.25
"422" 150.3 51.6 51.6 12.9 1 65.6686626746507 0 0.25
"423" 150.3 51.6 51.6 12.9 1 65.6686626746507 0 0.25
"424" 150.3 51.6 51.6 12.9 1 65.6686626746507 0 0.25
"425" 150.3 51.6 51.6 12.9 1 65.6686626746507 0 0.25
"426" 150.3 38.7 51.6 12.9 0.928571428571429 74.251497005988 0.333333333333333 0.333333333333333
"427" 150.3 51.6 51.6 12.9 1 65.6686626746507 0 0.25
"428" 150.3 51.6 51.6 12.9 1 65.6686626746507 0 0.25
"429" 150.3 51.6 51.6 12.9 1 65.6686626746507 0 0.25
"430" 150.3 51.6 51.6 12.9 1 65.6686626746507 0 0.25
"431" 150.3 51.6 51.6 12.9 1 65.6686626746507 0 0.25
"432" 150.3 51.6 51.6 12.9 1 65.6686626746507 0 0.25
"433" 150.3 51.6 51.6 12.9 1 65.6686626746507 0 0.25
"434" 150.3 51.6 51.6 12.9 1 65.6686626746507 0 0.25
"435" 150.3 38.7 51.6 12.9 0.928571428571429 74.251497005988 0.333333333333333 0.333333333333333
"436" 150.3 38.7 51.6 12.9 0.928571428571429 74.251497005988 0.333333333333333 0.333333333333333
"437" 150.3 51.6 51.6 12.9 1 65.6686626746507 0 0.25
"438" 150.3 51.6 51.6 12.9 1 65.6686626746507 0 0.25
"439" 150.3 51.6 51.6 12.9 1 65.6686626746507 0 0.25
"440" 150.3 51.6 51.6 12.9 1 65.6686626746507 0 0.25
"441" 150.3 51.6 51.6 12.9 1 65.6686626746507 0 0.25
"442" 150.3 51.6 51.6 12.9 1 65.6686626746507 0 0.25
"443" 150.3 51.6 51.6 12.9 1 65.6686626746507 0 0.25
"444" 150.3 51.6 51.6 12.9 1 65.6686626746507 0 0.25
"445" 150.3 38.7 51.6 12.9 0.928571428571429 74.251497005988 0.333333333333333 0.333333333333333
"446" 150.3 51.6 51.6 12.9 1 65.6686626746507 0 0.25
"447" 150.3 51.6 51.6 12.9 1 65.6686626746507 0 0.25
"448" 150.3 38.7 51.6 12.9 0.928571428571429 74.251497005988 0.333333333333333 0.333333333333333
"449" 150.3 51.6 51.6 12.9 1 65.6686626746507 0 0.25
"450" 150.3 51.6 51.6 12.9 1 65.6686626746507 0 0.25
"451" 150.3 51.6 51.6 12.9 1 65.6686626746507 0 0.25
"452" 150.3 51.6 51.6 12.9 1 65.6686626746507 0 0.25
"453" 150.3 51.6 51.6 12.9 1 65.6686626746507 0 0.25
"454" 150.3 38.7 51.6 12.9 0.928571428571429 74.251497005988 0.333333333333333 0.333333333333333
"455" 150.3 51.6 51.6 12.9 1 65.6686626746507 0 0.25
"456" 150.3 38.7 51.6 12.9 0.928571428571429 74.251497005988 0.333333333333333 0.333333333333333
"457" 150.3 51.6 51.6 12.9 1 65.6686626746507 0 0.25
"458" 150.3 51.6 51.6 12.9 1 65.6686626746507 0 0.25
"459" 150.3 51.6 51.6 12.9 1 65.6686626746507 0 0.25
"460" 150.3 38.7 51.6 12.9 0.928571428571429 74.251497005988 0.333333333333333 0.333333333333333
"461" 150.3 51.6 51.6 12.9 1 65.6686626746507 0 0.25
"462" 150.3 51.6 51.6 12.9 1 65.6686626746507 0 0.25
"463" 150.3 51.6 51.6 12.9 1 65.6686626746507 0 0.25
"464" 150.3 38.7 51.6 12.9 0.928571428571429 74.251497005988 0.333333333333333 0.333333333333333
"465" 150.3 51.6 51.6 12.9 1 65.6686626746507 0 0.25
"466" 150.3 51.6 51.6 12.9 1 65.6686626746507 0 0.25
"467" 150.3 51.6 51.6 12.9 1 65.6686626746507 0 0.25
"468" 150.3 51.6 51.6 12.9 1 65.6686626746507 0 0.25
"469" 150.3 51.6 51.6 12.9 1 65.6686626746507 0 0.25
"470" 150.3 51.6 51.6 12.9 1 65.6686626746507 0 0.25
"471" 150.3 51.6 51.6 12.9 1 65.6686626746507 0 0.25
"472" 150.3 51.6 51.6 12.9 1 65.6686626746507 0 0.25
"473" 150.3 51.6 51.6 12.9 1 65.6686626746507 0 0.25
"474" 150.3 38.7 51.6 12.9 0.928571428571429 74.251497005988 0.333333333333333 0.333333333333333
"475" 150.3 51.6 51.6 12.9 1 65.6686626746507 0 0.25
"476" 150.3 51.6 51.6 12.9 1 65.6686626746507 0 0.25
"477" 150.3 51.6 51.6 12.9 1 65.6686626746507 0 0.25
"478" 150.3 51.6 51.6 12.9 1 65.6686626746507 0 0.25
"479" 150.3 38.7 51.6 12.9 0.928571428571429 74.251497005988 0.333333333333333 0.333333333333333
"480" 150.3 51.6 51.6 12.9 1 65.6686626746507 0 0.25
"481" 150.3 51.6 51.6 12.9 1 65.6686626746507 0 0.25
"482" 150.3 51.6 51.6 12.9 1 65.6686626746507 0 0.25
"483" 150.3 51.6 51.6 12.9 1 65.6686626746507 0 0.25
"484" 150.3 51.6 51.6 12.9 1 65.6686626746507 0 0.25
"485" 150.3 51.6 51.6 12.9 1 65.6686626746507 0 0.25
"486" 150.3 38.7 51.6 12.9 0.928571428571429 74.251497005988 0.333333333333333 0.333333333333333
"487" 150.3 51.6 51.6 12.9 1 65.6686626746507 0 0.25
"488" 150.3 38.7 51.6 12.9 0.928571428571429 74.251497005988 0.333333333333333 0.333333333333333
"489" 150.3 51.6 51.6 12.9 1 65.6686626746507 0 0.25
"490" 150.3 51.6 51.6 12.9 1 65.6686626746507 0 0.25
"491" 150.3 51.6 51.6 12.9 1 65.6686626746507 0 0.25
"492" 150.3 51.6 51.6 12.9 1 65.6686626746507 0 0.25
"493" 150.3 51.6 51.6 12.9 1 65.6686626746507 0 0.25
"494" 150.3 51.6 51.6 12.9 1 65.6686626746507 0 0.25
"495" 150.3 51.6 51.6 12.9 1 65.6686626746507 0 0.25
"496" 150.3 51.6 51.6 12.9 1 65.6686626746507 0 0.25
"497" 150.3 38.7 51.6 12.9 0.928571428571429 74.251497005988 0.333333333333333 0.333333333333333
"498" 150.3 38.7 51.6 12.9 0.928571428571429 74.251497005988 0.333333333333333 0.333333333333333
"499" 150.3 38.7 51.6 12.9 0.928571428571429 74.251497005988 0.333333333333333 0.333333333333333
"500" 150.3 51.6 51.6 12.9 1 65.6686626746507 0 0.25
"501" 150.3 51.6 51.6 12.9 1 65.6686626746507 0 0.25
"502" 150.3 38.7 51.6 12.9 0.928571428571429 74.251497005988 0.333333333333333 0.333333333333333
"503" 150.3 51.6 51.6 12.9 1 65.6686626746507 0 0.25
"504" 150.3 51.6 51.6 12.9 1 65.6686626746507 0 0.25
"505" 150.3 51.6 51.6 12.9 1 65.6686626746507 0 0.25
"506" 150.3 51.6 51.6 12.9 1 65.6686626746507 0 0.25
"507" 150.3 51.6 51.6 12.9 1 65.6686626746507 0 0.25
"508" 150.3 38.7 51.6 12.9 0.928571428571429 74.251497005988 0.333333333333333 0.333333333333333
"509" 150.3 51.6 51.6 12.9 1 65.6686626746507 0 0.25
"510" 150.3 51.6 51.6 12.9 1 65.6686626746507 0 0.25
"511" 150.3 38.7 51.6 12.9 0.928571428571429 74.251497005988 0.333333333333333 0.333333333333333
"512" 150.3 51.6 51.6 12.9 1 65.6686626746507 0 0.25
"513" 150.3 51.6 51.6 12.9 1 65.6686626746507 0 0.25
"514" 150.3 51.6 51.6 12.9 1 65.6686626746507 0 0.25
"515" 150.3 38.7 51.6 12.9 0.928571428571429 74.251497005988 0.333333333333333 0.333333333333333
"516" 150.3 51.6 51.6 12.9 1 65.6686626746507 0 0.25
"517" 150.3 38.7 51.6 12.9 0.928571428571429 74.251497005988 0.333333333333333 0.333333333333333
"518" 150.3 51.6 51.6 12.9 1 65.6686626746507 0 0.25
"519" 150.3 25.8 51.6 12.9 0.857142857142857 82.8343313373254 0.666666666666667 0.5
"520" 150.3 38.7 51.6 12.9 0.928571428571429 74.251497005988 0.333333333333333 0.333333333333333
"521" 150.3 38.7 51.6 12.9 0.928571428571429 74.251497005988 0.333333333333333 0.333333333333333
"522" 150.3 51.6 51.6 12.9 1 65.6686626746507 0 0.25
"523" 150.3 51.6 51.6 12.9 1 65.6686626746507 0 0.25
"524" 150.3 51.6 51.6 12.9 1 65.6686626746507 0 0.25
"525" 150.3 51.6 51.6 12.9 1 65.6686626746507 0 0.25
"526" 150.3 51.6 51.6 12.9 1 65.6686626746507 0 0.25
"527" 150.3 51.6 51.6 12.9 1 65.6686626746507 0 0.25
"528" 150.3 51.6 51.6 12.9 1 65.6686626746507 0 0.25
"529" 150.3 51.6 51.6 12.9 1 65.6686626746507 0 0.25
"530" 150.3 51.6 51.6 12.9 1 65.6686626746507 0 0.25
"531" 150.3 51.6 51.6 12.9 1 65.6686626746507 0 0.25
"532" 150.3 51.6 51.6 12.9 1 65.6686626746507 0 0.25
"533" 150.3 38.7 51.6 12.9 0.928571428571429 74.251497005988 0.333333333333333 0.333333333333333
"534" 150.3 51.6 51.6 12.9 1 65.6686626746507 0 0.25
"535" 150.3 51.6 51.6 12.9 1 65.6686626746507 0 0.25
"536" 150.3 51.6 51.6 12.9 1 65.6686626746507 0 0.25
"537" 150.3 38.7 51.6 12.9 0.928571428571429 74.251497005988 0.333333333333333 0.333333333333333
"538" 150.3 38.7 51.6 12.9 0.928571428571429 74.251497005988 0.333333333333333 0.333333333333333
"539" 150.3 51.6 51.6 12.9 1 65.6686626746507 0 0.25
"540" 150.3 38.7 51.6 12.9 0.928571428571429 74.251497005988 0.333333333333333 0.333333333333333
"541" 150.3 51.6 51.6 12.9 1 65.6686626746507 0 0.25
"542" 150.3 25.8 51.6 12.9 0.928571428571429 82.8343313373254 0.666666666666667 0.5
"543" 150.3 51.6 51.6 12.9 1 65.6686626746507 0 0.25
"544" 150.3 51.6 51.6 12.9 1 65.6686626746507 0 0.25
"545" 150.3 51.6 51.6 12.9 1 65.6686626746507 0 0.25
"546" 150.3 51.6 51.6 12.9 1 65.6686626746507 0 0.25
"547" 150.3 51.6 51.6 12.9 1 65.6686626746507 0 0.25
"548" 150.3 51.6 51.6 12.9 1 65.6686626746507 0 0.25
"549" 150.3 51.6 51.6 12.9 1 65.6686626746507 0 0.25
"550" 150.3 51.6 51.6 12.9 1 65.6686626746507 0 0.25
"551" 150.3 51.6 51.6 12.9 1 65.6686626746507 0 0.25
"552" 150.3 51.6 51.6 12.9 1 65.6686626746507 0 0.25
"553" 150.3 51.6 51.6 12.9 1 65.6686626746507 0 0.25
"554" 150.3 51.6 51.6 12.9 1 65.6686626746507 0 0.25
"555" 150.3 51.6 51.6 12.9 1 65.6686626746507 0 0.25
"556" 150.3 38.7 51.6 12.9 0.928571428571429 74.251497005988 0.333333333333333 0.333333333333333
"557" 150.3 38.7 51.6 12.9 0.928571428571429 74.251497005988 0.333333333333333 0.333333333333333
"558" 150.3 51.6 51.6 12.9 1 65.6686626746507 0 0.25
"559" 150.3 51.6 51.6 12.9 1 65.6686626746507 0 0.25
"560" 150.3 51.6 51.6 12.9 1 65.6686626746507 0 0.25
"561" 150.3 38.7 51.6 12.9 0.928571428571429 74.251497005988 0.333333333333333 0.333333333333333
"562" 150.3 51.6 51.6 12.9 1 65.6686626746507 0 0.25
"563" 150.3 51.6 51.6 12.9 1 65.6686626746507 0 0.25
"564" 150.3 38.7 51.6 12.9 0.928571428571429 74.251497005988 0.333333333333333 0.333333333333333
"565" 150.3 51.6 51.6 12.9 1 65.6686626746507 0 0.25
"566" 150.3 25.8 51.6 12.9 0.928571428571429 82.8343313373254 0.666666666666667 0.5
"567" 150.3 51.6 51.6 12.9 1 65.6686626746507 0 0.25
"568" 150.3 38.7 51.6 12.9 0.928571428571429 74.251497005988 0.333333333333333 0.333333333333333
"569" 150.3 51.6 51.6 12.9 1 65.6686626746507 0 0.25
"570" 150.3 51.6 51.6 12.9 1 65.6686626746507 0 0.25
"571" 150.3 51.6 51.6 12.9 1 65.6686626746507 0 0.25
"572" 150.3 51.6 51.6 12.9 1 65.6686626746507 0 0.25
"573" 150.3 51.6 51.6 12.9 1 65.6686626746507 0 0.25
"574" 150.3 51.6 51.6 12.9 1 65.6686626746507 0 0.25
"575" 150.3 51.6 51.6 12.9 1 65.6686626746507 0 0.25
"576" 150.3 51.6 51.6 12.9 1 65.6686626746507 0 0.25
"577" 150.3 51.6 51.6 12.9 1 65.6686626746507 0 0.25
"578" 150.3 25.8 51.6 12.9 0.928571428571429 82.8343313373254 0.666666666666667 0.5
"579" 150.3 51.6 51.6 12.9 1 65.6686626746507 0 0.25
"580" 150.3 51.6 51.6 12.9 1 65.6686626746507 0 0.25
"581" 150.3 51.6 51.6 12.9 1 65.6686626746507 0 0.25
"582" 150.3 25.8 51.6 12.9 0.928571428571429 82.8343313373254 0.666666666666667 0.5
"583" 150.3 38.7 51.6 12.9 0.928571428571429 74.251497005988 0.333333333333333 0.333333333333333
"584" 150.3 38.7 51.6 12.9 0.928571428571429 74.251497005988 0.333333333333333 0.333333333333333
"585" 150.3 38.7 51.6 12.9 0.928571428571429 74.251497005988 0.333333333333333 0.333333333333333
"586" 150.3 38.7 51.6 12.9 0.928571428571429 74.251497005988 0.333333333333333 0.333333333333333
"587" 150.3 51.6 51.6 12.9 1 65.6686626746507 0 0.25
"588" 150.3 51.6 51.6 12.9 1 65.6686626746507 0 0.25
"589" 150.3 51.6 51.6 12.9 1 65.6686626746507 0 0.25
"590" 150.3 38.7 51.6 12.9 0.928571428571429 74.251497005988 0.333333333333333 0.333333333333333
"591" 150.3 51.6 51.6 12.9 1 65.6686626746507 0 0.25
"592" 150.3 51.6 51.6 12.9 1 65.6686626746507 0 0.25
"593" 150.3 51.6 51.6 12.9 1 65.6686626746507 0 0.25
"594" 150.3 51.6 51.6 12.9 1 65.6686626746507 0 0.25
"595" 150.3 51.6 51.6 12.9 1 65.6686626746507 0 0.25
"596" 150.3 51.6 51.6 12.9 1 65.6686626746507 0 0.25
"597" 150.3 51.6 51.6 12.9 1 65.6686626746507 0 0.25
"598" 150.3 51.6 51.6 12.9 1 65.6686626746507 0 0.25
"599" 150.3 51.6 51.6 12.9 1 65.6686626746507 0 0.25
"600" 150.3 38.7 51.6 12.9 0.928571428571429 74.251497005988 0.333333333333333 0.333333333333333
"601" 150.3 51.6 51.6 12.9 1 65.6686626746507 0 0.25
"602" 150.3 38.7 51.6 12.9 0.928571428571429 74.251497005988 0.333333333333333 0.333333333333333
"603" 150.3 51.6 51.6 12.9 1 65.6686626746507 0 0.25
"604" 150.3 51.6 51.6 12.9 1 65.6686626746507 0 0.25
"605" 150.3 38.7 51.6 12.9 0.928571428571429 74.251497005988 0.333333333333333 0.333333333333333
"606" 150.3 38.7 51.6 12.9 0.928571428571429 74.251497005988 0.333333333333333 0.333333333333333
"607" 150.3 51.6 51.6 12.9 1 65.6686626746507 0 0.25
"608" 150.3 51.6 51.6 12.9 1 65.6686626746507 0 0.25
"609" 150.3 51.6 51.6 12.9 1 65.6686626746507 0 0.25
"610" 150.3 51.6 51.6 12.9 1 65.6686626746507 0 0.25
"611" 150.3 25.8 51.6 12.9 0.928571428571429 82.8343313373254 0.666666666666667 0.5
"612" 150.3 51.6 51.6 12.9 1 65.6686626746507 0 0.25
"613" 150.3 51.6 51.6 12.9 1 65.6686626746507 0 0.25
"614" 150.3 51.6 51.6 12.9 1 65.6686626746507 0 0.25
"615" 150.3 38.7 51.6 12.9 0.928571428571429 74.251497005988 0.333333333333333 0.333333333333333
"616" 150.3 51.6 51.6 12.9 1 65.6686626746507 0 0.25
"617" 150.3 51.6 51.6 12.9 1 65.6686626746507 0 0.25
"618" 150.3 51.6 51.6 12.9 1 65.6686626746507 0 0.25
"619" 150.3 51.6 51.6 12.9 1 65.6686626746507 0 0.25
"620" 150.3 51.6 51.6 12.9 1 65.6686626746507 0 0.25
"621" 150.3 51.6 51.6 12.9 1 65.6686626746507 0 0.25
"622" 150.3 38.7 51.6 12.9 0.928571428571429 74.251497005988 0.333333333333333 0.333333333333333
"623" 150.3 51.6 51.6 12.9 1 65.6686626746507 0 0.25
"624" 150.3 51.6 51.6 12.9 1 65.6686626746507 0 0.25
"625" 150.3 51.6 51.6 12.9 1 65.6686626746507 0 0.25
"626" 150.3 51.6 51.6 12.9 1 65.6686626746507 0 0.25
"627" 150.3 51.6 51.6 12.9 1 65.6686626746507 0 0.25
"628" 150.3 38.7 51.6 12.9 0.928571428571429 74.251497005988 0.333333333333333 0.333333333333333
"629" 150.3 51.6 51.6 12.9 1 65.6686626746507 0 0.25
"630" 150.3 38.7 51.6 12.9 0.928571428571429 74.251497005988 0.333333333333333 0.333333333333333
"631" 150.3 51.6 51.6 12.9 1 65.6686626746507 0 0.25
"632" 150.3 51.6 51.6 12.9 1 65.6686626746507 0 0.25
"633" 150.3 51.6 51.6 12.9 1 65.6686626746507 0 0.25
"634" 150.3 51.6 51.6 12.9 1 65.6686626746507 0 0.25
"635" 150.3 38.7 51.6 12.9 0.928571428571429 74.251497005988 0.333333333333333 0.333333333333333
"636" 150.3 51.6 51.6 12.9 1 65.6686626746507 0 0.25
"637" 150.3 51.6 51.6 12.9 1 65.6686626746507 0 0.25
"638" 150.3 51.6 51.6 12.9 1 65.6686626746507 0 0.25
"639" 150.3 51.6 51.6 12.9 1 65.6686626746507 0 0.25
"640" 150.3 51.6 51.6 12.9 1 65.6686626746507 0 0.25
"641" 150.3 38.7 51.6 12.9 0.928571428571429 74.251497005988 0.333333333333333 0.333333333333333
"642" 150.3 38.7 51.6 12.9 0.928571428571429 74.251497005988 0.333333333333333 0.333333333333333
"643" 150.3 51.6 51.6 12.9 1 65.6686626746507 0 0.25
"644" 150.3 38.7 51.6 12.9 0.928571428571429 74.251497005988 0.333333333333333 0.333333333333333
"645" 150.3 51.6 51.6 12.9 1 65.6686626746507 0 0.25
"646" 150.3 38.7 51.6 12.9 0.928571428571429 74.251497005988 0.333333333333333 0.333333333333333
"647" 150.3 51.6 51.6 12.9 1 65.6686626746507 0 0.25
"648" 150.3 51.6 51.6 12.9 1 65.6686626746507 0 0.25
"649" 150.3 38.7 51.6 12.9 0.928571428571429 74.251497005988 0.333333333333333 0.333333333333333
"650" 150.3 38.7 51.6 12.9 0.928571428571429 74.251497005988 0.333333333333333 0.333333333333333
"651" 150.3 51.6 51.6 12.9 1 65.6686626746507 0 0.25
"652" 150.3 38.7 51.6 12.9 0.928571428571429 74.251497005988 0.333333333333333 0.333333333333333
"653" 150.3 51.6 51.6 12.9 1 65.6686626746507 0 0.25
"654" 150.3 51.6 51.6 12.9 1 65.6686626746507 0 0.25
"655" 150.3 51.6 51.6 12.9 1 65.6686626746507 0 0.25
"656" 150.3 51.6 51.6 12.9 1 65.6686626746507 0 0.25
"657" 150.3 51.6 51.6 12.9 1 65.6686626746507 0 0.25
"658" 150.3 51.6 51.6 12.9 1 65.6686626746507 0 0.25
"659" 150.3 51.6 51.6 12.9 1 65.6686626746507 0 0.25
"660" 150.3 38.7 51.6 12.9 0.928571428571429 74.251497005988 0.333333333333333 0.333333333333333
"661" 150.3 51.6 51.6 12.9 1 65.6686626746507 0 0.25
"662" 150.3 51.6 51.6 12.9 1 65.6686626746507 0 0.25
"663" 150.3 51.6 51.6 12.9 1 65.6686626746507 0 0.25
"664" 150.3 51.6 51.6 12.9 1 65.6686626746507 0 0.25
"665" 150.3 51.6 51.6 12.9 1 65.6686626746507 0 0.25
"666" 150.3 38.7 51.6 12.9 0.928571428571429 74.251497005988 0.333333333333333 0.333333333333333
"667" 150.3 51.6 51.6 12.9 1 65.6686626746507 0 0.25
"668" 150.3 51.6 51.6 12.9 1 65.6686626746507 0 0.25
"669" 150.3 51.6 51.6 12.9 1 65.6686626746507 0 0.25
"670" 150.3 51.6 51.6 12.9 1 65.6686626746507 0 0.25
"671" 150.3 38.7 51.6 12.9 0.928571428571429 74.251497005988 0.333333333333333 0.333333333333333
"672" 150.3 12.9 51.6 12.9 0.928571428571429 91.4171656686627 1 1
"673" 150.3 38.7 51.6 12.9 0.928571428571429 74.251497005988 0.333333333333333 0.333333333333333
"674" 150.3 38.7 51.6 12.9 0.928571428571429 74.251497005988 0.333333333333333 0.333333333333333
"675" 150.3 38.7 51.6 12.9 0.928571428571429 74.251497005988 0.333333333333333 0.333333333333333
"676" 150.3 51.6 51.6 12.9 1 65.6686626746507 0 0.25
"677" 150.3 51.6 51.6 12.9 1 65.6686626746507 0 0.25
"678" 150.3 51.6 51.6 12.9 1 65.6686626746507 0 0.25
"679" 150.3 38.7 51.6 12.9 0.928571428571429 74.251497005988 0.333333333333333 0.333333333333333
"680" 150.3 51.6 51.6 12.9 1 65.6686626746507 0 0.25
"681" 150.3 51.6 51.6 12.9 1 65.6686626746507 0 0.25
"682" 150.3 38.7 51.6 12.9 0.928571428571429 74.251497005988 0.333333333333333 0.333333333333333
"683" 150.3 51.6 51.6 12.9 1 65.6686626746507 0 0.25
"684" 150.3 51.6 51.6 12.9 1 65.6686626746507 0 0.25
"685" 150.3 38.7 51.6 12.9 0.928571428571429 74.251497005988 0.333333333333333 0.333333333333333
"686" 150.3 51.6 51.6 12.9 1 65.6686626746507 0 0.25
"687" 150.3 51.6 51.6 12.9 1 65.6686626746507 0 0.25
"688" 150.3 51.6 51.6 12.9 1 65.6686626746507 0 0.25
"689" 150.3 51.6 51.6 12.9 1 65.6686626746507 0 0.25
"690" 150.3 51.6 51.6 12.9 1 65.6686626746507 0 0.25
"691" 150.3 51.6 51.6 12.9 1 65.6686626746507 0 0.25
"692" 150.3 51.6 51.6 12.9 1 65.6686626746507 0 0.25
"693" 150.3 51.6 51.6 12.9 1 65.6686626746507 0 0.25
"694" 150.3 38.7 51.6 12.9 0.928571428571429 74.251497005988 0.333333333333333 0.333333333333333
"695" 150.3 51.6 51.6 12.9 1 65.6686626746507 0 0.25
"696" 150.3 51.6 51.6 12.9 1 65.6686626746507 0 0.25
"697" 150.3 51.6 51.6 12.9 1 65.6686626746507 0 0.25
"698" 150.3 51.6 51.6 12.9 1 65.6686626746507 0 0.25
"699" 150.3 38.7 51.6 12.9 0.928571428571429 74.251497005988 0.333333333333333 0.333333333333333
"700" 150.3 51.6 51.6 12.9 1 65.6686626746507 0 0.25
"701" 150.3 51.6 51.6 12.9 1 65.6686626746507 0 0.25
"702" 150.3 51.6 51.6 12.9 1 65.6686626746507 0 0.25
"703" 150.3 38.7 51.6 12.9 0.928571428571429 74.251497005988 0.333333333333333 0.333333333333333
"704" 150.3 51.6 51.6 12.9 1 65.6686626746507 0 0.25
"705" 150.3 38.7 51.6 12.9 0.928571428571429 74.251497005988 0.333333333333333 0.333333333333333
"706" 150.3 51.6 51.6 12.9 1 65.6686626746507 0 0.25
"707" 150.3 51.6 51.6 12.9 1 65.6686626746507 0 0.25
"708" 150.3 51.6 51.6 12.9 1 65.6686626746507 0 0.25
"709" 150.3 51.6 51.6 12.9 1 65.6686626746507 0 0.25
"710" 150.3 51.6 51.6 12.9 1 65.6686626746507 0 0.25
"711" 150.3 51.6 51.6 12.9 1 65.6686626746507 0 0.25
"712" 150.3 51.6 51.6 12.9 1 65.6686626746507 0 0.25
"713" 150.3 38.7 51.6 12.9 0.928571428571429 74.251497005988 0.333333333333333 0.333333333333333
"714" 150.3 51.6 51.6 12.9 1 65.6686626746507 0 0.25
"715" 150.3 51.6 51.6 12.9 1 65.6686626746507 0 0.25
"716" 150.3 51.6 51.6 12.9 1 65.6686626746507 0 0.25
"717" 150.3 51.6 51.6 12.9 1 65.6686626746507 0 0.25
"718" 150.3 38.7 51.6 12.9 0.928571428571429 74.251497005988 0.333333333333333 0.333333333333333
"719" 150.3 38.7 51.6 12.9 0.928571428571429 74.251497005988 0.333333333333333 0.333333333333333
"720" 150.3 38.7 51.6 12.9 0.928571428571429 74.251497005988 0.333333333333333 0.333333333333333
"721" 150.3 51.6 51.6 12.9 1 65.6686626746507 0 0.25
"722" 150.3 38.7 51.6 12.9 0.928571428571429 74.251497005988 0.333333333333333 0.333333333333333
"723" 150.3 51.6 51.6 12.9 1 65.6686626746507 0 0.25
"724" 150.3 51.6 51.6 12.9 1 65.6686626746507 0 0.25
"725" 150.3 51.6 51.6 12.9 1 65.6686626746507 0 0.25
"726" 150.3 51.6 51.6 12.9 1 65.6686626746507 0 0.25
"727" 150.3 38.7 51.6 12.9 0.928571428571429 74.251497005988 0.333333333333333 0.333333333333333
"728" 150.3 51.6 51.6 12.9 1 65.6686626746507 0 0.25
"729" 150.3 51.6 51.6 12.9 1 65.6686626746507 0 0.25
"730" 150.3 51.6 51.6 12.9 1 65.6686626746507 0 0.25
"731" 150.3 51.6 51.6 12.9 1 65.6686626746507 0 0.25
"732" 150.3 38.7 51.6 12.9 0.928571428571429 74.251497005988 0.333333333333333 0.333333333333333
"733" 150.3 51.6 51.6 12.9 1 65.6686626746507 0 0.25
"734" 150.3 51.6 51.6 12.9 1 65.6686626746507 0 0.25
"735" 150.3 51.6 51.6 12.9 1 65.6686626746507 0 0.25
"736" 150.3 51.6 51.6 12.9 1 65.6686626746507 0 0.25
"737" 150.3 51.6 51.6 12.9 1 65.6686626746507 0 0.25
"738" 150.3 51.6 51.6 12.9 1 65.6686626746507 0 0.25
"739" 150.3 38.7 51.6 12.9 0.928571428571429 74.251497005988 0.333333333333333 0.333333333333333
"740" 150.3 51.6 51.6 12.9 1 65.6686626746507 0 0.25
"741" 150.3 51.6 51.6 12.9 1 65.6686626746507 0 0.25
"742" 150.3 51.6 51.6 12.9 1 65.6686626746507 0 0.25
"743" 150.3 51.6 51.6 12.9 1 65.6686626746507 0 0.25
"744" 150.3 38.7 51.6 12.9 0.928571428571429 74.251497005988 0.333333333333333 0.333333333333333
"745" 150.3 38.7 51.6 12.9 0.928571428571429 74.251497005988 0.333333333333333 0.333333333333333
"746" 150.3 51.6 51.6 12.9 1 65.6686626746507 0 0.25
"747" 150.3 51.6 51.6 12.9 1 65.6686626746507 0 0.25
"748" 150.3 51.6 51.6 12.9 1 65.6686626746507 0 0.25
"749" 150.3 51.6 51.6 12.9 1 65.6686626746507 0 0.25
"750" 150.3 51.6 51.6 12.9 1 65.6686626746507 0 0.25
"751" 150.3 51.6 51.6 12.9 1 65.6686626746507 0 0.25
"752" 150.3 51.6 51.6 12.9 1 65.6686626746507 0 0.25
"753" 150.3 51.6 51.6 12.9 1 65.6686626746507 0 0.25
"754" 150.3 51.6 51.6 12.9 1 65.6686626746507 0 0.25
"755" 150.3 51.6 51.6 12.9 1 65.6686626746507 0 0.25
"756" 150.3 51.6 51.6 12.9 1 65.6686626746507 0 0.25
"757" 150.3 51.6 51.6 12.9 1 65.6686626746507 0 0.25
"758" 150.3 51.6 51.6 12.9 1 65.6686626746507 0 0.25
"759" 150.3 38.7 51.6 12.9 0.928571428571429 74.251497005988 0.333333333333333 0.333333333333333
"760" 150.3 51.6 51.6 12.9 1 65.6686626746507 0 0.25
"761" 150.3 51.6 51.6 12.9 1 65.6686626746507 0 0.25
"762" 150.3 51.6 51.6 12.9 1 65.6686626746507 0 0.25
"763" 150.3 51.6 51.6 12.9 1 65.6686626746507 0 0.25
"764" 150.3 51.6 51.6 12.9 1 65.6686626746507 0 0.25
"765" 150.3 51.6 51.6 12.9 1 65.6686626746507 0 0.25
"766" 150.3 51.6 51.6 12.9 1 65.6686626746507 0 0.25
"767" 150.3 38.7 51.6 12.9 0.875 74.251497005988 0.333333333333333 0.333333333333333
"768" 150.3 51.6 51.6 12.9 1 65.6686626746507 0 0.25
"769" 150.3 51.6 51.6 12.9 1 65.6686626746507 0 0.25
"770" 150.3 51.6 51.6 12.9 1 65.6686626746507 0 0.25
"771" 150.3 51.6 51.6 12.9 1 65.6686626746507 0 0.25
"772" 150.3 51.6 51.6 12.9 1 65.6686626746507 0 0.25
"773" 150.3 51.6 51.6 12.9 1 65.6686626746507 0 0.25
"774" 150.3 51.6 51.6 12.9 1 65.6686626746507 0 0.25
"775" 150.3 51.6 51.6 12.9 1 65.6686626746507 0 0.25
"776" 150.3 25.8 51.6 12.9 0.928571428571429 82.8343313373254 0.666666666666667 0.5
"777" 150.3 38.7 51.6 12.9 0.928571428571429 74.251497005988 0.333333333333333 0.333333333333333
"778" 150.3 51.6 51.6 12.9 1 65.6686626746507 0 0.25
"779" 150.3 25.8 51.6 12.9 0.928571428571429 82.8343313373254 0.666666666666667 0.5
"780" 150.3 51.6 51.6 12.9 1 65.6686626746507 0 0.25
"781" 150.3 51.6 51.6 12.9 1 65.6686626746507 0 0.25
"782" 150.3 51.6 51.6 12.9 1 65.6686626746507 0 0.25
"783" 150.3 38.7 51.6 12.9 0.928571428571429 74.251497005988 0.333333333333333 0.333333333333333
"784" 150.3 51.6 51.6 12.9 1 65.6686626746507 0 0.25
"785" 150.3 51.6 51.6 12.9 1 65.6686626746507 0 0.25
"786" 150.3 51.6 51.6 12.9 1 65.6686626746507 0 0.25
"787" 150.3 25.8 51.6 12.9 0.928571428571429 82.8343313373254 0.666666666666667 0.5
"788" 150.3 38.7 51.6 12.9 0.928571428571429 74.251497005988 0.333333333333333 0.333333333333333
"789" 150.3 51.6 51.6 12.9 1 65.6686626746507 0 0.25
"790" 150.3 51.6 51.6 12.9 1 65.6686626746507 0 0.25
"791" 150.3 51.6 51.6 12.9 1 65.6686626746507 0 0.25
"792" 150.3 51.6 51.6 12.9 1 65.6686626746507 0 0.25
"793" 150.3 51.6 51.6 12.9 1 65.6686626746507 0 0.25
"794" 150.3 51.6 51.6 12.9 1 65.6686626746507 0 0.25
"795" 150.3 51.6 51.6 12.9 1 65.6686626746507 0 0.25
"796" 150.3 51.6 51.6 12.9 1 65.6686626746507 0 0.25
"797" 150.3 51.6 51.6 12.9 1 65.6686626746507 0 0.25
"798" 150.3 51.6 51.6 12.9 1 65.6686626746507 0 0.25
"799" 150.3 51.6 51.6 12.9 1 65.6686626746507 0 0.25
"800" 150.3 51.6 51.6 12.9 1 65.6686626746507 0 0.25
"801" 150.3 51.6 51.6 12.9 1 65.6686626746507 0 0.25
"802" 150.3 51.6 51.6 12.9 1 65.6686626746507 0 0.25
"803" 150.3 38.7 51.6 12.9 0.928571428571429 74.251497005988 0.333333333333333 0.333333333333333
"804" 150.3 51.6 51.6 12.9 1 65.6686626746507 0 0.25
"805" 150.3 51.6 51.6 12.9 1 65.6686626746507 0 0.25
"806" 150.3 51.6 51.6 12.9 1 65.6686626746507 0 0.25
"807" 150.3 25.8 51.6 12.9 0.928571428571429 82.8343313373254 0.666666666666667 0.5
"808" 150.3 51.6 51.6 12.9 1 65.6686626746507 0 0.25
"809" 150.3 51.6 51.6 12.9 1 65.6686626746507 0 0.25
"810" 150.3 51.6 51.6 12.9 1 65.6686626746507 0 0.25
"811" 150.3 51.6 51.6 12.9 1 65.6686626746507 0 0.25
"812" 150.3 51.6 51.6 12.9 1 65.6686626746507 0 0.25
"813" 150.3 51.6 51.6 12.9 1 65.6686626746507 0 0.25
"814" 150.3 51.6 51.6 12.9 1 65.6686626746507 0 0.25
"815" 150.3 51.6 51.6 12.9 1 65.6686626746507 0 0.25
"816" 150.3 38.7 51.6 12.9 0.928571428571429 74.251497005988 0.333333333333333 0.333333333333333
"817" 150.3 51.6 51.6 12.9 1 65.6686626746507 0 0.25
"818" 150.3 25.8 51.6 12.9 0.928571428571429 82.8343313373254 0.666666666666667 0.5
"819" 150.3 51.6 51.6 12.9 1 65.6686626746507 0 0.25
"820" 150.3 51.6 51.6 12.9 1 65.6686626746507 0 0.25
"821" 150.3 51.6 51.6 12.9 1 65.6686626746507 0 0.25
"822" 150.3 51.6 51.6 12.9 1 65.6686626746507 0 0.25
"823" 150.3 51.6 51.6 12.9 1 65.6686626746507 0 0.25
"824" 150.3 51.6 51.6 12.9 1 65.6686626746507 0 0.25
"825" 150.3 38.7 51.6 12.9 0.928571428571429 74.251497005988 0.333333333333333 0.333333333333333
"826" 150.3 51.6 51.6 12.9 1 65.6686626746507 0 0.25
"827" 150.3 51.6 51.6 12.9 1 65.6686626746507 0 0.25
"828" 150.3 51.6 51.6 12.9 1 65.6686626746507 0 0.25
"829" 150.3 38.7 51.6 12.9 0.928571428571429 74.251497005988 0.333333333333333 0.333333333333333
"830" 150.3 38.7 51.6 12.9 0.928571428571429 74.251497005988 0.333333333333333 0.333333333333333
"831" 150.3 38.7 51.6 12.9 0.928571428571429 74.251497005988 0.333333333333333 0.333333333333333
"832" 150.3 51.6 51.6 12.9 1 65.6686626746507 0 0.25
"833" 150.3 51.6 51.6 12.9 1 65.6686626746507 0 0.25
"834" 150.3 51.6 51.6 12.9 1 65.6686626746507 0 0.25
"835" 150.3 51.6 51.6 12.9 1 65.6686626746507 0 0.25
"836" 150.3 25.8 51.6 12.9 0.928571428571429 82.8343313373254 0.666666666666667 0.5
"837" 150.3 51.6 51.6 12.9 1 65.6686626746507 0 0.25
"838" 150.3 51.6 51.6 12.9 1 65.6686626746507 0 0.25
"839" 150.3 51.6 51.6 12.9 1 65.6686626746507 0 0.25
"840" 150.3 38.7 51.6 12.9 0.928571428571429 74.251497005988 0.333333333333333 0.333333333333333
"841" 150.3 38.7 51.6 12.9 0.928571428571429 74.251497005988 0.333333333333333 0.333333333333333
"842" 150.3 51.6 51.6 12.9 1 65.6686626746507 0 0.25
"843" 150.3 51.6 51.6 12.9 1 65.6686626746507 0 0.25
"844" 150.3 51.6 51.6 12.9 1 65.6686626746507 0 0.25
"845" 150.3 51.6 51.6 12.9 1 65.6686626746507 0 0.25
"846" 150.3 51.6 51.6 12.9 1 65.6686626746507 0 0.25
"847" 150.3 38.7 51.6 12.9 0.928571428571429 74.251497005988 0.333333333333333 0.333333333333333
"848" 150.3 51.6 51.6 12.9 1 65.6686626746507 0 0.25
"849" 150.3 51.6 51.6 12.9 1 65.6686626746507 0 0.25
"850" 150.3 51.6 51.6 12.9 1 65.6686626746507 0 0.25
"851" 150.3 51.6 51.6 12.9 1 65.6686626746507 0 0.25
"852" 150.3 51.6 51.6 12.9 1 65.6686626746507 0 0.25
"853" 150.3 51.6 51.6 12.9 1 65.6686626746507 0 0.25
"854" 150.3 51.6 51.6 12.9 1 65.6686626746507 0 0.25
"855" 150.3 51.6 51.6 12.9 1 65.6686626746507 0 0.25
"856" 150.3 51.6 51.6 12.9 1 65.6686626746507 0 0.25
"857" 150.3 51.6 51.6 12.9 1 65.6686626746507 0 0.25
"858" 150.3 51.6 51.6 12.9 1 65.6686626746507 0 0.25
"859" 150.3 51.6 51.6 12.9 1 65.6686626746507 0 0.25
"860" 150.3 51.6 51.6 12.9 1 65.6686626746507 0 0.25
"861" 150.3 51.6 51.6 12.9 1 65.6686626746507 0 0.25
"862" 150.3 51.6 51.6 12.9 1 65.6686626746507 0 0.25
"863" 150.3 51.6 51.6 12.9 1 65.6686626746507 0 0.25
"864" 150.3 51.6 51.6 12.9 1 65.6686626746507 0 0.25
"865" 150.3 51.6 51.6 12.9 1 65.6686626746507 0 0.25
"866" 150.3 51.6 51.6 12.9 1 65.6686626746507 0 0.25
"867" 150.3 51.6 51.6 12.9 1 65.6686626746507 0 0.25
"868" 150.3 51.6 51.6 12.9 1 65.6686626746507 0 0.25
"869" 150.3 51.6 51.6 12.9 1 65.6686626746507 0 0.25
"870" 150.3 38.7 51.6 12.9 0.928571428571429 74.251497005988 0.333333333333333 0.333333333333333
"871" 150.3 51.6 51.6 12.9 1 65.6686626746507 0 0.25
"872" 150.3 38.7 51.6 12.9 0.928571428571429 74.251497005988 0.333333333333333 0.333333333333333
"873" 150.3 51.6 51.6 12.9 1 65.6686626746507 0 0.25
"874" 150.3 38.7 51.6 12.9 0.928571428571429 74.251497005988 0.333333333333333 0.333333333333333
"875" 150.3 38.7 51.6 12.9 0.928571428571429 74.251497005988 0.333333333333333 0.333333333333333
"876" 150.3 51.6 51.6 12.9 1 65.6686626746507 0 0.25
"877" 150.3 38.7 51.6 12.9 0.928571428571429 74.251497005988 0.333333333333333 0.333333333333333
"878" 150.3 51.6 51.6 12.9 1 65.6686626746507 0 0.25
"879" 150.3 38.7 51.6 12.9 0.928571428571429 74.251497005988 0.333333333333333 0.333333333333333
"880" 150.3 51.6 51.6 12.9 1 65.6686626746507 0 0.25
"881" 150.3 51.6 51.6 12.9 1 65.6686626746507 0 0.25
"882" 150.3 51.6 51.6 12.9 1 65.6686626746507 0 0.25
"883" 150.3 51.6 51.6 12.9 1 65.6686626746507 0 0.25
"884" 150.3 38.7 51.6 12.9 0.928571428571429 74.251497005988 0.333333333333333 0.333333333333333
"885" 150.3 51.6 51.6 12.9 1 65.6686626746507 0 0.25
"886" 150.3 51.6 51.6 12.9 1 65.6686626746507 0 0.25
"887" 150.3 51.6 51.6 12.9 1 65.6686626746507 0 0.25
"888" 150.3 51.6 51.6 12.9 1 65.6686626746507 0 0.25
"889" 150.3 51.6 51.6 12.9 1 65.6686626746507 0 0.25
"890" 150.3 12.9 51.6 12.9 0.928571428571429 91.4171656686627 1 1
"891" 150.3 51.6 51.6 12.9 1 65.6686626746507 0 0.25
"892" 150.3 51.6 51.6 12.9 1 65.6686626746507 0 0.25
"893" 150.3 51.6 51.6 12.9 1 65.6686626746507 0 0.25
"894" 150.3 38.7 51.6 12.9 0.928571428571429 74.251497005988 0.333333333333333 0.333333333333333
"895" 150.3 51.6 51.6 12.9 1 65.6686626746507 0 0.25
"896" 150.3 51.6 51.6 12.9 1 65.6686626746507 0 0.25
"897" 150.3 51.6 51.6 12.9 1 65.6686626746507 0 0.25
"898" 150.3 38.7 51.6 12.9 0.928571428571429 74.251497005988 0.333333333333333 0.333333333333333
"899" 150.3 51.6 51.6 12.9 1 65.6686626746507 0 0.25
"900" 150.3 51.6 51.6 12.9 1 65.6686626746507 0 0.25
"901" 150.3 51.6 51.6 12.9 1 65.6686626746507 0 0.25
"902" 150.3 51.6 51.6 12.9 1 65.6686626746507 0 0.25
"903" 150.3 38.7 51.6 12.9 0.928571428571429 74.251497005988 0.333333333333333 0.333333333333333
"904" 150.3 51.6 51.6 12.9 1 65.6686626746507 0 0.25
"905" 150.3 38.7 51.6 12.9 0.928571428571429 74.251497005988 0.333333333333333 0.333333333333333
"906" 150.3 51.6 51.6 12.9 1 65.6686626746507 0 0.25
"907" 150.3 51.6 51.6 12.9 1 65.6686626746507 0 0.25
"908" 150.3 51.6 51.6 12.9 1 65.6686626746507 0 0.25
"909" 150.3 51.6 51.6 12.9 1 65.6686626746507 0 0.25
"910" 150.3 51.6 51.6 12.9 1 65.6686626746507 0 0.25
"911" 150.3 51.6 51.6 12.9 1 65.6686626746507 0 0.25
"912" 150.3 51.6 51.6 12.9 1 65.6686626746507 0 0.25
"913" 150.3 51.6 51.6 12.9 1 65.6686626746507 0 0.25
"914" 150.3 38.7 51.6 12.9 0.928571428571429 74.251497005988 0.333333333333333 0.333333333333333
"915" 150.3 38.7 51.6 12.9 0.928571428571429 74.251497005988 0.333333333333333 0.333333333333333
"916" 150.3 51.6 51.6 12.9 1 65.6686626746507 0 0.25
"917" 150.3 51.6 51.6 12.9 1 65.6686626746507 0 0.25
"918" 150.3 51.6 51.6 12.9 1 65.6686626746507 0 0.25
"919" 150.3 51.6 51.6 12.9 1 65.6686626746507 0 0.25
"920" 150.3 12.9 51.6 12.9 0.928571428571429 91.4171656686627 1 1
"921" 150.3 51.6 51.6 12.9 1 65.6686626746507 0 0.25
"922" 150.3 51.6 51.6 12.9 1 65.6686626746507 0 0.25
"923" 150.3 38.7 51.6 12.9 0.928571428571429 74.251497005988 0.333333333333333 0.333333333333333
"924" 150.3 51.6 51.6 12.9 1 65.6686626746507 0 0.25
"925" 150.3 38.7 51.6 12.9 0.928571428571429 74.251497005988 0.333333333333333 0.333333333333333
"926" 150.3 51.6 51.6 12.9 1 65.6686626746507 0 0.25
"927" 150.3 51.6 51.6 12.9 1 65.6686626746507 0 0.25
"928" 150.3 51.6 51.6 12.9 1 65.6686626746507 0 0.25
"929" 150.3 51.6 51.6 12.9 1 65.6686626746507 0 0.25
"930" 150.3 51.6 51.6 12.9 1 65.6686626746507 0 0.25
"931" 150.3 38.7 51.6 12.9 0.928571428571429 74.251497005988 0.333333333333333 0.333333333333333
"932" 150.3 51.6 51.6 12.9 1 65.6686626746507 0 0.25
"933" 150.3 51.6 51.6 12.9 1 65.6686626746507 0 0.25
"934" 150.3 51.6 51.6 12.9 1 65.6686626746507 0 0.25
"935" 150.3 51.6 51.6 12.9 1 65.6686626746507 0 0.25
"936" 150.3 51.6 51.6 12.9 1 65.6686626746507 0 0.25
"937" 150.3 51.6 51.6 12.9 1 65.6686626746507 0 0.25
"938" 150.3 51.6 51.6 12.9 1 65.6686626746507 0 0.25
"939" 150.3 25.8 51.6 12.9 0.857142857142857 82.8343313373254 0.666666666666667 0.5
"940" 150.3 51.6 51.6 12.9 1 65.6686626746507 0 0.25
"941" 150.3 38.7 51.6 12.9 0.928571428571429 74.251497005988 0.333333333333333 0.333333333333333
"942" 150.3 38.7 51.6 12.9 0.928571428571429 74.251497005988 0.333333333333333 0.333333333333333
"943" 150.3 38.7 51.6 12.9 0.928571428571429 74.251497005988 0.333333333333333 0.333333333333333
"944" 150.3 51.6 51.6 12.9 1 65.6686626746507 0 0.25
"945" 150.3 51.6 51.6 12.9 1 65.6686626746507 0 0.25
"946" 150.3 51.6 51.6 12.9 1 65.6686626746507 0 0.25
"947" 150.3 25.8 51.6 12.9 0.928571428571429 82.8343313373254 0.666666666666667 0.5
"948" 150.3 38.7 51.6 12.9 0.928571428571429 74.251497005988 0.333333333333333 0.333333333333333
"949" 150.3 38.7 51.6 12.9 0.928571428571429 74.251497005988 0.333333333333333 0.333333333333333
"950" 150.3 51.6 51.6 12.9 1 65.6686626746507 0 0.25
"951" 150.3 51.6 51.6 12.9 1 65.6686626746507 0 0.25
"952" 150.3 51.6 51.6 12.9 1 65.6686626746507 0 0.25
"953" 150.3 51.6 51.6 12.9 1 65.6686626746507 0 0.25
"954" 150.3 38.7 51.6 12.9 0.928571428571429 74.251497005988 0.333333333333333 0.333333333333333
"955" 150.3 38.7 51.6 12.9 0.928571428571429 74.251497005988 0.333333333333333 0.333333333333333
"956" 150.3 51.6 51.6 12.9 1 65.6686626746507 0 0.25
"957" 150.3 51.6 51.6 12.9 1 65.6686626746507 0 0.25
"958" 150.3 51.6 51.6 12.9 1 65.6686626746507 0 0.25
"959" 150.3 38.7 51.6 12.9 0.928571428571429 74.251497005988 0.333333333333333 0.333333333333333
"960" 150.3 51.6 51.6 12.9 1 65.6686626746507 0 0.25
"961" 150.3 51.6 51.6 12.9 1 65.6686626746507 0 0.25
"962" 150.3 38.7 51.6 12.9 0.928571428571429 74.251497005988 0.333333333333333 0.333333333333333
"963" 150.3 51.6 51.6 12.9 1 65.6686626746507 0 0.25
"964" 150.3 51.6 51.6 12.9 1 65.6686626746507 0 0.25
"965" 150.3 51.6 51.6 12.9 1 65.6686626746507 0 0.25
"966" 150.3 51.6 51.6 12.9 1 65.6686626746507 0 0.25
"967" 150.3 51.6 51.6 12.9 1 65.6686626746507 0 0.25
"968" 150.3 51.6 51.6 12.9 1 65.6686626746507 0 0.25
"969" 150.3 51.6 51.6 12.9 1 65.6686626746507 0 0.25
"970" 150.3 51.6 51.6 12.9 1 65.6686626746507 0 0.25
"971" 150.3 51.6 51.6 12.9 1 65.6686626746507 0 0.25
"972" 150.3 51.6 51.6 12.9 1 65.6686626746507 0 0.25
"973" 150.3 51.6 51.6 12.9 1 65.6686626746507 0 0.25
"974" 150.3 51.6 51.6 12.9 1 65.6686626746507 0 0.25
"975" 150.3 51.6 51.6 12.9 1 65.6686626746507 0 0.25
"976" 150.3 51.6 51.6 12.9 1 65.6686626746507 0 0.25
"977" 150.3 38.7 51.6 12.9 0.928571428571429 74.251497005988 0.333333333333333 0.333333333333333
"978" 150.3 51.6 51.6 12.9 1 65.6686626746507 0 0.25
"979" 150.3 38.7 51.6 12.9 0.928571428571429 74.251497005988 0.333333333333333 0.333333333333333
"980" 150.3 51.6 51.6 12.9 1 65.6686626746507 0 0.25
"981" 150.3 51.6 51.6 12.9 1 65.6686626746507 0 0.25
"982" 150.3 51.6 51.6 12.9 1 65.6686626746507 0 0.25
"983" 150.3 51.6 51.6 12.9 1 65.6686626746507 0 0.25
"984" 150.3 51.6 51.6 12.9 1 65.6686626746507 0 0.25
"985" 150.3 51.6 51.6 12.9 1 65.6686626746507 0 0.25
"986" 150.3 51.6 51.6 12.9 1 65.6686626746507 0 0.25
"987" 150.3 51.6 51.6 12.9 1 65.6686626746507 0 0.25
"988" 150.3 51.6 51.6 12.9 1 65.6686626746507 0 0.25
"989" 150.3 38.7 51.6 12.9 0.928571428571429 74.251497005988 0.333333333333333 0.333333333333333
"990" 150.3 38.7 51.6 12.9 0.928571428571429 74.251497005988 0.333333333333333 0.333333333333333
"991" 150.3 38.7 51.6 12.9 0.928571428571429 74.251497005988 0.333333333333333 0.333333333333333
"992" 150.3 51.6 51.6 12.9 1 65.6686626746507 0 0.25
"993" 150.3 51.6 51.6 12.9 1 65.6686626746507 0 0.25
"994" 150.3 38.7 51.6 12.9 0.928571428571429 74.251497005988 0.333333333333333 0.333333333333333
"995" 150.3 51.6 51.6 12.9 1 65.6686626746507 0 0.25
"996" 150.3 51.6 51.6 12.9 1 65.6686626746507 0 0.25
"997" 150.3 51.6 51.6 12.9 1 65.6686626746507 0 0.25
"998" 150.3 51.6 51.6 12.9 1 65.6686626746507 0 0.25
"999" 150.3 51.6 51.6 12.9 1 65.6686626746507 0 0.25
"1000" 150.3 51.6 51.6 12.9 1 65.6686626746507 0 0.25
