"SCI" "RCI" "GER" "MSM*" "MIG"
"1" 0.387096774193548 -2157.7654963464 0.418330321427379 0.0792358502346222 2015.94158305114
"2" 0.419354838709677 -2948.73354520341 0.391608404838207 0.075933443377409 2115.86611714195
"3" 0.32258064516129 -2802.03575880321 0.224070309079277 0.0611868756693429 2634.23636618337
"4" 0.516129032258065 -2615.86953610119 0.414247702352234 0.0787853735364238 2040.67782845733
"5" 0.451612903225806 -1688.44127577578 0.435384845211684 0.0809723416016889 1962.45357486696
"6" 0.516129032258065 -2261.36710740091 0.424671154532529 0.0790929512450047 2005.32622898053
"7" 0.387096774193548 -4372.9708431699 0.265223866334475 0.0638064816186916 2509.84164566912
"8" 0.354838709677419 -2056.86855904467 0.596807446397946 0.10942011934573 1452.84656469378
"9" 0.387096774193548 -2842.32730923091 0.285316322733209 0.0650450355213305 2455.89297733559
"10" 0.387096774193548 -2790.34376379705 0.186396569262288 0.0580473821670443 2759.86489909409
"11" 0.419354838709677 -2319.27456274483 0.431588175182635 0.080513538445864 1978.88024557567
"12" 0.32258064516129 -2589.13234777634 0.209044988173637 0.0602404751497485 2681.47735391947
"13" 0.419354838709677 -2439.18318060115 0.441642332352934 0.0816500823224548 1949.97068208568
"14" 0.419354838709677 -2446.98954828077 0.368174342985394 0.0730008716546322 2185.73845883885
"15" 0.516129032258065 -2898.62652640939 0.386628727213778 0.0754989537866667 2122.55410553166
"16" 0.419354838709677 -2510.64653271792 0.301580823395906 0.0673679764210526 2394.98890869168
"17" 0.419354838709677 -2563.08665827442 0.25344061353766 0.0631307086783819 2544.50826896245
"18" 0.354838709677419 -2786.92493760291 0.302844171188849 0.0664769347651137 2404.19776548999
"19" 0.387096774193548 -2784.0770795393 0.417174292206203 0.078755477390533 2030.2020753501
"20" 0.387096774193548 -3934.03785539984 0.204825951408919 0.05861355672763 2717.49942928159
"21" 0.451612903225806 -1756.55613521754 0.436917072299867 0.0822897495042337 1946.63881991486
"22" 0.354838709677419 -2518.02641039468 0.173318712677159 0.0571527788199185 2799.08371271184
"23" 0.354838709677419 -4215.74863655971 0.255985278960479 0.0632065437472811 2550.74257832271
"24" 0.387096774193548 -2792.4679059474 0.410000831219772 0.0777735300258722 2043.36061054589
"25" 0.451612903225806 -2187.23478773955 0.305930905588239 0.0678880402117848 2372.05002179183
"26" 0.387096774193548 -3079.34487981115 0.255758807119986 0.0635396341790349 2543.26047985796
"27" 0.483870967741935 -2954.54745728155 0.391072040430414 0.0756323294900538 2122.03857287249
"28" 0.387096774193548 -3634.58673270781 0.323388291954861 0.0687575763348134 2332.64745051818
"29" 0.258064516129032 -3108.31347969546 0.263375868973878 0.0632377999277078 2522.00039059336
"30" 0.516129032258065 -2613.72011313017 0.390486879479751 0.0753610332475504 2106.53272509476
"31" 0.451612903225806 -2549.08282286755 0.363461861322945 0.0724983809318822 2205.67817326568
"32" 0.387096774193548 -2995.62064086388 0.251056241383728 0.0624858788863077 2566.68376941633
"33" 0.387096774193548 -2904.25039166812 0.259695228386653 0.0630994959935442 2542.82868965736
"34" 0.354838709677419 -3442.91733943794 0.217303272573806 0.0602590706014244 2668.02992333337
"35" 0.387096774193548 -2179.88935083897 0.341973466947977 0.0703356890564925 2263.16981659717
"36" 0.354838709677419 -2632.13159221317 0.245857374640294 0.062420263344454 2582.49713762342
"37" 0.483870967741935 -2002.2405466758 0.553825325896569 0.101418743707244 1591.22346173351
"38" 0.419354838709677 -3122.89504139742 0.366671815240583 0.0733790974750746 2193.84613338427
"39" 0.290322580645161 -3809.25011482924 0.190010131165602 0.0584359955498423 2753.01483261854
"40" 0.483870967741935 -2895.75147074937 0.263519994902906 0.0626168823525606 2518.74158467703
"41" 0.32258064516129 -3036.99238891875 0.164275010442885 0.0566430990644055 2828.08349455175
"42" 0.451612903225806 -2265.32525866202 0.284676049895509 0.0653294353511643 2439.24957653751
"43" 0.387096774193548 -2748.16433279616 0.273250684142517 0.0640774279541649 2492.34810948299
"44" 0.387096774193548 -3222.99084548091 0.29508957035319 0.0663944827936221 2429.10551345767
"45" 0.354838709677419 -3145.07054142939 0.271258596264636 0.0643533806109716 2489.6546924028
"46" 0.483870967741935 -2543.59461349212 0.333849750948973 0.0701107656357392 2287.22043462269
"47" 0.354838709677419 -3947.47085735797 0.312382340913935 0.0678924538378159 2379.6477992446
"48" 0.548387096774194 -2473.27078387054 0.379001178476463 0.0737327948760414 2158.25450388966
"49" 0.451612903225806 -2623.5888395157 0.262520042326524 0.0640275720679833 2518.94655110127
"50" 0.32258064516129 -2605.48407002836 0.231891850107711 0.0612184748542004 2613.94836006538
"51" 0.354838709677419 -3120.92052446542 0.319537231488285 0.0683861055690968 2352.58134222873
"52" 0.387096774193548 -1872.80627649571 0.408680913993552 0.077855445231683 2055.36727094917
"53" 0.451612903225806 -1994.58612144451 0.397097646335399 0.0768148684566224 2075.8765508953
"54" 0.32258064516129 -2919.26530001562 0.304772267999734 0.0663154254539779 2391.90979303078
"55" 0.451612903225806 -3150.27567122238 0.369632421152145 0.0733317409102542 2176.54194478716
"56" 0.419354838709677 -3151.12872749843 0.286258961614685 0.0661492939059999 2434.58089844779
"57" 0.516129032258065 -2310.03607742818 0.40964641056313 0.0781002145649441 2038.64115565158
"58" 0.483870967741935 -3335.97997977855 0.324274013770836 0.0689589942619441 2333.40382319285
"59" 0.32258064516129 -2717.69737520543 0.187982936979239 0.0581222622967571 2760.97385345878
"60" 0.354838709677419 -2396.48940007314 0.375746678200711 0.0745741824514293 2166.05685418752
"61" 0.516129032258065 -2064.1224022659 0.452279564001337 0.0838661843325744 1919.53370386409
"62" 0.419354838709677 -4031.63699448679 0.289220445540059 0.0658563872698311 2449.05367741006
"63" 0.419354838709677 -2672.73836521089 0.381297263124551 0.074192848123173 2155.0804649072
"64" 0.387096774193548 -2702.71944409664 0.302636563208894 0.0673959089279832 2390.09032571376
"65" 0.483870967741935 -2447.67368292912 0.412827314001975 0.0787137959381934 2038.31859189055
"66" 0.387096774193548 -2111.44811036074 0.321552809408701 0.0681145274314518 2328.96546923218
"67" 0.451612903225806 -2529.63467889901 0.517660481253188 0.0935276158961193 1713.64374925354
"68" 0.387096774193548 -2442.29450157296 0.286164769244614 0.0655951060784365 2432.22555292334
"69" 0.419354838709677 -2971.08275641727 0.352132261311234 0.0714970550116332 2245.58683699246
"70" 0.451612903225806 -2872.45694914518 0.444314333285697 0.0825960497341636 1943.53702708498
"71" 0.483870967741935 -3051.60168433931 0.368262153453037 0.0730511756278875 2196.2076932231
"72" 0.451612903225806 -2340.58191253972 0.393303413832608 0.0760844953534659 2110.65774551008
"73" 0.387096774193548 -3203.79352674352 0.25671381339885 0.0630377625559762 2534.47991158052
"74" 0.387096774193548 -3010.62660531518 0.21123093255197 0.0599845075670271 2676.04018461545
"75" 0.419354838709677 -3457.26600709873 0.243422711644319 0.0616236383420684 2589.05115377778
"76" 0.387096774193548 -2272.92252305823 0.254423885177805 0.0631760506429485 2541.29600724786
"77" 0.387096774193548 -2753.56249936815 0.344397882591272 0.0706159878611974 2259.82925419222
"78" 0.387096774193548 -2511.41845024686 0.344128371843656 0.0707120781342673 2260.41746831915
"79" 0.419354838709677 -2704.0964428763 0.29001301839823 0.0654427741207989 2426.4944466206
"80" 0.451612903225806 -2919.47476405615 0.332925929071156 0.0698839961404211 2303.79385890777
"81" 0.387096774193548 -3992.79750073336 0.207371597212119 0.059713849059678 2708.63994100691
"82" 0.580645161290323 -1950.35850330324 0.560656481657471 0.10178916352749 1564.70673178607
"83" 0.387096774193548 -2997.79880121312 0.244676802607057 0.0620842558833272 2596.2576236957
"84" 0.419354838709677 -2136.00011562434 0.374730615678903 0.0739469156221825 2159.45207326268
"85" 0.419354838709677 -2081.67695378286 0.384449769123944 0.0753334504359312 2126.5886352936
"86" 0.483870967741935 -2315.11068894808 0.282875190232992 0.0657167562002082 2451.53168880319
"87" 0.387096774193548 -1961.02377981064 0.577478036848889 0.105378140979928 1512.02634096821
"88" 0.387096774193548 -2531.49005327791 0.250690882258661 0.0630562079104843 2546.86939223421
"89" 0.354838709677419 -3017.03051360833 0.251964692647272 0.0628935032535007 2540.40264524982
"90" 0.548387096774194 -1784.84347077735 0.441759236556408 0.082429652347248 1939.00410942147
"91" 0.419354838709677 -3085.46038175036 0.316099637173287 0.068155119877428 2346.88218830936
"92" 0.451612903225806 -3067.88507440072 0.401169984074127 0.0762681753551639 2088.09953232243
"93" 0.354838709677419 -3409.96997405868 0.227662566012513 0.0609950284947747 2635.42685379767
"94" 0.354838709677419 -3218.53784902793 0.214567329305175 0.0594825059024661 2686.34214876423
"95" 0.483870967741935 -3291.97506393667 0.303478579754884 0.0669978764682094 2393.39769143608
"96" 0.516129032258065 -1946.93013306686 0.567635280351943 0.103102609640623 1545.34400871726
"97" 0.32258064516129 -2709.81265289882 0.346607582281649 0.0712055515913112 2266.81808265675
"98" 0.483870967741935 -2780.11802086238 0.314058073506494 0.0681420436340158 2350.63155185494
"99" 0.419354838709677 -2197.50598947998 0.436716212408622 0.0808854516294202 1970.66468882825
"100" 0.483870967741935 -2669.96594263062 0.308766713096542 0.0676857519846136 2371.70421780476
"101" 0.419354838709677 -3408.35179501666 0.413346424372934 0.0784895347602543 2040.63684958173
"102" 0.516129032258065 -2373.46495320666 0.412278135261796 0.0787013396327621 2042.50330622805
"103" 0.419354838709677 -2317.81150117642 0.331051093693965 0.0695675813154743 2292.0063337679
"104" 0.548387096774194 -2490.95775981281 0.36654756163724 0.0733856248860942 2185.16276880712
"105" 0.387096774193548 -2379.08676946599 0.306499593832973 0.0676646846323486 2382.40020551255
"106" 0.32258064516129 -3314.94265462211 0.320165386281694 0.0684652736035088 2333.21760076926
"107" 0.32258064516129 -3555.54612419672 0.194929700194179 0.0583989775319312 2733.76762470556
"108" 0.387096774193548 -1773.34597324929 0.365835432261009 0.0729639671286477 2180.10019238534
"109" 0.387096774193548 -2588.58359773698 0.334315106836167 0.0699476781258636 2287.39503634598
"110" 0.419354838709677 -2630.32054554869 0.370870576369663 0.073318072905448 2177.2650010215
"111" 0.419354838709677 -3170.83759226186 0.271274698847098 0.0642360094124498 2499.28377938818
"112" 0.516129032258065 -2239.5849508878 0.390727021347805 0.0758342625825063 2106.28869533229
"113" 0.483870967741935 -2251.53909465039 0.384790636506735 0.0757578854860597 2114.36160218804
"114" 0.32258064516129 -2463.91121392003 0.392277936761809 0.0758931043086045 2105.83113796945
"115" 0.419354838709677 -2033.54947691707 0.343963894735386 0.071122592690976 2251.23088414415
"116" 0.290322580645161 -3025.39165172282 0.224928768120821 0.0604142749347788 2651.68420391504
"117" 0.354838709677419 -1978.5407656824 0.301528369930288 0.0672757981039973 2385.84062382358
"118" 0.354838709677419 -3104.93461988508 0.23899196021904 0.0618298623068941 2587.02145403201
"119" 0.419354838709677 -2476.47448511271 0.412673589226828 0.0785028995361859 2040.98713493394
"120" 0.32258064516129 -2665.00866930723 0.263868983302009 0.0634169504608663 2504.35848307391
"121" 0.387096774193548 -3116.29570979476 0.255058586848421 0.0629134320815246 2542.33056620668
"122" 0.419354838709677 -2205.38883332233 0.335873155971229 0.0700692482983314 2273.82285460652
"123" 0.548387096774194 -3059.03231289899 0.369289834920176 0.0732951442548639 2180.53737224065
"124" 0.516129032258065 -1952.92745539426 0.443365912669513 0.0826198130659896 1941.98858113157
"125" 0.32258064516129 -3103.97984429374 0.36888380718149 0.0726221868534586 2193.36340553764
"126" 0.387096774193548 -2497.71762018133 0.312041908234209 0.067331390980394 2362.51931443481
"127" 0.451612903225806 -3096.01165371382 0.309655663232906 0.0675618920823371 2373.55227033491
"128" 0.451612903225806 -2838.38368566946 0.424500130530818 0.0796155198001809 2012.32877753016
"129" 0.290322580645161 -4305.35985977983 0.283429666213232 0.0652593566120565 2442.50733690067
"130" 0.354838709677419 -2562.33476744796 0.301572519784602 0.0674563953369684 2391.26845886358
"131" 0.451612903225806 -1940.96381447951 0.519348165581917 0.0933811969120697 1709.51067803513
"132" 0.419354838709677 -2706.85051831562 0.302377702985464 0.0675462993877183 2393.75181763916
"133" 0.419354838709677 -2477.01288875331 0.306580736689928 0.0673792860616859 2376.41134296235
"134" 0.387096774193548 -2841.26457888733 0.357683149766553 0.0721615258463342 2226.25341587006
"135" 0.419354838709677 -2340.34239725129 0.302357394214779 0.0672444063776098 2380.34147894573
"136" 0.419354838709677 -4351.70666027434 0.271169315572338 0.0640697088736122 2507.81136182629
"137" 0.290322580645161 -3147.14924669711 0.162781801725094 0.0562877235010971 2835.49100621563
"138" 0.451612903225806 -3233.58316140887 0.339917485101765 0.0700735043056827 2284.51511680821
"139" 0.387096774193548 -2547.7648256091 0.337796827810214 0.0705242869736771 2267.80333153011
"140" 0.290322580645161 -3048.47208777348 0.181096652417592 0.0575682127334066 2784.46511534366
"141" 0.354838709677419 -2695.0808074332 0.3375931609169 0.0699497727986676 2281.86889928549
"142" 0.483870967741935 -2282.66968078582 0.399457820453224 0.0765528636290216 2085.97454891213
"143" 0.419354838709677 -2153.45798261989 0.464243173759148 0.0851294533180488 1884.79324731434
"144" 0.387096774193548 -2414.87256027296 0.254669561469515 0.0628223616871162 2550.82728559773
"145" 0.290322580645161 -2091.2843198883 0.429483673127528 0.0802918969911332 1986.56802695825
"146" 0.387096774193548 -2322.5878377919 0.292648214646256 0.0662693822262445 2410.23821946505
"147" 0.451612903225806 -2494.75010066954 0.393849051755444 0.0770150305432793 2092.92145006091
"148" 0.32258064516129 -2952.26333174837 0.276322313129912 0.0651189873122402 2480.73022120898
"149" 0.354838709677419 -2639.42317710926 0.415862486227376 0.0787111508541363 2040.36524804581
"150" 0.32258064516129 -2790.27178094785 0.2945770759944 0.0662324970315832 2413.51302193758
"151" 0.483870967741935 -2815.93076516915 0.375872864512659 0.0736558423024412 2159.04750112399
"152" 0.387096774193548 -3164.31916812518 0.213541153912777 0.0598399352340616 2681.52725122186
"153" 0.516129032258065 -1743.28125539006 0.433743923389978 0.0806951430863476 1965.59913453822
"154" 0.451612903225806 -3345.62093120821 0.37437430092779 0.0734605855137359 2172.87500512071
"155" 0.419354838709677 -2993.12148246062 0.379591396668545 0.074802365727517 2153.43626666173
"156" 0.419354838709677 -3168.52397623401 0.238892624836041 0.0619146430805687 2603.08921035073
"157" 0.354838709677419 -2049.60446865546 0.328611924582609 0.069291878316921 2300.40657000242
"158" 0.387096774193548 -3107.61470400949 0.147277829452527 0.0551470521652984 2904.54032820415
"159" 0.419354838709677 -2693.64487030849 0.329434214125535 0.0697594716938693 2311.00071167328
"160" 0.387096774193548 -3304.53944733137 0.227784443964734 0.0606444428937584 2632.34945705371
"161" 0.419354838709677 -4558.60338647008 0.17952854274406 0.0568379865992654 2809.74292428758
"162" 0.32258064516129 -3133.77475966735 0.241224932995874 0.0615343448972547 2593.56926971045
"163" 0.483870967741935 -2215.48700448238 0.390440208564834 0.0756723083472973 2103.18924287797
"164" 0.354838709677419 -3356.46227546996 0.249478512489139 0.0621879549685853 2573.49685954734
"165" 0.354838709677419 -1921.63119917263 0.478806148237399 0.088107319543682 1826.74304753491
"166" 0.419354838709677 -3211.73772392018 0.24229620963665 0.0618556743096642 2588.28919827335
"167" 0.483870967741935 -2289.07094964438 0.411362603648394 0.077838583944969 2054.72079700602
"168" 0.387096774193548 -2795.53511456152 0.407146664142847 0.0775468144292741 2076.81548349428
"169" 0.419354838709677 -2379.13968593434 0.280421359988073 0.0648241017711891 2458.44676341388
"170" 0.483870967741935 -2623.18149118493 0.42736762843681 0.0804194674830347 1989.40818289456
"171" 0.451612903225806 -2307.77746098402 0.344985886377021 0.0715637202202936 2242.32623596586
"172" 0.387096774193548 -2241.0775796138 0.38484165405814 0.0749485726898631 2128.24049713255
"173" 0.419354838709677 -2700.26097018062 0.310053206840367 0.0671562471994338 2375.27065472244
"174" 0.419354838709677 -2581.60303983614 0.31223267028918 0.0669967539409234 2363.9497207136
"175" 0.483870967741935 -3009.73055247231 0.369254389932255 0.0735431906560647 2183.71869346101
"176" 0.516129032258065 -2998.47056004716 0.400012254084635 0.0765272190083535 2082.30948848331
"177" 0.387096774193548 -3274.47501448252 0.338425979359026 0.0696121653401856 2294.29722739285
"178" 0.387096774193548 -2721.73062152179 0.388504580435821 0.0756144272858119 2131.33943800718
"179" 0.32258064516129 -3099.80321777401 0.196382662410445 0.0584312914809866 2742.83431242694
"180" 0.451612903225806 -2657.40062890451 0.3722807624721 0.0736394498885995 2175.79150075447
"181" 0.451612903225806 -2271.22915700615 0.438532300855823 0.0807717191641101 1961.21008805532
"182" 0.516129032258065 -2068.07092205961 0.446272967014659 0.0829354974840143 1926.29479785826
"183" 0.580645161290323 -2118.58723252275 0.381983956951228 0.0755124487601571 2134.37429486142
"184" 0.387096774193548 -2420.91496482098 0.21745309180825 0.0603054284211278 2645.3370623128
"185" 0.387096774193548 -3598.88751778603 0.303218502099111 0.0665048438881323 2401.15780316053
"186" 0.419354838709677 -3222.89231006184 0.289049892611868 0.0654041935872371 2435.32907946194
"187" 0.387096774193548 -1839.07863441276 0.447137650030485 0.0839183227646475 1917.3612371785
"188" 0.451612903225806 -2771.35810602388 0.323433374285905 0.0694551727965523 2315.2096800532
"189" 0.419354838709677 -2681.57341586242 0.404110950058634 0.0775583107083269 2069.58579519467
"190" 0.580645161290323 -2156.22013417422 0.501544631755296 0.0912081983134698 1756.54564448302
"191" 0.387096774193548 -3074.23928839022 0.305607556896981 0.0670597381018938 2386.95876926483
"192" 0.32258064516129 -2603.28622298716 0.246528359650525 0.0618300002515551 2555.40613143318
"193" 0.451612903225806 -2470.0427360691 0.432090385770242 0.0801793922042931 1976.15946956656
"194" 0.419354838709677 -2867.79363392265 0.250193710464437 0.063116049936059 2558.99027650722
"195" 0.387096774193548 -3367.45031120143 0.238652617252454 0.06144988870751 2616.05691432512
"196" 0.451612903225806 -1838.02622255114 0.467028377256467 0.0854939632392539 1853.7585497558
"197" 0.387096774193548 -2540.84776885721 0.300799892759514 0.0665811079961396 2406.3391009558
"198" 0.354838709677419 -2643.17675164541 0.389306538134511 0.075656161827695 2118.03430562196
"199" 0.419354838709677 -3013.97744797717 0.311441750097684 0.0672827239529742 2363.59261591423
"200" 0.612903225806452 -2590.50301378409 0.570274825840888 0.104062854044819 1545.00963404188
"201" 0.354838709677419 -3827.07730398512 0.25624888917787 0.0628378430912012 2538.13376387947
"202" 0.387096774193548 -2881.8031342839 0.336396137425411 0.0701707859814905 2302.38838167567
"203" 0.419354838709677 -2168.51648765545 0.331681401232944 0.06988457151515 2287.35866841058
"204" 0.419354838709677 -1853.02108043503 0.377006686049229 0.0740539182889206 2152.93295720099
"205" 0.516129032258065 -3032.62188525797 0.335081760692338 0.0697795236422678 2287.16804733279
"206" 0.483870967741935 -1995.71102639198 0.457041691235703 0.0843669870268733 1895.9392601088
"207" 0.387096774193548 -2783.38459694518 0.216449628114856 0.0601672653924002 2666.30067954871
"208" 0.483870967741935 -3075.97221892409 0.407917674014367 0.0774715235544901 2068.04452498214
"209" 0.354838709677419 -4281.48173225467 0.305255824739608 0.0664518372184753 2408.19615815623
"210" 0.387096774193548 -2505.4192430614 0.316051336455164 0.0683907839969781 2348.28959394897
"211" 0.354838709677419 -2721.69571924906 0.228187385972394 0.0612190308668781 2626.2177470283
"212" 0.419354838709677 -1799.79912782134 0.358713702179831 0.072524844748151 2203.81766748189
"213" 0.451612903225806 -3554.69538097723 0.302969443866572 0.0666276006619708 2395.12684730798
"214" 0.516129032258065 -1900.5109350772 0.470089962858386 0.0867259359970382 1848.80984750503
"215" 0.419354838709677 -3128.52657623431 0.42461877446156 0.0789908754149335 2011.10939923931
"216" 0.419354838709677 -2392.90023356428 0.327384490935438 0.0694590691518016 2306.867436768
"217" 0.387096774193548 -3124.22575689072 0.300104640841356 0.0666941150378761 2400.16189177807
"218" 0.387096774193548 -2733.93770060824 0.333024016023876 0.070034755532347 2289.74777944579
"219" 0.419354838709677 -2536.12690597081 0.281493351359421 0.0651593772336541 2452.32318905736
"220" 0.483870967741935 -2528.93317072751 0.272019457794844 0.0642218318985151 2496.42749178701
"221" 0.451612903225806 -2857.32704562305 0.250166373036106 0.0619739495212883 2568.8568479055
"222" 0.387096774193548 -2349.36660194586 0.35112562410658 0.0714022914632394 2250.57149863847
"223" 0.32258064516129 -3964.60726279457 0.225845341787863 0.0605569404553216 2646.62700061448
"224" 0.290322580645161 -4063.98894459762 0.241323771504258 0.0620933946370028 2588.04326316211
"225" 0.419354838709677 -3237.87055100829 0.247125177747099 0.0622851976207494 2569.45463025314
"226" 0.354838709677419 -2615.59666679119 0.333978305024875 0.0699441571297205 2292.1866612164
"227" 0.483870967741935 -2501.15112823337 0.375796734938536 0.0737451735265765 2146.34673346083
"228" 0.419354838709677 -2953.6328940576 0.282249163394195 0.0649953911573943 2453.66745111608
"229" 0.419354838709677 -3024.11715360188 0.389988008624043 0.0757098139135478 2106.79049676888
"230" 0.387096774193548 -2479.42639215395 0.373226043289756 0.0736933774435039 2175.89191133322
"231" 0.580645161290323 -2366.3795747432 0.449221071080083 0.0827700940017703 1925.1175313727
"232" 0.354838709677419 -2913.16521494307 0.35173425928361 0.071306903716511 2254.15074425971
"233" 0.354838709677419 -2844.5216322906 0.412682828314349 0.0780196032799764 2040.10232298715
"234" 0.419354838709677 -2300.00063107981 0.361300429325339 0.072830502952301 2205.87307914688
"235" 0.32258064516129 -2871.02997322463 0.183918586123388 0.0573818118907559 2779.86509103277
"236" 0.354838709677419 -2714.67059115749 0.288718205217601 0.0663628160528308 2424.03651733154
"237" 0.419354838709677 -2971.77151979525 0.290199184837223 0.0659040057616746 2442.97289958475
"238" 0.451612903225806 -1542.96999721491 0.579058320104942 0.105986710169076 1508.03949623987
"239" 0.354838709677419 -2663.38851653908 0.294636263033273 0.0663884029326042 2418.99235208146
"240" 0.419354838709677 -2307.82885206056 0.396371030065829 0.0768496215275221 2087.5592162507
"241" 0.419354838709677 -3037.62670289198 0.377289427468591 0.0740524050673845 2151.73720840017
"242" 0.387096774193548 -2552.43847532051 0.308256739041353 0.0682660119675993 2363.50700109005
"243" 0.451612903225806 -2164.28699569588 0.451167513398657 0.0832052071709432 1924.69539807158
"244" 0.451612903225806 -3145.19361940271 0.296600161970522 0.0662004080873344 2419.42482489171
"245" 0.290322580645161 -2809.54655193632 0.316404654924634 0.0682705681126538 2328.01587357166
"246" 0.483870967741935 -2683.43507160204 0.405681193918874 0.0770470631729853 2070.66621370547
"247" 0.548387096774194 -2044.83378791932 0.518530395045668 0.094669088959329 1702.40864608551
"248" 0.451612903225806 -1767.64635359604 0.473350160776857 0.086706834856779 1837.08870866996
"249" 0.419354838709677 -2833.00789146474 0.305004324001229 0.0673678908048029 2383.9470266544
"250" 0.419354838709677 -2184.15684668104 0.218270140762679 0.0605234762159191 2648.63997059272
"251" 0.419354838709677 -2879.63186085332 0.292865556160409 0.0669848788566657 2409.99752407192
"252" 0.32258064516129 -3185.10141502578 0.310261868158522 0.0671512709041683 2373.08064357965
"253" 0.419354838709677 -1932.06101016349 0.429393507183626 0.0810649958305975 1979.4936124082
"254" 0.451612903225806 -4176.64880179929 0.276704195034217 0.0646339330382225 2492.37260966215
"255" 0.354838709677419 -2568.03932036469 0.287667840633559 0.0657368819259736 2429.70367578623
"256" 0.483870967741935 -2440.4394029674 0.42951745852157 0.0805248540349546 1985.48725454822
"257" 0.451612903225806 -2807.97776943915 0.47766947237043 0.0874371503601322 1835.3275412943
"258" 0.32258064516129 -2640.36553038689 0.278835803203721 0.0645122639606818 2461.64595410167
"259" 0.387096774193548 -2568.02702550296 0.418587898209632 0.0797754330069027 2025.87394411414
"260" 0.354838709677419 -2361.62379536737 0.392706246720546 0.0758235604210869 2109.95161422603
"261" 0.387096774193548 -3532.4420051657 0.281757247067994 0.0647493079987654 2484.94186455432
"262" 0.387096774193548 -3201.71144535033 0.312503197776505 0.0674835368779949 2385.03345586222
"263" 0.419354838709677 -3452.96919436693 0.320250391548467 0.0685710996862874 2348.86336362422
"264" 0.451612903225806 -2737.82953193425 0.410851867824042 0.0782639512616995 2051.99288476779
"265" 0.387096774193548 -2971.06604497861 0.182791294148042 0.0574240887952974 2791.6026919317
"266" 0.516129032258065 -2538.41522845931 0.399198071905147 0.0760792705268369 2077.65348642202
"267" 0.387096774193548 -3881.08444136603 0.242431192388067 0.0618157871309741 2591.39661598279
"268" 0.419354838709677 -3917.95773780179 0.304983701736581 0.0671301215734298 2387.5410960542
"269" 0.419354838709677 -3376.79275940574 0.372056188112938 0.0736147704716 2175.35495522311
"270" 0.483870967741935 -2670.04417907296 0.405144941774765 0.0773217955352988 2070.46733507452
"271" 0.451612903225806 -2896.54051562343 0.44997157965835 0.0840387160198005 1922.29453129841
"272" 0.483870967741935 -2830.84439472928 0.278464347844214 0.0641608426591117 2479.87454975039
"273" 0.419354838709677 -3415.07428342777 0.227642328992633 0.0606544025863596 2613.92626932111
"274" 0.451612903225806 -2186.2116129892 0.39864828696115 0.0774602650519096 2077.5591252687
"275" 0.451612903225806 -2548.22501673063 0.36350021359896 0.0732028494769056 2202.78899064149
"276" 0.387096774193548 -2563.39700388814 0.344416439081916 0.0704580727487506 2253.27704357601
"277" 0.451612903225806 -4172.23913403085 0.31474278846583 0.0682234065611655 2360.6730097495
"278" 0.32258064516129 -2755.1198735715 0.2867416246281 0.0660750366188474 2442.27281908132
"279" 0.354838709677419 -3182.34506386919 0.279350910238599 0.0650006521502293 2467.05791025508
"280" 0.419354838709677 -3010.85339452142 0.252589601377636 0.063109767728867 2563.07763536035
"281" 0.419354838709677 -3070.67734928917 0.33233231892167 0.0704606261681752 2296.87130620271
"282" 0.387096774193548 -2715.91507567301 0.311968650601089 0.068135263492757 2360.97582666766
"283" 0.32258064516129 -2933.84754580323 0.231495917166419 0.0609006014827298 2620.87041836884
"284" 0.516129032258065 -2667.51550264251 0.413799523946516 0.0786365484392522 2032.17149537068
"285" 0.483870967741935 -2100.42075672507 0.402564590419113 0.0774984296670722 2073.94724517564
"286" 0.419354838709677 -2024.73794049632 0.378914210600684 0.0744150165823792 2145.74341634847
"287" 0.387096774193548 -2403.22063492902 0.349018192222201 0.0717809648025517 2240.72693603947
"288" 0.451612903225806 -3000.59894133846 0.344211826936405 0.0705798892043707 2260.77010318991
"289" 0.354838709677419 -2012.51101262352 0.327541909457081 0.0695449024679908 2298.78328433706
"290" 0.580645161290323 -2159.45126785128 0.509315214603532 0.0924218298685121 1738.45832117751
"291" 0.387096774193548 -2220.60571651738 0.432986045319983 0.0811402375008687 1982.88354722249
"292" 0.32258064516129 -3076.63166083989 0.352833781423231 0.0723162011505756 2225.2728577251
"293" 0.387096774193548 -2748.25969168061 0.306129165895907 0.0671492801222224 2365.75459018983
"294" 0.419354838709677 -2727.58142735849 0.252441808272536 0.0625633575718603 2556.95037227031
"295" 0.483870967741935 -2166.18011759745 0.404420051111213 0.0777637669627216 2054.38793555355
"296" 0.32258064516129 -2692.33503170581 0.312657924850912 0.0683848233495257 2360.25838267836
"297" 0.419354838709677 -2729.35965409606 0.306007754510192 0.0668307334408191 2389.30741060269
"298" 0.354838709677419 -2207.38662710313 0.339314509648131 0.0714352246396283 2264.08187191644
"299" 0.451612903225806 -2376.68270004974 0.269445861811955 0.0644187597070388 2488.11755664296
"300" 0.483870967741935 -3272.735442469 0.349388497257259 0.0707549789148643 2254.7420283648
"301" 0.419354838709677 -3072.13103672828 0.269766962622792 0.063923095638886 2491.15623402972
"302" 0.387096774193548 -2172.32161310271 0.355042266183322 0.0726026176415653 2224.84051682288
"303" 0.580645161290323 -2695.38762286748 0.476015228942524 0.087918025610486 1834.5801111283
"304" 0.483870967741935 -2399.0053502583 0.47723380140224 0.0872566790070538 1837.72814078546
"305" 0.419354838709677 -2293.59384860293 0.384370050377752 0.075334223512 2130.33171648185
"306" 0.354838709677419 -2064.9138588219 0.334899852980458 0.07078877434979 2284.17641384455
"307" 0.419354838709677 -2553.77837255412 0.299154583218602 0.0667965068324057 2410.19870463082
"308" 0.483870967741935 -2099.03758002076 0.445431054483964 0.0824167719801173 1927.07629197263
"309" 0.32258064516129 -2998.15542577057 0.185596893251508 0.0576873135406827 2759.22681827989
"310" 0.354838709677419 -3559.92208965113 0.20342292462328 0.058851026711452 2714.13897421203
"311" 0.451612903225806 -2535.74266469913 0.367815120785376 0.0727922335283447 2183.12627293151
"312" 0.419354838709677 -3476.87856150167 0.299561391355872 0.0661015580023504 2410.60204529492
"313" 0.419354838709677 -2533.27296440938 0.382982975024869 0.0747034627412016 2142.3396516767
"314" 0.290322580645161 -3207.816335307 0.202382219967977 0.0588739601597406 2722.52200034284
"315" 0.483870967741935 -2517.59993097062 0.334162500888867 0.0695384279841293 2274.73192370895
"316" 0.387096774193548 -2804.51732781846 0.288286473080782 0.0654015613884828 2432.93361924381
"317" 0.387096774193548 -2851.2283936589 0.324971435074969 0.0690141914596727 2323.02840656389
"318" 0.516129032258065 -2824.25264776837 0.410673312099059 0.0790586896881903 2040.08309804645
"319" 0.354838709677419 -2989.13139411425 0.230665503140223 0.061248315273164 2633.31291593526
"320" 0.419354838709677 -3069.30194071687 0.417440539549022 0.0797172715975831 2022.92177408753
"321" 0.387096774193548 -2216.90695425203 0.343700268805471 0.0708498502888293 2248.86973755746
"322" 0.387096774193548 -2671.59846296559 0.204877261933238 0.0594173662363895 2701.18472134867
"323" 0.483870967741935 -2388.64074308827 0.370157060447105 0.0735511945373871 2182.8343317459
"324" 0.387096774193548 -2167.39094205872 0.417336693206552 0.0798334429060361 2021.24388156586
"325" 0.354838709677419 -2705.54545937259 0.2152945196241 0.0608176224732044 2654.96133823176
"326" 0.483870967741935 -2694.44334977286 0.401443339803177 0.0772174827770896 2088.90620903346
"327" 0.451612903225806 -2054.52653343054 0.354010269495642 0.0717841602773348 2231.28360494042
"328" 0.354838709677419 -3916.58365425331 0.198651781287288 0.0582996929106665 2731.54267485532
"329" 0.354838709677419 -2618.15052845413 0.321908763197773 0.0691866898928418 2324.15818574005
"330" 0.387096774193548 -2881.89467738803 0.305350648343634 0.0679794842194565 2366.97836794005
"331" 0.419354838709677 -2897.31708145957 0.257994697714549 0.0632153784902983 2530.68198046322
"332" 0.354838709677419 -2015.0401861315 0.44217462810222 0.08260484533206 1946.81894572119
"333" 0.387096774193548 -2526.59238439115 0.290309885615266 0.0657293770140706 2435.87829084819
"334" 0.387096774193548 -2628.82723597098 0.378300714325846 0.0744856313902722 2153.54195102919
"335" 0.451612903225806 -1542.5571812703 0.522110603549982 0.0955439951055516 1681.14733997531
"336" 0.32258064516129 -4131.69607696058 0.294692377309033 0.0653642048428704 2436.87488510166
"337" 0.451612903225806 -2089.25169946774 0.367609641022371 0.0739473133060988 2180.20196491646
"338" 0.483870967741935 -2371.80169772634 0.408480176964275 0.0784492563423957 2048.70851018635
"339" 0.387096774193548 -2039.05704495925 0.406722577837638 0.0775221673067894 2060.57698116907
"340" 0.354838709677419 -2727.78485088315 0.304542097230397 0.0664655422351226 2385.20706424654
"341" 0.451612903225806 -2984.99137447727 0.424272854555312 0.0800281657084101 1999.38034512092
"342" 0.419354838709677 -2908.35463859108 0.318554181802616 0.0687466183116342 2339.08053724872
"343" 0.516129032258065 -2257.69925850016 0.377588132436804 0.0740861036031952 2151.18015701767
"344" 0.354838709677419 -3480.6311425609 0.154636478967987 0.0557023416742519 2865.63421188419
"345" 0.387096774193548 -2825.68365884557 0.360420751452588 0.071788016676341 2207.17072374015
"346" 0.387096774193548 -2446.62482526373 0.254874850179344 0.062962828612649 2548.60703957879
"347" 0.387096774193548 -2997.77255951537 0.325391315122531 0.0683801776228329 2329.4435953495
"348" 0.32258064516129 -2352.69172478777 0.275106657767117 0.0648587610523925 2474.93409382513
"349" 0.387096774193548 -2278.84746283243 0.381221597067828 0.0747152007388079 2135.81303909323
"350" 0.451612903225806 -3504.75904067938 0.3144015310251 0.0678421222823564 2365.19955880763
"351" 0.290322580645161 -3362.89100123137 0.0776780256968604 0.0510490253025581 3129.24536363949
"352" 0.483870967741935 -2966.92717860174 0.464940118524707 0.085565367702753 1882.99709916329
"353" 0.387096774193548 -2643.06652656252 0.322817099656918 0.0682597305783643 2329.72623961351
"354" 0.419354838709677 -2602.51149857539 0.30498877496701 0.0668523333320513 2389.89661871901
"355" 0.354838709677419 -3426.39062499385 0.259213453315618 0.0633563090855946 2546.82329354093
"356" 0.451612903225806 -2849.76877984068 0.327308320529617 0.0691672395350447 2319.63574614385
"357" 0.419354838709677 -3923.25584369788 0.345191210588344 0.0702946020726157 2268.69052591296
"358" 0.419354838709677 -1765.77212188513 0.413645623407763 0.0794795241262827 2027.60043145289
"359" 0.419354838709677 -2167.79438293831 0.344627303107442 0.0714138951543984 2246.06617870253
"360" 0.483870967741935 -2525.38938258729 0.418342808776359 0.0795169966530781 2023.17345199995
"361" 0.354838709677419 -3473.79875369602 0.204080376308939 0.0594683724786849 2710.45494346635
"362" 0.483870967741935 -2834.02967199709 0.341266602077594 0.0711221633383038 2264.39644647568
"363" 0.483870967741935 -2648.4924432727 0.45435312035957 0.0848656338165718 1894.98822344913
"364" 0.32258064516129 -3266.34141426154 0.203106495093354 0.0592212130123277 2702.23843319527
"365" 0.451612903225806 -3695.731818332 0.345224054994798 0.0708697972810133 2248.28206500449
"366" 0.387096774193548 -3394.14520098149 0.337030148298571 0.0704805950059995 2290.80143503763
"367" 0.451612903225806 -3692.51992423991 0.326591673916379 0.0693415500098946 2328.79811489944
"368" 0.419354838709677 -2709.39726916579 0.237959088976064 0.0618872234582842 2605.75452603516
"369" 0.483870967741935 -2387.37813758901 0.511341743148051 0.0936771656041217 1723.21118535734
"370" 0.32258064516129 -3924.62086076909 0.217742295288209 0.0604731844804181 2667.15564217425
"371" 0.387096774193548 -2930.47068953909 0.245094806325645 0.0622483564635737 2581.8089120715
"372" 0.419354838709677 -3491.30942787991 0.279569810349193 0.065493734168954 2470.9375068031
"373" 0.419354838709677 -2540.19465343735 0.43744969255729 0.0811788478767769 1955.06808783928
"374" 0.419354838709677 -2991.39131603716 0.36705304624962 0.0730916363954091 2187.11786126298
"375" 0.419354838709677 -1552.87316038819 0.370393139849218 0.0734512843628407 2164.52912500389
"376" 0.451612903225806 -2879.51544568874 0.31220266806024 0.0676273943682559 2379.38648344188
"377" 0.387096774193548 -2816.49564979636 0.216311834907544 0.0601469666155471 2668.8495040676
"378" 0.451612903225806 -2689.71690658759 0.270615441650907 0.0634161247780947 2500.28300088584
"379" 0.483870967741935 -2808.99857880625 0.369464966315117 0.0736525169929148 2170.21696053272
"380" 0.387096774193548 -3553.07045263887 0.315489080840966 0.0675396896073379 2364.68393807489
"381" 0.354838709677419 -3196.58333783731 0.218082859340473 0.0599640218878344 2686.92329945469
"382" 0.483870967741935 -2584.24559969556 0.309721848480897 0.0672982420250941 2371.56532269851
"383" 0.483870967741935 -2129.78317331219 0.339715905603124 0.0704214436142587 2268.49040263988
"384" 0.419354838709677 -2656.92410756582 0.266081570379483 0.063435365137334 2494.36374834975
"385" 0.419354838709677 -3206.82594807161 0.333847538237779 0.0701238934579207 2306.30158497386
"386" 0.419354838709677 -2637.42741811275 0.410328001667721 0.0780109366002093 2041.42765443111
"387" 0.516129032258065 -3977.29510938139 0.351346034217104 0.0711709580836193 2260.74149515431
"388" 0.354838709677419 -2951.62528079405 0.326755958752854 0.0691614264016143 2334.31951845286
"389" 0.387096774193548 -2896.08693620774 0.283751659992249 0.0649945940980511 2471.38706080416
"390" 0.451612903225806 -3446.9487175925 0.352779528207591 0.0713801758526125 2220.74981080653
"391" 0.387096774193548 -2505.69379181194 0.375636453683425 0.0738813046418931 2157.111746167
"392" 0.451612903225806 -2526.06833700938 0.411569257000892 0.0781030088715599 2040.49541967623
"393" 0.516129032258065 -3375.24163484105 0.450573789563752 0.0836578925722737 1918.37819755741
"394" 0.354838709677419 -3199.14481532615 0.182884064183341 0.057534108836816 2781.25918941561
"395" 0.387096774193548 -3929.33305527472 0.327562157987721 0.0692997007460015 2304.03821157083
"396" 0.451612903225806 -2894.17709114671 0.364352276249742 0.0729763734272958 2207.8177037421
"397" 0.387096774193548 -2542.46076621756 0.331570534392683 0.069424728651232 2299.30992683112
"398" 0.354838709677419 -1796.62752617979 0.328881016916134 0.0696590021592787 2297.89392732246
"399" 0.354838709677419 -2666.35184913775 0.30339235763194 0.0667192630247802 2385.64520256423
"400" 0.419354838709677 -2917.30036695591 0.377930624485759 0.0738859420023956 2159.19477620011
"401" 0.419354838709677 -3187.21082468314 0.322938754215278 0.0682032946569809 2324.65695609363
"402" 0.419354838709677 -3058.22102052584 0.323676133070806 0.0685728848566484 2344.04666036157
"403" 0.290322580645161 -3601.73498739371 0.273369551814859 0.0645334796857063 2486.98023092407
"404" 0.387096774193548 -2398.88201398461 0.395994521425923 0.0763622904565847 2092.99960037043
"405" 0.32258064516129 -3067.97058246711 0.260987349053258 0.0633865367799243 2536.35896391228
"406" 0.516129032258065 -2852.52319188048 0.399710483044621 0.0753236260059319 2102.53252299525
"407" 0.387096774193548 -2095.86520346298 0.590807265682473 0.108495145244812 1472.38601449333
"408" 0.451612903225806 -2352.39577666332 0.524663509715907 0.094296383383201 1692.51287662457
"409" 0.483870967741935 -2114.49320166952 0.369642183719696 0.0735688851959792 2167.8429517084
"410" 0.419354838709677 -2322.22927836149 0.276561139223801 0.0650511320907245 2466.84098105325
"411" 0.354838709677419 -3522.84517771474 0.329653734365441 0.0690770055037524 2319.94417095406
"412" 0.419354838709677 -2484.81197348618 0.339077435025571 0.070907704328955 2276.02710699604
"413" 0.516129032258065 -2675.85396225173 0.386608129844989 0.0750292336749193 2129.68898349431
"414" 0.387096774193548 -1718.22127991165 0.466226341055794 0.0855237094532411 1863.22020722067
"415" 0.354838709677419 -3458.90766266079 0.245678822443658 0.0623840487257039 2576.16784519257
"416" 0.354838709677419 -3353.89121978179 0.25763511885857 0.0631028160799769 2533.1542814234
"417" 0.387096774193548 -3379.73543768975 0.231229959545023 0.0607868944079212 2627.94472892354
"418" 0.419354838709677 -3070.27815328976 0.44403252824289 0.0821667319811242 1948.23666202138
"419" 0.32258064516129 -3069.63386257015 0.273743197552117 0.0647660586596951 2486.29444655778
"420" 0.387096774193548 -4349.63744796986 0.247089822252895 0.0615322388566021 2597.65218158584
"421" 0.548387096774194 -1651.05978195507 0.527932724379329 0.0956107474167769 1668.35965005824
"422" 0.32258064516129 -3638.66622446599 0.212411929298576 0.0593420376027019 2701.33047745954
"423" 0.451612903225806 -2618.89527098283 0.496671961213708 0.0901090555967565 1766.39772592906
"424" 0.451612903225806 -1990.84234071031 0.4214398884017 0.0803660131150054 2007.68801109793
"425" 0.419354838709677 -3810.81621568844 0.266036365981355 0.0641873421221538 2511.00419495894
"426" 0.354838709677419 -3111.35725455656 0.151291667899122 0.0558383559094962 2878.95807018765
"427" 0.451612903225806 -3126.07469425637 0.230230188670678 0.0614997286739953 2626.36196226728
"428" 0.354838709677419 -2606.96507391431 0.32880844649338 0.0697434402392076 2297.28956927971
"429" 0.354838709677419 -2590.75004784528 0.296709683734964 0.0672006327885499 2396.33023649263
"430" 0.516129032258065 -2394.87184517812 0.384554849950557 0.075064669182962 2113.98568734296
"431" 0.516129032258065 -2574.89539675092 0.438108159694569 0.0822140472276615 1956.2766574126
"432" 0.516129032258065 -2205.05452527993 0.383512974579792 0.074893533400215 2126.68246214316
"433" 0.516129032258065 -2648.58754325074 0.382342061383763 0.0738556701506169 2141.25593563995
"434" 0.387096774193548 -3250.19312278744 0.21200619930024 0.0602939067189051 2670.74045806291
"435" 0.483870967741935 -2540.08008800177 0.399608364881499 0.0758740305897531 2090.3030030631
"436" 0.451612903225806 -2030.72453466648 0.38431068823983 0.0757296013776138 2124.80835314421
"437" 0.32258064516129 -2859.91415383482 0.170862428381224 0.0567794613508655 2798.38274960768
"438" 0.354838709677419 -2515.73539890924 0.376628355415673 0.0750006359950243 2159.10355622816
"439" 0.32258064516129 -4033.62395043693 0.217423433534198 0.0602817575928297 2668.01437222076
"440" 0.451612903225806 -2337.53468809294 0.366263445035427 0.0727022121064396 2191.84293681415
"441" 0.548387096774194 -2229.55738015622 0.413992675668183 0.0784278471544813 2041.5639130406
"442" 0.387096774193548 -2981.84631128339 0.306261538546869 0.067575470806365 2374.95616517552
"443" 0.354838709677419 -2685.38914472597 0.177928867655296 0.0571177057398181 2798.35324370406
"444" 0.419354838709677 -2627.74260606985 0.295167653316948 0.0669739972609802 2409.83049459022
"445" 0.387096774193548 -2934.35090741884 0.308310469468626 0.0674853674558612 2392.65589774703
"446" 0.451612903225806 -2972.62475741569 0.26008071662061 0.0633471185357148 2541.7888049463
"447" 0.516129032258065 -3518.97525904878 0.322543564411514 0.068488358730107 2328.70884822995
"448" 0.483870967741935 -2198.52616089414 0.423135610114718 0.0804061012047008 2000.70497980915
"449" 0.387096774193548 -3105.23083430235 0.356498524814382 0.0725267363861707 2224.48660826333
"450" 0.387096774193548 -2968.13667823789 0.290489923596096 0.0660001497229076 2435.23728722836
"451" 0.451612903225806 -1950.33420811193 0.424975073222531 0.0800616233276339 1999.76095809062
"452" 0.451612903225806 -3762.22465716443 0.329962448245447 0.0696174693151929 2310.26787247015
"453" 0.387096774193548 -3088.33952060195 0.398148480199538 0.0769618766259954 2090.68043729441
"454" 0.32258064516129 -4560.85527024356 0.173452614611692 0.0571141593416625 2804.45817459
"455" 0.419354838709677 -4044.5816994712 0.398500253256337 0.0754580110801698 2101.27674931349
"456" 0.419354838709677 -3072.85276996991 0.260452967630669 0.0635997692014813 2543.12701500215
"457" 0.419354838709677 -3315.99598416983 0.281401429695562 0.0647138420228734 2466.40198067223
"458" 0.387096774193548 -2214.89412748637 0.322450277400452 0.0697422333343753 2317.69460261563
"459" 0.548387096774194 -2199.40268270864 0.471669449531434 0.0866923287444875 1853.8269012406
"460" 0.354838709677419 -3571.7205145497 0.279738636608004 0.064598627550245 2469.4177530091
"461" 0.419354838709677 -3074.13288988464 0.347531840269438 0.0708312026545603 2239.67598196996
"462" 0.451612903225806 -2420.80718032617 0.316331285297459 0.0683269032925515 2350.42035427328
"463" 0.387096774193548 -2523.64221121562 0.25151810841969 0.0628618343895622 2554.26496027153
"464" 0.387096774193548 -2475.5608338148 0.382462283668434 0.0747350336050392 2129.70771037472
"465" 0.451612903225806 -2738.99903367861 0.349715382576163 0.0711651271111955 2269.98373141023
"466" 0.516129032258065 -2897.22209134318 0.471107558486957 0.0865992712864967 1859.81564862264
"467" 0.354838709677419 -3793.13069946048 0.214483935476142 0.060069032938601 2675.90926781015
"468" 0.451612903225806 -2406.31253051205 0.423358517132273 0.0799142084080443 2014.41826251873
"469" 0.32258064516129 -3061.55018352492 0.169500365796168 0.0572586679963066 2806.40860751865
"470" 0.483870967741935 -2371.39046229243 0.465578098258186 0.0855323733207941 1874.2804059676
"471" 0.354838709677419 -2967.5556747499 0.176961330796393 0.056818859291821 2799.31539910305
"472" 0.354838709677419 -4099.93893811288 0.235000540838803 0.0607149756422211 2634.68787033075
"473" 0.387096774193548 -2542.32903821212 0.314268870231877 0.0681412023676634 2353.44783150856
"474" 0.387096774193548 -2418.42105025299 0.323999913945409 0.0693845026630824 2316.67417222072
"475" 0.419354838709677 -3462.27389972373 0.312489401044567 0.0676925319197514 2367.95030141727
"476" 0.354838709677419 -3549.57172690172 0.261873356816434 0.0635113348066907 2527.0322112928
"477" 0.32258064516129 -2612.13390406603 0.319433572111549 0.0692440865638381 2331.36000574071
"478" 0.387096774193548 -3713.14582796559 0.246301919543161 0.0622322059987292 2589.88219165757
"479" 0.419354838709677 -1862.07149897157 0.436552578748721 0.0815990315431476 1959.32015949205
"480" 0.354838709677419 -2844.64903671094 0.304741545942647 0.0666437717101976 2383.67613327849
"481" 0.387096774193548 -2236.69266437395 0.308253304719005 0.0674974362917721 2369.10762682364
"482" 0.354838709677419 -2202.94776746497 0.339916127885449 0.0711385350970705 2265.79697925495
"483" 0.451612903225806 -2304.13531044081 0.313343236678667 0.0682479193321872 2348.08118712748
"484" 0.419354838709677 -3073.94248385665 0.314345667538481 0.0680116657798758 2353.07228312397
"485" 0.387096774193548 -3155.88931814877 0.29700136002655 0.0664984270764319 2421.9557463998
"486" 0.387096774193548 -2076.39254108009 0.324787857768049 0.069254605030368 2330.15213777322
"487" 0.451612903225806 -2305.92069311209 0.380855054455363 0.0741686378933004 2133.65664940407
"488" 0.354838709677419 -2848.84163318065 0.13998479116367 0.0554098469757937 2904.13838923906
"489" 0.387096774193548 -2707.28285465525 0.241007760540925 0.0621005696215357 2585.68918745641
"490" 0.451612903225806 -3117.61249392548 0.348426903305864 0.0717442426321296 2251.93533027729
"491" 0.419354838709677 -2344.55178611611 0.307283815401158 0.0673859645821268 2369.03373307436
"492" 0.451612903225806 -2722.89523814097 0.325724192915364 0.0683723675481806 2329.0034658356
"493" 0.387096774193548 -3695.89959462731 0.297621241141639 0.066610741836016 2415.90065781155
"494" 0.451612903225806 -2700.7336285131 0.318729261967844 0.0681914110986218 2343.0953304837
"495" 0.451612903225806 -2567.39511567786 0.35524096467139 0.072142612324675 2225.25580114601
"496" 0.290322580645161 -3061.10008167253 0.11787164729573 0.0540244924528387 2984.15619284486
"497" 0.387096774193548 -2614.90459129171 0.426007270666245 0.0794670591287141 1998.6764379913
"498" 0.354838709677419 -3259.18193819726 0.221210118155645 0.0604995211089055 2657.61887329652
"499" 0.258064516129032 -2393.5640279941 0.203758949557085 0.0593272249851762 2700.49981860768
"500" 0.387096774193548 -2644.29624746248 0.315840151863138 0.0682360119005779 2358.96356162725
"501" 0.483870967741935 -2202.63086968036 0.505532989493031 0.091467013998759 1750.70979272377
"502" 0.387096774193548 -3149.65781025452 0.302786920253807 0.0662802267832152 2390.63818011037
"503" 0.419354838709677 -2327.67810977738 0.513217286036827 0.0931057643512055 1727.33116555982
"504" 0.419354838709677 -2664.85368586596 0.290226166189997 0.0662020156664264 2430.56136037771
"505" 0.387096774193548 -3319.95887323273 0.296983133574184 0.0666460097918793 2421.90833127064
"506" 0.354838709677419 -4020.38288469987 0.337459258256299 0.0694653361488285 2297.6941254042
"507" 0.387096774193548 -2755.82230506594 0.203052598298867 0.0588520113491253 2714.34366255959
"508" 0.32258064516129 -2840.50890316209 0.255721259127804 0.062845985032681 2545.77345462171
"509" 0.451612903225806 -2316.15806930501 0.371250930108246 0.073369548232793 2180.55203762637
"510" 0.516129032258065 -2853.22896162436 0.382293655330481 0.0752617384594433 2133.38526304988
"511" 0.419354838709677 -2422.06611001548 0.38156644693218 0.0749278696057557 2150.78009211469
"512" 0.451612903225806 -2780.403147992 0.373876775375061 0.0740608300741432 2168.2756191408
"513" 0.516129032258065 -2217.1793747741 0.499584823092636 0.0911580658198119 1759.3468190539
"514" 0.32258064516129 -2605.58443814553 0.205640191405919 0.0595771529229302 2693.64434485316
"515" 0.32258064516129 -2473.97848647123 0.287384715738532 0.0657629748162401 2434.17666583823
"516" 0.354838709677419 -3331.25336297519 0.199087385146606 0.058475402182149 2733.51671163188
"517" 0.354838709677419 -2808.47369978966 0.242203937923467 0.0620250447192212 2572.78797361389
"518" 0.548387096774194 -1915.88026175324 0.509005941913913 0.0921029507352561 1732.73381776024
"519" 0.387096774193548 -2133.73056175414 0.331747986058636 0.070072496877094 2293.8509088035
"520" 0.516129032258065 -2285.15365035302 0.47520745378713 0.0866702795900674 1846.66166482463
"521" 0.354838709677419 -2175.02990924307 0.301289327597419 0.0672729487885921 2385.48052302208
"522" 0.451612903225806 -3058.92029506384 0.222045837064582 0.0602865746637253 2645.78382227344
"523" 0.387096774193548 -2073.09877904164 0.396914776005235 0.0762872112286909 2084.29246313943
"524" 0.387096774193548 -3015.44646598468 0.365979348173097 0.0729464427067434 2183.60307588292
"525" 0.451612903225806 -3260.3383781826 0.423663397125434 0.0793760592137001 2029.94393415195
"526" 0.483870967741935 -2490.83991492121 0.467443219328637 0.0860244212039804 1870.81665102633
"527" 0.419354838709677 -2869.2592321511 0.384546166757368 0.074297452922434 2139.36833388633
"528" 0.32258064516129 -1603.19407540905 0.490928844140725 0.0888309240817799 1780.4481228594
"529" 0.419354838709677 -3697.7467571453 0.268681686613074 0.0635860622446054 2510.25345119855
"530" 0.483870967741935 -2063.08845785713 0.412038815917668 0.0784126493137554 2051.88795655489
"531" 0.354838709677419 -3279.32828009193 0.205153173947766 0.0594532777728123 2705.02776964649
"532" 0.387096774193548 -2935.81306852227 0.3009882471037 0.0668707464609551 2397.31785812206
"533" 0.548387096774194 -2869.71687689801 0.393071486077817 0.0764618988005796 2112.07345017045
"534" 0.419354838709677 -3722.13934627001 0.316424124783503 0.0682388365921165 2350.67997822483
"535" 0.419354838709677 -2691.8305055344 0.266994185086654 0.0635150643761929 2501.5221868813
"536" 0.32258064516129 -2918.98446880372 0.347917172780246 0.0707536180121474 2251.80277646547
"537" 0.354838709677419 -3481.83036924243 0.361242118674323 0.0727364579173292 2213.24537253821
"538" 0.387096774193548 -2199.11556886605 0.426455751795445 0.0799036744670763 1995.94844281941
"539" 0.451612903225806 -2730.87508319012 0.292715577371832 0.0662333635616752 2426.89712408774
"540" 0.419354838709677 -1946.60239709839 0.43547786678432 0.0816697192837042 1951.64329067023
"541" 0.32258064516129 -3165.01344616488 0.163196899585968 0.0561236857220324 2837.17462750478
"542" 0.516129032258065 -2927.71497433788 0.334684310640136 0.0700780725715285 2296.12603505412
"543" 0.419354838709677 -3011.85591448842 0.367018831252375 0.0734017771546662 2197.78476108409
"544" 0.483870967741935 -2144.23859845293 0.407437896892356 0.0773567635893422 2066.81046798802
"545" 0.387096774193548 -3237.10978806089 0.236664987579611 0.0612918735678237 2589.19688335214
"546" 0.451612903225806 -3221.49888518304 0.380407293413646 0.0750636039750939 2145.52482313964
"547" 0.483870967741935 -2815.81555414053 0.248374532197594 0.0626399860666391 2568.83406497417
"548" 0.419354838709677 -3211.55685521407 0.238233536128416 0.0613620023755787 2590.84006635058
"549" 0.419354838709677 -3419.27363537793 0.246860069584392 0.0621246130601018 2584.49291669893
"550" 0.32258064516129 -4231.00473920134 0.203819443245444 0.0590000621399432 2706.22137457582
"551" 0.419354838709677 -3105.91374151451 0.291194750027311 0.0652863263290628 2447.24941181387
"552" 0.451612903225806 -3280.96907811518 0.267302771372871 0.0636946394951079 2530.43158498603
"553" 0.451612903225806 -2598.71413466514 0.417117827040297 0.0781594633833292 2029.65178612578
"554" 0.419354838709677 -3107.34737422842 0.256400288121636 0.0632584021530861 2545.47141939743
"555" 0.32258064516129 -3955.55494029683 0.303897278958193 0.065834236242686 2403.56735623574
"556" 0.483870967741935 -3009.7791807735 0.367409769713202 0.0731954363909542 2176.60659028417
"557" 0.387096774193548 -3186.20308079192 0.327183595934041 0.0695035030975382 2309.877064318
"558" 0.419354838709677 -3111.1920378532 0.33494690672293 0.0691991240583625 2293.65967879895
"559" 0.387096774193548 -3440.08987674868 0.201320237269354 0.0591579039787263 2723.88846297183
"560" 0.419354838709677 -3759.84685137276 0.324354709374774 0.068902044291401 2331.15856481947
"561" 0.419354838709677 -2620.1380433505 0.341030023167077 0.070743356477857 2272.6034752655
"562" 0.483870967741935 -1773.42284423549 0.428262118513272 0.0804672179290822 1976.34494693715
"563" 0.290322580645161 -2614.20348133415 0.127953363487991 0.0540291752334685 2942.79558368046
"564" 0.387096774193548 -2691.52305100132 0.281628892524305 0.0652914661306177 2451.72770898008
"565" 0.483870967741935 -2662.2032948933 0.402112619571828 0.0766095800003202 2083.8877960766
"566" 0.387096774193548 -2126.13388980389 0.366866676238323 0.0735189399070107 2176.47948716485
"567" 0.387096774193548 -2983.99698540745 0.247834338906561 0.0618367015061669 2560.4598057694
"568" 0.483870967741935 -2940.21541860445 0.336439434441541 0.0706510028288764 2280.1385409023
"569" 0.451612903225806 -3825.16852726145 0.343237204583475 0.0709622563080165 2267.60350123248
"570" 0.354838709677419 -2943.28925530802 0.21721103221414 0.0598585483814121 2671.50276155728
"571" 0.451612903225806 -2054.25572373126 0.313966160722511 0.0682277566050251 2339.9413342737
"572" 0.354838709677419 -3692.15496829944 0.320857457978652 0.0686280816441618 2344.4480437085
"573" 0.419354838709677 -2623.0963256862 0.318861528731535 0.0686306362125965 2330.22527230808
"574" 0.451612903225806 -1907.13844668712 0.36163883337073 0.0725889728874258 2194.76996204115
"575" 0.419354838709677 -2467.15947696633 0.347327673599672 0.0714237514189247 2242.52812570992
"576" 0.387096774193548 -3217.11564906921 0.443281986609687 0.082863991133736 1947.96518391133
"577" 0.419354838709677 -1915.56129627098 0.376683947382755 0.0748541085265711 2149.90249600087
"578" 0.32258064516129 -2346.26523634703 0.209144805105048 0.0601273100346258 2684.27532773573
"579" 0.387096774193548 -2225.59422473131 0.211180296472096 0.0597798568085955 2667.32199515132
"580" 0.419354838709677 -2799.87294794159 0.369404036591539 0.0728739593684427 2191.51391574094
"581" 0.451612903225806 -2505.99708934834 0.279896511024374 0.0643942318328331 2446.39941749733
"582" 0.387096774193548 -2735.43237290752 0.414275341698595 0.0786834601781822 2034.65561359024
"583" 0.451612903225806 -2436.24431118203 0.323950527325818 0.0685380236769581 2330.84588158559
"584" 0.387096774193548 -4139.822971723 0.253987721038904 0.0632205380905005 2553.48980377022
"585" 0.419354838709677 -1989.2159580989 0.33614359681888 0.0698359883223105 2287.22193791566
"586" 0.32258064516129 -2915.05805841644 0.32538742789684 0.0694404367088578 2321.34284908506
"587" 0.32258064516129 -3227.96669334534 0.241966487401518 0.0620649042600767 2580.38041399673
"588" 0.516129032258065 -3116.9950736678 0.334099877268502 0.0701768218228108 2295.2448774455
"589" 0.419354838709677 -3260.72757808052 0.258515588524164 0.0633295116237027 2537.61909610729
"590" 0.419354838709677 -3699.08904071211 0.341515926453767 0.0709411373024639 2272.98375216119
"591" 0.451612903225806 -2177.27481834461 0.376315529340954 0.0737976758537016 2153.69772830386
"592" 0.451612903225806 -2470.99337530561 0.406972788633317 0.0773231977833188 2066.21444986125
"593" 0.451612903225806 -2370.04668902308 0.401939980304433 0.0775481900886212 2077.07689118786
"594" 0.516129032258065 -2007.21584981797 0.530206032482131 0.0964515034685314 1666.73135776978
"595" 0.419354838709677 -3988.71525714295 0.188403984685744 0.0576537830912702 2756.01123168106
"596" 0.419354838709677 -2241.74807055453 0.478393099846173 0.0879387021557654 1828.60048768581
"597" 0.483870967741935 -2564.84966317392 0.402575711136589 0.0779457836426329 2070.50452899772
"598" 0.451612903225806 -2051.97921531041 0.308021177966311 0.066823301472858 2371.75264401158
"599" 0.419354838709677 -1833.2609877902 0.485929443709004 0.0885860476310751 1799.85945405858
"600" 0.419354838709677 -2487.74907815289 0.386964391411832 0.074872290040362 2118.61906081578
"601" 0.419354838709677 -1907.89042517296 0.375469266020578 0.0745208932310581 2150.80302627045
"602" 0.387096774193548 -2935.81560871471 0.245177846022479 0.0618288197206163 2580.29027806508
"603" 0.451612903225806 -2451.22382042824 0.369348322220809 0.0727756094923409 2194.72956863252
"604" 0.419354838709677 -2604.40724399882 0.303095337165439 0.0673106277908873 2377.75154154488
"605" 0.387096774193548 -2509.60958119058 0.287220775964044 0.0656907012107659 2445.58442700475
"606" 0.451612903225806 -2307.76641206949 0.353636266459789 0.0717063245297274 2211.83116469131
"607" 0.419354838709677 -2629.79504322373 0.346064793414766 0.0702201048299242 2254.20525320187
"608" 0.32258064516129 -2304.43269710792 0.341602637073718 0.0712450730448875 2256.91473112594
"609" 0.354838709677419 -2663.28520142425 0.155576850313829 0.0564287150721039 2852.89964092654
"610" 0.32258064516129 -2318.76870541356 0.317696817769187 0.0682538249240307 2342.95131402938
"611" 0.387096774193548 -2702.8074720762 0.361121305115867 0.0723878767644729 2207.00291465959
"612" 0.387096774193548 -3409.08756440982 0.290480851773843 0.0651816673088421 2447.44335022788
"613" 0.451612903225806 -2952.6125118478 0.317249983312677 0.0678998007642264 2351.59052726474
"614" 0.387096774193548 -2874.72473334876 0.337377137119584 0.0696550430317905 2286.8106613209
"615" 0.354838709677419 -3266.67919681199 0.309959500835746 0.0670814421896166 2369.8039406491
"616" 0.419354838709677 -4376.15890517731 0.290041595421589 0.0658896084276462 2442.89694977506
"617" 0.387096774193548 -1620.35801814813 0.461055977453332 0.0853841551639641 1879.81464358865
"618" 0.32258064516129 -3078.97460017808 0.213715559984736 0.059281541859219 2675.01725957728
"619" 0.451612903225806 -2398.95776504103 0.374297554898713 0.0738251667942168 2171.90391746154
"620" 0.387096774193548 -3007.94574159901 0.287319985467964 0.0655546026602346 2461.4008553694
"621" 0.387096774193548 -2645.95304875503 0.368549112129049 0.0738714888389844 2181.27682428719
"622" 0.483870967741935 -2305.18606713901 0.34796802353688 0.0713650741448082 2244.5032935668
"623" 0.419354838709677 -2963.44443238746 0.294799934396195 0.0659363824209202 2438.32941880027
"624" 0.387096774193548 -2688.54674899891 0.283012673590645 0.0652183018136163 2458.97763645758
"625" 0.451612903225806 -2740.30805872723 0.306801724911493 0.0675800960750611 2381.42436520414
"626" 0.451612903225806 -3298.37044736365 0.303357541423654 0.0672014912491719 2395.41747935581
"627" 0.32258064516129 -2610.38444684133 0.262886701280529 0.063543377272624 2513.98163975909
"628" 0.354838709677419 -3036.21983044354 0.320214144266142 0.0685017110963763 2334.0555322137
"629" 0.32258064516129 -3154.77854366817 0.2638610693383 0.0634106236970636 2510.89461217674
"630" 0.387096774193548 -2260.997381201 0.313735739214132 0.0672526014551774 2348.92640044992
"631" 0.290322580645161 -2014.01976950391 0.334317367473145 0.0701116318683946 2283.13736153276
"632" 0.32258064516129 -2844.61797717073 0.153853945330405 0.055275590781025 2853.36463028626
"633" 0.387096774193548 -3716.37152767853 0.273018736386549 0.064447546605661 2491.27639015433
"634" 0.32258064516129 -3510.3085283617 0.2144396354249 0.0589645375414516 2684.35229552359
"635" 0.419354838709677 -2897.25748628626 0.442694491479981 0.0818661068469863 1940.79616945849
"636" 0.354838709677419 -2357.97402226232 0.432815175191309 0.0806446914408969 1970.83243832568
"637" 0.483870967741935 -1892.45252466663 0.444493207013921 0.0822644785485226 1928.47217814886
"638" 0.387096774193548 -3179.98394301015 0.25104343315267 0.0625428236620765 2562.57704163783
"639" 0.32258064516129 -3885.60834685009 0.249451027856216 0.0622137661466855 2569.32297077385
"640" 0.516129032258065 -2102.95831274788 0.47463223051326 0.0876145296289653 1845.55030993959
"641" 0.419354838709677 -3054.17927585207 0.346032803729102 0.0704355873675036 2264.63955195043
"642" 0.483870967741935 -2622.99465313399 0.395184838978918 0.0765992322530872 2103.72630695406
"643" 0.451612903225806 -2845.56529318331 0.405914174049701 0.0766898436741055 2086.29977112003
"644" 0.387096774193548 -2855.2405478994 0.40064983805546 0.0770943271854758 2090.9019249621
"645" 0.387096774193548 -1971.81075897838 0.496430548920635 0.0906845007405011 1769.68440453262
"646" 0.419354838709677 -3458.12819064374 0.291450623382561 0.0652676770624954 2457.51183605605
"647" 0.516129032258065 -3308.55064050811 0.38499581163071 0.0741048086877766 2137.12218706686
"648" 0.387096774193548 -2505.10842311729 0.292347874024866 0.0663712078744201 2430.34806452503
"649" 0.419354838709677 -3064.08467950226 0.326581542860274 0.0688111764386737 2322.26903348371
"650" 0.451612903225806 -2718.74312321571 0.371753644941181 0.0738874922450952 2164.02168775043
"651" 0.387096774193548 -2204.6616069434 0.421980615500653 0.0796230710209312 2018.73747195735
"652" 0.483870967741935 -3255.15993573492 0.422032938314296 0.0794902114211366 2013.10660222579
"653" 0.354838709677419 -2917.05938810275 0.303390713423109 0.0668678763650582 2393.19536259264
"654" 0.451612903225806 -2927.65917857213 0.312703455483577 0.0680163089252619 2359.60310191542
"655" 0.419354838709677 -2398.15415303292 0.400239352675549 0.0771208906150644 2074.99830708703
"656" 0.516129032258065 -2150.63840439324 0.436015223387505 0.081707722244942 1975.50943077141
"657" 0.483870967741935 -3066.53295408002 0.282499512674277 0.065601947780183 2443.65704064334
"658" 0.419354838709677 -3000.78710356205 0.33696265320285 0.0704010107563652 2274.77642151314
"659" 0.451612903225806 -2902.31567033356 0.332482164406518 0.0698665092443775 2300.9819952967
"660" 0.32258064516129 -3022.12249442731 0.220625654687 0.0606437910778152 2663.08892765567
"661" 0.419354838709677 -3442.43262018361 0.32550737016524 0.068412355733857 2337.18553670058
"662" 0.483870967741935 -1603.90809362363 0.505730913960542 0.091642467168888 1739.08099022524
"663" 0.387096774193548 -2530.34692033595 0.411450310747623 0.0775153597467539 2050.19752762555
"664" 0.387096774193548 -2986.71632610402 0.340160694801072 0.0704906617345605 2281.41857086532
"665" 0.419354838709677 -2350.29449990049 0.45290332252653 0.0832844155557734 1911.29164815964
"666" 0.419354838709677 -2207.08842563005 0.351060517476 0.0723843250360334 2229.18132321462
"667" 0.419354838709677 -3043.4244650513 0.306843305007837 0.0672436765373765 2383.08786149094
"668" 0.354838709677419 -3929.63821697062 0.180246522054218 0.05789531402129 2787.72950715048
"669" 0.419354838709677 -2819.13615667088 0.232099606722994 0.0610236436691533 2623.25245245376
"670" 0.483870967741935 -2112.96129851116 0.446259110825168 0.082816085340956 1935.97919229666
"671" 0.32258064516129 -2840.68493982322 0.285976279631838 0.0654043633345287 2457.77346571875
"672" 0.516129032258065 -2208.35602319129 0.443395997117873 0.0823675398502879 1936.18888322434
"673" 0.387096774193548 -4132.97926594547 0.186248308613152 0.0576191249785847 2767.28624223635
"674" 0.387096774193548 -3062.4313637727 0.2500055050901 0.0630947636630374 2559.68236866939
"675" 0.387096774193548 -2524.6492577247 0.294407143237591 0.0660613841948711 2409.32254183491
"676" 0.419354838709677 -2607.67802135774 0.3133788282745 0.0671516918899388 2355.52293548355
"677" 0.387096774193548 -5185.70720617378 0.319003832949968 0.0681733197231555 2343.75353309986
"678" 0.419354838709677 -3107.37513820879 0.412477272802316 0.0787068289616744 2053.57960422756
"679" 0.32258064516129 -2760.12026477718 0.339893513656085 0.0702374022310771 2271.49143861382
"680" 0.419354838709677 -2099.37964791455 0.368207246491058 0.0743801553810365 2167.85008781682
"681" 0.32258064516129 -4339.53475784357 0.23429717314939 0.0615320856270267 2623.1134295481
"682" 0.483870967741935 -3612.54469699768 0.313233320508558 0.0677729309124674 2374.47564804736
"683" 0.354838709677419 -3341.42071703175 0.28842917598522 0.0660513938684497 2439.62007696952
"684" 0.419354838709677 -1919.61540919382 0.397587645250771 0.0770419796138411 2085.40563441517
"685" 0.419354838709677 -2769.46754716078 0.351576490677057 0.0717432120941161 2240.02040772407
"686" 0.419354838709677 -3027.39832116469 0.399973154571188 0.0762331965223139 2095.02317983784
"687" 0.451612903225806 -2580.95675336756 0.333481123221161 0.0701511421491389 2305.03828985319
"688" 0.32258064516129 -3151.33078125423 0.31088075767164 0.0674811643551507 2361.0924660166
"689" 0.354838709677419 -2164.65162303723 0.253298266823496 0.063395426463632 2544.89912509036
"690" 0.354838709677419 -2759.80911367795 0.313131703739711 0.0670746207477997 2365.1614384369
"691" 0.451612903225806 -3184.37542208715 0.356138921506167 0.0710741950050345 2231.65188362439
"692" 0.387096774193548 -2680.2140401478 0.278878287358771 0.0653779132168298 2459.66031861944
"693" 0.483870967741935 -2302.9732288584 0.395010566719954 0.0760332607385979 2098.68727488107
"694" 0.354838709677419 -2854.56102871034 0.348086325064319 0.0717651524926837 2249.94851213491
"695" 0.419354838709677 -2592.75211634613 0.364610552088355 0.073726657786832 2186.79418294845
"696" 0.516129032258065 -1934.84386972438 0.41097072027776 0.0790340136935204 2040.92330794581
"697" 0.419354838709677 -2363.33712967849 0.362067014726221 0.0731863240304089 2205.85575803717
"698" 0.32258064516129 -2233.29296498098 0.308465560880839 0.0680783140912034 2356.98419073449
"699" 0.387096774193548 -2290.5707256166 0.300247121771474 0.0678007447033586 2385.78801174116
"700" 0.419354838709677 -1748.85929447318 0.426473599772573 0.0807144309664612 1992.71101870174
"701" 0.483870967741935 -2328.81201872777 0.367785479980546 0.0734328518207118 2193.29673945954
"702" 0.419354838709677 -1943.21658776614 0.44879677376453 0.0836552080899363 1921.30338340076
"703" 0.451612903225806 -2430.00275274245 0.360395100417491 0.0729002513706763 2205.98016164284
"704" 0.290322580645161 -1988.27052322467 0.37719289727314 0.0742834390208491 2142.89695376636
"705" 0.419354838709677 -2488.12344198066 0.308239313224197 0.0672902105284543 2376.73422189408
"706" 0.419354838709677 -2949.17802959125 0.330934639821367 0.0683799268070666 2309.06574432006
"707" 0.451612903225806 -2370.42826897582 0.313135212987645 0.0684143699554217 2358.20156315051
"708" 0.483870967741935 -2835.13711234971 0.313118921274558 0.0680227630112324 2360.87057597729
"709" 0.387096774193548 -2560.69849592925 0.345959645600719 0.0707182318338842 2250.86303358959
"710" 0.354838709677419 -3956.08798277272 0.210923219724091 0.0589029007969273 2697.38046382327
"711" 0.32258064516129 -2615.90107311892 0.176914378497492 0.0575064652220943 2779.05862089614
"712" 0.387096774193548 -5003.73926256806 0.233780359053182 0.0608465373756272 2621.6274365625
"713" 0.387096774193548 -3976.09390369935 0.239290091084683 0.0607029067152146 2617.79771107871
"714" 0.451612903225806 -2505.76102610966 0.419161369400642 0.0798092221899676 2024.15400895478
"715" 0.483870967741935 -2564.0433345387 0.428862004454617 0.0806081082682523 1987.56208465174
"716" 0.419354838709677 -3012.91573348079 0.222235483442017 0.0604149019389587 2636.19209022069
"717" 0.419354838709677 -2737.18615734409 0.261545251663636 0.0639446728183654 2521.59716960079
"718" 0.580645161290323 -2946.450736351 0.484713486858817 0.0874669334817324 1821.39769009392
"719" 0.548387096774194 -2454.49454257285 0.505170879919146 0.0923457333001809 1749.25306752261
"720" 0.419354838709677 -3660.65154848407 0.270009707227785 0.063890214673282 2519.91381969866
"721" 0.32258064516129 -3494.82581101212 0.186823947419728 0.0585155484326904 2760.98614559269
"722" 0.387096774193548 -3250.0705044119 0.207104417328274 0.0595121404672109 2689.24447610948
"723" 0.419354838709677 -3417.57153687963 0.334538144128887 0.0699160161769977 2279.43852514236
"724" 0.516129032258065 -2922.11772181652 0.370460646351871 0.0734286082443534 2179.50296390231
"725" 0.354838709677419 -2783.99358477889 0.293186385852233 0.0663474726241565 2422.86623477665
"726" 0.451612903225806 -2915.75208582919 0.300738226482811 0.0660593915585801 2412.02068925095
"727" 0.387096774193548 -3640.72562291898 0.241160097969841 0.0607017796811762 2597.25009190863
"728" 0.419354838709677 -2819.25214404345 0.242138460825859 0.0613456772390975 2578.13063323976
"729" 0.419354838709677 -2659.07659972112 0.369733323775672 0.0735003211683821 2169.45435907773
"730" 0.419354838709677 -1948.70340457899 0.410585531468743 0.0795699022721839 2033.27256992847
"731" 0.483870967741935 -2965.80504299257 0.389434169554166 0.0754059708496487 2115.26136051199
"732" 0.419354838709677 -3158.69089358644 0.380259612637669 0.0739861622922653 2156.22945748891
"733" 0.451612903225806 -1785.0278867372 0.46587527741902 0.0866697527220014 1859.65557486586
"734" 0.419354838709677 -2435.46233956477 0.387216467980763 0.0754393431566475 2119.71274486665
"735" 0.451612903225806 -1937.39852507061 0.457375066140039 0.0850151927724744 1901.02267756931
"736" 0.451612903225806 -2561.89423753907 0.295072426773516 0.0665718251345732 2410.38292007993
"737" 0.451612903225806 -2810.71421431329 0.278362946889191 0.0650351435616096 2464.94904680294
"738" 0.483870967741935 -2825.63243021675 0.427241105553228 0.0805126403295304 2000.64649418688
"739" 0.451612903225806 -2839.64834467887 0.267981147797198 0.0635773090340924 2511.82930810194
"740" 0.387096774193548 -2574.51982016966 0.335472399419392 0.0699146724583584 2285.18092092774
"741" 0.32258064516129 -2197.45159154702 0.188149080624399 0.0584462642098064 2739.13660327445
"742" 0.387096774193548 -3221.46469771661 0.291223091319801 0.0652650328173124 2441.91272500063
"743" 0.387096774193548 -4264.14544978734 0.245019870251372 0.0628915450643529 2571.28628880946
"744" 0.580645161290323 -2113.02783765589 0.469250107095346 0.0865265153898582 1858.85677677267
"745" 0.516129032258065 -2170.60374987545 0.583253144289643 0.106996077312884 1500.45950080281
"746" 0.483870967741935 -2257.59935148489 0.50826634600435 0.093472349323174 1723.63329079762
"747" 0.387096774193548 -3844.20651727903 0.261627566419332 0.0627913573257715 2532.64534801801
"748" 0.451612903225806 -2891.9630577933 0.28554259838281 0.0656074660625504 2433.19962612569
"749" 0.419354838709677 -2791.97491349485 0.398984953304601 0.0764955912237441 2089.49771384565
"750" 0.387096774193548 -4541.57174106161 0.218188238188925 0.0600313538430297 2680.58975787363
"751" 0.354838709677419 -2365.59238899824 0.402295688305605 0.0767341544033799 2072.20827532009
"752" 0.290322580645161 -3562.82280808506 0.251996183342457 0.0631912546757668 2541.42684736151
"753" 0.451612903225806 -3395.23099590426 0.361014391035555 0.0726655819427013 2212.91639851166
"754" 0.483870967741935 -2920.67206129815 0.330748024136021 0.0690033301046473 2307.15814496599
"755" 0.387096774193548 -3417.0097465096 0.298112445604768 0.0661951755311716 2419.8151492291
"756" 0.451612903225806 -2880.76717910134 0.414527513254198 0.0790338089271512 2024.4718773367
"757" 0.387096774193548 -2263.43619856619 0.406102144473232 0.0777450540567512 2059.50911676129
"758" 0.387096774193548 -3019.68448751824 0.337675735817669 0.070477557671115 2290.8187805999
"759" 0.483870967741935 -3590.08210158242 0.375967702794501 0.0743788986021167 2151.97574756314
"760" 0.483870967741935 -2333.21776543644 0.437218713385867 0.0810250079455868 1974.32834072748
"761" 0.387096774193548 -2536.09393032982 0.278123486498595 0.0641124620751407 2479.86139494937
"762" 0.419354838709677 -2565.79498692523 0.472663309174876 0.0855278715227221 1857.22224963877
"763" 0.548387096774194 -2654.48304380407 0.440705114177231 0.0813043115249399 1960.58995141683
"764" 0.387096774193548 -3453.18080515006 0.427175537164307 0.0800524534676 2010.26436835307
"765" 0.516129032258065 -1863.11463048157 0.483220826226282 0.0878667607015145 1821.41409954305
"766" 0.419354838709677 -2728.1778520461 0.242644204776536 0.0618573515177956 2568.188435924
"767" 0.451612903225806 -2759.48488860416 0.221074174083375 0.0595592774003923 2661.95290033971
"768" 0.387096774193548 -2405.74489056319 0.246720285928737 0.0625932947766893 2548.50807551116
"769" 0.451612903225806 -2200.38055102822 0.35777273366196 0.0723986887977609 2216.09863285872
"770" 0.387096774193548 -3331.8518704456 0.267406482857019 0.0635372983287251 2505.95189347351
"771" 0.419354838709677 -2972.99112990517 0.372985987024906 0.0736383176341201 2166.19497269786
"772" 0.387096774193548 -3466.42384179841 0.247041998242945 0.0618656474284103 2576.19805280921
"773" 0.419354838709677 -2534.87237528229 0.316293991712993 0.0684747951331826 2341.95048130025
"774" 0.354838709677419 -2163.7288833425 0.361993472325415 0.0730712796015577 2189.936881359
"775" 0.387096774193548 -2996.84489873081 0.253049071181559 0.0628165850981608 2561.02756058915
"776" 0.354838709677419 -3028.17388155964 0.160758789616137 0.0556821766931413 2841.49189335853
"777" 0.387096774193548 -2204.62002752166 0.367681539768612 0.0736993271987427 2179.81774995264
"778" 0.387096774193548 -2625.28566720759 0.321518736416121 0.0686423265133845 2328.98041060271
"779" 0.419354838709677 -2264.2618156648 0.373981351796637 0.074136800250201 2156.84520115157
"780" 0.419354838709677 -2333.01517095962 0.330496803230514 0.068790676755866 2312.80182513421
"781" 0.483870967741935 -2080.85452414961 0.531718379336385 0.0969324751856836 1655.61394944353
"782" 0.516129032258065 -2083.0427637813 0.481332825895514 0.0887270132874867 1820.66639314382
"783" 0.483870967741935 -2246.58111338433 0.344246599026693 0.070334876573096 2260.3601407054
"784" 0.451612903225806 -2527.03169569549 0.379826957254775 0.0743807558003009 2131.7479621448
"785" 0.548387096774194 -1907.04364537917 0.398468507961482 0.0772868358661117 2081.80502661763
"786" 0.451612903225806 -3124.6545112803 0.333512841192625 0.0691941677491833 2292.77729591049
"787" 0.419354838709677 -2956.99351090744 0.345592727336991 0.0712052071928856 2251.04703426355
"788" 0.419354838709677 -1885.3172073873 0.453803586454827 0.0841822610734875 1913.27860359102
"789" 0.354838709677419 -3314.57136981357 0.200674761131975 0.0588958947644859 2716.98090946788
"790" 0.483870967741935 -2654.84200636066 0.352021768285622 0.0711085588549591 2232.25173063095
"791" 0.483870967741935 -2271.28204893653 0.375226227059877 0.0733105742328038 2152.80235593781
"792" 0.451612903225806 -2832.76567223509 0.373536008164007 0.0743068900385786 2169.18597594007
"793" 0.483870967741935 -2229.62858845704 0.424377207313706 0.0802922913456464 2007.51442875775
"794" 0.354838709677419 -2811.40161732479 0.369129374483234 0.0730270434629141 2180.3439932402
"795" 0.419354838709677 -2021.40941333102 0.353754824347511 0.0726064927222053 2220.40780312127
"796" 0.419354838709677 -2494.79371423344 0.347948540769134 0.0712443603819438 2252.49585428659
"797" 0.387096774193548 -2495.1536891515 0.415230079262773 0.0793281582696625 2029.49882747775
"798" 0.387096774193548 -3155.31896003566 0.213212961141924 0.0597679027351536 2674.52953917057
"799" 0.419354838709677 -2777.56041884769 0.378544044312838 0.0747636283612634 2147.91924274215
"800" 0.451612903225806 -2506.84346417809 0.462386387199243 0.0848042309356781 1882.60380203516
"801" 0.32258064516129 -3305.05548996437 0.257163420941297 0.0623853573915844 2549.85299938393
"802" 0.387096774193548 -3013.57145967479 0.285458915766857 0.0653030473935506 2456.67524929445
"803" 0.451612903225806 -2325.74728633015 0.412684966069715 0.0788252509480836 2041.78689154558
"804" 0.354838709677419 -2103.91700959553 0.391441867069118 0.0762058947048424 2095.17328224767
"805" 0.451612903225806 -2894.17539516499 0.33236591576196 0.0693505788688949 2302.49774877437
"806" 0.419354838709677 -2449.42053644267 0.426948326709915 0.0811077656619227 1995.74136870714
"807" 0.451612903225806 -2420.65443636698 0.299606464649084 0.0673638955026898 2401.83816255281
"808" 0.419354838709677 -3243.52995356914 0.237310370895841 0.0608433399065033 2607.10034298562
"809" 0.483870967741935 -2025.41994462097 0.479166879428039 0.0873165049269309 1830.24206051943
"810" 0.451612903225806 -3243.05500730932 0.277126354156224 0.0649406151091414 2468.45427627962
"811" 0.483870967741935 -1911.16787398932 0.437902953529911 0.0812797521513606 1959.01324768076
"812" 0.419354838709677 -2354.77659152028 0.339831399689435 0.0706173908512706 2276.44201470026
"813" 0.354838709677419 -2778.3400510064 0.300610822235796 0.0667473582505666 2396.21147666713
"814" 0.451612903225806 -2588.30778189237 0.387029617645823 0.0756797576113419 2124.50265791052
"815" 0.387096774193548 -1802.88097647295 0.441631081746481 0.0829619358839876 1935.0321157695
"816" 0.354838709677419 -2271.19003950999 0.326936895410805 0.0694645943619729 2309.17143804528
"817" 0.580645161290323 -2192.89504563813 0.374574653326275 0.0741398244937506 2162.96690046182
"818" 0.32258064516129 -2854.40814327615 0.196426466736747 0.0584462542744633 2731.66845078376
"819" 0.387096774193548 -2815.45219711118 0.270152008489695 0.0646179978865125 2488.95263159844
"820" 0.258064516129032 -4245.48120010719 0.17885539980003 0.0575560603992306 2789.92107890228
"821" 0.419354838709677 -2542.87288572305 0.286144489878387 0.0655452795780593 2444.05655870825
"822" 0.354838709677419 -2184.7059679372 0.458168113051288 0.0853843575997466 1887.62300516888
"823" 0.258064516129032 -3922.71409187644 0.0883894912795019 0.0522772936829567 3083.44360183284
"824" 0.419354838709677 -2786.00821487094 0.414266185309705 0.0789871032651672 2035.07055992577
"825" 0.419354838709677 -2503.88827842253 0.189151203285489 0.0580209308612211 2748.4898359491
"826" 0.32258064516129 -4009.67329063817 0.259997279334581 0.0630980813285925 2535.29961863509
"827" 0.483870967741935 -2954.52498567492 0.388473800121589 0.0757815385462472 2124.29427120345
"828" 0.290322580645161 -3474.78240631537 0.215470847321495 0.0595622764516052 2671.22631211906
"829" 0.387096774193548 -2274.3024129673 0.214536466726118 0.0603206406359756 2656.41911319898
"830" 0.419354838709677 -2006.95812530462 0.509893070493803 0.0934242448419346 1728.05506926207
"831" 0.32258064516129 -2580.71205681472 0.302971182005529 0.0674055296234131 2377.51652914399
"832" 0.419354838709677 -2084.16665415006 0.37121967828585 0.0730131063862585 2169.17571651442
"833" 0.451612903225806 -2355.61051639459 0.233789635856433 0.0608790857910309 2602.61864978981
"834" 0.516129032258065 -1799.69896460335 0.385261401767039 0.0757982545752317 2116.91366969247
"835" 0.258064516129032 -2660.49167092357 0.204051328542192 0.0590059793917663 2709.27479598814
"836" 0.451612903225806 -4478.00869062362 0.282311441173711 0.0651804746199768 2471.01503091356
"837" 0.419354838709677 -3893.77768078928 0.257285484512403 0.0630338423853805 2541.04659174264
"838" 0.451612903225806 -3586.97236437263 0.413433467054931 0.0783791128996154 2041.82157268123
"839" 0.451612903225806 -3099.28497507885 0.420551016115691 0.0800097043922332 2018.10979707243
"840" 0.419354838709677 -2354.95445131201 0.364230937099419 0.0730772483559789 2193.35189904007
"841" 0.548387096774194 -3165.30130293934 0.435279749291624 0.0812843443273314 1978.13979035568
"842" 0.451612903225806 -2571.70024590714 0.405262161655936 0.0772918049905069 2068.96526633652
"843" 0.483870967741935 -1677.89696617937 0.489605478235395 0.0888606083713778 1792.56972540069
"844" 0.451612903225806 -2205.85127493053 0.418280893260496 0.0796105709604612 2031.67742099294
"845" 0.451612903225806 -4071.18694876793 0.260316890436059 0.0629326133324129 2532.41353383953
"846" 0.387096774193548 -3257.95082043324 0.344846019786878 0.0708035597606849 2259.81670799891
"847" 0.419354838709677 -3620.4017909804 0.316754780509007 0.0677475625419745 2360.00587382867
"848" 0.387096774193548 -3591.04007571756 0.368145998421329 0.0729387646954091 2194.79546763266
"849" 0.354838709677419 -3218.47141819416 0.242623625672059 0.0618194279023999 2593.51593751096
"850" 0.32258064516129 -4042.12253033401 0.225710847338721 0.0604686820239996 2655.62748156169
"851" 0.451612903225806 -2980.40792378866 0.360902511436013 0.0720399916766495 2221.29385331119
"852" 0.354838709677419 -2359.71956613725 0.248711015479241 0.0628265164289172 2544.25818707341
"853" 0.451612903225806 -2814.4138672298 0.409213222493466 0.0783797748266692 2057.03469630465
"854" 0.483870967741935 -2626.1496826632 0.359070369599503 0.0728131237143854 2210.79411277995
"855" 0.451612903225806 -2159.02635930207 0.432736776529857 0.0810588611106177 1979.48580065892
"856" 0.419354838709677 -3621.59427766354 0.284391093580383 0.0653106741952974 2475.70001994959
"857" 0.548387096774194 -2471.09308438031 0.421507004082 0.0798537037652863 2013.59698802641
"858" 0.548387096774194 -3048.3768098724 0.431537401211128 0.0811722349005641 1985.68787711107
"859" 0.516129032258065 -1932.30892429828 0.423297172368852 0.079542877103744 2002.45928208767
"860" 0.516129032258065 -1665.77601026428 0.544850780414621 0.0993763385863036 1614.74291531504
"861" 0.419354838709677 -2885.52515196572 0.441075030202278 0.0810263515578582 1950.05878720047
"862" 0.516129032258065 -2704.47074889079 0.419621735594994 0.0801302479560223 2014.73809131212
"863" 0.419354838709677 -3344.47648415763 0.337329443633748 0.0698593243857196 2289.19221746109
"864" 0.451612903225806 -2613.10500821509 0.348272068943535 0.0707394606633063 2249.43601369306
"865" 0.290322580645161 -2171.35040839291 0.254994286680326 0.0633338665712409 2524.56535973933
"866" 0.419354838709677 -2554.07312726438 0.374062529468341 0.0736177809838451 2167.76187145568
"867" 0.451612903225806 -2620.54642637546 0.338940509970786 0.0698233887793224 2273.01995046525
"868" 0.419354838709677 -2255.37364408149 0.527590089602047 0.0949740865811259 1681.98193945814
"869" 0.419354838709677 -1968.2428303221 0.443194429541191 0.0825733697190332 1951.45764055796
"870" 0.483870967741935 -3213.71812630943 0.386948375700796 0.0756145327728446 2131.58185165024
"871" 0.419354838709677 -3208.48697299469 0.263129968473712 0.0639090136901651 2528.380454211
"872" 0.419354838709677 -3258.98543512629 0.305715440913496 0.0673490073486848 2385.80816167037
"873" 0.354838709677419 -3104.41148198599 0.236135597652232 0.0615700928310277 2615.90411397291
"874" 0.354838709677419 -2482.5955402312 0.343964930211094 0.0705750043628041 2260.73168888497
"875" 0.290322580645161 -2286.96799449503 0.240713183814064 0.0617647009895444 2573.19560757655
"876" 0.354838709677419 -3321.79035966374 0.343600244844352 0.0700084552634104 2291.47999835912
"877" 0.483870967741935 -2398.75531781015 0.49275018098934 0.0894136975523902 1793.87039693883
"878" 0.451612903225806 -2376.09858035522 0.453298220501854 0.0837160188499321 1914.59554845795
"879" 0.419354838709677 -2773.99113936685 0.337875420320523 0.0703581959926717 2287.10297761644
"880" 0.548387096774194 -2511.96800306078 0.340723525903224 0.0694613198261584 2277.94275384181
"881" 0.387096774193548 -2172.76917496216 0.37848516811405 0.0743124926291855 2140.15367507244
"882" 0.32258064516129 -3515.14998572552 0.190227133391384 0.0581708392715645 2750.07340876546
"883" 0.451612903225806 -3540.59201791795 0.333520784946079 0.0694500116227084 2309.17895112109
"884" 0.483870967741935 -2612.12481469109 0.460114268936714 0.0853453007296995 1888.55817642587
"885" 0.419354838709677 -2836.56331395542 0.255025780785836 0.0624551114999034 2552.06151213455
"886" 0.354838709677419 -4776.42296022919 0.331965398232288 0.0689969706826162 2305.03351660812
"887" 0.419354838709677 -1893.12415269644 0.464201292967145 0.0863518264824164 1871.83200479603
"888" 0.516129032258065 -2984.94149880344 0.38577855453208 0.0759017402163952 2128.82174168273
"889" 0.483870967741935 -2096.10582314926 0.400071600521759 0.0770087387982925 2087.46369914123
"890" 0.451612903225806 -3250.91333325098 0.377634847585928 0.0740697000792186 2156.5147383803
"891" 0.451612903225806 -2799.23481714667 0.454253344856797 0.083491082797596 1930.8477523766
"892" 0.483870967741935 -4208.58394492501 0.295620961936111 0.0665682095888152 2412.2115115254
"893" 0.354838709677419 -3376.09394290565 0.215906107580614 0.0598274097953812 2682.35024136318
"894" 0.451612903225806 -2510.98628160216 0.338004324621089 0.0705176104380108 2280.60697366875
"895" 0.354838709677419 -2147.38664778946 0.303835075374273 0.067433476444481 2382.73574782417
"896" 0.419354838709677 -2659.94689608624 0.400287735455374 0.0764261651062047 2075.79015774486
"897" 0.387096774193548 -1993.07167873833 0.450558305992314 0.0835894530714607 1916.75316586179
"898" 0.258064516129032 -3152.52945769193 0.136334992538384 0.0548653580524407 2917.02341983221
"899" 0.483870967741935 -3130.44025384172 0.324232038319469 0.0695109584864617 2319.17906369781
"900" 0.387096774193548 -3977.36814103444 0.327386302985011 0.0689667660779477 2331.00244923489
"901" 0.516129032258065 -2276.61625282038 0.507973855257477 0.091580004966744 1738.1951667887
"902" 0.387096774193548 -3225.26648071269 0.343389385489349 0.0703665633607536 2261.05171722812
"903" 0.32258064516129 -2839.10531020417 0.256337310182181 0.0633683671581263 2538.42750845888
"904" 0.387096774193548 -3532.88867675143 0.262696328430375 0.0633142590457051 2530.36275078862
"905" 0.290322580645161 -2787.62822412735 0.312537203799689 0.0677125230505657 2367.76975999154
"906" 0.387096774193548 -1957.09759146675 0.418081666556734 0.0788825383007969 2016.60400557074
"907" 0.354838709677419 -2804.27291149306 0.257024376217872 0.0627683058538089 2544.81182502771
"908" 0.451612903225806 -3056.74693607034 0.283796448667046 0.0646148649720301 2468.75019054663
"909" 0.387096774193548 -3357.08306795681 0.270474997577265 0.0639547111430589 2504.10379056724
"910" 0.419354838709677 -2337.09297883806 0.402620998549489 0.0777621968885716 2071.64229838533
"911" 0.516129032258065 -2366.54344918747 0.483148616808175 0.0885279596675816 1819.7888027897
"912" 0.451612903225806 -3156.50355756404 0.433980781310505 0.08112761636007 1987.87267879723
"913" 0.483870967741935 -2971.91697693333 0.349614709696225 0.0707238747541189 2248.34866052424
"914" 0.451612903225806 -2358.4806249061 0.441120373085201 0.0823339553714113 1951.50912011465
"915" 0.483870967741935 -2340.3248769444 0.46093433507626 0.0846827967587967 1888.81303039099
"916" 0.354838709677419 -2250.57601442635 0.436324967169532 0.0814173269841722 1972.13138065756
"917" 0.354838709677419 -1856.06917639 0.384365833278502 0.0754495124946298 2113.15765672101
"918" 0.419354838709677 -3194.54368784304 0.320026176164487 0.0689622258321695 2319.96002083147
"919" 0.419354838709677 -1845.00232237219 0.460138971538513 0.0839962758802193 1887.49922028186
"920" 0.516129032258065 -2916.30516416711 0.394736094904122 0.0759063716279059 2113.47108185391
"921" 0.516129032258065 -3002.13771117919 0.370122626109476 0.0734724326438837 2191.90667111749
"922" 0.387096774193548 -3934.11105120337 0.254364744192444 0.0630059967819996 2537.37542830177
"923" 0.451612903225806 -3739.02281922723 0.273824139430576 0.0644701506131352 2481.74243928479
"924" 0.419354838709677 -3009.07217436068 0.361099183489772 0.0733865312645086 2197.24411699297
"925" 0.419354838709677 -2859.49650454043 0.393299388401547 0.0761720875648499 2113.58605235639
"926" 0.419354838709677 -2992.46903518376 0.288678602265944 0.0654974775051049 2434.06285777808
"927" 0.387096774193548 -2378.85384217689 0.364838607610841 0.0729548127615835 2196.34313919848
"928" 0.387096774193548 -1768.2017193741 0.33923973111636 0.0710401288907925 2265.8801029751
"929" 0.451612903225806 -4126.58981673578 0.422322870115921 0.0797830335901253 2027.0666432332
"930" 0.451612903225806 -2446.23069554231 0.314689573023776 0.0680497398217629 2355.23187635433
"931" 0.32258064516129 -3009.34336847031 0.131375572130454 0.0543536121898359 2943.27337000194
"932" 0.419354838709677 -2979.28415997034 0.358058378930998 0.0724639855737784 2208.1720486738
"933" 0.387096774193548 -2742.62323930128 0.463103112139109 0.0848918649948087 1889.08830515497
"934" 0.32258064516129 -2682.01816273944 0.31953018812308 0.069033292408138 2335.70282335932
"935" 0.451612903225806 -2595.07485247089 0.349855336511905 0.0714830758271207 2238.64049210945
"936" 0.387096774193548 -3279.14586096582 0.233185030863256 0.0611649614058691 2618.16268408539
"937" 0.419354838709677 -4566.87137296333 0.243182976505413 0.0620017209344447 2599.590278543
"938" 0.387096774193548 -2439.87453233086 0.221099001429182 0.0599932850127124 2652.42221116301
"939" 0.419354838709677 -2067.06620948682 0.347879038587919 0.0712707659883051 2241.647257945
"940" 0.387096774193548 -2627.69261269094 0.310832236064796 0.0681802752075693 2362.02494014198
"941" 0.354838709677419 -3214.43590837989 0.306671880336657 0.0673654047244715 2386.39262077346
"942" 0.419354838709677 -1862.19588305554 0.478552063080448 0.0877244019254969 1822.80483842375
"943" 0.451612903225806 -1943.46258525884 0.367994493754827 0.0735934813420957 2168.33184581355
"944" 0.354838709677419 -2930.12249214003 0.271937403542873 0.0640158505302841 2485.94596488153
"945" 0.451612903225806 -2219.08480481062 0.329947062561105 0.0700544630031169 2307.35381496067
"946" 0.483870967741935 -2618.66485959939 0.343667767888078 0.0707176163771836 2258.30316200522
"947" 0.483870967741935 -2997.05032092233 0.419758445802027 0.0790808516941301 2019.59495940262
"948" 0.387096774193548 -4167.24588246642 0.317893632982499 0.0684947779095626 2348.57587518819
"949" 0.387096774193548 -2596.71921331467 0.282671989068662 0.0657969362111942 2453.84988501691
"950" 0.451612903225806 -1984.23581103442 0.423930669374827 0.0799979245703445 2003.3042238435
"951" 0.387096774193548 -1990.98207231121 0.33258775756422 0.0702234978740513 2284.81299162196
"952" 0.32258064516129 -2939.30499501845 0.32246501336658 0.068971580777106 2338.74649618262
"953" 0.419354838709677 -2352.59898757558 0.337976403759976 0.0699966900081141 2282.91889213058
"954" 0.387096774193548 -3268.59694751293 0.225687850973674 0.0603649147255585 2635.18179095052
"955" 0.419354838709677 -2330.09430202525 0.386927202437052 0.0749309907420622 2123.66496334882
"956" 0.32258064516129 -2199.74948030644 0.322591457408609 0.0686011794998189 2323.03706477848
"957" 0.387096774193548 -2923.88166298277 0.403993760692373 0.0780967685214818 2055.44973852369
"958" 0.483870967741935 -1872.32548726863 0.474514908829191 0.0864774631886342 1844.60386181696
"959" 0.354838709677419 -2559.44090819172 0.329490082172144 0.0687586698970135 2317.01522267488
"960" 0.548387096774194 -1832.28667079984 0.488538057273172 0.0890767954826349 1803.01207474768
"961" 0.354838709677419 -3399.81590357568 0.261008651023434 0.0629243830080466 2528.05722683234
"962" 0.483870967741935 -2384.05568209141 0.408928093514472 0.0781013988357196 2060.15701947617
"963" 0.387096774193548 -2586.95286129136 0.285931876334952 0.0655268297835823 2452.09813372497
"964" 0.483870967741935 -3017.38163216743 0.331285591778302 0.0694555783235065 2321.73058309201
"965" 0.354838709677419 -3439.48100773319 0.178784739028917 0.0578366724264094 2784.28606752538
"966" 0.483870967741935 -1923.36308181662 0.441518279889764 0.0827600737190707 1945.27846390306
"967" 0.354838709677419 -2600.11999061752 0.353376040797739 0.0711405010357661 2235.02902106508
"968" 0.419354838709677 -4004.89134146945 0.365965537057673 0.0730121172463711 2201.57191014346
"969" 0.548387096774194 -3143.04053870333 0.408788982454347 0.0771047758722321 2074.839405188
"970" 0.483870967741935 -2963.78407499354 0.402840106909339 0.0762913087437391 2074.89764773014
"971" 0.354838709677419 -4139.09625105015 0.269362510835996 0.0637720047165446 2513.84635831935
"972" 0.451612903225806 -2197.4894631548 0.358635425408602 0.0723857178311149 2205.93461279199
"973" 0.483870967741935 -2392.79025592966 0.283863124128472 0.0653911760068725 2449.03154243951
"974" 0.387096774193548 -4523.49854860563 0.187164998862585 0.0577397616310448 2778.43747556828
"975" 0.483870967741935 -1881.78052363311 0.489195239816214 0.0892159544356215 1796.88892611695
"976" 0.387096774193548 -2659.35774921047 0.204074854462078 0.0589838269114466 2703.41133947042
"977" 0.451612903225806 -2954.00296696102 0.357707564634638 0.0723910745942724 2207.79478577712
"978" 0.354838709677419 -2951.84570378947 0.280366493736034 0.064496865331225 2485.15576255717
"979" 0.580645161290323 -1633.04001457421 0.526790004547711 0.0962854335798482 1672.32732732318
"980" 0.419354838709677 -2357.97387741717 0.47449987694533 0.0873161754176823 1842.22817223957
"981" 0.387096774193548 -2236.19633438226 0.252224093257328 0.0630376951727825 2548.05442212268
"982" 0.419354838709677 -1505.24505579154 0.596829105350694 0.111104044410194 1450.62375569049
"983" 0.451612903225806 -3661.27433068596 0.285840825096722 0.0653084968800428 2461.86808690355
"984" 0.580645161290323 -2360.74652225138 0.516401485668055 0.0930399587875713 1718.17618873145
"985" 0.354838709677419 -4364.83450306913 0.255421004431356 0.062212543464445 2561.16618516962
"986" 0.548387096774194 -1783.88174109613 0.486885045554692 0.0887942876336933 1799.77550773282
"987" 0.451612903225806 -1801.24075629721 0.465051297385368 0.0853832947538583 1865.12907013701
"988" 0.451612903225806 -2911.25469497492 0.339138855384804 0.0707374294873968 2271.06724106418
"989" 0.387096774193548 -2552.31614401591 0.316819413681329 0.068391605720622 2346.42587994986
"990" 0.419354838709677 -4196.62437520683 0.223358604523062 0.0602739264163404 2654.57012168675
"991" 0.387096774193548 -2874.39060900418 0.221606057351447 0.0604377218270043 2650.15516551717
"992" 0.290322580645161 -2040.96862107677 0.315776738541342 0.068164851914944 2345.1192220112
"993" 0.419354838709677 -2141.95071474253 0.364159275453402 0.0733697815735035 2185.09338035047
"994" 0.290322580645161 -2312.6200307531 0.247802038061291 0.0624672817840489 2550.71140468196
"995" 0.387096774193548 -3212.96156592322 0.290152832974189 0.065736418967919 2437.28281201692
"996" 0.419354838709677 -2204.63936035735 0.368730680267405 0.0737795008294805 2176.35639882564
"997" 0.354838709677419 -2767.1216281157 0.363490528349325 0.0722286809061007 2203.38969929449
"998" 0.483870967741935 -2416.95392038495 0.458067029174737 0.0844541271787303 1906.33465849123
"999" 0.516129032258065 -2469.41489013375 0.420655551057129 0.0800394868341117 2019.71969313588
"1000" 0.290322580645161 -2830.98073468637 0.278198659326638 0.0647034097295605 2480.12018410694
