"SCI" "RCI" "GER" "MSM*" "MIG"
"1" 0.352941176470588 -2219.76013046875 0.590160959865746 0.241901801993565 686.222124403205
"2" 0.235294117647059 -1566.6199796772 0.52296509120456 0.200948201879218 752.449254415352
"3" 0.352941176470588 -2579.50321609936 0.377932573893791 0.160547016952006 938.593578900295
"4" 0.294117647058824 -4023.64406997705 0.382227563622889 0.160778626249698 932.231818271336
"5" 0.352941176470588 -2839.79508375144 0.523293593267934 0.205893908633518 757.740246220099
"6" 0.176470588235294 -3542.80032428704 0.4163369337472 0.17402838037466 896.492223913111
"7" 0.294117647058824 -3160.56622406295 0.403942210355371 0.165271700949959 899.570763812601
"8" 0.294117647058824 -3338.72984529639 0.476878733557721 0.188411365538116 820.027824471935
"9" 0.176470588235294 -3819.02721156094 0.386117497948279 0.164179034855625 935.461790979575
"10" 0.294117647058824 -1754.77745613681 0.463104470572694 0.180585835765517 828.867429428895
"11" 0.411764705882353 -2292.82660988239 0.655174866562791 0.257157893432775 587.76801417358
"12" 0.470588235294118 -2812.95157397663 0.549697028918029 0.208181311907333 721.539463408671
"13" 0.352941176470588 -1690.50477981573 0.506509386449239 0.190713585435801 772.907965953653
"14" 0.411764705882353 -1349.2404761998 0.632210666129074 0.246887673340359 620.005123759783
"15" 0.235294117647059 -2839.06330243869 0.427184002883104 0.174220045844363 879.643286996577
"16" 0.235294117647059 -1718.54587300613 0.500159200385061 0.198262001039134 783.701454180996
"17" 0.529411764705882 -1281.0606758764 0.737942355996109 0.313301749953854 482.98494356686
"18" 0.235294117647059 -2102.14472587892 0.625529667329338 0.245840480900046 624.899375907714
"19" 0.411764705882353 -1884.76020299694 0.539484050489669 0.208825552471087 737.083958690257
"20" 0.294117647058824 -1418.31746012925 0.660794606835411 0.265401910284215 585.555143083108
"21" 0.411764705882353 -3240.26717773276 0.497226872885901 0.203287224194286 800.281639431231
"22" 0.294117647058824 -2223.13472899618 0.46670949442547 0.180624153039727 821.865450488962
"23" 0.235294117647059 -4236.41864077978 0.449315837659032 0.186345237722155 862.451901988986
"24" 0.352941176470588 -2016.22078264813 0.469266067330092 0.188414609444945 823.902821112161
"25" 0.235294117647059 -3064.4385707171 0.40978249837587 0.171606498379625 908.139966115132
"26" 0.352941176470588 -2457.16928268111 0.552074431138739 0.216197415118618 723.597377510935
"27" 0.294117647058824 -3559.77395387953 0.622503221867241 0.250385613697259 640.438874521652
"28" 0.470588235294118 -1590.24553898953 0.649039325103533 0.251237469946814 593.893523752091
"29" 0.294117647058824 -3989.63888245327 0.425699853425899 0.174799352804594 887.595198276867
"30" 0.352941176470588 -2241.8041023418 0.458683193321688 0.17964569031322 834.629417195262
"31" 0.176470588235294 -2591.56827520357 0.341030026827414 0.151578732564245 989.075980289812
"32" 0.411764705882353 -1661.97482890714 0.638076226334936 0.247401227358498 611.822276492624
"33" 0.294117647058824 -2432.57429620637 0.443991147607987 0.179019260981409 857.469060658387
"34" 0.235294117647059 -2160.09538876011 0.480474444224793 0.187276473314191 809.193865805748
"35" 0.176470588235294 -2028.29271219558 0.458551436074891 0.176210438791396 833.40474403237
"36" 0.352941176470588 -2568.47587368709 0.65891076539055 0.255680992722697 585.574738136379
"37" 0.470588235294118 -1166.4568631213 0.752262903088742 0.327010623032106 468.634875574506
"38" 0.294117647058824 -1916.51352588019 0.478599049733644 0.182029971301777 808.103865791292
"39" 0.352941176470588 -2380.4868006575 0.597991203806539 0.231790829044183 667.431073274552
"40" 0.294117647058824 -1682.59485605231 0.547761063775355 0.213471929990828 730.334566677842
"41" 0.411764705882353 -3131.77058943609 0.50495518306028 0.196686372613211 785.840604904171
"42" 0.294117647058824 -3448.40035374264 0.489798893764565 0.200663100956876 806.184676296022
"43" 0.294117647058824 -2134.61086465351 0.624338921366633 0.253585997591641 636.650171115832
"44" 0.235294117647059 -2741.59855225718 0.536950768984022 0.210506542000718 743.248609583017
"45" 0.294117647058824 -2249.85313500321 0.392164957400359 0.161101633364331 917.2038092562
"46" 0.176470588235294 -3284.26281743791 0.368167178889124 0.163238945213736 952.558417188842
"47" 0.176470588235294 -1959.524955283 0.421744060765002 0.169805461030708 879.867202397415
"48" 0.294117647058824 -2647.71203516379 0.42241317477947 0.178490843597238 885.912828506399
"49" 0.352941176470588 -1833.92485202667 0.618249731331066 0.243174066974741 639.682543150394
"50" 0.235294117647059 -2944.07049205067 0.447563571944178 0.176265685285373 853.110073500465
"51" 0.294117647058824 -1983.30518764917 0.583023474542149 0.217132956754073 677.49904321413
"52" 0.235294117647059 -1923.38758575652 0.524865947814728 0.202460354149261 750.739194389561
"53" 0.235294117647059 -1902.69790607652 0.553634375551978 0.220204148461263 719.551913559663
"54" 0.294117647058824 -2718.20527937847 0.411158457702875 0.168854228386301 895.304965026453
"55" 0.352941176470588 -1878.07563880149 0.50866469228295 0.196018734834942 774.736057742473
"56" 0.294117647058824 -2842.49537611393 0.414209502203791 0.16619524013472 889.331250742795
"57" 0.411764705882353 -1379.68819976217 0.573138752394056 0.217107746121149 689.747335543523
"58" 0.411764705882353 -2416.74697945966 0.676143788741442 0.278708548010059 568.902491094906
"59" 0.352941176470588 -2178.82910579663 0.555530186493829 0.207703622332568 712.149918216209
"60" 0.294117647058824 -3443.12109904585 0.409428046819685 0.165152769308601 895.302015913255
"61" 0.411764705882353 -1303.14769088487 0.652040413131681 0.250602920243996 590.088419110393
"62" 0.294117647058824 -2070.90677924853 0.616117693988665 0.254128784155522 653.606683039807
"63" 0.411764705882353 -1988.3822140449 0.664417277130668 0.270562781815394 582.545509633892
"64" 0.235294117647059 -2706.47784826718 0.410715646338296 0.171219830240921 904.676828335151
"65" 0.294117647058824 -1289.43790758499 0.62868735403025 0.244443878768843 621.327372739322
"66" 0.294117647058824 -1962.91856183147 0.450585896996339 0.17406485592577 841.920916423786
"67" 0.235294117647059 -1856.71686147231 0.549834948262059 0.212990634724412 724.467303366813
"68" 0.411764705882353 -1872.13389768154 0.519752434115922 0.193762172228265 755.275767872641
"69" 0.294117647058824 -2884.87448901552 0.41177963442794 0.178303260450572 904.217834382162
"70" 0.294117647058824 -1882.55236627368 0.522524977897732 0.203593035668838 758.225965618165
"71" 0.352941176470588 -2989.54124836071 0.457395741763493 0.17743479078683 836.06332830847
"72" 0.352941176470588 -1484.50663497476 0.593170863345932 0.234651966817336 669.026278656914
"73" 0.235294117647059 -2158.23117246873 0.565475630840673 0.213988245506883 700.632859827078
"74" 0.352941176470588 -2084.37811462876 0.55663336771272 0.213542856934964 716.32936666094
"75" 0.411764705882353 -1971.05562959756 0.554498566958857 0.210788194585463 718.435072406065
"76" 0.352941176470588 -1923.1592526887 0.558548690824117 0.211526229653156 709.496646291567
"77" 0.411764705882353 -2524.66269709692 0.597497095713079 0.231064181762878 663.77378378283
"78" 0.411764705882353 -1095.05089202953 0.643822107080879 0.249099860770986 596.866323756149
"79" 0.352941176470588 -1791.82438805526 0.649866500016862 0.253045371610404 592.672354411802
"80" 0.411764705882353 -1777.94711753432 0.66740436501356 0.280361548452902 582.804281243649
"81" 0.294117647058824 -1875.36096424439 0.593826019840926 0.233234377255191 668.601413929214
"82" 0.352941176470588 -3787.64240129643 0.426908338016035 0.173346687730503 886.11197465274
"83" 0.352941176470588 -1565.20786399853 0.498963589359121 0.19904790971311 785.936961519593
"84" 0.411764705882353 -2499.45016046732 0.527283284934275 0.208185648203202 754.515785608392
"85" 0.235294117647059 -1852.17137135238 0.507050066421343 0.200732618746713 776.628356950083
"86" 0.294117647058824 -2830.94915813605 0.411394320224069 0.163487720514086 898.03042341545
"87" 0.235294117647059 -1633.33117782575 0.608014023816635 0.226967307409414 645.27572893281
"88" 0.235294117647059 -2672.86311906944 0.389368036240415 0.16471759361349 923.443421107717
"89" 0.235294117647059 -2834.08912836402 0.451744471044385 0.178253303862963 846.24993109593
"90" 0.235294117647059 -2370.31021168641 0.554690873672456 0.206408747583635 712.25221466928
"91" 0.235294117647059 -2279.66873387913 0.50771908915935 0.191541963580522 776.551420448099
"92" 0.411764705882353 -1789.57158002812 0.604433984489676 0.237118012602535 651.742545436795
"93" 0.352941176470588 -3193.68354215554 0.507888833453793 0.193702398425397 773.525546915899
"94" 0.352941176470588 -2534.40780932983 0.621763269841812 0.241503710126459 634.024161812917
"95" 0.352941176470588 -1330.60015330038 0.569293706385986 0.210480270643546 691.077662677383
"96" 0.411764705882353 -2020.28168114543 0.650971069530739 0.255499561582642 592.12174348725
"97" 0.352941176470588 -2404.01648099558 0.467373163083689 0.185209096592966 830.843166207734
"98" 0.352941176470588 -2558.03136424944 0.518129473406182 0.203948697435008 768.415315553942
"99" 0.294117647058824 -1721.8827123729 0.422150323518029 0.173859649511767 882.740852075657
"100" 0.235294117647059 -3587.39157252257 0.442388057650687 0.185904438201444 877.34488165611
"101" 0.294117647058824 -2479.19984155347 0.458813794060622 0.18449262533175 842.382005743047
"102" 0.294117647058824 -2788.13253963953 0.442774222954436 0.176578499666255 855.080128075173
"103" 0.352941176470588 -1768.23723759254 0.461270373215836 0.191736927728943 838.464687762384
"104" 0.235294117647059 -4315.50183618736 0.469421201961151 0.181648515784714 823.489910788737
"105" 0.352941176470588 -2100.85310267474 0.574976600419037 0.227035243113321 696.614854527095
"106" 0.294117647058824 -2222.97164072407 0.434805473787862 0.171584831718595 858.27876684685
"107" 0.411764705882353 -2386.08852109221 0.616239873555233 0.240019447874322 637.570055768653
"108" 0.235294117647059 -3150.90132471339 0.303460284036588 0.152578436618472 1042.684512659
"109" 0.470588235294118 -1797.43125672465 0.712762807524632 0.292407987650388 514.291899861891
"110" 0.411764705882353 -1355.70979400743 0.618779406286768 0.253277387063387 642.641509951423
"111" 0.411764705882353 -2473.23950176528 0.565899863027906 0.213269733805083 704.473473277923
"112" 0.294117647058824 -1782.21741504519 0.556707023645132 0.209562105861715 714.098008965825
"113" 0.352941176470588 -1947.77081818058 0.583345687394797 0.220903655019194 680.617133629923
"114" 0.235294117647059 -2815.00658434019 0.414089814831713 0.171806679393515 898.968681836585
"115" 0.411764705882353 -1897.78643385839 0.623792724305503 0.237581420512472 622.56626799139
"116" 0.294117647058824 -2436.45992827676 0.483534582019366 0.18678027696312 809.338794105018
"117" 0.235294117647059 -2162.6406437555 0.546897737015137 0.207527335218371 731.858054572945
"118" 0.176470588235294 -3777.60287496335 0.392807178124688 0.165054211220828 928.31819890444
"119" 0.235294117647059 -3282.63859653936 0.442100269094251 0.182551183129135 863.298359606178
"120" 0.294117647058824 -1914.66676905266 0.591412954722489 0.224945581021413 673.288590050943
"121" 0.352941176470588 -1991.26970754251 0.489289017899336 0.195814757212697 803.961279800285
"122" 0.294117647058824 -3709.1422779635 0.454346127098854 0.181595367616875 851.998513166895
"123" 0.294117647058824 -2034.4017047452 0.480491595563569 0.18421050832911 802.180681053915
"124" 0.352941176470588 -2043.1719234 0.591175802325344 0.221328561188388 664.926620253676
"125" 0.294117647058824 -2218.70602767811 0.508137628905883 0.201246414267999 779.693954202789
"126" 0.411764705882353 -1844.71278791906 0.597145562294015 0.226467008597803 663.397499858819
"127" 0.411764705882353 -1228.8213853978 0.667318212324457 0.264831945657309 571.321470353445
"128" 0.470588235294118 -1847.1152275764 0.61777902053638 0.234739293544015 634.483820968743
"129" 0.176470588235294 -2238.76131630561 0.435333278706272 0.176212366409021 870.615741770384
"130" 0.235294117647059 -2690.66520211642 0.438201742120173 0.172244589708708 858.436039297355
"131" 0.235294117647059 -3206.95779872202 0.433433671245652 0.167827694600842 872.522788479175
"132" 0.294117647058824 -1568.28799202992 0.597376107038819 0.230980849820092 659.765943966962
"133" 0.352941176470588 -2372.42357473401 0.575490095732675 0.216110418235493 686.351361212076
"134" 0.235294117647059 -2600.94128083678 0.478294436570121 0.186297840713134 812.996413543201
"135" 0.411764705882353 -3648.51590810336 0.569210838167764 0.22623168560921 710.800049185562
"136" 0.294117647058824 -2616.86289349228 0.497153467766963 0.194461401945196 794.384112289513
"137" 0.294117647058824 -2854.41799617969 0.399508213309848 0.170814901754918 918.014582931584
"138" 0.352941176470588 -2142.92236352179 0.629118827589401 0.242504621373144 622.04385995952
"139" 0.470588235294118 -2440.00534811419 0.695754169229121 0.282552826865434 538.641223893936
"140" 0.411764705882353 -2096.62616383085 0.757982388231645 0.342696284328146 469.412731737127
"141" 0.294117647058824 -2446.84238386624 0.447331050190571 0.184710563715153 861.393477307027
"142" 0.294117647058824 -4760.09937452271 0.412045977917992 0.165088763773475 898.689181191197
"143" 0.294117647058824 -2083.56911118463 0.51583433127009 0.199251776493474 764.298867364943
"144" 0.411764705882353 -1777.7387652183 0.62614901149214 0.254551812761093 632.663664977611
"145" 0.352941176470588 -3203.29127129265 0.571382561415974 0.21885156205749 700.770455607406
"146" 0.235294117647059 -3206.75701561595 0.37377541278821 0.165280737803997 953.382897862936
"147" 0.176470588235294 -2634.67439681197 0.388682281539088 0.167309346096323 928.491803543417
"148" 0.411764705882353 -2116.07360751124 0.618466707001172 0.24233486360215 637.173789259454
"149" 0.176470588235294 -2847.83359706039 0.445056180817881 0.17345114993398 853.841630647918
"150" 0.470588235294118 -1403.30593324851 0.633259475771588 0.245427824124407 616.177356483946
"151" 0.411764705882353 -1623.82623239903 0.537291137971102 0.205765913022884 734.24621562613
"152" 0.352941176470588 -1799.33086542892 0.667820673902757 0.274354023583657 577.097868684216
"153" 0.294117647058824 -2071.38649234319 0.391746533274717 0.162864182047833 920.100831797389
"154" 0.294117647058824 -2376.03299734853 0.466662125464755 0.185522276929068 829.37286959328
"155" 0.235294117647059 -2180.21893767078 0.428482040863054 0.175268350091458 877.621772076639
"156" 0.235294117647059 -2621.84294301584 0.384490539177347 0.160372719680745 926.85087519334
"157" 0.470588235294118 -1756.87571146372 0.730379877905411 0.311669527814847 496.214904096422
"158" 0.352941176470588 -1892.48487596479 0.590536919165118 0.222520025004532 673.549954203598
"159" 0.117647058823529 -3303.42899656891 0.355878227005491 0.154937663764102 962.838755534967
"160" 0.294117647058824 -2123.12166084585 0.554363852469965 0.211900523288576 714.901936251992
"161" 0.294117647058824 -1703.23074971115 0.430502999083084 0.17282809502859 872.696162918932
"162" 0.352941176470588 -2783.12565001729 0.460667123347142 0.195934052573563 851.361019600882
"163" 0.235294117647059 -2893.63511115986 0.388698993838954 0.159405773882962 919.909391756338
"164" 0.352941176470588 -2998.15568697457 0.499290026165396 0.19683281515245 787.96963149139
"165" 0.470588235294118 -1036.10591268834 0.623259903155184 0.238026391466069 622.173852840802
"166" 0.294117647058824 -1472.96215680887 0.56689174147657 0.220713771834845 701.52750946749
"167" 0.235294117647059 -2486.70337920606 0.433632873448733 0.175628216466512 867.206319631594
"168" 0.294117647058824 -2134.21218068865 0.502398446519267 0.200279747244761 788.710420216387
"169" 0.176470588235294 -2416.9064068341 0.389236684353606 0.166022680753178 922.197129209428
"170" 0.294117647058824 -1722.12589534964 0.549297966366994 0.213148246372589 721.784050495748
"171" 0.294117647058824 -3431.47880925058 0.416228943160536 0.172696174330584 891.390553994356
"172" 0.352941176470588 -1690.44521173474 0.64727319101765 0.258183614632573 599.889905217532
"173" 0.352941176470588 -1308.33446081221 0.688351942272638 0.27306802667541 544.198490731967
"174" 0.235294117647059 -2718.48848452974 0.429268831363402 0.178564948876161 882.36289407247
"175" 0.117647058823529 -2970.95264614098 0.318957954254087 0.147613385276373 1009.71336563817
"176" 0.352941176470588 -2153.92176621415 0.597651341397943 0.234049331765889 661.875065863188
"177" 0.411764705882353 -1842.60041075953 0.653261932616923 0.263274517773256 597.334336475353
"178" 0.294117647058824 -1847.46140883273 0.453075581110635 0.174681768071891 835.472364221495
"179" 0.470588235294118 -1602.86309887673 0.598646533455793 0.229875633415561 658.37490325622
"180" 0.294117647058824 -1480.81817618906 0.610384233690034 0.229043948489874 643.090106336609
"181" 0.235294117647059 -3650.00413479902 0.387803683882516 0.174220786475577 941.903378224264
"182" 0.411764705882353 -1166.40774704223 0.657284114500193 0.264233340345261 587.889231197957
"183" 0.352941176470588 -2952.51454829074 0.520039304556241 0.207872618852322 763.423458598478
"184" 0.176470588235294 -2663.4309313527 0.436778867523086 0.176427932986548 862.991682152183
"185" 0.352941176470588 -2277.70664208643 0.430244321481767 0.171380476193179 874.615609124569
"186" 0.352941176470588 -1166.90419423889 0.683342616109093 0.271413116170603 551.469657278736
"187" 0.352941176470588 -1809.28153985381 0.582364726875098 0.225693897213057 680.77516039728
"188" 0.411764705882353 -1408.14022625121 0.718487447974214 0.30444338527166 511.709243531584
"189" 0.352941176470588 -2064.77023230587 0.591031763098336 0.222483522733566 666.755820652512
"190" 0.411764705882353 -1336.47915750035 0.664128332849375 0.260794053235487 574.11295863681
"191" 0.235294117647059 -3114.71719043407 0.433231971748992 0.184978270568742 889.311479361004
"192" 0.176470588235294 -2351.32107588434 0.399540875394783 0.172724990159866 912.546064693176
"193" 0.235294117647059 -2128.55325285659 0.480353384254785 0.187604317308589 810.466762692463
"194" 0.235294117647059 -2232.08655720035 0.489738967180119 0.199449488430767 805.010293532042
"195" 0.294117647058824 -2331.004175942 0.462579970076968 0.196188268460961 844.082450714633
"196" 0.411764705882353 -2346.04675165023 0.699085968097975 0.298428249592704 546.374209912575
"197" 0.176470588235294 -2095.65862215386 0.5152832704117 0.206619947194589 769.695809235782
"198" 0.117647058823529 -5051.14384557252 0.334336711479109 0.159452378625823 1009.72469774282
"199" 0.352941176470588 -2257.20093900786 0.52820195713523 0.202820051004996 757.193399418202
"200" 0.235294117647059 -4117.10273633258 0.399047033810883 0.163498684986511 918.547169824928
"201" 0.411764705882353 -3919.35517569733 0.476064305582438 0.187328273168 820.14934820981
"202" 0.352941176470588 -2544.34662509036 0.472251700949694 0.189041451736518 827.847456138509
"203" 0.294117647058824 -4309.35827242194 0.52737686354861 0.202604071197778 753.621254838323
"204" 0.235294117647059 -1704.26602680208 0.515783628531897 0.197084561171437 765.11582000328
"205" 0.352941176470588 -2277.40976638268 0.595150343592241 0.231531214114781 671.012873893543
"206" 0.352941176470588 -1821.70397959571 0.628068795035573 0.241840555873804 624.960442261342
"207" 0.235294117647059 -3498.96458729869 0.370935045499157 0.166521860515832 948.104295369396
"208" 0.235294117647059 -1976.64742340138 0.420073927595276 0.168076241981614 885.196420984438
"209" 0.235294117647059 -3104.64853822916 0.394598144403509 0.162093973879853 916.799095031182
"210" 0.294117647058824 -2434.76439626754 0.414314429556754 0.175941707344827 901.021051668742
"211" 0.352941176470588 -2063.39041819266 0.532362828790974 0.214469187028371 749.254716953174
"212" 0.411764705882353 -1480.34478831331 0.519175007191441 0.196294508317282 756.190729583344
"213" 0.235294117647059 -2165.88669721689 0.413286060140048 0.17300466124633 900.340416026183
"214" 0.294117647058824 -1602.29827763319 0.595174195135174 0.230006107182472 665.325424772185
"215" 0.294117647058824 -2791.29077776848 0.407794399286056 0.17038010353724 907.044205484262
"216" 0.294117647058824 -2924.27603487926 0.45175598401481 0.185856387680897 849.700991005691
"217" 0.352941176470588 -2040.60328825556 0.476953720406484 0.189870536883634 812.576143554179
"218" 0.294117647058824 -1965.86748861428 0.530895188900199 0.203081523210305 746.162658958917
"219" 0.176470588235294 -3658.72333340372 0.389694115282869 0.161395627825107 931.599682755398
"220" 0.352941176470588 -1563.51324298774 0.6089330609282 0.238525481779031 652.258396025302
"221" 0.294117647058824 -3285.1710331562 0.408501369087721 0.171463814144724 903.520099180457
"222" 0.294117647058824 -2469.323890325 0.555503966768976 0.212505630197922 716.905875910216
"223" 0.235294117647059 -3005.24053382394 0.387326298266043 0.166203774006779 936.978577820955
"224" 0.235294117647059 -3806.59233830218 0.371636894513214 0.157803665661873 949.674778422988
"225" 0.176470588235294 -2866.20072996315 0.41357679525041 0.179095876714789 905.954234056583
"226" 0.235294117647059 -3299.35471632707 0.536695632296233 0.208669509277155 743.230614410315
"227" 0.411764705882353 -1684.42611361121 0.568597230370459 0.228145830139491 704.270479606248
"228" 0.176470588235294 -3931.59824164895 0.318333084366898 0.152788615105972 1026.25908047807
"229" 0.294117647058824 -2376.88735026411 0.508878140053575 0.201431222665942 783.481614224867
"230" 0.294117647058824 -2042.08221467838 0.62735941883627 0.241183996960318 626.421989528812
"231" 0.294117647058824 -2080.82432199961 0.421752544847317 0.170127503531692 887.432273950568
"232" 0.294117647058824 -2305.21701277629 0.479543934131559 0.18719359342288 807.517472508361
"233" 0.294117647058824 -2036.57988931231 0.550018613810343 0.214630540648572 729.800331950833
"234" 0.352941176470588 -2836.54611477544 0.482376999663559 0.185721634041047 807.467043050018
"235" 0.294117647058824 -2519.19611993127 0.475947678600658 0.187509042871059 816.893244743198
"236" 0.294117647058824 -1877.19170350725 0.507344758874866 0.197461328178202 773.311031590672
"237" 0.352941176470588 -1372.58442282034 0.604684899878419 0.236213625912904 650.03906220231
"238" 0.176470588235294 -3185.31781851084 0.519218760291561 0.195598657698347 768.490034461757
"239" 0.235294117647059 -1741.46049930942 0.517218707880967 0.200207229126445 767.220215461936
"240" 0.294117647058824 -1726.38499396787 0.609506175105267 0.239551848181175 651.463782285396
"241" 0.235294117647059 -1834.32550183452 0.5639827907474 0.21203512257711 704.930868525943
"242" 0.294117647058824 -1601.21696782881 0.624349618388703 0.246614168912346 626.919328551919
"243" 0.294117647058824 -2346.68944841316 0.560114063995152 0.211206285241038 707.013748712875
"244" 0.294117647058824 -2289.57049391456 0.443991744970708 0.179928587830005 858.723092101468
"245" 0.235294117647059 -2659.27998920151 0.424746481795765 0.173106490890333 880.70788153589
"246" 0.235294117647059 -2147.96767416004 0.479126954799391 0.196180191143766 814.850571027431
"247" 0.352941176470588 -2655.19085778349 0.59288683214629 0.232759343357445 671.154296534744
"248" 0.352941176470588 -2285.2924418687 0.557639465048077 0.219534506756895 713.761404729441
"249" 0.294117647058824 -1832.7409035068 0.559820382455838 0.211915538846907 703.116177558757
"250" 0.235294117647059 -2826.55216776996 0.392461736717683 0.161845906196368 918.253299758037
"251" 0.235294117647059 -2116.43038035215 0.374592301493959 0.165862218113789 947.371666371753
"252" 0.352941176470588 -1693.64695450687 0.557056919796562 0.209801321231673 708.493106863042
"253" 0.352941176470588 -2624.62630133217 0.483210364493083 0.18428393655394 801.459107084321
"254" 0.294117647058824 -1742.09891749372 0.50438427012756 0.196133920488709 779.885235161865
"255" 0.294117647058824 -2949.63893468377 0.497956022108234 0.193212353262817 790.509807649676
"256" 0.294117647058824 -4056.61740367185 0.45157149829694 0.174173247012946 847.394759331031
"257" 0.411764705882353 -1474.24288901078 0.652990790035518 0.258434660915095 593.731456351907
"258" 0.294117647058824 -2736.09795384918 0.528369712161427 0.199661516121818 754.112552979337
"259" 0.352941176470588 -2375.43366911772 0.579843983432999 0.226768748451468 691.347672474201
"260" 0.352941176470588 -2195.53283795411 0.515059218543575 0.200417822005041 762.751370503726
"261" 0.235294117647059 -3356.90318601372 0.359749009077676 0.164916779487172 971.805942612666
"262" 0.352941176470588 -2448.82180021597 0.512094313913696 0.202280462511438 775.006291911763
"263" 0.235294117647059 -2850.41161050916 0.399311955309862 0.173242052819974 925.069281082556
"264" 0.470588235294118 -1780.48619593406 0.674744087950566 0.271770692156114 569.685949365879
"265" 0.352941176470588 -1634.99184344964 0.498977992790768 0.188241858256636 784.05371021077
"266" 0.235294117647059 -2327.31147873461 0.48325681566447 0.187267351603298 805.9118086019
"267" 0.352941176470588 -2381.96176033469 0.512083933331014 0.212886028937524 784.397887974261
"268" 0.470588235294118 -1119.79566262371 0.718465723254668 0.298002648344671 507.551550645083
"269" 0.176470588235294 -3186.56239364294 0.383644830707805 0.160177543105684 928.316045104857
"270" 0.352941176470588 -2078.69050917225 0.514988434457595 0.201519622835173 775.481534959835
"271" 0.588235294117647 -1345.34887625152 0.799259638949636 0.376895266330634 406.90934127436
"272" 0.294117647058824 -3228.31910016131 0.473305504699885 0.192686352021084 829.89834447399
"273" 0.294117647058824 -3123.61551892664 0.492035226941872 0.198417565512575 807.856519278682
"274" 0.352941176470588 -1914.96690024947 0.60407205237231 0.231036028185824 653.463841111187
"275" 0.352941176470588 -2202.27646136214 0.461714350010922 0.182356991601122 839.575408224969
"276" 0.235294117647059 -2872.23322652779 0.429294301258387 0.183112117641124 885.570510664075
"277" 0.352941176470588 -1950.11032505695 0.577081545603033 0.227539516570638 691.655406302959
"278" 0.176470588235294 -2231.20632604223 0.423547283989662 0.170136597003624 883.146121048536
"279" 0.176470588235294 -2467.20842232825 0.423220267197126 0.178379281124152 888.511110133103
"280" 0.294117647058824 -2680.19018214219 0.46143589344667 0.191318942486033 842.261611425614
"281" 0.235294117647059 -1993.22904082412 0.570904342325533 0.223686859668722 703.580461930872
"282" 0.352941176470588 -1771.06442095499 0.722105747788261 0.302903140234819 507.386690903895
"283" 0.352941176470588 -2273.49743764396 0.498523067607355 0.196387921579965 789.886972173038
"284" 0.235294117647059 -3131.35275806034 0.393401894634383 0.169903198635509 930.093876486551
"285" 0.352941176470588 -1732.31599838576 0.641192169206202 0.245614155202676 604.646373210486
"286" 0.235294117647059 -3400.23603802686 0.410227298564523 0.167866923804644 902.474904699936
"287" 0.294117647058824 -1997.78939931803 0.643324243590742 0.249055227396616 605.931266917431
"288" 0.352941176470588 -1844.79094015429 0.618343087664424 0.240558887166074 638.77111647696
"289" 0.294117647058824 -2734.22819563163 0.455987203815902 0.178508378384022 833.547273739472
"290" 0.294117647058824 -2243.94209877066 0.446642398667324 0.180783801927172 852.428707071529
"291" 0.176470588235294 -2401.1311929688 0.390416362439614 0.16699414091294 931.040361328383
"292" 0.294117647058824 -2306.25463141399 0.470083501978564 0.186707288985786 819.605502641353
"293" 0.235294117647059 -2293.27525898973 0.474313850976589 0.191131237048884 824.288330143381
"294" 0.294117647058824 -2483.42593033216 0.551285889363593 0.209056561818844 714.464920651386
"295" 0.294117647058824 -2713.4283274203 0.427571023809604 0.18356580474289 889.426517331994
"296" 0.235294117647059 -2121.84687184919 0.526593364886015 0.200004729379829 749.716359960353
"297" 0.352941176470588 -2009.13408336964 0.586381565124915 0.229432506957283 678.956052134067
"298" 0.294117647058824 -1988.90735628333 0.507513084577738 0.192115098777296 776.67149697989
"299" 0.294117647058824 -1317.19132658225 0.60533814351846 0.229813665175955 646.676119139253
"300" 0.352941176470588 -1534.42152509496 0.651018297044008 0.257933430872992 599.211339747519
"301" 0.352941176470588 -1588.9022307876 0.496299351243724 0.186349904390915 784.949613180277
"302" 0.294117647058824 -3657.04093088653 0.415196353055717 0.165813151387527 882.076361809429
"303" 0.352941176470588 -1421.93582833881 0.581540479729792 0.22998445525547 685.516649742485
"304" 0.411764705882353 -1901.77927822623 0.631912809569879 0.24765697363726 619.581637536299
"305" 0.352941176470588 -1716.57805049663 0.504407799086574 0.190285292213135 772.569709237854
"306" 0.294117647058824 -2471.74945123815 0.506546245410316 0.199643149305076 780.601304813749
"307" 0.411764705882353 -1433.08920487152 0.691397811644801 0.28081087323017 546.087949974959
"308" 0.294117647058824 -1801.80387197529 0.670434628108553 0.272910423354858 574.611663996144
"309" 0.352941176470588 -2463.55264014137 0.535712552204065 0.204999806125334 743.411829949902
"310" 0.294117647058824 -2181.32830618405 0.436664705926131 0.177179924638175 868.309561529195
"311" 0.352941176470588 -3630.99452389813 0.599446621066399 0.247239352642953 675.392881165503
"312" 0.235294117647059 -2350.00421200527 0.525375562825074 0.213397222969196 769.006501788984
"313" 0.411764705882353 -2296.9845038122 0.549686622798255 0.210725280482316 723.792675474866
"314" 0.294117647058824 -3252.31478899007 0.491983642278134 0.187081833921017 795.547105279202
"315" 0.294117647058824 -1827.72014602004 0.513347074909447 0.19610133332773 763.071567879017
"316" 0.411764705882353 -2082.18260685336 0.613883765097014 0.23305611377049 640.640121799263
"317" 0.235294117647059 -3476.25304479992 0.493090050460691 0.188441614207924 796.411425528908
"318" 0.294117647058824 -2233.60107731165 0.46150836540148 0.185455535690515 839.776911893804
"319" 0.294117647058824 -1915.48012427551 0.627110355127113 0.247249731328821 623.474239686406
"320" 0.294117647058824 -3107.15594746489 0.451726768469592 0.176844333638644 843.031275934887
"321" 0.294117647058824 -3429.25971286111 0.463115553587464 0.18219771846322 832.989225364879
"322" 0.235294117647059 -2815.53975484223 0.465429577739066 0.183297552824354 831.360282880278
"323" 0.294117647058824 -2468.44066577499 0.52268677676615 0.207214753285857 766.947499255387
"324" 0.411764705882353 -1615.30413997087 0.601102616180083 0.23915700040855 666.405589580159
"325" 0.411764705882353 -1459.89332455347 0.727787305734008 0.307507961915029 498.771372997179
"326" 0.352941176470588 -1495.83831530452 0.575484218099139 0.222970668359117 693.637669155812
"327" 0.176470588235294 -3127.15760158506 0.321887631810573 0.152494880873642 1011.01361107392
"328" 0.235294117647059 -2621.26879430377 0.405738539624489 0.164213304100262 898.584505087887
"329" 0.352941176470588 -2287.83529675751 0.544045491860044 0.205006509047005 729.1906559121
"330" 0.235294117647059 -3047.01176679991 0.389196401119988 0.16543795571303 923.836188760391
"331" 0.529411764705882 -1366.31007040531 0.733464911732147 0.324424101111047 498.762391154382
"332" 0.352941176470588 -3002.58371148311 0.616219342677674 0.245999495500654 649.754485517887
"333" 0.352941176470588 -1962.41595026328 0.452725982936908 0.178449268965888 844.414880421199
"334" 0.411764705882353 -3010.53314271907 0.469989831414255 0.180303479927971 818.574710407052
"335" 0.470588235294118 -2190.15670927059 0.570843154339882 0.214181039257559 693.719154307593
"336" 0.352941176470588 -2210.70389329751 0.676027686683658 0.278743893469055 572.391458422279
"337" 0.470588235294118 -1484.39231088203 0.714543220762938 0.29754802305722 516.063324969264
"338" 0.294117647058824 -2491.20673902486 0.449182075228625 0.184076832712435 847.003177416802
"339" 0.352941176470588 -1585.27148822066 0.669600336549497 0.267666655110747 571.318434511356
"340" 0.294117647058824 -2641.0978788804 0.384860623884163 0.162471652946095 932.505033328091
"341" 0.411764705882353 -2391.21749244233 0.70394085916751 0.302149135681953 536.425771227831
"342" 0.352941176470588 -2037.03841520265 0.500767788389017 0.188963856696738 782.909191725443
"343" 0.294117647058824 -2724.19580292936 0.408634164114522 0.174461886762727 912.880332851946
"344" 0.235294117647059 -2119.54713731622 0.440657651457772 0.180618785686031 859.173882549925
"345" 0.294117647058824 -1722.30468162187 0.567126624502658 0.214105688510403 698.71047491919
"346" 0.352941176470588 -2072.16559540212 0.526441422456609 0.203415628133678 750.107466761521
"347" 0.470588235294118 -1545.913689713 0.699003358776234 0.286917289636847 538.436461685255
"348" 0.294117647058824 -1777.43728687502 0.489495333039638 0.188543319475036 795.292641331789
"349" 0.294117647058824 -2156.9130552539 0.533418595129938 0.207478109526266 746.403453451894
"350" 0.352941176470588 -2308.90404290587 0.589050904963886 0.229570020896254 677.29592951922
"351" 0.470588235294118 -2115.47279608635 0.616094961813332 0.251544675787084 648.576270720928
"352" 0.352941176470588 -2323.59250075413 0.540471763499197 0.21079280438688 744.434226390736
"353" 0.294117647058824 -2531.94465380776 0.627499592151939 0.246414584577196 625.817956146722
"354" 0.411764705882353 -1464.85448051734 0.646618530343888 0.251026609689406 598.740165432324
"355" 0.352941176470588 -1760.66065737798 0.577776852530045 0.229582482195417 694.16137433446
"356" 0.294117647058824 -2347.88885605968 0.646457048377275 0.251018296748948 595.11954290563
"357" 0.294117647058824 -1180.07135303967 0.618125729705974 0.237990349726079 631.428908021858
"358" 0.411764705882353 -2027.51714347035 0.593175472459657 0.228448356844223 669.298594775417
"359" 0.294117647058824 -3136.29757678228 0.442054337099041 0.178721483026651 865.394500240432
"360" 0.294117647058824 -3150.22243025673 0.559348762128763 0.214327794652683 711.579990493634
"361" 0.294117647058824 -1623.96198201333 0.642355207944393 0.255585688567651 605.416539625789
"362" 0.294117647058824 -2580.26440629998 0.53215298309586 0.21145065355296 752.179002249606
"363" 0.529411764705882 -1723.65697156178 0.761133174754408 0.337458099667262 456.951115193076
"364" 0.294117647058824 -3495.66231474171 0.413134561894305 0.182941256590574 907.408779998317
"365" 0.352941176470588 -2644.86136073268 0.521201788303527 0.195476223193219 759.660948767115
"366" 0.352941176470588 -1517.09980489963 0.5642868140253 0.214416596338077 698.427546547449
"367" 0.352941176470588 -1998.79809284925 0.534973237670853 0.202497659692043 736.884310907615
"368" 0.411764705882353 -1980.25275516996 0.573805087297415 0.221484945229209 693.941977026851
"369" 0.235294117647059 -2850.16852442955 0.372223564036368 0.159744510143911 948.577615828724
"370" 0.235294117647059 -1909.95776069958 0.48364157091411 0.186885060276236 804.068614803236
"371" 0.352941176470588 -1477.02345910828 0.578968820674398 0.22318709368031 682.408405378706
"372" 0.235294117647059 -1544.18685483175 0.532825745649949 0.20675130192885 743.765425645644
"373" 0.411764705882353 -2391.68248167292 0.568570046771297 0.226190712322926 706.760019421943
"374" 0.411764705882353 -1518.1850608928 0.522806939323655 0.198427217762618 750.309950722917
"375" 0.294117647058824 -1210.6572816607 0.562083104071315 0.215864003436189 704.061630609061
"376" 0.294117647058824 -2659.74495045769 0.451192096777725 0.179028354161445 850.081204110042
"377" 0.294117647058824 -1806.21073229454 0.436332560466832 0.174317529307125 861.768297107967
"378" 0.411764705882353 -1404.69596830464 0.672729762910518 0.271698570381063 568.84020653442
"379" 0.352941176470588 -2023.57109048069 0.523500122907755 0.21176905746743 762.952423089126
"380" 0.176470588235294 -2095.39289320595 0.415072917532717 0.168353860883797 890.448849660168
"381" 0.470588235294118 -1777.8450798194 0.739905845630636 0.319214028401791 487.035918975528
"382" 0.294117647058824 -2326.7641053893 0.52401389562081 0.204164093261595 759.654282091938
"383" 0.294117647058824 -2029.91038906431 0.512448976186626 0.194232604150937 764.939024139925
"384" 0.411764705882353 -2529.52914284344 0.694067966028693 0.283563543044342 541.007734412686
"385" 0.294117647058824 -1982.76333216425 0.603603097287577 0.232669362985734 658.274456962308
"386" 0.411764705882353 -1522.7517716669 0.618994332999119 0.23460525132507 632.506296096069
"387" 0.470588235294118 -1008.0625260752 0.706258336465008 0.285849294755655 519.305481617809
"388" 0.294117647058824 -1395.17298873863 0.611629456823421 0.231001422126994 638.480420602502
"389" 0.411764705882353 -2105.4655740105 0.630645452353843 0.254890342744576 628.935372474925
"390" 0.352941176470588 -2025.94983932069 0.481589600405138 0.183264101311898 802.136222648341
"391" 0.470588235294118 -1817.146101828 0.65286435883483 0.260311093849494 594.821581173069
"392" 0.294117647058824 -1989.38573607142 0.497636404601975 0.188681138239033 784.771331566477
"393" 0.352941176470588 -1744.33350841831 0.50735215787386 0.192670861511819 771.320837185551
"394" 0.352941176470588 -2670.70611362887 0.642513777932731 0.263792815859393 616.648586661276
"395" 0.294117647058824 -1531.23051495225 0.615419838134531 0.241052118869274 640.927168809383
"396" 0.588235294117647 -1995.4130964834 0.735050594893323 0.315996313007481 491.657046739773
"397" 0.294117647058824 -2775.43635409853 0.482244699789607 0.18717623571894 803.233681801302
"398" 0.294117647058824 -2310.38595574588 0.515885535854348 0.19623076870189 761.74796483134
"399" 0.176470588235294 -2334.53111852209 0.413815210594363 0.167968081400934 890.699644565592
"400" 0.411764705882353 -1485.71337835212 0.597733157970689 0.226824564973009 654.132488669001
"401" 0.352941176470588 -2674.27668524188 0.563442886474074 0.214247295336323 704.483601518215
"402" 0.176470588235294 -2010.77593199131 0.393448355620847 0.160693225146797 918.442380503519
"403" 0.470588235294118 -2447.65926221645 0.628848133067063 0.24372080548803 624.461238530504
"404" 0.235294117647059 -2832.45164853957 0.371220159686722 0.165386558727651 953.972274842577
"405" 0.235294117647059 -2642.05232522243 0.439050662596565 0.178398359758622 862.214823992013
"406" 0.235294117647059 -2213.64435978558 0.460354501285253 0.178268337827943 838.659806562017
"407" 0.294117647058824 -1313.92187146835 0.625500859377645 0.245924051764222 626.383882108242
"408" 0.294117647058824 -2472.6177535048 0.468939631869732 0.18508326966489 828.29800664919
"409" 0.352941176470588 -2239.73778007223 0.591923029983369 0.230802565599611 670.875956267235
"410" 0.470588235294118 -1345.68164055403 0.675842110535251 0.277010594345457 567.46443233995
"411" 0.294117647058824 -2732.34332545054 0.430755915355005 0.18230746377332 882.784430694983
"412" 0.117647058823529 -2491.23299828227 0.333219629868406 0.148454575516502 994.796302994739
"413" 0.294117647058824 -1386.6563948218 0.606433698897711 0.233901468075862 649.277078219412
"414" 0.294117647058824 -2816.76543117334 0.434169910321628 0.172994017336471 870.248645771626
"415" 0.176470588235294 -2717.74736665929 0.341081563350625 0.161151952123789 996.664678512672
"416" 0.235294117647059 -2235.11536706238 0.478938407437141 0.183754763276249 809.833311039822
"417" 0.235294117647059 -1862.19751229871 0.461646415570425 0.186921970510673 838.871264944535
"418" 0.235294117647059 -1891.88866322675 0.409177760351787 0.17491427732144 900.670317352717
"419" 0.352941176470588 -1561.90899279219 0.626327759187569 0.244924111943188 627.669542226652
"420" 0.235294117647059 -3923.94626861417 0.419786131143527 0.177347222713768 889.29746738992
"421" 0.294117647058824 -2127.78428203057 0.469593574175847 0.190971316506419 830.724219022053
"422" 0.352941176470588 -2492.34181708761 0.551545980361559 0.221344160271315 731.592929063169
"423" 0.411764705882353 -2305.03892877423 0.612866846802483 0.24622327425691 651.548311025598
"424" 0.176470588235294 -2562.07577043363 0.340144331282502 0.1633762820713 991.280996105844
"425" 0.294117647058824 -3668.28230765061 0.454977335782629 0.190782724830021 853.011381361382
"426" 0.294117647058824 -1806.03745030344 0.599678337107185 0.237752563530832 666.371307868238
"427" 0.235294117647059 -2947.68678911094 0.391304176980865 0.166424559197117 923.435055560132
"428" 0.294117647058824 -1530.77184296116 0.571532408064351 0.221052613790742 693.04576534302
"429" 0.294117647058824 -5212.31791329692 0.403969747816704 0.178986577042667 918.655562298245
"430" 0.235294117647059 -2348.12340541228 0.49958108994984 0.202900654827373 798.542098597852
"431" 0.235294117647059 -1998.54365338656 0.574690702030594 0.21974308242695 693.673716415022
"432" 0.235294117647059 -4704.35609290445 0.438768900046232 0.186809881785673 879.668701924205
"433" 0.294117647058824 -1877.6944642065 0.523051759054907 0.196856522366233 751.477402662661
"434" 0.235294117647059 -1695.3552991774 0.531341759082081 0.212169185951058 753.897258170708
"435" 0.352941176470588 -1579.2538975743 0.625705270359521 0.250197754308172 627.835198754627
"436" 0.411764705882353 -1436.55859932924 0.643221492046252 0.253001985965621 603.32596203475
"437" 0.352941176470588 -1673.54009756957 0.611173631101611 0.236798866379414 642.66516037226
"438" 0.411764705882353 -1688.18506588382 0.706462481190149 0.290563102436689 528.797921882514
"439" 0.352941176470588 -1735.12921804596 0.713857234941865 0.296140936902558 515.868878574977
"440" 0.176470588235294 -2527.96170644619 0.385756045944842 0.165903803196711 933.550749363259
"441" 0.294117647058824 -2685.98483231565 0.456544416381188 0.181344813161701 840.058795839104
"442" 0.294117647058824 -2301.02742238107 0.42179004952676 0.183405912081635 894.691503642844
"443" 0.235294117647059 -2518.88785730979 0.504603800936128 0.208781974991757 795.297775959717
"444" 0.352941176470588 -1988.84175220582 0.606094363281322 0.236676334497763 654.971650912766
"445" 0.294117647058824 -1742.50304181888 0.663294599819587 0.266868560798613 583.959233919475
"446" 0.235294117647059 -2226.87237463441 0.395569486030746 0.161057787054455 912.87173015683
"447" 0.411764705882353 -1618.88969010442 0.568168496020103 0.216583805522416 700.708666635605
"448" 0.352941176470588 -1648.57973958341 0.610055973912176 0.231288224099402 643.167828165584
"449" 0.294117647058824 -2994.41961237255 0.456195706464576 0.184732366045025 840.487161895409
"450" 0.411764705882353 -2663.77793036242 0.533743311152102 0.205467933734432 738.636150261601
"451" 0.470588235294118 -2690.71238710055 0.629838298408988 0.255770784279501 629.78741460471
"452" 0.235294117647059 -2141.5088113468 0.346382952121434 0.151013694798652 977.161292126638
"453" 0.294117647058824 -2146.27387476477 0.585311925105312 0.234175405199448 685.405091616139
"454" 0.294117647058824 -1551.87472877041 0.576795482399838 0.218797755084841 685.966685523813
"455" 0.294117647058824 -2085.81220211679 0.606136778600392 0.231396969280991 654.982540386787
"456" 0.235294117647059 -2229.1748778537 0.484841160539641 0.198597386177715 807.289670096382
"457" 0.176470588235294 -2617.74480124947 0.384709352835653 0.159255482182645 929.676207292343
"458" 0.352941176470588 -1883.6894470569 0.632750040312106 0.249000972034548 620.18121440918
"459" 0.470588235294118 -1109.34186690168 0.71264355706213 0.298260145016893 515.119296537729
"460" 0.352941176470588 -1594.22045195522 0.690492459306433 0.285341069700545 550.433861555816
"461" 0.294117647058824 -2811.06532024462 0.438537506817595 0.183813291219925 871.324706984992
"462" 0.470588235294118 -2108.13457130455 0.552716139013086 0.215925438501324 720.194759253152
"463" 0.235294117647059 -3779.96557530097 0.525964532123512 0.207539709469573 757.490245598676
"464" 0.235294117647059 -2163.75304502565 0.529774544772698 0.216249969164987 758.355689589493
"465" 0.294117647058824 -3196.4323465715 0.44526778548008 0.185164539559619 859.992802316058
"466" 0.176470588235294 -2044.66940298447 0.466609162224937 0.182170413581665 830.938509511361
"467" 0.411764705882353 -2618.87169870806 0.495081220446484 0.198783285543566 799.086886480784
"468" 0.117647058823529 -2313.65703909957 0.31245052124153 0.144986911406618 1019.95851788544
"469" 0.235294117647059 -2112.81509655965 0.440356917407443 0.175466839590668 860.211584134919
"470" 0.411764705882353 -1435.79631588127 0.606547589168955 0.233938959319492 644.160924261678
"471" 0.352941176470588 -2336.53166967976 0.569066429288002 0.225453498039007 704.723782378002
"472" 0.294117647058824 -3015.99480765907 0.506681482722297 0.204473859046556 782.047303654067
"473" 0.352941176470588 -1534.27281390074 0.639585340671058 0.247730232384785 604.639104549468
"474" 0.294117647058824 -2079.09361353623 0.547393049983508 0.209692390189645 730.261426724978
"475" 0.176470588235294 -2763.78515398766 0.393458563326803 0.170868176479655 934.536711494921
"476" 0.352941176470588 -2168.001512068 0.529459417371325 0.205626924564878 746.771245524392
"477" 0.294117647058824 -3797.08274246547 0.469874620784608 0.183459004904782 819.939138762599
"478" 0.294117647058824 -2086.1573669052 0.589097088661105 0.232288910887038 680.122756080045
"479" 0.294117647058824 -2151.39211960043 0.468800107839091 0.186209742890262 825.057340990224
"480" 0.411764705882353 -1609.36726250616 0.570539235827856 0.226171261281156 699.550120444202
"481" 0.352941176470588 -1686.15834847278 0.558740905898918 0.219127504738169 710.209512331523
"482" 0.235294117647059 -2102.35805141506 0.393457571156872 0.165117645337415 919.524759353441
"483" 0.294117647058824 -2519.74125770662 0.4377660812339 0.177095481609972 861.715029788525
"484" 0.176470588235294 -3676.12808887029 0.369981358361522 0.160076080964644 953.342429352743
"485" 0.411764705882353 -1827.01712868165 0.659405904795233 0.26458134018653 582.297862332589
"486" 0.352941176470588 -2139.88854852624 0.511809533897292 0.205120215374166 773.033745635613
"487" 0.294117647058824 -1385.69615199009 0.65668865534172 0.265323387152641 589.678199809336
"488" 0.352941176470588 -2439.64601375189 0.500462029830359 0.197660639968557 786.847219629088
"489" 0.294117647058824 -4792.26882447504 0.508367774369715 0.206738732394703 792.064262584071
"490" 0.294117647058824 -2615.30807076334 0.427626233966433 0.171482757522488 877.984843482101
"491" 0.470588235294118 -1506.37079582579 0.76280606884869 0.336505141369844 457.837344540507
"492" 0.294117647058824 -1905.8394066382 0.57489124734612 0.228222471607712 693.233874155155
"493" 0.176470588235294 -4151.21635658937 0.369327716102562 0.163314351881269 952.822321668039
"494" 0.294117647058824 -2426.54292493137 0.437342602244798 0.177108607950535 863.824676975618
"495" 0.352941176470588 -2334.13373127553 0.565957480378683 0.220082105651805 707.330546389052
"496" 0.294117647058824 -2889.00227081442 0.563938982998382 0.221466829081327 710.068113057832
"497" 0.235294117647059 -2821.41331172954 0.416900576046642 0.172380596211178 895.630616047595
"498" 0.352941176470588 -2223.29518941637 0.604122184983166 0.229116444173245 653.629943200928
"499" 0.235294117647059 -2183.50373624666 0.402578445125459 0.1744938280069 910.531875318049
"500" 0.294117647058824 -2512.87513155954 0.466333254985133 0.184447237067127 826.57245029849
"501" 0.294117647058824 -2396.00339625549 0.403800132421721 0.167056317872285 907.176044886618
"502" 0.411764705882353 -2189.84974140815 0.54645091882208 0.211878707209341 724.08542765491
"503" 0.235294117647059 -2483.60630755853 0.462734025130672 0.179300863347094 824.510242864944
"504" 0.352941176470588 -2026.83070862537 0.541105615082837 0.204629612818448 729.51653599005
"505" 0.352941176470588 -2763.78202382139 0.484820452360144 0.186984518022701 797.057926260827
"506" 0.411764705882353 -1865.41459105141 0.623719023097429 0.245943775510438 629.063181868561
"507" 0.352941176470588 -2407.93969042462 0.580691985514141 0.225797896429426 690.807598065122
"508" 0.235294117647059 -2020.96782881375 0.53821819882098 0.204854514947039 736.522616366127
"509" 0.352941176470588 -1909.349506558 0.570753776494368 0.22367496945759 698.112091628418
"510" 0.352941176470588 -1558.3126080982 0.564288102969079 0.215006499114616 699.121776003544
"511" 0.411764705882353 -2306.19080787081 0.526493379036357 0.203280997800331 751.79193711987
"512" 0.411764705882353 -2624.31279344815 0.540979962177136 0.208030907729068 739.182296790229
"513" 0.529411764705882 -2332.33346720723 0.559884317639306 0.211242893257634 705.726214230857
"514" 0.352941176470588 -1206.28345850491 0.601696809958743 0.232520695384182 653.977154158484
"515" 0.176470588235294 -2396.99072354654 0.406335327418309 0.179876397394857 910.130377270137
"516" 0.352941176470588 -1865.8602135098 0.582332595943106 0.228925070262852 683.965039714533
"517" 0.294117647058824 -2191.29105896731 0.467522225631048 0.194078538508863 833.717716517309
"518" 0.294117647058824 -4410.85854348589 0.510575572546213 0.20309753605095 783.100968123735
"519" 0.352941176470588 -2982.78188440738 0.569547799774085 0.226361920280717 708.269858442729
"520" 0.411764705882353 -2048.61567619192 0.662566953379901 0.269963517073777 585.964428394518
"521" 0.352941176470588 -2362.29041667985 0.558092096743771 0.208353015111272 706.674926404243
"522" 0.294117647058824 -1618.92646531596 0.587387340337283 0.235018536689336 680.617929961262
"523" 0.235294117647059 -2499.6934196504 0.503313007204817 0.194466724884599 784.487873539452
"524" 0.294117647058824 -2533.60563559987 0.419949997201583 0.179990721117564 891.470511047477
"525" 0.294117647058824 -2896.14037271808 0.495097604237452 0.19085819643543 791.763166246321
"526" 0.235294117647059 -2614.02088987812 0.364369362240476 0.162719648048356 964.524139497252
"527" 0.294117647058824 -2221.3743345939 0.506365027775555 0.197712030997652 776.842777471959
"528" 0.176470588235294 -2640.97294849375 0.394660039746971 0.168499642594176 919.130117930239
"529" 0.352941176470588 -2004.27309275632 0.513340290023207 0.200214320428234 769.40566794981
"530" 0.352941176470588 -1611.2556348275 0.595969780382244 0.230418389094477 665.726608919241
"531" 0.235294117647059 -2023.90734873661 0.36053739947081 0.155346416120161 954.843639313844
"532" 0.294117647058824 -3255.25436220598 0.525626391794293 0.205113616226471 759.744228317172
"533" 0.352941176470588 -2321.4610697082 0.484304150674462 0.185131246576888 805.363251262717
"534" 0.411764705882353 -1726.51297788424 0.584193551328812 0.23593950777893 686.757051818043
"535" 0.235294117647059 -5166.90423827265 0.371239022420039 0.166039465548219 967.910612413835
"536" 0.117647058823529 -4176.22894168363 0.364067185587385 0.154724659694696 955.119890302427
"537" 0.235294117647059 -2432.43810842049 0.564911630214442 0.225570732455317 710.092492606626
"538" 0.294117647058824 -3167.42388836881 0.463175514688527 0.177488914398779 826.733642365206
"539" 0.235294117647059 -3008.65610929579 0.44438483774998 0.179765218686722 859.502917072852
"540" 0.294117647058824 -2001.45888911872 0.563322522287584 0.221348694200479 705.439497078303
"541" 0.411764705882353 -2239.08501108061 0.560194271450299 0.213631216852096 711.537414279189
"542" 0.235294117647059 -3129.34352496154 0.430786338106845 0.168158313609019 869.624421126312
"543" 0.352941176470588 -3011.34814317317 0.448354535777867 0.189512301409355 868.540444890752
"544" 0.411764705882353 -2186.00954825494 0.585815128795161 0.220923294548725 674.450024442738
"545" 0.294117647058824 -1877.65470964746 0.444321161618346 0.187801764835555 862.331161568281
"546" 0.294117647058824 -2811.07763941676 0.545234660508816 0.211547768683279 732.880122685535
"547" 0.411764705882353 -1464.16615212964 0.608972604751107 0.23206004527357 646.624428949836
"548" 0.176470588235294 -2362.42181509716 0.428820504470485 0.178904812906646 876.358040985624
"549" 0.411764705882353 -2954.04340460507 0.56427762686696 0.227200955653747 712.845144535732
"550" 0.352941176470588 -3074.03557119553 0.554300920982102 0.219427146661576 726.126803984411
"551" 0.470588235294118 -1164.0477289485 0.706665218766468 0.295905785407628 523.917930751348
"552" 0.176470588235294 -4380.82415900123 0.4141876034839 0.177864585241349 910.131025454919
"553" 0.294117647058824 -1501.92230812524 0.64962191755068 0.249684039319596 591.768206962361
"554" 0.470588235294118 -1744.31169950013 0.618908043055646 0.242954809690326 635.940094236785
"555" 0.294117647058824 -2610.9477736342 0.58088951485557 0.219346852396102 685.550009883509
"556" 0.352941176470588 -1236.96685556366 0.678121729473561 0.266338381181794 554.005409121674
"557" 0.352941176470588 -1801.35065769696 0.554343376674166 0.220290246854476 724.774152825063
"558" 0.411764705882353 -1324.53058453035 0.60674316500949 0.233126573687983 649.289998992379
"559" 0.352941176470588 -1687.70678460183 0.452055690978732 0.174586090706305 840.772339334761
"560" 0.235294117647059 -3038.70315134188 0.427404129181479 0.177957531865229 888.830230477916
"561" 0.294117647058824 -2292.64062624213 0.502658538562919 0.193118050284838 783.708720310088
"562" 0.352941176470588 -1810.27145604143 0.568521175279408 0.218287967349767 696.923871325108
"563" 0.352941176470588 -2348.20223196895 0.645219075194106 0.254613329922375 599.85127898179
"564" 0.294117647058824 -2418.73301469131 0.604443382373137 0.235245867617828 658.988514862215
"565" 0.411764705882353 -2189.00440644692 0.708594952949953 0.310291946557352 532.456231246437
"566" 0.294117647058824 -1815.40492402367 0.463764867899754 0.177216046013469 825.572401187187
"567" 0.411764705882353 -2125.06653339188 0.602867398876149 0.24347041223641 662.556839985925
"568" 0.235294117647059 -2237.23744021524 0.524738477595071 0.200813066945221 755.571420671779
"569" 0.352941176470588 -2234.87693613504 0.609112477099103 0.237110689241246 647.90802731873
"570" 0.411764705882353 -1431.10867525353 0.539245681443586 0.203418754311711 728.202661224469
"571" 0.235294117647059 -2680.07926364079 0.367530440568858 0.156900115701645 951.578005187326
"572" 0.352941176470588 -1631.94577876386 0.659552945162478 0.261915787995489 584.186673171839
"573" 0.294117647058824 -2462.09385269472 0.396889778326457 0.167400116264751 918.032298645301
"574" 0.294117647058824 -1598.82033276337 0.496599700383899 0.193793091011717 785.730873405587
"575" 0.294117647058824 -2175.57559951732 0.567479740703827 0.226505938776108 714.997625572593
"576" 0.294117647058824 -2346.01755052861 0.524112596318453 0.200162233250501 755.185662795934
"577" 0.411764705882353 -2573.76028439984 0.593072930699803 0.23067318821458 676.943890313369
"578" 0.294117647058824 -2384.16064174801 0.450969649831439 0.179988360193544 846.63298481978
"579" 0.294117647058824 -1718.20989447066 0.499064609685373 0.197149131163228 789.112862550412
"580" 0.352941176470588 -1443.22739934499 0.640799292126575 0.255802824250425 611.393704420435
"581" 0.176470588235294 -2326.90996537945 0.348952918292547 0.153061625854179 978.446357982799
"582" 0.294117647058824 -2293.44163722225 0.548045218954593 0.212614014012218 726.93010039869
"583" 0.176470588235294 -1892.45691500758 0.382449462237535 0.1589891253555 925.082290039698
"584" 0.352941176470588 -2308.13173806206 0.627821120850524 0.247172797612049 626.948371174778
"585" 0.411764705882353 -2276.97318557982 0.619172997391338 0.235385590890477 625.510975203284
"586" 0.411764705882353 -1783.93738134508 0.625430005788405 0.241124494771909 630.954078352789
"587" 0.235294117647059 -2406.69449379139 0.630087574511294 0.244096282104988 621.21423088602
"588" 0.470588235294118 -1638.97990457094 0.541417949515494 0.207084323999688 729.843106478017
"589" 0.294117647058824 -1626.03910771537 0.565673826051408 0.219993912904133 701.945478114928
"590" 0.352941176470588 -4029.60331119276 0.569346324910159 0.219207856955442 704.379749549979
"591" 0.352941176470588 -2072.85849701973 0.472325944058758 0.183938744214092 821.827293740232
"592" 0.294117647058824 -1944.65092042407 0.551770319077256 0.206298550705174 712.063738169484
"593" 0.352941176470588 -2221.08064027005 0.619847720314707 0.248386286864674 644.384887497849
"594" 0.352941176470588 -2189.2864342554 0.596539140583663 0.231945958507148 664.127660066853
"595" 0.294117647058824 -4088.46094823025 0.470594275578793 0.179961743505583 819.708380836777
"596" 0.235294117647059 -2692.07671105745 0.453715913612885 0.183396144674197 846.302440211201
"597" 0.235294117647059 -2310.30145101539 0.590130043636182 0.230743329819553 675.765741963365
"598" 0.352941176470588 -3547.29992570606 0.597208814209488 0.23330759919457 669.737667923875
"599" 0.294117647058824 -1367.42867326392 0.647243371103597 0.247952985635538 596.155821436928
"600" 0.470588235294118 -1991.57221181465 0.697362113850082 0.286124513006607 539.31526826801
"601" 0.294117647058824 -1757.42107021396 0.497456224170509 0.195893557151822 786.336866563948
"602" 0.294117647058824 -2321.13578226864 0.433337945235986 0.176433676617656 868.332793828526
"603" 0.235294117647059 -3449.54640362582 0.429751356731658 0.172830031453373 871.752877739435
"604" 0.294117647058824 -2475.88446843173 0.436757136011303 0.175539248737733 864.015913474211
"605" 0.235294117647059 -2685.41937839511 0.38495087289151 0.168207712660578 938.009903112643
"606" 0.235294117647059 -1578.24964767729 0.476715382914436 0.183251106141694 808.923181017617
"607" 0.235294117647059 -2038.86240880899 0.465073500103009 0.183333327576889 828.796086474541
"608" 0.352941176470588 -2476.78107430082 0.439115162029542 0.179470659048516 864.642263468872
"609" 0.294117647058824 -1739.30307588781 0.648772781134104 0.262083011276672 602.368718649927
"610" 0.352941176470588 -2068.65089516797 0.551548909951292 0.211270388893943 725.973274889735
"611" 0.235294117647059 -2200.99921480827 0.485158367120623 0.189651506827644 803.791271717572
"612" 0.352941176470588 -2317.97878960199 0.585116978696568 0.229414728767139 681.758360071315
"613" 0.235294117647059 -1963.36267858913 0.431921534950956 0.17431205648499 871.016604055357
"614" 0.411764705882353 -2250.74093654811 0.578801656143793 0.231163518293595 692.301887079924
"615" 0.294117647058824 -1273.154814306 0.565874375486293 0.214291563192496 699.679900147889
"616" 0.294117647058824 -3626.20324868791 0.575233418722663 0.222618593970617 699.708534750396
"617" 0.294117647058824 -1854.59067570844 0.641620119155258 0.254960009147819 611.839954450447
"618" 0.235294117647059 -2535.33689711135 0.391215792747908 0.16230541014452 920.287045119722
"619" 0.235294117647059 -2293.97205247433 0.448100802708064 0.176621565763962 840.345551739647
"620" 0.294117647058824 -2025.78951893901 0.465167051675627 0.184617430536682 832.524531088039
"621" 0.411764705882353 -1699.47438532035 0.610878935958631 0.232084099389707 645.174408041453
"622" 0.235294117647059 -3394.06206986685 0.446433653164907 0.182434798438362 857.026938432032
"623" 0.352941176470588 -3641.55795763683 0.610960434948833 0.238000440773151 658.434112488048
"624" 0.294117647058824 -2195.594837289 0.534506199131527 0.199988593518079 745.326625408148
"625" 0.294117647058824 -3887.88188678291 0.433301873738975 0.182092448621114 882.277380219151
"626" 0.235294117647059 -2658.1423786567 0.543990318988661 0.206197919224025 732.329895642807
"627" 0.352941176470588 -2309.51378650998 0.445724395632477 0.176360130323202 855.40125410869
"628" 0.352941176470588 -2264.1740496884 0.524936609010267 0.20834534368094 763.392862894479
"629" 0.294117647058824 -2288.18109965855 0.550786575447591 0.207709614508964 718.677749689357
"630" 0.235294117647059 -2247.0388535254 0.500894812391016 0.20439748466728 793.337674141014
"631" 0.352941176470588 -1932.03390528424 0.460133116497973 0.177384183885725 835.071718235885
"632" 0.352941176470588 -1867.16033996771 0.596715859915665 0.237884179053773 670.750106840124
"633" 0.294117647058824 -1807.37062755626 0.479916291631164 0.182353181358307 803.656476282079
"634" 0.352941176470588 -1313.496602668 0.678999596608709 0.269382021167144 557.097418707144
"635" 0.235294117647059 -3040.83315939152 0.34913540816941 0.162883170494991 991.745974788838
"636" 0.352941176470588 -2179.23134793381 0.638701912525685 0.252042106929411 614.291935764332
"637" 0.176470588235294 -4844.6633332306 0.480862882747067 0.183959894657462 812.480981333105
"638" 0.352941176470588 -1979.79527693244 0.534842962218814 0.203541303641984 740.408482339755
"639" 0.352941176470588 -1776.5096404696 0.536075066824883 0.207311304537705 736.884597910655
"640" 0.470588235294118 -1642.81169884252 0.624736526258292 0.238780170827058 623.103637118829
"641" 0.352941176470588 -1552.58328074102 0.485335209886634 0.183863265901073 796.290973029896
"642" 0.411764705882353 -1296.54020150219 0.713059209166321 0.294764888454102 514.786496098491
"643" 0.235294117647059 -2352.05913094973 0.412480231996356 0.171366663403238 897.669864366371
"644" 0.352941176470588 -2616.00896468658 0.459424521702305 0.183739916106526 839.261740266586
"645" 0.411764705882353 -2392.66042571773 0.516140088958619 0.202087427261852 766.815690399211
"646" 0.411764705882353 -1604.55425173402 0.669720437715757 0.268876532481304 573.697440503098
"647" 0.235294117647059 -2867.68077625343 0.490203350416029 0.190404081129254 802.322751315069
"648" 0.411764705882353 -2134.16418802197 0.565418619626288 0.212109251829246 704.446711811931
"649" 0.294117647058824 -1913.89566519483 0.478144952084625 0.190433609020995 813.095947260836
"650" 0.352941176470588 -2293.6028307315 0.532755908335927 0.215265048773557 750.937535109024
"651" 0.411764705882353 -1926.60493076442 0.606872817681547 0.235824448004748 647.722751770516
"652" 0.352941176470588 -3150.35668655765 0.500356234158804 0.192084759999705 784.441899345699
"653" 0.529411764705882 -1395.89309260984 0.643352526070776 0.251318971190749 606.598769998043
"654" 0.176470588235294 -2885.64151364023 0.419993010567977 0.175740604063836 889.49881471504
"655" 0.235294117647059 -3063.71119857777 0.491157313885137 0.187347938796442 800.325497179528
"656" 0.529411764705882 -1268.03773271455 0.719483684266638 0.296224173285036 502.263328730408
"657" 0.294117647058824 -2718.95145574553 0.532542450560839 0.201876881942918 745.792190100816
"658" 0.411764705882353 -1539.38797429743 0.745119622059026 0.326021760914243 479.482059106606
"659" 0.352941176470588 -4017.46558510806 0.501636650639346 0.191994656987159 790.332375281342
"660" 0.294117647058824 -1645.17342881216 0.581938151879872 0.2187012263073 677.791345294695
"661" 0.235294117647059 -2634.56344670747 0.480938422703895 0.186436687497448 807.142976587478
"662" 0.294117647058824 -3378.35242403801 0.400348273379589 0.165786055480244 915.08539720458
"663" 0.352941176470588 -3195.14566788653 0.590254741535871 0.226565882835331 673.491437934439
"664" 0.294117647058824 -4032.90881674893 0.460998855640491 0.188841391123186 846.627216343496
"665" 0.411764705882353 -1501.40075067312 0.679936029284744 0.267192384972122 555.433123108002
"666" 0.352941176470588 -2358.2150725985 0.444733945607009 0.187998358581428 861.095929034769
"667" 0.470588235294118 -1633.92024947719 0.634824024688571 0.244160145793563 610.616529098619
"668" 0.235294117647059 -2288.84253079081 0.487993963733143 0.193250645242178 802.894111018644
"669" 0.352941176470588 -2023.30171729366 0.60253421611143 0.237577572604367 664.552357778293
"670" 0.411764705882353 -2359.17865079993 0.556383584398356 0.21887086502239 721.013960477067
"671" 0.235294117647059 -3103.48635611256 0.435085550606913 0.182604345586586 880.171674905597
"672" 0.235294117647059 -3170.28503575759 0.463534736944289 0.18728643986859 836.780931145351
"673" 0.235294117647059 -2893.67445076492 0.425015446686913 0.182134506627918 886.16026020478
"674" 0.294117647058824 -3029.91276858804 0.410405204656426 0.176554608582416 908.936276619707
"675" 0.294117647058824 -4093.83568694454 0.516557922011726 0.194398464369557 770.597815623358
"676" 0.411764705882353 -1648.48402181647 0.613414978484803 0.231905308839062 637.585859893344
"677" 0.352941176470588 -2747.13382972121 0.639975938539249 0.256433485579261 612.908480340536
"678" 0.470588235294118 -1767.60255994728 0.675958674699332 0.268893863969587 564.623796336492
"679" 0.235294117647059 -2897.32541170811 0.642407329661914 0.259653415014156 613.08305275148
"680" 0.294117647058824 -2494.67088105132 0.547208429756262 0.209204343201948 730.934005306356
"681" 0.352941176470588 -2211.61572947263 0.572223900641957 0.214145892137636 694.076750308504
"682" 0.411764705882353 -1860.07402213098 0.526564292882557 0.207134469092515 754.16046293607
"683" 0.352941176470588 -2219.4381601571 0.636970165499086 0.249963855900176 609.525090507427
"684" 0.294117647058824 -2047.97035567652 0.528963062188009 0.200313870853798 745.291248264818
"685" 0.235294117647059 -3464.77393695965 0.3894658226801 0.161751469987208 927.624414808911
"686" 0.294117647058824 -2254.43866312084 0.57549079157579 0.223464129168119 689.812932394822
"687" 0.235294117647059 -2766.75439701493 0.446098775886777 0.183317934194811 855.553500776957
"688" 0.352941176470588 -2993.223894418 0.525206095574231 0.215737368091183 762.831381447367
"689" 0.294117647058824 -1504.78505991271 0.607569952171386 0.229191752526392 642.783284969616
"690" 0.470588235294118 -2210.78266790663 0.584583998617699 0.239075645772934 691.806817958092
"691" 0.352941176470588 -2417.75851144663 0.596020165359797 0.230458104876823 663.301190466226
"692" 0.294117647058824 -2011.96931272135 0.415265331679523 0.166349818282723 885.347414200646
"693" 0.294117647058824 -1780.82094761034 0.611957822477132 0.241841414513554 646.95921501464
"694" 0.411764705882353 -1966.55095488614 0.51127278135726 0.199121315599419 771.104658840241
"695" 0.294117647058824 -2775.43405674026 0.452757284048834 0.182692083047638 846.763434130866
"696" 0.294117647058824 -2969.79692410618 0.49785375572409 0.206747684520042 804.32916543772
"697" 0.411764705882353 -1502.44706406205 0.663701851997412 0.264245931964215 577.478372269769
"698" 0.411764705882353 -1767.28281051207 0.635591988238098 0.251785173634517 616.987461699503
"699" 0.294117647058824 -2375.4146900212 0.506526021971592 0.191254222507417 770.06745947551
"700" 0.294117647058824 -2031.35977640604 0.555283754253495 0.218003899662889 718.769447984731
"701" 0.176470588235294 -2279.95320195881 0.437169235792111 0.178232821166648 865.613227849142
"702" 0.411764705882353 -2234.98939185564 0.501190984943848 0.197235006032792 785.216101541566
"703" 0.294117647058824 -3191.31074811232 0.390193360725417 0.164963602749333 929.281576970942
"704" 0.176470588235294 -2837.3220227705 0.329864778867196 0.153000161921656 999.055438728517
"705" 0.294117647058824 -2013.96552212052 0.589722698848226 0.228764167511617 678.882165917631
"706" 0.294117647058824 -3459.57071974003 0.498197539442589 0.196374581403657 798.831000371822
"707" 0.176470588235294 -3792.28363697974 0.358443463772671 0.156906394055068 962.538992584115
"708" 0.411764705882353 -3065.37618992964 0.551517489392758 0.215187854174569 726.653710659987
"709" 0.352941176470588 -2635.32760498264 0.548695653522688 0.211227047067449 722.987082802211
"710" 0.294117647058824 -2104.39250924406 0.525375298553511 0.209612316126348 763.173833401201
"711" 0.294117647058824 -3936.12720600404 0.387691168037225 0.169192335768322 933.080823106182
"712" 0.411764705882353 -1250.51635744654 0.779654009806088 0.341416454900453 426.030388952545
"713" 0.235294117647059 -3186.11324198074 0.413995201623115 0.164685154982454 894.195043623187
"714" 0.352941176470588 -2252.27877090255 0.534654861096601 0.212206418775327 745.219011087595
"715" 0.294117647058824 -2572.4053847196 0.559589047376395 0.211343373364555 712.046880190538
"716" 0.411764705882353 -1842.84301456557 0.66439756971542 0.274077526625059 586.059968769339
"717" 0.294117647058824 -2184.39199836521 0.431097529552087 0.177728219398007 875.405338431548
"718" 0.176470588235294 -2566.75001179918 0.35951358396493 0.15731399610705 959.601792894507
"719" 0.294117647058824 -2508.60320482686 0.561064947426316 0.21987791390219 718.070223099697
"720" 0.411764705882353 -923.193132527378 0.769224394603726 0.349297539381886 448.957579587251
"721" 0.352941176470588 -1489.93843484885 0.640770890107378 0.24875039692325 604.343152037114
"722" 0.411764705882353 -1555.89713720802 0.656709916831995 0.256598361098594 586.978378778005
"723" 0.176470588235294 -3407.58489304038 0.355758008902313 0.158488427487005 972.652790125802
"724" 0.294117647058824 -3252.37641332212 0.413628064902661 0.168148262350456 896.510059397961
"725" 0.294117647058824 -1529.2284643645 0.610173258298686 0.230862943720385 641.089420700399
"726" 0.235294117647059 -2731.88607980598 0.355843727601309 0.15860226240078 962.6919271187
"727" 0.294117647058824 -2094.25322382187 0.589655208767377 0.226586098253593 676.345721473161
"728" 0.294117647058824 -1758.6827996085 0.51044795764698 0.195751060794696 768.837587763721
"729" 0.411764705882353 -1474.55049908946 0.672832608890073 0.262803366122179 562.040074464893
"730" 0.235294117647059 -1814.66573665864 0.531629626601069 0.20645285270092 745.517129090596
"731" 0.411764705882353 -1871.58129187575 0.586329549360686 0.221404058956785 677.951989398161
"732" 0.294117647058824 -3089.09877143841 0.642625126407164 0.256305767361416 616.93504922099
"733" 0.352941176470588 -2945.08958453706 0.497245855869623 0.204096591235676 804.460485987519
"734" 0.294117647058824 -1213.22496319186 0.706201706267575 0.291660298775154 524.500018142452
"735" 0.411764705882353 -1915.46844461999 0.667897245332218 0.267137382312805 571.978797293405
"736" 0.352941176470588 -2343.95030518456 0.45237159839453 0.175533043640057 842.654341735067
"737" 0.235294117647059 -1398.22508493227 0.659850163278865 0.261107205702348 586.928084333094
"738" 0.294117647058824 -2443.78528805327 0.45059264259879 0.178845909234773 843.223977790557
"739" 0.176470588235294 -2492.70337641552 0.408804694013315 0.168532345065068 895.898327158576
"740" 0.411764705882353 -1766.56145305603 0.669547105002351 0.269931688995227 574.347416344327
"741" 0.294117647058824 -2487.65162370063 0.474894169459963 0.190310600830124 819.883545956996
"742" 0.294117647058824 -2960.29659593419 0.559324691773122 0.217411015097221 716.771703639976
"743" 0.294117647058824 -3467.30675103888 0.435319894461428 0.173984183212198 873.268252858152
"744" 0.235294117647059 -2121.49400146285 0.519208144171778 0.206041085142768 768.162368987177
"745" 0.352941176470588 -1557.26535374959 0.647844941468937 0.265425655170249 603.565624422683
"746" 0.294117647058824 -1392.79105773009 0.587230641388933 0.227105020292842 674.006349403574
"747" 0.294117647058824 -1935.31432982447 0.405335585884863 0.165773953456878 905.422259060582
"748" 0.470588235294118 -1662.78187150999 0.564909375242367 0.213733315386382 703.118204225544
"749" 0.294117647058824 -2193.08085600091 0.481828677513341 0.18896557424197 810.171031401646
"750" 0.235294117647059 -2993.31366592535 0.377378200566407 0.166283884785331 942.728490438611
"751" 0.352941176470588 -2118.01506699572 0.615217989968182 0.235760537946466 637.338998738953
"752" 0.235294117647059 -3381.77310867591 0.544962165000855 0.213744725650342 739.067889305172
"753" 0.294117647058824 -2782.7566606181 0.596833349900064 0.225841440966913 659.778773993305
"754" 0.176470588235294 -2434.21103509054 0.421731540374915 0.181006326833425 895.707239429711
"755" 0.352941176470588 -1780.69454599535 0.550064715962518 0.208528627521516 719.329543663794
"756" 0.352941176470588 -1712.33940305017 0.52565307389839 0.207442883650393 751.732731496231
"757" 0.235294117647059 -2746.64698567111 0.430786966493916 0.176928894181226 875.823512162727
"758" 0.411764705882353 -1657.69389043244 0.50526622102138 0.197023957278733 772.33835874093
"759" 0.352941176470588 -2033.40589035546 0.427794071812992 0.17583714637452 877.955713285848
"760" 0.235294117647059 -4757.35122367222 0.379907176946438 0.164959136471118 954.626205476749
"761" 0.176470588235294 -3568.50921874324 0.366625931617919 0.16489044945441 962.045335165831
"762" 0.235294117647059 -2234.43259688419 0.475362163764799 0.18784982133427 824.637204041104
"763" 0.588235294117647 -2193.55619184132 0.645284157758402 0.248472691335078 597.974575327849
"764" 0.352941176470588 -2050.25990054716 0.499101881376682 0.193831468000478 785.588179720498
"765" 0.352941176470588 -1970.33811946502 0.657968932110263 0.268992071271612 593.705155639926
"766" 0.352941176470588 -1312.43670133463 0.552188271670234 0.216731124564084 722.70763627515
"767" 0.235294117647059 -2402.31093882087 0.38109038411818 0.158448358977052 929.252625725619
"768" 0.352941176470588 -1940.38818505236 0.741524274445667 0.327110115407058 491.124996004023
"769" 0.235294117647059 -3118.85615943186 0.399695198068953 0.176175009621918 919.897457635724
"770" 0.352941176470588 -2438.77959853301 0.523995733717304 0.200149226955412 757.674262307896
"771" 0.294117647058824 -1826.69782848844 0.56684354345952 0.214462778804398 698.2103118318
"772" 0.352941176470588 -1684.26723052526 0.634745998595307 0.244683162262261 615.638482198659
"773" 0.352941176470588 -1897.95539303976 0.616204625069242 0.24765774101853 644.1723203888
"774" 0.470588235294118 -2883.55556470001 0.634047486303651 0.258397336007924 624.032670484258
"775" 0.411764705882353 -1693.08158869264 0.667785083614458 0.27298705186067 577.953283928693
"776" 0.411764705882353 -1801.4426870054 0.56246251425909 0.208263765042632 701.885647010335
"777" 0.411764705882353 -1821.06705747125 0.511995502212938 0.19719915485427 773.018550448979
"778" 0.294117647058824 -3353.08782366633 0.467557997929556 0.183431867917998 827.386400521156
"779" 0.411764705882353 -3486.0900336578 0.482832711006413 0.197440155091421 816.658003937551
"780" 0.411764705882353 -2157.45650551269 0.596036783608781 0.230177165476876 663.329038491554
"781" 0.352941176470588 -1414.04495060129 0.611027486246258 0.241599784687056 647.079589507484
"782" 0.235294117647059 -1881.84705869527 0.632439219605493 0.254191474796718 627.282509551186
"783" 0.529411764705882 -971.233448784848 0.779050480843229 0.346020918481186 426.057539847465
"784" 0.294117647058824 -1766.45442173365 0.459314546496023 0.176120620621362 832.035843469638
"785" 0.352941176470588 -4975.225710801 0.506896567790107 0.199313533340027 787.065420561386
"786" 0.235294117647059 -2462.98088936781 0.446696298287994 0.176178733582955 849.310352897221
"787" 0.352941176470588 -2360.53432681706 0.536232875926537 0.203766614504465 738.891387396541
"788" 0.294117647058824 -2679.27617608521 0.469763988236274 0.181328496769774 821.869782651805
"789" 0.352941176470588 -1851.16317640762 0.543756564548974 0.210481552103398 728.810280133039
"790" 0.235294117647059 -1367.08332380172 0.491193464722381 0.189370553925174 789.303136638822
"791" 0.294117647058824 -1501.09003504004 0.667404920845708 0.259784576746752 570.852891227601
"792" 0.411764705882353 -2436.95104559127 0.534957177823572 0.207699438908057 745.048255782379
"793" 0.411764705882353 -1800.71923378298 0.510762296739413 0.201917247265791 774.282547852905
"794" 0.294117647058824 -2541.39186704682 0.424834389235142 0.173048383653612 877.285358953106
"795" 0.176470588235294 -2130.84327387392 0.386121181824608 0.16255706943556 930.02261950953
"796" 0.294117647058824 -2427.3091469466 0.46372098335597 0.185209369705893 835.727661335904
"797" 0.352941176470588 -3029.52268352192 0.561005567712602 0.225155748870461 723.536733243014
"798" 0.294117647058824 -3457.29635530291 0.455072880708542 0.190729117414873 855.466027427563
"799" 0.235294117647059 -2610.1540476241 0.460459418285236 0.177602825726458 827.526067253778
"800" 0.294117647058824 -4018.22176501864 0.420492278413423 0.167252196475128 885.998240482565
"801" 0.235294117647059 -2896.7221498207 0.532299516122781 0.208743500222013 752.66600970383
"802" 0.411764705882353 -1590.10679933909 0.593313325756087 0.228047620928007 668.736789557235
"803" 0.352941176470588 -3373.55926300078 0.48309559419739 0.182969524824075 810.639175064811
"804" 0.294117647058824 -2168.85265618964 0.557461061264279 0.217441875732807 715.484264432234
"805" 0.294117647058824 -3088.82001143007 0.552553886368246 0.219457001664052 725.537374448227
"806" 0.294117647058824 -3113.65647530791 0.43043227406799 0.173355991276996 870.16754729978
"807" 0.294117647058824 -4323.88409801641 0.511969663119565 0.202143419977121 778.9335422074
"808" 0.176470588235294 -2453.30460954132 0.446729749121684 0.179401542686019 853.394329067429
"809" 0.411764705882353 -1230.39171122197 0.686823415650442 0.280163474630683 551.003291080207
"810" 0.352941176470588 -2043.94863380737 0.665798939828761 0.262897101423342 577.064006444723
"811" 0.352941176470588 -1875.88751199916 0.569238928392806 0.213718550593553 690.806698347423
"812" 0.294117647058824 -2018.10039895763 0.532474051448774 0.212999515530219 752.759930129096
"813" 0.352941176470588 -2466.00897207227 0.683549141709933 0.282585774929586 556.731969867754
"814" 0.294117647058824 -2733.22354101766 0.500233929002919 0.19174168285528 787.165974059701
"815" 0.352941176470588 -2273.71833866695 0.599965231515796 0.23117728201717 667.819129247824
"816" 0.294117647058824 -3130.64104041524 0.460044443487825 0.182874327007451 844.07271739898
"817" 0.235294117647059 -2452.85402284337 0.491042427185722 0.192104204871021 798.592540871692
"818" 0.294117647058824 -2897.45369254221 0.436502317232743 0.175602295769322 868.898870851039
"819" 0.352941176470588 -1274.81810517108 0.65713718726223 0.260631739330794 585.77598089655
"820" 0.294117647058824 -2159.71144371421 0.476097691108976 0.193796025995985 817.195995421505
"821" 0.294117647058824 -2744.11873416237 0.572542503964685 0.224584872281103 700.066703283242
"822" 0.235294117647059 -2607.91411836249 0.530574298871266 0.212238301160073 753.974082258114
"823" 0.294117647058824 -3384.17426055768 0.538667020345683 0.209902447102581 746.029875884175
"824" 0.294117647058824 -2026.66542189206 0.535240785597957 0.205192260209496 737.433727469193
"825" 0.235294117647059 -3176.48552381237 0.385454481580061 0.159846782251195 933.384025261759
"826" 0.352941176470588 -1899.52700148483 0.638452341696912 0.253533645965953 615.886685304998
"827" 0.235294117647059 -3260.85213940283 0.356632137734807 0.157975280667388 971.735257300458
"828" 0.411764705882353 -2042.83903482137 0.627528245388069 0.253339111529791 633.210396940748
"829" 0.176470588235294 -2785.48953364255 0.300816283314784 0.144706863319595 1034.75287202303
"830" 0.235294117647059 -2334.91392876416 0.383765192939055 0.170286349651502 937.01675468944
"831" 0.352941176470588 -1665.20107279109 0.597298138835138 0.226701369822138 666.327504157562
"832" 0.352941176470588 -2301.28605844991 0.447977780286697 0.177884431245472 848.550651802149
"833" 0.352941176470588 -3131.36469477385 0.656796859535897 0.2658095356376 592.569858328882
"834" 0.235294117647059 -2294.94114879953 0.390125990194691 0.163784649886673 927.867857067671
"835" 0.235294117647059 -2489.73187915515 0.42118151067612 0.177913291648406 888.999744484434
"836" 0.294117647058824 -2741.25367096073 0.467846186831534 0.188567737794487 833.264315558579
"837" 0.411764705882353 -1585.71380106721 0.636751070917924 0.245838650018611 612.454096631669
"838" 0.411764705882353 -2020.55009508242 0.66435267211356 0.279278453595635 591.499085390163
"839" 0.294117647058824 -2116.99358627769 0.492974062247002 0.19262083431471 799.310026980373
"840" 0.176470588235294 -3334.20615852761 0.33839060835343 0.154596437786506 995.70349902076
"841" 0.470588235294118 -2236.15775431357 0.6648343567116 0.264110696406561 580.928125041733
"842" 0.235294117647059 -2899.00758778885 0.373580242672711 0.161917123965479 953.645779178185
"843" 0.294117647058824 -3050.18819770054 0.444229573331246 0.177362615755666 858.791080884033
"844" 0.529411764705882 -1033.72318041708 0.895698023346648 0.555545421277606 296.625629619972
"845" 0.294117647058824 -2018.19824836976 0.579015979389153 0.225134522182526 687.350307312906
"846" 0.470588235294118 -1267.42152177493 0.676470607632306 0.268471385699133 559.029172150434
"847" 0.352941176470588 -1577.02760633004 0.697195892765792 0.289209605026522 540.462501677475
"848" 0.352941176470588 -1498.07219276656 0.658955548984757 0.260038149208936 585.40229314853
"849" 0.294117647058824 -1999.22743500786 0.451656336769793 0.185377983456751 846.145858338301
"850" 0.294117647058824 -3333.55610072056 0.51026926908736 0.197625335276236 770.805559009777
"851" 0.294117647058824 -1972.40632592391 0.616678658896295 0.237504593681759 636.664694434376
"852" 0.235294117647059 -1772.19340499343 0.521507621483699 0.1982220682136 752.192058919002
"853" 0.470588235294118 -1971.21315196449 0.651715069146338 0.262562508095708 601.406749898352
"854" 0.235294117647059 -2473.81846448634 0.382089164683043 0.168318868101315 934.272243762105
"855" 0.294117647058824 -4408.36590843177 0.433687095976663 0.179064731568234 874.967718993607
"856" 0.294117647058824 -4344.11464309585 0.492823001769705 0.19057027758016 797.766384481357
"857" 0.235294117647059 -2343.97250289578 0.566555128425853 0.219731648630684 704.242022595773
"858" 0.294117647058824 -2669.09271801074 0.620778286778125 0.257178522653168 643.213743309542
"859" 0.352941176470588 -1494.00167288269 0.626682725107804 0.246663833703798 627.226189907938
"860" 0.411764705882353 -2008.79791455224 0.633840731435991 0.248318472541842 612.960431495849
"861" 0.470588235294118 -1636.53323134239 0.562659203557049 0.217953665844381 709.050572766785
"862" 0.294117647058824 -2077.67716915335 0.463879447289087 0.184137356637706 831.265112122097
"863" 0.411764705882353 -1928.81332799125 0.552161940139091 0.21322748072674 719.672976254607
"864" 0.352941176470588 -3126.01554639501 0.520702217419295 0.202123307381439 768.145864370228
"865" 0.352941176470588 -2623.1912952382 0.476457810111327 0.193242160890695 824.106093177088
"866" 0.352941176470588 -3903.82727035461 0.460559208480218 0.179665714140392 837.968055080492
"867" 0.352941176470588 -2416.27402377557 0.551310504774889 0.21883411490948 729.856668636894
"868" 0.235294117647059 -2208.92786466226 0.467120085774837 0.183819667748028 829.896354943
"869" 0.235294117647059 -2000.82706358746 0.499529241245124 0.19988542269191 784.613311557563
"870" 0.411764705882353 -1469.39793065263 0.72436457573994 0.310620627363366 507.709968487872
"871" 0.352941176470588 -2175.09156372421 0.60772466134685 0.232020524914777 647.727519937044
"872" 0.235294117647059 -2267.43345997955 0.442686736601844 0.182282117493146 862.950447101749
"873" 0.235294117647059 -3095.78549428822 0.409145404420366 0.171140971742383 903.998664003567
"874" 0.294117647058824 -2126.5999773229 0.494336468637038 0.194426267175302 795.396806291149
"875" 0.294117647058824 -3343.85299107113 0.504596837085377 0.200605046266028 791.79625266382
"876" 0.235294117647059 -2158.28266534938 0.514665154547234 0.192917320813598 761.871288812764
"877" 0.176470588235294 -2384.17124346708 0.349657889118726 0.159140174162195 978.838224286023
"878" 0.235294117647059 -1796.06532068326 0.466265776862647 0.179853805743589 825.262736857178
"879" 0.352941176470588 -2288.06643570769 0.615757461287165 0.234612947142957 638.323187783165
"880" 0.352941176470588 -3131.41194879322 0.502204827799094 0.196941822488276 788.62865571613
"881" 0.411764705882353 -1806.97522787511 0.538987497707691 0.202796518459902 733.938734364812
"882" 0.235294117647059 -2825.92248756918 0.459532356697778 0.180500074833719 843.522664256345
"883" 0.294117647058824 -1901.55800313038 0.554907438190601 0.21297609738283 716.16740484511
"884" 0.294117647058824 -2212.06683845627 0.606675339626634 0.24421213692926 661.695772918531
"885" 0.470588235294118 -1419.75344512599 0.639102889088476 0.248672658638367 606.457534408979
"886" 0.352941176470588 -1294.07340168739 0.629607143200676 0.253341800413205 626.230717172378
"887" 0.352941176470588 -1561.96770789995 0.610097260217756 0.241787989779714 646.59788500007
"888" 0.352941176470588 -2036.65797981411 0.568722548611675 0.219546712820891 704.871115832485
"889" 0.411764705882353 -1604.89938610912 0.606247289688411 0.243882427058504 656.993481348262
"890" 0.294117647058824 -3761.30954668575 0.465843555359753 0.188588640033454 840.113262537616
"891" 0.176470588235294 -2703.32969464109 0.388747523850909 0.166576194220913 927.028540944606
"892" 0.411764705882353 -3409.23827577328 0.62756560421114 0.246687443780299 631.018641164445
"893" 0.235294117647059 -1773.38241791579 0.503798703445976 0.191366196428031 779.36650932929
"894" 0.235294117647059 -2609.68570840409 0.486221225161657 0.190239698928174 807.599566058784
"895" 0.294117647058824 -2949.9834834394 0.47084693101819 0.187720777082738 823.019058926211
"896" 0.235294117647059 -1575.06403364069 0.511763545424512 0.200288237491916 772.318625913949
"897" 0.294117647058824 -2691.34780601253 0.470640003679469 0.181733042112885 823.077878726029
"898" 0.411764705882353 -1066.8199687411 0.625948950129636 0.24434870864677 624.441895865677
"899" 0.294117647058824 -1845.47979850734 0.632972592646071 0.252697466126693 623.761821643331
"900" 0.352941176470588 -2713.96913357853 0.556088237523178 0.212030674368259 720.11907825557
"901" 0.411764705882353 -1600.92599065105 0.633627865377258 0.248403061410397 617.337834184039
"902" 0.235294117647059 -2262.43384010721 0.44953027355749 0.178098555246452 847.086730787715
"903" 0.235294117647059 -1520.05900233856 0.470779427865624 0.180473822897929 814.329629923171
"904" 0.176470588235294 -3072.99931478689 0.475767429750834 0.193625838806723 824.501758911435
"905" 0.294117647058824 -1715.87006500151 0.417229823899874 0.167054561093808 882.636434375905
"906" 0.176470588235294 -2417.44523728057 0.355981558031203 0.154631774983962 963.67416095177
"907" 0.294117647058824 -3343.63806890503 0.433898728980561 0.187221161203194 875.684047730344
"908" 0.294117647058824 -1282.87315580979 0.757625239495144 0.332740646067658 462.21683109594
"909" 0.352941176470588 -3027.58215085051 0.440152224071422 0.181434466620331 866.975990284682
"910" 0.235294117647059 -4468.63286778548 0.359671616963771 0.156904954927692 968.243831308834
"911" 0.352941176470588 -2287.59505197761 0.510590052706953 0.193832757505228 769.926115843717
"912" 0.411764705882353 -1501.98359152348 0.703744277709641 0.28584000646359 524.665972824118
"913" 0.294117647058824 -2046.58882905374 0.508867556996804 0.196602198583064 772.691937005427
"914" 0.411764705882353 -1770.88827732395 0.530042567698744 0.200770408237198 745.33112816287
"915" 0.294117647058824 -2586.79711945751 0.521096934266887 0.206479227670357 763.041185202657
"916" 0.352941176470588 -1986.80623163562 0.638275187018844 0.245966179893434 613.172963395317
"917" 0.470588235294118 -1840.12498464995 0.635231239276949 0.255155715757001 620.397139828014
"918" 0.470588235294118 -2513.28945322314 0.532526083608429 0.204869592801364 744.686843505532
"919" 0.411764705882353 -1403.08174183645 0.649183358940548 0.258218888592154 597.513576729954
"920" 0.294117647058824 -2484.63917423874 0.515362743606645 0.203437429106989 768.948538123099
"921" 0.529411764705882 -1801.40035811805 0.607616488924488 0.22720812558579 643.490131476519
"922" 0.294117647058824 -2355.39440497144 0.544637447826671 0.215883605962799 738.906734976918
"923" 0.470588235294118 -1986.83168346842 0.676482674955746 0.272124948763931 563.466455238443
"924" 0.411764705882353 -2073.94548148379 0.461195412620489 0.179495768570496 829.072839892479
"925" 0.235294117647059 -2790.24565900781 0.429284645512885 0.175616750667595 874.521861947964
"926" 0.352941176470588 -1808.74267828735 0.660965619459625 0.260101616906112 579.324263284565
"927" 0.176470588235294 -3310.28033472934 0.428803684957417 0.17162374955094 874.642696918662
"928" 0.294117647058824 -2670.26340043877 0.396500703371503 0.164252163697848 918.344419491033
"929" 0.235294117647059 -2166.43396716062 0.591828999515079 0.234310997169355 680.63555963394
"930" 0.294117647058824 -1803.49988699728 0.506873305761912 0.192656539009908 770.638900984621
"931" 0.411764705882353 -1627.50429649117 0.598640005261162 0.229209942565275 660.588057801514
"932" 0.235294117647059 -3148.07577591965 0.376219981861706 0.162402526614849 946.247221343583
"933" 0.294117647058824 -2089.72403290438 0.459914104117194 0.179713334374146 837.393496477006
"934" 0.411764705882353 -2046.89499085472 0.560821878699262 0.213693626076777 703.491381184506
"935" 0.235294117647059 -3010.81353177474 0.380037957058452 0.159596253316225 929.955979253941
"936" 0.294117647058824 -2799.20368100681 0.425285045214239 0.173005456742517 882.266358440705
"937" 0.411764705882353 -1891.90305894352 0.69929404653889 0.279467869826825 528.651871164963
"938" 0.294117647058824 -2722.72508463882 0.462617111851376 0.180106020906843 833.601937600475
"939" 0.235294117647059 -2095.90600191643 0.508961083938344 0.198732778687858 774.232753907696
"940" 0.235294117647059 -2059.55527176079 0.476458649105305 0.185332634969563 816.086566054518
"941" 0.352941176470588 -1788.29847549675 0.633873286021925 0.253361123386941 619.97129989007
"942" 0.352941176470588 -1906.96422142711 0.546058070004934 0.208232799582457 725.301305787331
"943" 0.235294117647059 -2395.87534525352 0.499205195923136 0.189766573276935 784.255264451141
"944" 0.235294117647059 -2709.26581790259 0.46521809825324 0.183505107456512 828.83644073545
"945" 0.294117647058824 -1890.85439449216 0.494254291463198 0.189175446523737 789.363649449719
"946" 0.352941176470588 -2524.43061251522 0.534484883943801 0.21737802400136 757.559393811794
"947" 0.352941176470588 -2653.3207650045 0.545137345908831 0.219819790628116 741.88962924591
"948" 0.352941176470588 -1570.47576615677 0.547444829416431 0.20495561474099 717.891768455969
"949" 0.352941176470588 -2270.49439956498 0.711792794110246 0.301028131916997 521.804534948007
"950" 0.411764705882353 -1955.30734465254 0.579690096441684 0.226954479220097 686.068350004316
"951" 0.294117647058824 -1577.045779072 0.562283374549837 0.216096969809248 710.047927437043
"952" 0.235294117647059 -2619.7125699248 0.509018754662333 0.202522908119277 782.359866063839
"953" 0.470588235294118 -1595.371425717 0.666893184586156 0.269174763739304 573.31572624835
"954" 0.352941176470588 -1887.99305806909 0.58365175360349 0.224753282232653 677.700495878416
"955" 0.294117647058824 -2757.98573278903 0.448362059972654 0.179732574669533 851.511289680319
"956" 0.411764705882353 -2115.87304326806 0.673149040075714 0.262632230565608 560.609314045063
"957" 0.411764705882353 -1516.69689612759 0.67298145510646 0.278786320192116 573.904929097316
"958" 0.352941176470588 -2239.19924201314 0.50672133869635 0.197467620422929 776.451730323034
"959" 0.294117647058824 -3053.12346938479 0.386070092654239 0.158307759966076 928.901905049505
"960" 0.352941176470588 -2248.63783998073 0.522590217645981 0.19450437102897 753.094840543275
"961" 0.235294117647059 -2573.40033305062 0.502830717592031 0.19734628514838 785.859766402564
"962" 0.235294117647059 -2189.70584027628 0.436123968774766 0.177116264619991 871.448351860536
"963" 0.352941176470588 -2347.00219170873 0.621553456567252 0.245614142702756 635.560062829505
"964" 0.411764705882353 -2127.41036751776 0.57009388400441 0.22299137253436 697.795714006569
"965" 0.176470588235294 -4493.19095364791 0.390019339244609 0.165352217384583 929.8795463071
"966" 0.352941176470588 -2011.01081928278 0.530233746438021 0.204410289263921 747.122158265426
"967" 0.176470588235294 -3045.16512632474 0.354019791135649 0.153770821456626 966.750826067732
"968" 0.411764705882353 -1638.53472477011 0.590054718473671 0.231102993920191 674.910237094809
"969" 0.470588235294118 -2205.12882630161 0.602460562858564 0.233924114945075 658.732682815031
"970" 0.294117647058824 -2081.74337636574 0.54226793686664 0.211300932695665 734.265702905913
"971" 0.294117647058824 -2808.4069966953 0.399357229454437 0.171439335445765 919.784314538648
"972" 0.352941176470588 -2378.18348786768 0.489271328732831 0.194693562627204 805.520844627628
"973" 0.470588235294118 -1599.08552434151 0.671005087791664 0.277642024482242 577.166028640356
"974" 0.411764705882353 -1144.75819349544 0.645283183355977 0.251579544054146 598.027639163607
"975" 0.352941176470588 -1763.14811443059 0.594188235723333 0.226505064798053 662.84120856816
"976" 0.235294117647059 -2590.72613679074 0.423032964177048 0.172847820784465 883.08849705274
"977" 0.235294117647059 -1491.69717950454 0.54358877907067 0.210098890291279 726.555379139422
"978" 0.235294117647059 -3237.78477824248 0.405438404379053 0.179316790284217 921.572503119144
"979" 0.352941176470588 -2085.64070207219 0.595549862836693 0.234517361286757 668.850943943765
"980" 0.411764705882353 -2386.77971892938 0.663179500332238 0.267944145308877 584.938460291974
"981" 0.235294117647059 -2786.61354237569 0.434278323657905 0.17239236823695 869.838891848589
"982" 0.470588235294118 -1526.09510069149 0.654173006394939 0.260147062285748 590.135018526413
"983" 0.294117647058824 -2172.43419835316 0.657318623706938 0.261734515325954 588.67243298105
"984" 0.294117647058824 -1530.50701646168 0.670038571294354 0.267586275365377 568.485291567459
"985" 0.235294117647059 -3513.39787426566 0.449127559010469 0.192522345602913 871.050778545302
"986" 0.470588235294118 -1218.34166896586 0.598873041891902 0.225809856887966 656.000004061207
"987" 0.294117647058824 -1964.95593563993 0.469500307984881 0.187895251984205 827.380776844882
"988" 0.235294117647059 -3570.80745218458 0.45992758901838 0.188157531382901 841.231497549813
"989" 0.294117647058824 -2402.17196786325 0.469023972545885 0.191885068477749 830.824235514554
"990" 0.411764705882353 -1800.90852301981 0.533901455498166 0.205335629673615 743.130018476737
"991" 0.352941176470588 -1810.52423604457 0.684724485912561 0.282995943081959 556.873980775878
"992" 0.294117647058824 -2753.33666920076 0.455679823925846 0.188789933243231 844.412674859113
"993" 0.352941176470588 -2223.94809435365 0.541061709143908 0.206065887286547 730.329551749995
"994" 0.294117647058824 -2379.34451301282 0.583734484371023 0.223033608096891 682.417010264762
"995" 0.294117647058824 -3032.1980013783 0.449246984625659 0.187407343751174 863.924941945393
"996" 0.352941176470588 -2381.62337881674 0.440134353031511 0.172375889527525 857.434421179991
"997" 0.294117647058824 -2312.80138452651 0.448963282241999 0.18824455518057 859.072681930072
"998" 0.235294117647059 -1751.32039177807 0.518184301390798 0.200668906845208 762.138693285536
"999" 0.294117647058824 -2250.14141427523 0.490384002260213 0.18936562903131 798.644372424279
"1000" 0.352941176470588 -1866.47702104545 0.528496055153824 0.19801455857167 748.369255069753
