"SCI" "RCI" "GER" "MSM*" "MIG"
"1" 0.3 -36.2406989731912 0.222566439534241 0.459837575326682 25.2095913305435
"2" 0.3 -40.8821794587554 0.513094331704098 0.543583804583031 23.7989734741509
"3" 0.4 -81.3450946766682 0.310897546994632 0.453816442212867 29.4761330264317
"4" 0.3 -41.1287336606287 0.304708817244926 0.445214453281493 25.2447905625565
"5" 0.3 14.6835876306643 0.61865741716951 0.753981830664159 21.7265358560508
"6" 0.2 -38.1337031569245 0.220877151514411 0.393531510666069 27.1649804132034
"7" 0.3 -171.219340367689 0.273879623153103 0.446930614376258 32.4087131976545
"8" 0.2 -129.907661447927 0.346128046356665 0.38139108309594 30.2703080301103
"9" 0.3 -23.0073438013233 0.52533042792966 0.501730846266836 22.9244372514263
"10" 0.3 24.2266237281996 0.346886972058484 0.552251686581825 20.2567747696768
"11" 0.2 -45.3977518528794 0.382078241530704 0.435229455358586 27.4871449571941
"12" 0.2 -80.4411550693694 0.199277350269446 0.430945015598797 31.02957107214
"13" 0.1 -64.7547793529454 0.17796725901213 0.464563381549103 29.9365762468402
"14" 0.3 -62.7811117291641 0.304039051904716 0.460955613372959 31.427939535561
"15" 0.3 -3.03747831052794 0.476850593951716 0.536319492337909 23.9552651730574
"16" 0.1 -153.324782903716 0.344126316004858 0.426319563577547 28.7420827993913
"17" 0.3 -107.254568734372 0.576279573509331 0.669812471719114 25.7198378396104
"18" 0.1 4.01910987748051 0.397570708417186 0.612245331300948 23.9317089737881
"19" 0.3 -48.6748455434968 0.215829592102903 0.442038210744721 26.6726259828195
"20" 0 -90.725215948396 0.260936590500216 0.373954157715663 29.4936592617118
"21" 0.1 -88.3620051842103 0.0602628627471586 0.36088451518957 28.4541175259161
"22" 0 -61.2480858590485 0.153534120372873 0.407165746838567 31.5157188992364
"23" 0.2 -32.8460790955892 0.507739514366215 0.55232604552839 21.3608876767102
"24" 0.3 -50.8221128732009 0.316522346136337 0.401020793919613 26.1870926730986
"25" 0.3 -9.44726284696318 0.403934235369883 0.469851219963872 24.0985883607366
"26" 0.5 23.2545065536179 0.569251160479123 0.559167006160725 19.1664508452429
"27" 0.4 -67.0223191842294 0.418455801962033 0.550030424334445 24.233264575682
"28" 0.4 -52.8472529382307 0.606772888276932 0.559464770657157 22.2342341018026
"29" 0.2 -54.4793269911317 0.451213693246009 0.583436850104444 26.6782993077743
"30" 0.2 -56.6225882676096 0.243388319033161 0.414232892571529 24.7200586398574
"31" 0.3 -21.2080806580375 0.684489316659991 0.633670749871202 19.9906539816735
"32" 0.4 -145.143078064678 0.340438516473309 0.485618381074076 29.1421640321775
"33" 0.3 -33.8324879566088 0.498092979011338 0.500642938861816 24.1874040158908
"34" 0.4 -37.8281210254239 0.345984540136099 0.473685447073085 26.6689481196133
"35" 0.3 -81.9900676428827 0.276766576306158 0.415468015412848 33.1848971305298
"36" 0.4 -24.9408533030735 0.605789845121719 0.687084118479132 24.5217097193375
"37" 0.4 -46.9986340705042 0.346925017209062 0.465748993790738 28.2390863652736
"38" 0.3 -44.5214719530785 0.223728433498265 0.469293319695749 30.6180080447997
"39" 0.3 -67.3656345079592 0.481084760416346 0.625271908913346 23.8462166643538
"40" 0.3 -38.4995171033978 0.696662900627879 0.673707587541599 20.1048835967691
"41" 0.3 -56.003904082164 0.370061972604782 0.521322411852588 26.8086791774957
"42" 0.2 -133.581957351274 0.160623151494089 0.364366406059538 31.3328967678266
"43" 0.3 -20.5195962009453 0.270840612275459 0.439000299477092 23.6145329744251
"44" 0.4 -14.6389400891558 0.508149598527376 0.496079056031744 23.2128233826626
"45" 0.2 -126.724826878237 0.267537950309308 0.413075377550844 32.4069919624808
"46" 0.2 -32.9507857001424 0.414278976538092 0.595441651981301 25.5680263343079
"47" 0.3 -54.7974878504658 0.485132873821275 0.520341508245168 23.4182803501444
"48" 0.3 -33.7458001395107 0.431043684231897 0.540488941859461 23.13783508857
"49" 0.1 -46.2353061577763 0.40234723617903 0.466648119658608 23.4009289313016
"50" 0.4 -70.2537216789223 0.519658723360391 0.669782463487207 24.8799760453636
"51" 0.1 -63.7255214947066 0.0155308588025344 0.347536015589744 31.2983955392521
"52" 0.2 2.65242092028998 0.404114257182256 0.501297409113964 23.2934678100374
"53" 0.3 -59.2350118054877 0.523179856137346 0.581845077657105 24.8416362644033
"54" 0 -160.292995686272 0.0143359092337066 0.35858251495826 32.0632226101658
"55" 0.4 -21.3064282140796 0.711304960678147 0.679188477698573 17.5548394567892
"56" 0.4 -104.846605299189 0.407841209696346 0.544675195807231 27.5510963903483
"57" 0.2 -57.5664939806149 0.274751934491109 0.580952347030248 29.4802870782441
"58" 0.2 -146.966727586028 0.201729020110718 0.458639192845801 34.5201531087444
"59" 0.3 -16.9783610058465 0.285815621829009 0.462275884765047 25.0092734335107
"60" 0.5 -53.6058262445973 0.505345917549209 0.523349330028895 21.5830381272989
"61" 0.3 -28.2357229981617 0.471166252179957 0.51408489585827 21.5424343853979
"62" 0.3 -90.9984245272666 0.371500534741351 0.5467797742965 28.2331299888179
"63" 0.2 -13.8131147470993 0.494689364731029 0.544990474701893 22.9415061636129
"64" 0.5 -24.4686171089537 0.600355976601152 0.60349319438946 19.0061229616823
"65" 0.3 9.6291053902775 0.637316693205796 0.660783585894089 19.4219347708113
"66" 0.3 -12.7684918593728 0.298523838522875 0.539468335940673 24.1983059867004
"67" 0.3 -37.0892704365181 0.411082973321827 0.456712988824469 24.1029516691761
"68" 0.2 -394.483543740697 0.336281899380352 0.451790952799755 34.990166932526
"69" 0.2 -69.6382903263289 0.334900590393374 0.42383900588548 27.808665783475
"70" 0.2 -62.7920667436937 0.331213394915132 0.489413074579835 25.6258074336777
"71" 0.2 -93.6337826543275 0.229843805670922 0.521933909488556 29.1413531460682
"72" 0.2 -163.591590977012 0.231198444650472 0.502478031755154 33.0479684191313
"73" 0.4 -21.7400381029261 0.639753558431061 0.629347282635597 19.5118972008722
"74" 0.4 -25.8914608756285 0.425108857258107 0.487345939205474 22.3660361525648
"75" 0.2 -46.3632066339568 0.190814491972068 0.444509725194241 29.5409397065289
"76" 0.3 -14.7126902527916 0.24916353623663 0.451802880673406 24.8708136054919
"77" 0.2 -30.9531454544373 0.324207676365336 0.459863441615635 26.0683198063354
"78" 0.4 -63.4950643505017 0.47975724503765 0.604704670683842 27.1015343195805
"79" 0.3 -45.0052424428484 0.279156613282904 0.463837339347085 25.3336237697092
"80" 0.1 -70.1526384554236 0.390840429234319 0.585615599343657 27.3322523163236
"81" 0.2 -122.883105535143 0.440878011909692 0.558392144068085 30.511278372365
"82" 0.2 -49.9653676375696 0.317685504857236 0.454634992077296 26.7559908861363
"83" 0.3 -51.0442504278055 0.441027054781888 0.521777977074019 24.9498384975641
"84" 0.2 -97.3831942261193 0.271534173488857 0.443634023669009 27.6639267014967
"85" 0.2 -43.9792481993059 0.155453142272784 0.405067198360233 31.231799964651
"86" 0.3 -76.0823306752692 0.333522101085135 0.478416159812216 25.9652478332071
"87" 0.4 -1.66077109503175 0.580407340655806 0.61601364545126 19.5555367882154
"88" 0.1 -199.168313568795 0.0869567083709294 0.382053249481347 36.9638243393809
"89" 0.2 -50.3165229169448 0.226277317179671 0.464127812652424 26.6000209189764
"90" 0.2 -178.303505514142 0.144755240724682 0.458438034154936 28.964560487226
"91" 0.3 -50.7072316022944 0.451629634090951 0.468486144194949 25.1421387739759
"92" 0.3 -31.6486899847684 0.431407626618133 0.562224484425404 22.6650080734538
"93" 0.4 -37.8082342543517 0.551583425755933 0.546521787275631 24.8114568609278
"94" 0.3 -47.1686610468653 0.479273188351596 0.532191547835035 22.3248055416462
"95" 0.4 -133.014174645093 0.569177702688717 0.56361750979791 25.9938388731843
"96" 0.5 -22.9262908348341 0.628510693243433 0.544189040513155 22.1914163820026
"97" 0.2 -17.2535440638451 0.242852685778904 0.445069679548583 27.1364904280286
"98" 0.2 -121.444510011339 0.396705126434204 0.472272799750108 26.4274248987226
"99" 0.3 -78.0722093707274 0.26258677401309 0.479980945590638 32.971573449464
"100" 0.3 -24.9879323615255 0.211508949009491 0.504791535695307 28.3063156167835
"101" 0.2 -116.599842185394 0.155911866964623 0.40527253297722 31.3955502860805
"102" 0.3 -25.6901389354695 0.349305604250317 0.466901450111354 27.5141439612977
"103" 0.4 -211.689726364273 0.506335900221686 0.528844406462945 27.0786099897419
"104" 0.2 -45.4683215148922 0.291202203165809 0.466525733835538 29.0630013321432
"105" 0.5 -6.44390539085991 0.638066589263976 0.631227135099993 19.6192953756241
"106" 0.1 -63.6859375664618 0.0618550855593706 0.379707913604923 36.0896721792035
"107" 0.2 -54.1994407245531 0.383983946977807 0.43223621095587 24.4162564449687
"108" 0.2 -95.1394590795405 0.312893780509787 0.438261115279883 26.1301459090691
"109" 0.3 -39.2590378482976 0.426743417076431 0.571757483995522 24.7199430819135
"110" 0.2 -15.1450727371147 0.289744480726538 0.439649035745951 23.853020226343
"111" 0.2 -95.1999455366147 0.295789688123383 0.465965235445541 28.6020301167247
"112" 0.3 -97.0686006393366 0.357336053906034 0.553149501168251 29.7439919425802
"113" 0.4 -29.7126762710809 0.52128198727345 0.584982746865659 24.1142221429827
"114" 0.2 -111.747613791952 0.276625406573575 0.422802731806226 32.2604869713192
"115" 0.3 -42.8931894115761 0.343724502308964 0.494828252170619 27.1419538374198
"116" 0.1 -188.676084132975 0.306947514011158 0.397682183536217 33.4012834200892
"117" 0.3 -78.6538790364683 0.425131148206957 0.465139623742643 28.1997243606788
"118" 0.3 -59.3258379610352 0.343573115251835 0.526325040354773 22.8895207111956
"119" 0.3 -58.3060723531615 0.490201272919477 0.584798899711991 21.6572748346137
"120" 0.3 -52.4243855892394 0.509519659884111 0.598253904769975 27.0503651063679
"121" 0.3 -65.719466646776 0.367223287847334 0.389870560677376 29.1389242109935
"122" 0.3 -70.9685068633834 0.487212837122522 0.571403429850161 26.5898733181156
"123" 0.2 -75.0963340192526 0.314812862011118 0.528826872800255 27.9751755916675
"124" 0.1 -2.56599544009051 0.344983224832266 0.449895802996093 25.2962001884192
"125" 0.2 -29.0978710089749 0.62783093360225 0.637887434510959 23.7649227908881
"126" 0.2 6.16482191586636 0.513559384472125 0.549498652795124 19.2600069570821
"127" 0.3 -120.32258345216 0.346040368119952 0.501435748920159 32.9603727277229
"128" 0.1 -55.4540105980061 0.369431052511759 0.480859552958196 24.1688602858083
"129" 0.4 -5.92481506361147 0.6505569601822 0.669339645615064 20.9814186490933
"130" 0.3 -90.5800342915179 0.411271000049653 0.558915050763769 28.5984887408861
"131" 0.2 -76.0240086867551 0.240702555435852 0.488119662215726 26.4996026143524
"132" 0.2 -138.282625559293 0.237165125295836 0.385908889854517 27.7942227713646
"133" 0.3 -76.4128967318079 0.333764051943067 0.425297439988043 29.6890385415404
"134" 0.2 -9.68477464993531 0.332352237701518 0.504004605406428 23.52501759978
"135" 0.3 11.0851394700046 0.5242456510492 0.556446521557696 21.6067679406796
"136" 0.1 0.168341080953349 0.293346519823661 0.529046884789632 25.6360615547628
"137" 0.3 -44.3496329368659 0.60291683321928 0.586130467294161 18.5885483695939
"138" 0.3 -101.198610672 0.677296397415096 0.591702269405846 22.5009033930279
"139" 0.5 -66.2472754236757 0.626757620669421 0.651274565181345 22.0104906065087
"140" 0.2 -47.4414041617453 0.46481788712555 0.559844891923502 27.196514026583
"141" 0.3 -121.205788180025 0.317562825736913 0.512290915795262 29.8904286673478
"142" 0.3 -57.9707716555663 0.268441896220333 0.455260796670427 30.0186820247979
"143" 0.2 -19.4980337370665 0.386898155673197 0.554245907079454 25.6826614323491
"144" 0.4 -124.946152222159 0.448010517557304 0.541004702949543 30.7364062092709
"145" 0.4 -74.7650029140893 0.302845752904765 0.429827601783154 27.1483487751521
"146" 0.1 -140.04350283824 0.165808096408219 0.465315216444041 28.2526593501236
"147" 0.3 -47.4759283426284 0.405578185215203 0.422493977024061 25.451811145069
"148" 0.3 -241.621774900529 0.372984342990098 0.47475550920635 31.5392180183297
"149" 0.2 -20.5620339322622 0.540403923856489 0.589407112533111 20.0120577605254
"150" 0.3 -154.842860208589 0.284832503043674 0.485113031962547 30.8941326154512
"151" 0.1 -95.0052913179765 0.128151488210838 0.380103461997286 29.8691737613267
"152" 0.2 -71.9061742644132 0.297942129052768 0.477589189359336 22.4208360492321
"153" 0.3 -92.3557206565616 0.481002277280322 0.546979122967984 26.4868615679908
"154" 0.3 -55.1880777269607 0.293990405679281 0.428987504757344 28.5710552232293
"155" 0.3 -59.5450052812255 0.440983225801595 0.568415458956864 27.50906145907
"156" 0.4 -79.9807414842516 0.61821160591 0.611115391126233 23.9698115698016
"157" 0.3 -22.6991257033058 0.48199073626813 0.432284078403594 23.8919550455594
"158" 0.3 -87.5154646477023 0.31517235304767 0.50077550613878 24.4224343173554
"159" 0.3 -109.146952631788 0.375553610139654 0.589340700784643 27.2113194316368
"160" 0.1 -47.8310747660967 0.293564372707393 0.530919146835225 23.151970917445
"161" 0.1 -75.220210766137 0.337092696417506 0.493519783275557 31.0551613623578
"162" 0.3 -192.825058914385 0.552280505800254 0.59971577087392 28.7836378989461
"163" 0.2 13.2562243095668 0.606058142266383 0.623625396392802 17.9758976385673
"164" 0.3 -96.9110696466452 0.3875826552662 0.428844359202685 26.9714561660425
"165" 0.4 -43.8574132859678 0.505981537044217 0.525352786959713 23.6434452414372
"166" 0.2 -131.779488684935 0.281988335115221 0.418037987229251 31.4526128322374
"167" 0.5 -47.1964843032742 0.596880349805871 0.575793042889432 22.8011057185545
"168" 0 -74.5543520936479 0.0908539913017972 0.367004814298961 33.0165419072727
"169" 0.2 -78.3746398386919 0.366999104166415 0.484481933672633 28.0136069228034
"170" 0.4 -197.502727760062 0.682817656945969 0.677480705777817 22.3699373011756
"171" 0.2 -65.8793892824433 0.529792124269882 0.544432170444047 21.9084580042563
"172" 0.5 -6.90131873748596 0.424498601630965 0.486858318900764 22.3663908921135
"173" 0.5 -79.9056460847249 0.387966484775493 0.456561623004012 28.4075762734864
"174" 0.4 -375.597039289537 0.38561377197944 0.455591782517242 30.3335975274187
"175" 0.3 -82.8485852597712 0.287554559751771 0.475036849719132 27.1842151375417
"176" 0.1 -80.8240551649755 0.183539214135682 0.347328828539433 30.9988365456997
"177" 0.2 -83.4659095057654 0.441154464390553 0.494881018584812 25.7101679338049
"178" 0.3 -27.4610701850174 0.582790015400091 0.640743274733026 22.8099148321618
"179" 0.1 -39.8633348712234 0.128234725476152 0.573917053043886 26.2012513659196
"180" 0.1 -139.372968412508 0.112087977314543 0.374200591531216 36.6219097685626
"181" 0.2 -22.2758215328444 0.38629896871993 0.555694102455908 25.3439055653963
"182" 0.4 -80.2472170869291 0.457015218783313 0.521438820714113 25.6902252091187
"183" 0.3 3.92741710603223 0.43018091517193 0.574573499919015 21.1425413647783
"184" 0.3 -31.0771724855369 0.359575362715894 0.547419154564991 25.5344609590339
"185" 0.4 -15.9267296412479 0.465088926636838 0.521752129026536 22.9408926726412
"186" 0.2 -6.78185442228776 0.188613977092892 0.449975099280508 25.8219164682318
"187" 0.2 -85.8671023620949 0.19246372517449 0.434732831437975 29.1002923114575
"188" 0.2 -38.2223144553084 0.325835902367173 0.493898384173765 28.183317925299
"189" 0.2 -36.3449387100936 0.485682338909369 0.539746832267233 23.0593773472006
"190" 0.3 -43.5933354648256 0.394247673689222 0.492454036535217 25.527935688109
"191" 0.3 20.7876728042873 0.517816005518782 0.567661631756088 18.7590555570204
"192" 0.2 -63.1046321546919 0.342064270541698 0.551061477951862 26.3002429339057
"193" 0.2 -43.5805266874466 0.496956606669748 0.68136357860337 25.1066213517193
"194" 0.4 14.0945295075764 0.647367171477742 0.690973213696777 16.9473295534216
"195" 0.5 -38.3360667825534 0.391937920726719 0.490402118114284 23.672345181359
"196" 0.2 -105.191288728798 0.344606862888985 0.519391035961737 32.8408807434188
"197" 0.3 -61.7864987787105 0.337138289153954 0.506128569428781 23.4842946353857
"198" 0.3 -104.196313107973 0.249515517883642 0.373767569623326 27.6897659188369
"199" 0.1 -70.8902747360645 0.12989573761601 0.397778136905475 32.991202090294
"200" 0.3 -48.620273742103 0.36328259399673 0.509138925912002 27.4604223888786
"201" 0.3 -36.9891255992308 0.692580136627539 0.593451428930454 19.270492326757
"202" 0.1 -89.6949026381256 0.331061658363353 0.505543268233027 32.4529918705393
"203" 0.2 -151.346058085124 0.291446105107938 0.357725181118352 29.7054643800319
"204" 0.4 -26.7622362062223 0.325956596303865 0.435977075009469 26.3217532664141
"205" 0.3 7.54165469720265 0.385791885740912 0.450902484734459 23.3131782563217
"206" 0.3 -69.7666162211452 0.346987318562409 0.474271748062108 28.1779686799901
"207" 0.2 -35.9606823702701 0.43849739872471 0.526794164599708 25.1403487461224
"208" 0.3 -57.2679628523354 0.368036908272753 0.43431749578551 28.7052264268277
"209" 0.4 -58.1472495364919 0.368560643754087 0.504022560121146 28.4571519858482
"210" 0.3 7.05629702494315 0.578881867590141 0.60033668813536 20.2389381763687
"211" 0.2 -237.358546326114 0.387482103427787 0.402814184082915 26.4733631829755
"212" 0.3 -53.6243066497148 0.601303518252338 0.556560494096352 19.7418586526066
"213" 0.3 -8.11161649004855 0.619985949051331 0.681880230573537 21.1747261951189
"214" 0.1 -171.829130692605 0.246896764034642 0.433615231686176 31.862719016976
"215" 0.3 -205.77196368078 0.475531096326997 0.447309895603255 28.839868924825
"216" 0.3 -17.1962805423515 0.526496552296542 0.603557053255807 23.7282324607484
"217" 0.4 -31.9969843157843 0.747477369243215 0.746934890151829 19.401692478389
"218" 0.2 -32.439239207598 0.516897444861729 0.501977721979761 23.4409285241413
"219" 0 -42.5423284473807 0.365702890780415 0.474173431049268 26.555123884119
"220" 0.4 -42.3514290987401 0.480706170059721 0.503444754998887 21.3019083419534
"221" 0.3 -136.320881375075 0.452999337861603 0.488990608941671 24.6668724541622
"222" 0.3 -17.1123442676772 0.565268801213238 0.589356240755665 24.1288918399298
"223" 0.2 -41.8440647048739 0.180073236834664 0.508252504061947 29.9273395817213
"224" 0.3 -4.65199467963091 0.661380922812501 0.60112356926951 17.9879873256082
"225" 0.4 -51.6918732823017 0.684522179268293 0.630357579556028 21.9609226410882
"226" 0.2 -87.7054139783241 0.215688451787892 0.431117153060663 30.7598355140326
"227" 0.3 -20.834203867544 0.541168918866826 0.594617240405911 22.5022420741873
"228" 0.5 -67.2791406113348 0.726237127109938 0.704099987728257 22.3622593528103
"229" 0.2 -70.5018221479286 0.308880584610639 0.396531557878315 28.3239841589494
"230" 0.5 -8.3578844369099 0.635114744976488 0.679300466837826 24.0992984407884
"231" 0.2 -159.112408716977 0.398626954587811 0.449221622131921 27.5102330492577
"232" 0.3 -66.3850197495548 0.362644763811598 0.432437137116926 25.9961596595216
"233" 0.3 -198.118809171925 0.238606685162465 0.403612104583509 29.1871977032907
"234" 0.3 -59.7070217629243 0.42819625341816 0.460694831885114 24.9346193434856
"235" 0.2 -9.22379565190401 0.374266601438008 0.525668480685888 23.3152549049048
"236" 0.3 -54.3697682178006 0.4261576547105 0.544651219320376 27.1561807879036
"237" 0.2 -60.53112433444 0.257942012257712 0.391914942092114 27.5305981418513
"238" 0 -27.986005546611 0.216502611647369 0.414198212770879 26.8771034483401
"239" 0.4 -25.7235533592787 0.517523392764244 0.50005456695466 24.0046129583451
"240" 0.1 -86.1683635728653 0.166811182844768 0.431623017172386 33.2226552122341
"241" 0.4 -1.7976887697337 0.469397632966186 0.573005001653936 19.9382282348932
"242" 0.4 -9.62756700047231 0.417856672874329 0.512189907247444 22.7144345963373
"243" 0.2 26.2515402531186 0.521975675770496 0.574822068295954 18.7536198041796
"244" 0.3 -90.7033844410446 0.534777628175013 0.599045531523089 25.4408381038462
"245" 0.1 -142.291220874589 0.152801291814512 0.396685040936121 37.0187432468356
"246" 0.2 -5.10377626685585 0.332863566008124 0.519853028307039 25.013116570406
"247" 0 -34.7159937941401 0.0299767470019262 0.37242159223306 30.836421700036
"248" 0 -125.144211065476 0.210469095163815 0.502899387976965 29.8328550916024
"249" 0.4 -84.8733733187017 0.505151128573256 0.504208577949589 26.5774261230044
"250" 0.3 -22.3653365999736 0.365519780351499 0.447323087578181 22.9627591844764
"251" 0.3 -39.8243130212665 0.434547258157085 0.570833894457969 25.8927879385044
"252" 0.1 -42.1367086744297 0.190881497203712 0.475877728369186 30.7601289114122
"253" 0.2 -98.3479858620816 0.421803286850643 0.466907091441722 27.1718970638094
"254" 0.3 -109.210920166651 0.508271089524273 0.606072371188773 25.8734660789393
"255" 0.4 -48.52172176657 0.51523965985285 0.567650795960006 22.62710992096
"256" 0.2 -100.949868358666 0.32428725098086 0.473197967689834 27.2850134410172
"257" 0.4 -77.6583742371317 0.410832964525424 0.485679483465011 23.1977592182811
"258" 0.2 -113.864144983372 0.156560814129839 0.348735633597284 34.4931207474995
"259" 0.3 -14.4159859409641 0.637153633194831 0.647580308592138 20.4222990415082
"260" 0.3 -74.4188181303521 0.541089997154786 0.636389698847019 25.7042134682973
"261" 0.4 -34.5235015854555 0.40218932164347 0.545800755955158 24.3334610509453
"262" 0.4 -3.701630939977 0.509048328070946 0.498575506642844 21.6955477984947
"263" 0.3 -35.7195148023873 0.422110995237509 0.517100002101628 24.9273030557856
"264" 0.2 -51.7813190561573 0.329912373581026 0.443196510497523 25.6109548185486
"265" 0.3 3.17009476218149 0.347116009171109 0.428963168805321 24.6991972446674
"266" 0.2 -37.2781712477442 0.0844328953919067 0.405973713038546 30.2586691293259
"267" 0.2 -45.5094534094099 0.488260759516591 0.551850997977976 23.8562028129608
"268" 0.4 -6.66067233032035 0.558205954919495 0.558982160143053 19.8460612070817
"269" 0.4 -45.2859191613197 0.452954485819962 0.468966742678192 23.1017460030945
"270" 0.2 -120.613425392626 0.355461689147358 0.517179141213484 27.9644457808975
"271" 0.3 -76.2812970005766 0.256861917052205 0.407515454548704 33.1276558157195
"272" 0.3 -102.377434508079 0.216720267191547 0.454762532268029 34.3786184584232
"273" 0.2 -38.1898947851124 0.267043249998827 0.453741263888502 23.9272444604221
"274" 0.2 -119.133998076863 0.390904198642446 0.571782226665026 27.2726940982881
"275" 0.3 -43.578727004867 0.400728399089775 0.493713540499269 22.3544156937627
"276" 0.3 -24.9937357763691 0.367255041797552 0.478219680337797 26.258545333778
"277" 0.2 -62.4633037451644 0.147037798766066 0.398256232785601 29.0286141069185
"278" 0.3 -112.48422074649 0.474164932218916 0.495443040450137 27.4786106735537
"279" 0.3 -95.2936970789376 0.320998724644716 0.529834248264074 29.9336457769712
"280" 0.3 -140.11722150835 0.356409046245331 0.387747383292926 26.5071555943811
"281" 0.3 -64.4251585835179 0.208030388719951 0.459300451101346 25.3777947189728
"282" 0.3 -45.9490836329898 0.432124073415461 0.505149768110213 25.0453176510752
"283" 0.3 -48.9120807928942 0.506632701660286 0.52161790573543 24.280812815826
"284" 0.2 -132.264877900307 0.168795711631239 0.492138301865261 33.8831006778147
"285" 0.2 -30.9060250027667 0.283941325968826 0.428424425063219 25.1952894411561
"286" 0.2 -36.8301979454699 0.428866433302525 0.585723588338965 24.2805884938919
"287" 0.3 -71.8685779786549 0.340594003687038 0.443571345463727 27.9255905886086
"288" 0.4 3.5787968940614 0.661378008507346 0.66876289024474 20.2950859888481
"289" 0.2 -71.8638459886342 0.266652121862826 0.422396852979715 25.2725433820555
"290" 0.3 -46.6954691367308 0.493891793487737 0.533944287121841 25.4102108228929
"291" 0.2 -47.3052876951215 0.183429531794131 0.524679193253265 29.1539411951555
"292" 0.3 -62.5647918562227 0.231364863454553 0.429271557264282 28.9095882972097
"293" 0.3 2.03060888695487 0.330637329193634 0.460102864851574 23.0013526749493
"294" 0.3 -171.493118274889 0.423990018538123 0.462470858596454 24.9461399629478
"295" 0.4 -121.012099969253 0.428229321182611 0.421610138114397 26.1037319271685
"296" 0.3 -6.76851579997415 0.361111734803034 0.540516145861659 26.3617215023701
"297" 0.4 -94.7486808869602 0.397721313434668 0.617084325839543 27.2034459790354
"298" 0.4 -112.549159270618 0.470873351045127 0.500268051565223 26.1650256369799
"299" 0.2 -42.1165445952951 0.220285911083847 0.502653935746003 28.473056655305
"300" 0.1 -62.1303311707632 0.305835040438628 0.438680662858029 25.5583463639462
"301" 0.2 -8.05280904943695 0.246846797041355 0.412754679399946 25.1602751992991
"302" 0.1 -116.19228825893 0.307038668947566 0.488067463169969 31.6339743218057
"303" 0.2 -117.57859179852 0.248860406286417 0.346870218524566 31.8594844349753
"304" 0.4 -7.38473683386232 0.462074515832128 0.532296432542804 22.65165434262
"305" 0.2 -30.9042240603502 0.317672767196062 0.403686204756119 25.9024418455967
"306" 0.1 -47.9685694764854 0.162601075196767 0.431623264882557 26.3697698832023
"307" 0.1 -112.166604241984 0.233261398020544 0.391352987643332 28.3884276597992
"308" 0 -134.130231543004 0.296926707682514 0.551147025851013 29.1893944109719
"309" 0.1 -64.9950007973815 0.104747966339675 0.396812303262704 29.4448785913991
"310" 0.1 -56.0069927605601 0.16545766851141 0.377163013087984 30.8871983140193
"311" 0.3 -82.2287867035298 0.394374912944728 0.499598949620796 26.6620851520053
"312" 0.2 -63.2615804566138 0.205151031226374 0.457067141083021 31.737788968326
"313" 0.3 -214.734159710074 0.394943008822781 0.445973803350082 31.1970143126882
"314" 0.3 -55.7370737837541 0.355582583433229 0.510336844520796 26.5627807978283
"315" 0.2 -55.4866182602321 0.204793656083616 0.418656181548279 29.029648933676
"316" 0.2 -114.512838890766 0.181230559882725 0.388254965110289 32.134818774003
"317" 0.2 -35.8863359558605 0.237538235929692 0.349983183809417 29.7226571320905
"318" 0.4 16.9738584234497 0.619686460641847 0.617177963570316 19.7192453696043
"319" 0.4 2.52627794641935 0.781830156596058 0.779168974052536 19.1946508573392
"320" 0.2 -105.841817257529 0.270594904155323 0.407733776078292 28.9927888717246
"321" 0.5 -73.3832561458487 0.539616255768274 0.556263460921173 21.6405200932687
"322" 0.3 15.9323504493499 0.473710171031826 0.465843807674238 22.4078228820464
"323" 0.3 -84.837996657473 0.289848764393709 0.405021871327902 27.3796793922222
"324" 0.2 -201.177478836052 0.419424170597773 0.489940011014288 30.0853126321476
"325" 0.3 -127.983026293568 0.412436954570112 0.443383041628921 30.4015216151345
"326" 0.2 -45.6888715926653 0.194806847410086 0.400960270169235 31.0670504967308
"327" 0.3 -74.4677672382732 0.518856938166654 0.554265952758975 22.0620144710434
"328" 0.3 -17.3879449192873 0.427921377946447 0.551175351769417 23.6143730045739
"329" 0.3 -6.91647092506669 0.360683992951125 0.479239004263654 24.993790744706
"330" 0.3 -52.745513122887 0.271271265476403 0.483184512277778 29.5952700165961
"331" 0.2 -2.37476580711118 0.305303310398575 0.517409052675924 22.0946736353402
"332" 0.3 -53.5737965609886 0.505462674510492 0.508945081092372 25.1998953386861
"333" 0.2 -20.0282931983244 0.149779436106072 0.453090721225864 26.4989436687157
"334" 0.2 -85.269639135064 0.366108032029296 0.445678925600366 24.3029327788181
"335" 0.2 -22.4224816115922 0.289744275201056 0.519571976510802 23.4846699920179
"336" 0.2 0.56284228796315 0.629288468409402 0.604741484386187 20.6894134631962
"337" 0.2 -82.9262743520883 0.100742490389461 0.447886289385462 29.200695141251
"338" 0.2 -20.243788290238 0.317077504886329 0.394698975928378 26.6231704941834
"339" 0.4 -56.3514167795807 0.506693400610916 0.478799626967156 23.7777779886266
"340" 0.4 -45.8009126135111 0.529808775168875 0.502955397565084 22.983819673392
"341" 0.3 -56.8976351903679 0.607789751283351 0.688679239757854 21.3235218638786
"342" 0.1 -96.2551445173564 0.0479350640481991 0.383415598380422 31.9761294122295
"343" 0.5 -8.92925548051544 0.543432719793095 0.571055374871056 23.0303096386744
"344" 0.4 -11.6469366442568 0.347939844236532 0.483286810049424 26.6212498035211
"345" 0.4 -42.0747557709784 0.43990430473754 0.501047820124696 23.7600394494598
"346" 0.4 -37.7223558120297 0.469523568947336 0.501707459164061 21.4474993482534
"347" 0.3 11.8974540816707 0.633748073112367 0.655899022763203 18.369009905788
"348" 0.3 -19.0978510936276 0.337235027930731 0.471670267472764 22.9356644583399
"349" 0.1 -143.891252357424 0.101221009971834 0.445041453992234 29.0431933567276
"350" 0.2 -137.630472474656 0.300764836875814 0.476801166951474 35.3088257723394
"351" 0.3 -74.6566778558709 0.221452693488937 0.407298201638128 33.1983592596999
"352" 0.3 -18.5806957438067 0.470175123587985 0.529095126014478 23.9721559685468
"353" 0.2 -15.6285302366089 0.317606392664855 0.494008554831209 26.2135218895645
"354" 0.1 -187.175903268763 0.129945119462792 0.35713635568841 33.7548119555133
"355" 0.2 -93.393762897721 0.290485629243977 0.493884928057932 26.6736047481047
"356" 0.2 -59.9639515255076 0.497464566188527 0.536913973956393 21.8774417668326
"357" 0.5 -202.08717932421 0.650158330916741 0.648878075307759 24.8257634323649
"358" 0.3 -86.3153962248668 0.178607596497901 0.518066360167507 27.8504697314859
"359" 0.3 -33.1321796915716 0.228787022489986 0.476908794726308 27.842516001123
"360" 0.3 -48.2980909675851 0.43666290507032 0.547506331270057 24.1005607294873
"361" 0.3 -49.572874468197 0.336451344419075 0.46777620396914 27.4386185615742
"362" 0.3 -54.9323971453407 0.385894305713009 0.530634720264392 28.4158221122343
"363" 0.3 -45.130934837883 0.529570779870169 0.563569695927125 24.8990293652261
"364" 0.3 7.66721100536895 0.490455580734795 0.524479490988283 21.4866769988112
"365" 0.3 -42.6226471527875 0.526372985189901 0.529121474244263 23.9521609373973
"366" 0.4 -28.7562597861076 0.47357890332732 0.536877239578807 25.6026494234148
"367" 0.3 -21.8336349282494 0.353539519135779 0.483382019328259 25.4774733465676
"368" 0.2 -82.4706485566834 0.143624494171345 0.355207111960978 30.3486363924038
"369" 0.3 -119.551949116647 0.585045888666344 0.532133010170561 23.5131030030572
"370" 0.3 -13.050107968835 0.48424252595666 0.62868374375676 22.5399915847391
"371" 0.1 -113.646553436602 0.194350832971501 0.371494181472699 28.8891341650485
"372" 0.1 -57.2207135170488 0.316164215968951 0.470953636558524 27.9407682375634
"373" 0.2 -109.909952568948 0.336457974953228 0.494116964378037 27.9698799825971
"374" 0.3 -43.6023152242041 0.29082837338885 0.476996510606895 27.6079332500811
"375" 0.2 -47.8642225323958 0.315504681654002 0.429228732014278 25.1398162992134
"376" 0.4 -21.203523149532 0.535822420996853 0.539233924498162 22.222826933777
"377" 0.3 -30.0755544912983 0.454063682817309 0.450050468550834 23.2319274704228
"378" 0.1 -113.583933278193 0.0930793761393157 0.367563780240239 37.4474758952204
"379" 0.3 -82.2311260188328 0.370537611130951 0.41212226836211 26.2273260205681
"380" 0.3 -15.1977265221081 0.545216103598026 0.5478245193263 20.6712661057641
"381" 0.3 -83.7662894341985 0.268695011887253 0.323820360843674 32.756392867437
"382" 0.3 -53.8969764174081 0.360674991021189 0.483728204244029 26.8960680908498
"383" 0.2 -132.674223068261 0.199878470421036 0.452045022979214 29.0996828527585
"384" 0.2 -71.7196507299828 0.167798036215979 0.510995403098874 30.7448583038034
"385" 0.3 -37.1773952793923 0.35791876168028 0.475025296077241 22.9377553103701
"386" 0.2 -89.0818877505083 0.324173135461102 0.410085946014574 26.537235618478
"387" 0.4 -55.4301271417288 0.406703596890577 0.427421308343569 25.0176289200084
"388" 0.1 -72.1721186814187 0.178930354414629 0.400494576495635 30.3959478636294
"389" 0.3 -109.852873591175 0.502562040326447 0.551607971680378 25.8879006410296
"390" 0.3 -67.8045944926986 0.350286511425361 0.47263044389926 29.4816874394705
"391" 0.3 -41.7851896768677 0.489162092374384 0.577482902828148 23.3125806847609
"392" 0.2 -51.6475142675146 0.387918090028203 0.485113268607762 26.9227838107524
"393" 0.1 -2.42958911319802 0.245710382659769 0.583440096527083 24.7626475457869
"394" 0.3 -198.412130243906 0.155190377578459 0.359768329355264 38.3986709658266
"395" 0.3 -61.3730726182898 0.51604452443893 0.508953315802971 24.6359129145671
"396" 0.2 -248.641094293083 0.242381117521645 0.403533262026148 31.7025012037483
"397" 0.3 -21.4379922227083 0.246885207957204 0.50347088258307 25.108430036574
"398" 0.2 -38.9609029127979 0.266953867559456 0.479091216431224 26.7724754719621
"399" 0.1 -72.5551898109701 0.185696683979176 0.336363827103702 32.5621844449684
"400" 0.3 -34.3645557941914 0.580316889247853 0.651345026820483 21.9265598520147
"401" 0.3 20.3408124190039 0.411790934926606 0.555731300410526 20.4121477782632
"402" 0.3 -41.4887667200059 0.263910571591341 0.360458815656792 29.3358558686659
"403" 0.2 -196.406587446829 0.236644956433177 0.425847278968922 29.2082827746844
"404" 0.2 -5.75075168634238 0.273283702350684 0.457047786636135 25.6245092254457
"405" 0.3 -130.082857645735 0.344970756267025 0.511219819637581 29.2086630565789
"406" 0.3 -29.2521070376504 0.377632186326409 0.522711208083757 23.2568261378142
"407" 0.2 -32.4251586821069 0.448069788574274 0.51372793924536 24.0299371905671
"408" 0.3 -80.0104973123712 0.288072396196697 0.361135827612474 29.5421799574163
"409" 0.2 -57.492895832345 0.495722576894388 0.498321698467238 24.626344714344
"410" 0.3 -225.222580109661 0.364460010337478 0.474749788110549 23.3212635962245
"411" 0.3 -64.4115601431625 0.351516215911906 0.445298372332373 25.0059808523697
"412" 0.3 -236.599287735939 0.286616887972317 0.358693352778695 34.3309769541374
"413" 0.4 -45.0626931717739 0.480880425848896 0.502700708111244 24.6916216595261
"414" 0.3 -52.8734189194211 0.377919769139216 0.389914354966497 27.2036798932613
"415" 0.3 -250.502947892194 0.182039575085542 0.38242012627362 40.9130258594569
"416" 0.5 -4.4435899808285 0.599451151431971 0.608020838236255 22.206315819677
"417" 0.4 -12.9671896844062 0.420915578973689 0.543207547277265 21.2749955073837
"418" 0.4 -27.6586463806793 0.410427553921423 0.562418332404349 22.1725063074449
"419" 0.2 -36.9631467105381 0.241333212518515 0.388468042837974 27.7573768702497
"420" 0.3 -43.9263764918058 0.4020684555388 0.428245395810953 27.0822843075729
"421" 0.3 -107.486814390365 0.351014983252491 0.390353539621523 27.6025702864817
"422" 0.3 -194.147969407631 0.265426444361504 0.451734771651359 32.0889415962621
"423" 0.2 -33.3458872175963 0.515763341398286 0.482307126280978 22.4358517862834
"424" 0.4 -14.1903990370966 0.589337826283119 0.551390043987887 20.0291726688319
"425" 0.1 -55.6790124889795 0.21119255801108 0.434462352912941 28.1613488330273
"426" 0.3 -59.5371584230208 0.396900640980372 0.54817411523953 25.7844108081794
"427" 0.4 -58.0044913976755 0.402327186097521 0.504055952649925 27.4992827321612
"428" 0.2 -245.025052603084 0.421630203411623 0.418548721583542 30.8188683723309
"429" 0.3 -31.9051829689737 0.431762305480475 0.607308902095749 23.254457444332
"430" 0.3 -98.218604350579 0.359948951865415 0.53136108518055 29.625265901552
"431" 0.4 0.902197849381903 0.4612881372981 0.538639099986391 20.4729773641563
"432" 0.3 -87.6720925586663 0.377096385568809 0.53204262215141 28.0389665494324
"433" 0.4 6.42428395964275 0.572179607442226 0.643672633893306 21.9423890718724
"434" 0.1 -178.65714566884 0.100204601899564 0.381902402988069 37.9463073854357
"435" 0.3 -146.110368507988 0.354835625652742 0.403846246816506 26.07357097734
"436" 0.1 -111.129412700066 0.266876142387429 0.447581472280697 29.9720679942193
"437" 0.2 -120.920294414358 0.256814750732303 0.504051598198846 32.4384637990314
"438" 0.3 -5.02354062759114 0.404977897716105 0.537122373736491 24.5674961812655
"439" 0.3 -93.9790216551063 0.34133341017353 0.468528210219595 28.6353592064906
"440" 0.2 -97.3235875528716 0.161660860111814 0.340367987903737 32.8364284856151
"441" 0.4 36.0594958805802 0.598841680244418 0.576903673369576 18.0529950520489
"442" 0.3 -31.3401566091433 0.22781036119664 0.396072857411303 25.9862754893628
"443" 0.2 -16.3874545079348 0.461127808747546 0.551674610760341 20.6262173333159
"444" 0.2 -104.082497392158 0.284610383599904 0.358462450947994 30.5346498501323
"445" 0.4 -97.1787941454614 0.465797439598448 0.542955594566267 27.1611745776795
"446" 0.3 -41.9174309019351 0.353515878295079 0.482075922736247 23.4245897259935
"447" 0.2 -96.364076891599 0.297934365194295 0.48615806241843 25.6866371916188
"448" 0.4 -24.7808275854828 0.553300575668557 0.540531416257879 23.2818526632014
"449" 0.3 -6.1501520048495 0.458443643453872 0.535762655942892 21.987863117957
"450" 0.1 -48.6637139484533 0.347666455994821 0.464369782621737 27.9167022304655
"451" 0.3 -77.517462798455 0.477394846859356 0.600776153920316 22.5358841630956
"452" 0.3 -68.8069211866857 0.222160908943661 0.461521305914983 31.2437443193654
"453" 0.3 -47.2897980222758 0.631307284095582 0.585362333996762 19.1707723376552
"454" 0.1 -86.0016665382706 0.23551714704581 0.387539679158429 29.1003813785174
"455" 0.4 -103.55921134261 0.583298812493213 0.480150994490453 23.5237942994596
"456" 0.4 -22.7339026093027 0.30520667601552 0.493365229032448 29.3138865014911
"457" 0.4 -34.173765497525 0.666726317391034 0.661114643640291 20.8352052582568
"458" 0.3 -77.1868968700827 0.472580355703405 0.555703558922658 28.4754075845774
"459" 0.3 -58.5315465239478 0.346469637204543 0.446041804912965 26.9116238641226
"460" 0.3 -43.0642266133205 0.575264736359358 0.595142262662046 22.5742573944945
"461" 0.3 -59.206170881557 0.344332542596484 0.440872650779554 26.8001821831962
"462" 0.3 -15.5605894839934 0.670947543286772 0.595455021549027 20.6971419421606
"463" 0.3 -51.7094551081076 0.236953915302008 0.474445040109657 22.100155818751
"464" 0.3 -21.6097419956656 0.496557798495093 0.558855159897492 24.8990081349015
"465" 0.2 -190.478926956913 0.267034438046758 0.364584592880061 28.5853708130098
"466" 0.2 -50.775133257958 0.374851514905563 0.544193466844179 28.0270376911222
"467" 0.3 -126.423268986422 0.289259125834323 0.374356449334205 28.7589311389602
"468" 0.2 -116.377317019767 0.231276853747157 0.470709769265339 29.8299149809731
"469" 0.2 -24.149911175361 0.472404175872431 0.551745164848909 25.8560379991098
"470" 0.3 -83.7680389211084 0.417021567816404 0.588186510520289 26.229082553056
"471" 0.3 -70.6824628546758 0.106200701103831 0.418107534736438 31.6629029521951
"472" 0.3 15.4482242062009 0.375256000508736 0.583458461631776 21.3644989039003
"473" 0.3 -37.5986437677575 0.393830443621838 0.453356012628207 26.3882301928824
"474" 0.4 -86.1456481487826 0.483398376145642 0.545718686678654 24.9060834902547
"475" 0.2 -159.86685688418 0.432359257701531 0.564228636213267 27.2496602614945
"476" 0.3 -79.4174432459024 0.351388360943522 0.549068635371165 28.3016024608933
"477" 0.2 -55.6610933507071 0.419264456827749 0.61462632648554 26.5572971478057
"478" 0.3 -39.5022266734624 0.460362575625903 0.580184131465713 26.506123373052
"479" 0.3 -63.9981891563264 0.58781691027574 0.558718149889287 22.2851645007287
"480" 0.3 -96.5629243122503 0.31893471668004 0.569023114020399 30.2438132425
"481" 0.2 -140.52098072227 0.0994713539981453 0.432785651616304 37.9040384908415
"482" 0.2 -93.3382972727184 0.149206616639379 0.384701565262433 32.5656817697687
"483" 0.3 -8.36444646979695 0.370788098926854 0.597963256307224 21.7460687079932
"484" 0.3 -75.8393611116341 0.568420320165207 0.66456179787487 26.6525657279906
"485" 0.3 -99.2581626337026 0.17758108590693 0.433324067446567 27.8632841802248
"486" 0.2 -105.442322964687 0.0919333823351738 0.373280045879483 30.0222536255442
"487" 0.4 -56.8886318459534 0.39306361630183 0.488071703516757 25.1328735189745
"488" 0.3 -168.770336048924 0.360820864295584 0.527846468139188 32.8137470469647
"489" 0.4 -8.11899931152746 0.598142615968018 0.606932017648063 20.562249645905
"490" 0.2 -93.3486595218381 0.504401289482949 0.634024622516802 25.0989027541339
"491" 0.3 -43.8955655264514 0.539376600509097 0.54814853573377 21.9329020821793
"492" 0.3 -86.0636377114457 0.418773947272195 0.536739560920643 27.7882369527313
"493" 0.1 -41.5273827757895 0.271699646091634 0.543356495635678 28.0787233985007
"494" 0.1 -312.348214927726 0.246665460827459 0.461693413115072 36.2976602552715
"495" 0.2 -207.175001063677 0.39569944908038 0.477506099326298 32.7457104780431
"496" 0.3 3.46792340072761 0.515192811414198 0.559895512242183 21.6923144681869
"497" 0.2 -42.1177231408253 0.18891902301795 0.437362497069504 27.2420434840512
"498" 0.2 -93.6839685148144 0.300156169276262 0.515132517366577 28.3856369857187
"499" 0.5 -31.7005141909052 0.517713549890788 0.633169342859795 20.8900215756241
"500" 0.2 -9.33090194271879 0.325797065755651 0.498044020906042 23.1958558157062
"501" 0.3 -27.8591334649281 0.154773227443037 0.463284172564573 25.9880748403653
"502" 0.3 -95.555477764376 0.431680000455588 0.55062169913497 29.0801801692834
"503" 0.5 11.1318534866167 0.277350243107405 0.467438498004594 22.2630710200732
"504" 0.3 -73.5422397234592 0.439915015508503 0.526001587322773 26.0382667384226
"505" 0.1 -140.184876697968 0.137471517724495 0.332189846644801 36.4589836476161
"506" 0.4 -146.853660734684 0.347094446095582 0.447061214407108 32.5568777717882
"507" 0.2 -64.0699128012567 0.333617150052922 0.537919539757326 25.8146747886924
"508" 0.3 -42.2875438852899 0.352084777125112 0.443702518528054 27.002895568828
"509" 0.3 -90.7994025613134 0.345117683133391 0.48874986272597 28.5421347637706
"510" 0.2 -16.5205238299583 0.311177975284049 0.51985352205868 24.4231640571123
"511" 0.3 -72.8042327565331 0.340948398884524 0.442030877126026 23.4945984603045
"512" 0.1 -79.0693278975815 0.39884592253088 0.55493808744371 28.8541175061648
"513" 0.2 -28.6737940584201 0.379129539995069 0.495624344276894 23.6434568179121
"514" 0.4 -54.766413255809 0.433871484264804 0.472756022538023 22.7738834738708
"515" 0.2 -11.3599601298364 0.402904126900225 0.51824401605159 22.5505550269364
"516" 0.5 22.6283003143717 0.732055608773836 0.672556989122941 16.4205481042061
"517" 0.1 -144.796417804223 0.184007745466946 0.440562277377897 32.5433281093811
"518" 0.4 -74.9961389544278 0.352903338210094 0.445753996238917 27.4498976465454
"519" 0.2 -94.1443650026791 0.43202765307505 0.505230071542312 25.7734169826191
"520" 0.3 -31.9162298504257 0.749887807675228 0.677994412046965 18.2028382491251
"521" 0.4 -22.7745005524169 0.545473893806944 0.581314808005552 21.117137837552
"522" 0.4 0.259697444853568 0.597915774901291 0.57204527738677 20.093446046831
"523" 0.1 -28.617482455277 0.254201702822588 0.473789796859594 28.6042854652158
"524" 0.3 -58.9628033875232 0.337980617910358 0.483868174251346 24.7454629497789
"525" 0.4 -71.0718684711174 0.363438403278747 0.407465883049125 26.4055318902013
"526" 0.1 -61.6202733207511 0.0919051137607269 0.378071586434884 30.6823925458777
"527" 0.1 -180.034483828107 0.148217456948989 0.396896724517524 33.9668832711316
"528" 0.2 -169.821003360676 0.25194031653809 0.364156849906054 31.9119535724841
"529" 0.3 -199.066560623786 0.415754721920171 0.434423847430715 24.7032172476523
"530" 0.1 -78.3521550831568 0.233508968412606 0.517916361495133 29.7417308007506
"531" 0.2 -57.5157045159412 0.435056930606433 0.474134538151834 26.5538255517208
"532" 0.3 -19.4435953278433 0.483005138403232 0.49242011336878 23.1795468972925
"533" 0.2 -4.47856820228449 0.498119367482243 0.626959787281225 21.8659920037397
"534" 0.2 -157.995362309887 0.390893877073765 0.450790144350329 30.4291523813222
"535" 0.3 -174.715352994265 0.282670937171553 0.454060835424767 31.0480752767948
"536" 0.3 -94.2887737776706 0.271779980692262 0.41029063437941 28.3787049027532
"537" 0.3 -6.10216357986164 0.406486291148821 0.466317792918787 23.5485255040111
"538" 0.1 -55.129480498305 0.229606871462171 0.39400206550827 29.2575669341556
"539" 0.4 -6.07572663962652 0.47903889796947 0.583600593568756 23.2885799529264
"540" 0.3 -119.669441325258 0.310551094637668 0.447838311355787 28.5573031710856
"541" 0.3 -109.661037022268 0.339694624676979 0.508482607575529 31.0447363009093
"542" 0.2 -38.7022908259854 0.342453032223882 0.493809144427745 25.8742007068754
"543" 0.1 -53.3324509529477 0.222629759055831 0.558342141292355 27.9365356660028
"544" 0.2 -76.8708248810173 0.357947747720847 0.417932031715962 30.0517893191125
"545" 0.2 -107.307358831595 0.339226491301036 0.433337583649116 27.5018264047848
"546" 0.3 -17.2782740881913 0.457899571665218 0.460986233263872 23.1980353035242
"547" 0.3 -49.5078826642003 0.377297852504919 0.470490455835685 25.1505850474628
"548" 0.2 -15.3152457627978 0.228428517210284 0.471755197154869 26.5247520385356
"549" 0.4 -29.837937031766 0.450597957898449 0.513271311260191 22.1031594629958
"550" 0.3 -90.0949095327328 0.357549317879068 0.520275818640034 27.4734282337571
"551" 0.2 -83.9213965051637 0.376766993231294 0.472150512364496 28.9625611347774
"552" 0.2 -29.9242560268387 0.197149117981277 0.395245665787275 30.4182340779714
"553" 0.3 -67.2393897043781 0.326212915769379 0.555546083396582 27.7290991177478
"554" 0.3 -79.920370821542 0.304048202921541 0.374170690097607 29.6509625082346
"555" 0.3 -27.1003327102294 0.2295485071168 0.404408552414333 27.2388652950548
"556" 0.2 -38.8517300476998 0.135344440646892 0.419463340984727 26.0236657439101
"557" 0.1 -72.8916180444493 0.277152367394508 0.530862232339939 30.5535872025949
"558" 0.4 -118.048690639308 0.571950962064727 0.525570273925852 25.1565130041097
"559" 0.3 -123.937266439778 0.213951288470011 0.414719426101539 32.4953669354017
"560" 0.2 -60.6137713288494 0.517936485265656 0.654304226755873 24.0926115704769
"561" 0.3 -114.440649829403 0.616429909059892 0.632831867933984 23.2447402482782
"562" 0.3 -22.2438238926068 0.40195444699302 0.452402198729903 26.1961912749288
"563" 0.5 -59.1529023106329 0.413698981182706 0.503806057636356 28.78017102584
"564" 0.1 -79.6660844443215 0.217217587303553 0.531191943170477 29.2301179051888
"565" 0.3 -147.865504214012 0.557006073466382 0.537667596673391 27.8632613871643
"566" 0.2 -51.7343447513561 0.326653510701161 0.536497469918948 23.6472673659258
"567" 0 -191.745058886268 0.125324524495406 0.359336891504631 34.5791222193279
"568" 0.2 -15.4056275485929 0.604518427630366 0.548894598060951 20.341595858736
"569" 0.3 -77.3372873748785 0.438469289316826 0.587626772988892 27.2390515788853
"570" 0.4 -149.037922734692 0.475848600774848 0.502452023124945 30.9887993639242
"571" 0.2 -49.6940939468617 0.285479460977553 0.518842190539244 28.6074487102962
"572" 0.4 -90.5174749857129 0.595367960351636 0.606330865580031 25.1056452980172
"573" 0.2 -72.6939807980446 0.300037131535871 0.412140836359763 25.4461426934296
"574" 0.5 22.5728136342016 0.547798699641178 0.588775727361526 18.5240296455054
"575" 0.1 -256.234187432194 0.164958630669643 0.410755090937567 38.6733996467244
"576" 0.3 -75.5401409449585 0.229276918564661 0.37606756793452 29.9456401834357
"577" 0.3 -13.9959028013995 0.539028761912848 0.593306137235882 21.6202658940736
"578" 0.5 -10.6013157262026 0.586305834528522 0.510334317025901 21.1256201677978
"579" 0.3 -37.1905129076246 0.41118107544712 0.452663484215292 26.3714245927309
"580" 0.1 -106.789548129056 0.167193566697876 0.428442916256566 28.6268806366295
"581" 0.1 -83.3124585073001 0.0830138940791627 0.360314834197509 31.172413749434
"582" 0.3 -19.9373303323064 0.287410034128288 0.437100590530771 25.5370033167023
"583" 0.1 -26.7418189624836 0.0233709147109015 0.382678293656549 28.8780365948727
"584" 0.3 17.9020322308307 0.671241363978549 0.665414197635178 18.9817585726339
"585" 0.2 -81.1012399573315 0.15090152485201 0.381968439751888 32.1166296868118
"586" 0.2 -67.9723104316755 0.287463309948375 0.388479846530888 27.916263578811
"587" 0.3 -31.512328032451 0.293357114350553 0.443815215467833 26.1712569984886
"588" 0.2 -41.4328738867057 0.317072904917398 0.509445758161457 27.4303873380715
"589" 0.2 -135.287238145399 0.168073119137691 0.357692474566116 34.7785053496366
"590" 0.1 -18.6728950391978 0.176922192105016 0.418035922538303 25.2577117693819
"591" 0.3 -44.4107271953286 0.453946830446389 0.561715316181812 26.8100810965942
"592" 0.4 -38.2722587815648 0.614961356903833 0.554340133562193 21.5117027252471
"593" 0.3 -79.1798567314866 0.379592874254317 0.466685009516844 28.019154423368
"594" 0.4 -118.777432853632 0.429813999875219 0.446465889718262 29.9078159009851
"595" 0.3 -94.7823529165703 0.443536974951443 0.56786271351464 28.24665735004
"596" 0.5 -55.0040424556653 0.570505450324901 0.589939648962644 24.4786779092369
"597" 0.2 -80.439951910876 0.396398318298928 0.509217100288457 26.2243540615704
"598" 0.3 -229.801670866699 0.23156512189788 0.46009914952674 31.0298457405972
"599" 0.3 -59.7993571940382 0.352851350030553 0.540067912408664 25.6960095654031
"600" 0.3 -86.7280425940399 0.474657850097578 0.548463320752301 25.2611264192731
"601" 0.3 -47.1788553342955 0.746950806974944 0.677605272495561 18.855208359193
"602" 0.3 -43.1561733760961 0.465494691285762 0.551303914100105 24.1690186799643
"603" 0.2 -98.9126414220266 0.247434847296459 0.378367089455658 29.191115105052
"604" 0.3 9.62708055883592 0.406167649918417 0.540395822191125 21.0142072162824
"605" 0.1 -114.540347456169 0.174887870337169 0.368058926065754 31.1726895843911
"606" 0.1 -28.906577888757 0.308226965789903 0.508138182830891 23.559704241671
"607" 0.4 -9.42853716666279 0.471199849243625 0.477930151641827 23.8479413767857
"608" 0.3 -44.0620090353184 0.447754393678304 0.481607460753384 22.9387638936051
"609" 0.3 -11.040535608819 0.545692545378544 0.600089939669035 20.9490788770397
"610" 0.3 -121.687468832742 0.661922152105054 0.589455557997641 20.9621640936401
"611" 0.2 -34.2877924578267 0.290007708950043 0.492985318253955 26.0407870228052
"612" 0.3 -33.5565612844544 0.416261571442458 0.488495783398897 24.7483761610206
"613" 0.2 -103.82448012173 0.35154095431052 0.529175220401523 25.8133265901892
"614" 0.3 -64.4538823905997 0.288643433726937 0.448868601244722 28.3531998649356
"615" 0.4 -63.5574412452347 0.465125706948093 0.59632799381869 27.6179477431252
"616" 0.3 -97.5094848710465 0.236254574774062 0.463689588942105 26.2610195760521
"617" 0.3 -20.9121170557761 0.399038305943907 0.476247291672203 24.3300355098769
"618" 0.2 -65.2037973952436 0.314683517354733 0.413146470844282 26.1218121378147
"619" 0.4 -50.0882503946525 0.411945192913897 0.534117751997412 25.6399792578397
"620" 0.3 12.1785237243985 0.759959797617496 0.735444398635911 17.9797328436514
"621" 0.4 6.93924147984926 0.500535560366611 0.551665023804594 19.5076345724728
"622" 0.3 -71.7164553053973 0.2044333888103 0.448954391179026 30.8230206791753
"623" 0.3 5.07194751709182 0.301059600234521 0.55601208593364 24.0255615919595
"624" 0.2 -127.858553894366 0.402853560602506 0.447224992992432 29.0683880492277
"625" 0.2 -26.2881039965257 0.406455532023025 0.450826363899016 25.1644174364908
"626" 0.3 -43.7251863798624 0.40577129545749 0.532108140630242 23.557225119099
"627" 0.1 -70.0995942763427 0.121193342912748 0.411946362462226 29.0669943276418
"628" 0.4 -76.2541520885452 0.411718548605386 0.511343669984077 22.8350479868938
"629" 0.2 6.95973960748972 0.275518443491422 0.478385685983603 25.3348894967347
"630" 0.3 -88.0139524586315 0.319919443255523 0.413116117816834 30.6443773895013
"631" 0.4 -61.4901794355041 0.503650929442206 0.544924938240824 23.5306434494699
"632" 0.3 -75.3633062312869 0.514683381581091 0.561471985602566 28.0927322231326
"633" 0.4 -38.5547044049121 0.552818549033558 0.52227756453387 24.3377282640455
"634" 0.1 -148.550774725044 0.303464303009526 0.422627105822987 31.6654644292523
"635" 0.3 -15.54847020117 0.187449704865459 0.410608413723855 25.891267215479
"636" 0.1 -40.5384298631838 0.116396154341784 0.467350060428932 29.1469713016111
"637" 0.3 -26.9990236497742 0.443345212267064 0.506718376989657 24.2987622870201
"638" 0.1 0.953720684589709 0.532572148845114 0.557491160945342 22.7438614905323
"639" 0.4 -15.8107504330216 0.682381435043741 0.646402170874021 20.2583289208636
"640" 0.3 -98.0913668013117 0.457736063496261 0.538866080295904 26.8587752479383
"641" 0.3 -50.5130745756917 0.412029661227707 0.495700305818307 26.3495570677589
"642" 0.1 -78.1263990205939 0.293741613837713 0.502755639226568 30.4332964256056
"643" 0.3 -81.5839153122729 0.370872852041298 0.420116440471359 27.486259371473
"644" 0.1 -94.2199697368459 0.511000672694888 0.628933086373615 23.3176773293128
"645" 0.4 -36.7403764548088 0.40397103899417 0.438396612152135 27.3377621002123
"646" 0.3 15.5999107955751 0.441880544429406 0.604648270907153 22.1475929040367
"647" 0.2 -87.654574302143 0.426168086906172 0.621993949688479 27.5295297154038
"648" 0.2 -126.301894306403 0.367007794882454 0.514875650125715 29.5229893809488
"649" 0.3 -12.8978637722649 0.272052795916591 0.417687502419926 25.7281801811721
"650" 0.3 -118.048023566636 0.236516948794939 0.509034320805123 32.6636292473809
"651" 0.2 -47.8102662866918 0.292952088076363 0.466674420067017 27.1477700250526
"652" 0.4 -65.9951758201902 0.503647682644549 0.483785562655151 25.6710853458777
"653" 0.2 -84.8204050602743 0.286141059817597 0.426810340360167 27.2515189757383
"654" 0.2 -16.7802555946472 0.302099184173306 0.472474700521247 26.2068857878306
"655" 0.3 -38.459782761131 0.531729585618719 0.50427368422143 24.9148828258855
"656" 0.3 -36.3193921311423 0.397400936152333 0.492644946315107 23.1526410333137
"657" 0.1 -28.0203410301786 0.102742705480799 0.379944519120483 29.9901692914868
"658" 0.3 4.31130420165654 0.459739772691856 0.479505184881961 22.5102032771148
"659" 0.1 -46.2811709099788 0.286598652521282 0.386592390317542 28.7134561086002
"660" 0.2 -115.470851293152 0.21812316227229 0.379416732082651 33.9135067991004
"661" 0.2 -149.859378736221 0.449338228348084 0.532127381298688 32.4875472634751
"662" 0.3 -88.9831094648611 0.461966192592618 0.486297746843146 23.807058220252
"663" 0.4 1.64290671892185 0.355152500681906 0.603762799068796 23.7290705003984
"664" 0.4 -44.3806033212249 0.28998266870332 0.409185559133534 26.7473185836453
"665" 0.2 -22.2908247651657 0.333302681063714 0.510646087931319 25.1570195073401
"666" 0.3 -78.6068523450465 0.394918530484841 0.436915918310064 25.6141588841425
"667" 0.3 -260.327464303665 0.435535277829099 0.467684982253798 32.0615871796477
"668" 0.2 -67.4699239676922 0.267866121680793 0.438903268412467 29.7325334797426
"669" 0.1 -32.4221323930796 0.343637910173137 0.495605646214326 22.331693414531
"670" 0.3 -43.2436620601899 0.481912451780941 0.492216365789028 25.8567161656148
"671" 0.3 -22.1167999227552 0.56063132312018 0.589670019217555 18.0447430388839
"672" 0.2 -20.6059910964214 0.38487369726909 0.509577589668873 23.5802052045543
"673" 0.3 -179.761542365404 0.26446377192348 0.448758427290251 28.4794221931533
"674" 0.4 -68.9455879075191 0.622646736979908 0.497423122683504 22.2538061853568
"675" 0.5 -1.99512145118799 0.674896955227401 0.594308857372666 18.7511174753354
"676" 0.2 -133.592912222967 0.442678850689813 0.427973774705671 25.3714549658261
"677" 0.2 -29.7106151301145 0.29256203587816 0.419827304509581 25.2072022746386
"678" 0.3 -66.9449092323333 0.256816760324558 0.419392396564875 25.4435399582888
"679" 0.3 -104.805011978429 0.265264613689158 0.378717301527488 31.2626483562611
"680" 0.3 -15.05657904912 0.848683856431392 0.867723863012981 17.7259601767873
"681" 0.2 -76.680432759777 0.127687670582982 0.530225338507713 30.0488520752056
"682" 0.4 -41.0752046242894 0.656477350525911 0.616239973835961 22.2690137271699
"683" 0.3 -131.580204035187 0.54094021594274 0.5409606398621 25.6100643617241
"684" 0.2 -50.5471597191134 0.18029348568613 0.459646103687005 25.7403236062265
"685" 0.2 -117.664586395511 0.382012984578751 0.44673693022793 27.7174957762261
"686" 0.2 -239.847712315524 0.185118383602454 0.445520412678023 37.8847713964337
"687" 0.2 -50.55187853231 0.279531928539335 0.408612503266329 26.3048850236344
"688" 0.3 -19.3591377572542 0.464435510520043 0.470737257696276 25.1093083891552
"689" 0.1 -62.9129184397635 0.258886573465655 0.523430666337675 27.868407351349
"690" 0.3 10.881631452345 0.603494254894874 0.626681628136798 16.7942352608592
"691" 0.2 -29.6966018358371 0.267600815824078 0.471916299797699 24.7955327884618
"692" 0.1 -36.3590162893598 0.280190143046128 0.439876265141967 27.3197297252761
"693" 0.3 -88.0840500409926 0.516028385641359 0.563516038598305 25.9934445689013
"694" 0.1 -134.630023861036 0.0894122592708295 0.419433379855477 36.4327792194368
"695" 0.4 -36.2780528212346 0.310088100059382 0.442999850546625 29.5425754733196
"696" 0.3 -94.6156510648112 0.336544991122737 0.435392782848792 29.1536243609944
"697" 0.3 5.89344071468256 0.536384291622812 0.540208306638253 20.7706828322867
"698" 0.2 -91.8892898762607 0.361848019689729 0.485533352616072 32.3922068585013
"699" 0.3 -20.5479193572697 0.223639248288947 0.449049052386404 24.0038504212511
"700" 0.4 -67.4784845903015 0.399911252533011 0.538619452130721 23.6591031153873
"701" 0.3 -163.768000936885 0.302313036048815 0.468626114367636 26.1140181387798
"702" 0.4 -49.2660934417429 0.539265798779952 0.581024267088761 24.2601821282227
"703" 0.3 -23.5572513685882 0.444566725305386 0.522052236312615 24.4912797474092
"704" 0.1 -261.202169402073 0.0774736504212519 0.361390137274011 36.1148864192538
"705" 0.4 -21.8800562747338 0.463585957325222 0.517895846431889 23.1567370307585
"706" 0.2 2.64595499401161 0.449997327164261 0.538578728539572 21.2901235402887
"707" 0.3 -57.8498040003124 0.517374807907469 0.524557119153321 23.0846622642594
"708" 0.2 -121.66665195192 0.259054240292852 0.442476093771785 33.5498355043028
"709" 0.4 -12.8575230675071 0.544466153996374 0.599076382028248 22.4789394577872
"710" 0.1 -150.214680260881 0.0578711645549995 0.448511812980504 33.399312840118
"711" 0.3 -106.520305168593 0.487194490312736 0.453948269948485 25.9574567980575
"712" 0.1 -62.2130029664143 0.331660047158642 0.458867731654969 27.5857480888557
"713" 0.4 -26.4268769679172 0.460630253822948 0.601820365029599 24.6552847165497
"714" 0.4 -32.7239186927691 0.416703645535365 0.575406342393075 24.4502402193402
"715" 0.2 -61.9706638955082 0.342191246629854 0.514781369973554 27.6322309506684
"716" 0.2 -15.2946694111264 0.34070733751509 0.445024357903087 24.7869837152119
"717" 0.3 -196.579840497614 0.313726299496471 0.505979509639161 32.8530038832453
"718" 0.3 -78.2804287686555 0.342223392742896 0.457529138050429 28.7345244528121
"719" 0.2 -348.090250332753 0.403184369732068 0.488634217995485 30.4066916906297
"720" 0.3 -60.7667649386036 0.44793466948714 0.547783707052987 26.9306066326051
"721" 0.2 -35.7086378613555 0.318942564935026 0.436945595845225 24.0195820127265
"722" 0.2 -54.5918324746297 0.374591446282498 0.565046774445168 27.5740944324689
"723" 0.2 -6.12202287607655 0.311375977914714 0.428666110948693 24.7415303199155
"724" 0.4 -14.9971851249347 0.360574388431761 0.46202285838783 23.4707028254983
"725" 0.3 -170.373241513109 0.239120159241865 0.339294339167677 34.3624762199493
"726" 0.3 -51.4233836609012 0.496580513943807 0.644955082276043 22.3396968151512
"727" 0.4 2.40800601861731 0.36955513638451 0.465854313364769 22.293742082729
"728" 0.2 -89.0659956976051 0.321438134480113 0.422979870971763 27.3660274130478
"729" 0.2 -79.607120376188 0.508764722368859 0.629405940907157 27.2420425523887
"730" 0.3 -21.3425473591156 0.48718764184561 0.605785666551126 22.0353222057876
"731" 0.2 -295.716920977226 0.245136058966815 0.489072283067364 28.0892471906728
"732" 0.3 -30.5300188147072 0.579502093177689 0.626100975374163 24.3310536037687
"733" 0.2 -136.973393344546 0.291067041443844 0.446434365332979 30.2046213558222
"734" 0.1 -132.362785981002 0.276497384022323 0.512725710874863 28.0927605579396
"735" 0.3 -245.85890531412 0.43797733444486 0.492333044846086 33.5430735918413
"736" 0.3 -5.93804704247538 0.382781816133891 0.462807865235205 23.3414700367348
"737" 0.3 -13.7814711941576 0.403146266802977 0.587961835576064 25.0728605551528
"738" 0.2 -141.273791849831 0.212845770905999 0.416519699236979 32.3882783250696
"739" 0.1 -54.8132214828886 0.145030642001069 0.475499959004354 27.4505599195043
"740" 0.3 14.8296225964508 0.585481431642418 0.641816444992596 19.6952072550309
"741" 0.1 -144.262863558316 0.278837272250471 0.487154318656555 30.8292379424465
"742" 0.3 -5.19056299711478 0.38649239431838 0.47034564561425 22.7407734795077
"743" 0.5 8.39476396122402 0.543280985176621 0.517983370785794 20.6859196299268
"744" 0.5 -18.9122188986234 0.484758005716014 0.616595202830133 24.3487665349664
"745" 0.4 -151.982877006088 0.349621544496652 0.459827749436198 29.6743275936203
"746" 0.2 -50.5353080299905 0.317404596893897 0.441780887331313 23.4349647272471
"747" 0.3 -60.7580131994427 0.251510549551545 0.4170375258863 25.499565838254
"748" 0.4 -53.5290397236423 0.505334251998899 0.583605702641647 25.1481207057018
"749" 0.2 -59.0599297269866 0.307033977981423 0.414169746004051 26.3377987150335
"750" 0.3 1.14263903682166 0.277139098791103 0.500285832553237 26.0813226315797
"751" 0.2 -38.2037270067386 0.479758065560771 0.519117367664121 22.9149646057537
"752" 0.2 -45.0060969480689 0.202109411614372 0.360308227183551 29.9621401908061
"753" 0.5 -28.7795774676568 0.502707467862874 0.602586667572693 21.8086306070722
"754" 0.2 -72.3222555902276 0.251127024629276 0.521209190106894 22.4219070211215
"755" 0.5 -30.6606897635089 0.720873748075411 0.603486533310255 18.4122206035746
"756" 0.3 8.61124016954207 0.257168545813146 0.471566070107699 24.1950118628749
"757" 0.5 -113.345675288557 0.509448430424842 0.511411855265628 28.1694173448882
"758" 0.1 -67.8849985963135 0.298049829276794 0.504431766288467 25.965349555707
"759" 0.2 -121.585202073047 0.261580076785202 0.36958637277664 29.2040169635623
"760" 0.3 -58.2458633696574 0.348290733497934 0.469188652573526 29.139156849156
"761" 0.2 -82.2419680864653 0.31441118933586 0.458961425313679 24.8341655264445
"762" 0.3 6.8958434116431 0.433873261258115 0.529996217486268 22.758557600982
"763" 0.2 -63.9293001593509 0.149463034196105 0.43700934617651 26.7723908084163
"764" 0.1 -48.8202900444114 0.301469764355197 0.458963843827537 23.169654008632
"765" 0.3 -38.1753906297431 0.364456604582398 0.470406607717614 25.665848688751
"766" 0.3 -70.5998721497004 0.530239349198428 0.550630472247356 22.9582843958867
"767" 0.2 -38.6163809014533 0.248119831566262 0.489608175650541 26.1712010826706
"768" 0.4 -34.2479070860276 0.509026409716476 0.507785446211384 22.1867358978091
"769" 0.3 -37.7240471281846 0.273139162160832 0.420534127988927 25.2209500880352
"770" 0.5 -15.1833537133513 0.448347740456566 0.580712471377922 21.7484729021787
"771" 0.4 10.1321746577181 0.648239357211484 0.600620747228106 17.8114160493855
"772" 0.2 -58.5132400771505 0.459104952567323 0.583887085447926 26.7516767944721
"773" 0.2 -144.012594174793 0.147276271575178 0.335236854588892 32.1656649969935
"774" 0.4 -3.55927353144752 0.423899369993546 0.478206222688898 22.5217313845082
"775" 0.4 -16.9218426012206 0.581254543664497 0.617789051970333 22.0872655980104
"776" 0.2 -19.2257671868638 0.320783434238277 0.517997134408478 22.3849975965264
"777" 0.4 -111.115482406311 0.403641833756719 0.496369427244447 29.8179046918684
"778" 0.2 5.78740135143985 0.372998302275924 0.478852537539362 22.4916900559375
"779" 0.3 -188.649820391966 0.566398389330313 0.541369157765143 27.4427857035142
"780" 0.4 -41.2333612510751 0.541014850232818 0.613996062977706 22.4234684045985
"781" 0.2 -67.1996253733306 0.375683498849848 0.543876958052982 25.846084462353
"782" 0.2 -75.2694178354496 0.124390335410545 0.435556969439749 32.4224063502811
"783" 0.3 -64.6423958013674 0.274550491037026 0.567974423711672 28.636904799682
"784" 0.2 -112.157862864858 0.234598783947375 0.481151410489229 29.8221103304973
"785" 0.3 -13.3463587131082 0.437201081084545 0.530289456601257 25.4183194683911
"786" 0.1 -169.477079673506 0.373872671157328 0.401789039343115 30.1170437810617
"787" 0.2 -213.453933325519 0.403841551867286 0.418941483529913 28.3813031399063
"788" 0.1 -27.3527785530569 0.327843775917564 0.60105004318767 27.7360764092159
"789" 0.2 -45.7460761799137 0.254054265339195 0.480775582455715 26.3728779021975
"790" 0.3 -153.061008760293 0.228485152395467 0.41451380160026 30.3633778580673
"791" 0.2 -103.08066068833 0.331048329368074 0.492742654532817 29.7553907811408
"792" 0.2 -23.7171534365747 0.286421822186926 0.432563978803766 25.1342455516917
"793" 0.3 -36.3115410377496 0.313578548307118 0.488499647716628 23.687953544599
"794" 0.4 8.88766038604172 0.420520752705095 0.586057714572595 22.2096513936924
"795" 0.2 -81.7646411107424 0.05094212334911 0.32139091632025 31.862004254288
"796" 0.3 -80.7213899246717 0.30800025247175 0.537954401199374 24.5861642620409
"797" 0.6 -23.0239542749309 0.590809640403242 0.53050276073663 19.9184005771693
"798" 0.2 -0.325281683895096 0.250286386287362 0.479321089057896 24.366202833401
"799" 0.1 -50.2660280421917 0.164805226563921 0.445985978803233 32.8208656999701
"800" 0 -35.1970321935226 0.251386697357233 0.497815902264622 25.2493844442696
"801" 0 -34.4183803478859 0.262097321104993 0.445668584419043 25.5864762177481
"802" 0.5 -64.8283519431498 0.710333332996312 0.717512411059119 23.2296161337593
"803" 0.3 -27.905053288089 0.182482288921389 0.529981857513847 28.6315950281824
"804" 0.4 -79.4280744219553 0.595158487178207 0.611129081482088 23.2063390021538
"805" 0.1 -76.079018019596 0.1134865490704 0.401285287860483 33.0066563557553
"806" 0 -247.286430671628 0.135964528955219 0.349890883777001 34.8674904822952
"807" 0.2 -20.9018967490039 0.392181577561303 0.46464767986956 22.5172886894457
"808" 0.2 -35.4643585253678 0.11261857730266 0.398634465888828 29.0277003090594
"809" 0.3 -16.3880950988927 0.379372618164187 0.497088456017865 23.42899464268
"810" 0.4 -68.938621093905 0.359191866915769 0.52625164440192 30.4724573194025
"811" 0.1 -149.35099661127 0.183929036017759 0.466573672442027 33.5101651077227
"812" 0.3 -13.5124313715203 0.264790468966926 0.480852106331373 24.0432408552407
"813" 0.3 -6.82387749765037 0.630577037627313 0.688701716240116 19.7439257669054
"814" 0.3 -15.6403961392739 0.408916685073276 0.460879835551553 23.8030850926833
"815" 0.1 -15.3327087831735 0.299575825551957 0.447475075927878 24.4606077910795
"816" 0.2 -72.5457416336197 0.340343219462442 0.531449349893537 31.1663301208569
"817" 0.3 -29.173602174051 0.511856455637269 0.597951240878795 24.2975576417032
"818" 0.2 -36.3470452527581 0.416713396077977 0.508105353646212 26.4009376986323
"819" 0.3 -14.8387202537256 0.502623157417826 0.586480340686302 24.8103829818916
"820" 0.6 -154.837325946171 0.532941574441621 0.569277664789841 24.3044421118404
"821" 0.3 -36.7539419339839 0.479635071235703 0.440579286370254 24.2515190217154
"822" 0.4 -2.39908196332017 0.551432514841813 0.54215305717439 20.6922001211228
"823" 0.3 -43.0973223656992 0.344365785854512 0.501932569446907 26.6255063879419
"824" 0.2 -8.35896205038391 0.308205466222633 0.418389528194806 26.3375318447268
"825" 0.3 -38.8996906129228 0.389192356277062 0.499383351352236 23.235641786172
"826" 0.3 -83.9728720146546 0.278946716732032 0.494516089733439 31.5781237323442
"827" 0.1 -25.0846114384177 0.403106130386509 0.495686164328749 24.2635811724373
"828" 0.1 -47.1653207006681 0.157963591101756 0.389064652945837 29.5410122598053
"829" 0.3 -102.503198706099 0.272179011498256 0.519429670976299 29.2303136594965
"830" 0.3 -50.8946672627667 0.409285876613971 0.476580499945113 27.2400573942064
"831" 0.3 -119.164874677765 0.326958926130803 0.418194201073383 28.1389908525696
"832" 0.3 -66.4016446269689 0.474850371311607 0.609308065817624 25.4291432789084
"833" 0.2 -81.6121854855251 0.26660003627172 0.465485095239791 28.3038569505884
"834" 0.3 -19.235175786223 0.279064713028096 0.563896641120227 26.813870350425
"835" 0.4 6.22556817121159 0.398390650796434 0.530549742563034 21.0306391588504
"836" 0.2 -31.9394628028279 0.326309094747188 0.48903976047813 21.9470746390824
"837" 0.2 -55.498782624204 0.328190941330478 0.38866262075192 27.634925321855
"838" 0.3 -10.0382727915415 0.35524427924539 0.437971587454743 23.8792398285051
"839" 0.1 -84.3526193923677 0.425403716565394 0.477162704612649 22.7299379807733
"840" 0.3 -159.801067705915 0.273456449320323 0.349226294552526 31.5091422020317
"841" 0.4 -59.4263055338164 0.419728009034176 0.48744660546501 28.704560503431
"842" 0.4 -30.2778601043413 0.449349139473806 0.515268144092655 27.5669812477544
"843" 0.3 -113.643432530069 0.486574088657524 0.567176584475305 26.9165192407323
"844" 0.5 -97.2621277964705 0.624416865976093 0.625426135958821 26.375775198706
"845" 0.4 -37.8020973072378 0.633185156788687 0.627672719976937 20.9462744762211
"846" 0.2 -141.085038579367 0.259906201382051 0.370550948503908 31.5722198831988
"847" 0.1 -226.090226083986 0.065524932684044 0.391015269606038 37.4987290853472
"848" 0.2 -35.5991659143241 0.361972861424196 0.501397939353111 24.193999743578
"849" 0.3 -45.3495297997266 0.310655507173227 0.40420069472066 26.8435138542485
"850" 0.2 -22.015073554981 0.367803313707927 0.447372563037731 24.9313620879175
"851" 0.3 -52.1074212029742 0.279847238689364 0.50825743265533 26.9980526387714
"852" 0.3 -24.0828152423798 0.427356857064222 0.500593082296827 25.3490970303792
"853" 0.1 0.305743993213936 0.3220144016422 0.454164464422474 25.0528992911054
"854" 0.2 -73.2647189476719 0.319368804147963 0.440253267770014 29.5076684652361
"855" 0.3 -27.8370500498566 0.489601171920485 0.527792954582183 22.8895136490231
"856" 0.5 -32.7759052210605 0.504141206799347 0.500826779368346 23.3768100258475
"857" 0.4 -56.4221581058431 0.520162276560855 0.631229557795989 23.1484891285747
"858" 0.2 -35.8221321828407 0.52114494279906 0.567348326002821 24.1727829600335
"859" 0.2 -58.9115783279219 0.473313502968853 0.540035060663442 25.5967516735498
"860" 0.1 -28.2852252590734 0.34559460609381 0.516248672819252 25.3004428978846
"861" 0.4 -8.72364722693488 0.600049326816772 0.532111282075363 19.5486696296302
"862" 0.1 -90.7785811434797 0.262033313117303 0.493333162586475 30.8163457044586
"863" 0.2 -203.697891177355 0.216950303578993 0.432957005292124 30.8601008454569
"864" 0.1 -66.2467762795059 0.400174097887318 0.523784056070539 28.4484140446061
"865" 0.3 -21.037490051741 0.525267683029629 0.543968290109999 23.8130433442093
"866" 0.4 -84.1491841528367 0.548809239491423 0.584632546852774 25.0099352191947
"867" 0.3 -49.7423238632132 0.251300974992559 0.475204117225502 27.0020351968519
"868" 0.2 -48.360654206736 0.330807855804748 0.434105911082103 25.6754951332276
"869" 0.3 -35.7566913072692 0.360195725114494 0.448019943793858 25.1709937632386
"870" 0.2 -43.9392106627399 0.359798965564645 0.570077090217096 27.2037186039006
"871" 0.3 -24.3119344683939 0.488489040851054 0.539677576022749 22.8133137002494
"872" 0.2 -53.4073195232786 0.195467709645124 0.448991145422878 27.0027168600493
"873" 0.3 -42.3753056144919 0.268215077771056 0.463119397966907 24.0175413716374
"874" 0.3 -84.7290448888863 0.212471803509643 0.430942685799083 33.4369640751905
"875" 0.4 -89.2842954524586 0.303160101502336 0.475011961537223 28.3556117615917
"876" 0.1 -81.1476156454677 0.313675916624884 0.46393982035888 25.8754449672437
"877" 0.2 -139.73912913942 0.237510971967022 0.379604209680184 30.9466403895686
"878" 0.2 -77.3055775802256 0.472603354875374 0.575998337579222 27.406327397828
"879" 0.2 3.20747425122561 0.444450844064632 0.580918433006965 22.9608218412358
"880" 0.3 -19.2972356797009 0.401381748720783 0.519166513358242 22.5997335136006
"881" 0.2 -37.4321338381447 0.258574720184708 0.482350183375901 29.137494648816
"882" 0.3 -69.1162494344212 0.434559362962324 0.46553537986643 25.6694187532342
"883" 0.1 -59.9219563855139 0.344049256736677 0.431607398214222 25.0332463229843
"884" 0.2 -209.143881542107 0.16893554553829 0.418867406634598 35.7363891444425
"885" 0.1 -71.6153318418229 0.344407452691008 0.407326027549574 29.8283872485952
"886" 0.2 -73.972918090529 0.452392709231098 0.580504317901447 27.3202667707554
"887" 0.2 -145.31330700709 0.380735965092644 0.483497231775778 30.4193189869284
"888" 0.5 -74.2819720601838 0.416901550867349 0.564796687726324 26.538061297955
"889" 0.3 -104.744908954013 0.499928419493927 0.524404405930966 26.4000167160085
"890" 0.4 -50.2762182289267 0.465880839733624 0.484737997218301 23.3236150290189
"891" 0.3 -37.842275735036 0.336823762709857 0.476774790860135 26.3785837116069
"892" 0.1 -86.4836148959528 0.117299033199207 0.462286297035832 31.8350671281875
"893" 0.3 -42.9175509544331 0.303464656898717 0.449635470403754 26.3418534557217
"894" 0.2 -97.5414977722749 0.194507628296207 0.448168592096907 32.4842724366764
"895" 0.4 -18.2475233143819 0.420609251005639 0.449417910352945 23.2781658506509
"896" 0.3 -149.021432875779 0.511790658317679 0.591579695157843 26.6122097116709
"897" 0.2 -58.0092982777269 0.351597516176945 0.493607260983391 27.1005754097365
"898" 0.3 -63.1276476697843 0.459604711403556 0.513927613321214 23.0799969965079
"899" 0.2 -123.836375841764 0.225817862410212 0.446185738205988 34.2209018061798
"900" 0.3 -44.7986729550015 0.342838215382475 0.506177990017913 28.2555517145292
"901" 0.2 -85.6785928710468 0.209501416264871 0.342852070788904 31.9968706896969
"902" 0.3 -60.0243891723534 0.480743081557772 0.53785577758877 22.5787528706203
"903" 0.3 -55.4826973466431 0.240785454245221 0.424386637666243 27.9721829868014
"904" 0.3 -212.127393282493 0.392030864135476 0.454908643866752 31.5707160948101
"905" 0.3 -18.1029799833843 0.488923138433058 0.486945263388673 22.3148801036039
"906" 0.1 -60.5860942031799 0.195725729937348 0.417037085771331 29.3712874510161
"907" 0.2 -104.627466787055 0.511253549188604 0.574567583469001 25.4530404036142
"908" 0.3 -26.4660772164067 0.448327003592843 0.557686998054369 24.69764036512
"909" 0.1 -72.0373470584833 0.337302474550514 0.455106791482879 24.3741316739747
"910" 0.3 -82.2035465197641 0.272549687073744 0.398603591207346 26.1697560379048
"911" 0.3 -140.130081442141 0.508968197638114 0.52001471965308 27.6100042631407
"912" 0.3 -34.7922039750715 0.263315411260763 0.425207880138592 27.0545086547941
"913" 0.3 -93.1759045644767 0.301629718199161 0.445669989784224 30.1974585859407
"914" 0.3 7.63353922872065 0.588141523751588 0.578967421059779 19.3164082247926
"915" 0.1 -34.8595790757395 0.426883188408369 0.505394237605712 23.3771697197691
"916" 0.4 -81.1580026788132 0.466238474460342 0.574419244322287 22.7684530008236
"917" 0 -192.336217028751 0.0877813883471041 0.457426816241142 34.106760459563
"918" 0.2 -43.5395554558509 0.397576146399059 0.46578929056388 23.4395811202655
"919" 0.1 -82.6591108719821 0.106073087818482 0.40049427243657 30.4345837202294
"920" 0.2 -29.4633935511409 0.25729584563258 0.4547403641798 25.5783495360519
"921" 0.4 -105.196312147669 0.388906970583004 0.512334445966798 28.7732925953716
"922" 0.2 -38.3145914317726 0.206796968375345 0.412018798963358 26.9484307077293
"923" 0.6 -99.1180398610922 0.492225645188268 0.570075570929546 26.0727761982055
"924" 0.2 -110.06417430043 0.339050274609017 0.49001123321511 29.3560215716646
"925" 0.3 -17.4991108388743 0.271911026268932 0.439761347074813 23.4513518787175
"926" 0.3 -62.7285127797679 0.532502145419978 0.53662947784937 23.4015425854014
"927" 0.2 -50.523409894444 0.340530117793301 0.483507896645148 25.7225094982911
"928" 0.2 -2.30817962764589 0.294988008409629 0.474733549091405 22.6765152937499
"929" 0.1 -166.740638934254 0.136934946536642 0.383786499927191 35.802649982639
"930" 0.4 -54.2575723948193 0.417035085241172 0.460941297257634 23.2562853654753
"931" 0.3 -81.1523022997561 0.264927323965671 0.485126158238632 24.7134203092427
"932" 0.2 -46.5762560523176 0.438289370236123 0.471506881747876 25.5223596471362
"933" 0.3 -124.091816844694 0.483801773056021 0.480035920768253 29.5677642547944
"934" 0.2 -144.212744322116 0.26137067700992 0.47080940517873 32.7535463985404
"935" 0.2 -110.721749809781 0.338426259238395 0.457674789112277 31.7915118734072
"936" 0.1 -75.1994770717934 0.0103061671375582 0.370775832427432 34.2237519401846
"937" 0.4 -179.711259003903 0.478358366319816 0.518765801599569 26.0711429899023
"938" 0.1 -94.567534085665 0.145153784725679 0.337680646577994 34.0543673267332
"939" 0.3 -144.924889632756 0.323147216509554 0.49026155219904 27.4509680521884
"940" 0.2 -300.043338681121 0.101156517965943 0.469990507493958 31.9215818930743
"941" 0.2 -11.2862832969941 0.644094844573971 0.689208821067915 19.070848208675
"942" 0.5 -13.7463993623394 0.492016788298498 0.467802873464619 22.1693408689159
"943" 0.4 -47.1300154784396 0.416679385045272 0.559432487922126 25.5653434972441
"944" 0.3 -50.80908638708 0.377117371219718 0.537795673708938 26.9829999247402
"945" 0.3 -173.722805963845 0.227831046599738 0.364469261215209 33.3346190361677
"946" 0.3 -58.0424868721983 0.53266379722802 0.519971197535685 24.0171054572146
"947" 0.2 9.52386421070054 0.442482171803478 0.547386548827092 20.9768362850741
"948" 0.2 -72.139100726488 0.253135530462395 0.383772872371031 30.602795574502
"949" 0.4 -94.9681884472735 0.253019230395544 0.516150634077324 30.0224463927489
"950" 0.3 -132.359394748905 0.493776471383872 0.531511629663072 24.7572785723396
"951" 0.3 -16.055991295401 0.489306403317049 0.519152605534966 22.5601906700617
"952" 0.3 23.9535377375009 0.556270265905473 0.631739449377323 18.3510230148746
"953" 0.5 -51.9361363104563 0.630922157147943 0.622954994891932 21.9691310728923
"954" 0.4 -114.773520662275 0.475464192232834 0.412232374841043 25.7100200110487
"955" 0.5 -75.0473838069196 0.579572072324195 0.630924670679832 21.6826151196542
"956" 0.3 -5.99394078434738 0.325930857359706 0.462467204482893 24.3693573894211
"957" 0.1 -85.920735559246 0.0972795414311253 0.376556200732803 31.7170504858018
"958" 0.3 -39.331678011093 0.425980218190318 0.539426083800345 25.3703275272669
"959" 0.4 -26.395722541959 0.62166984515925 0.662327988554338 22.5963113199197
"960" 0.2 -44.1264543117958 0.452289179395127 0.563515241291501 26.0406423491565
"961" 0.1 -77.3505720209055 0.203356068119757 0.359432238076438 31.8983120242388
"962" 0.4 -35.9454290575367 0.531777989420614 0.516904383803632 23.1893639099038
"963" 0.3 -32.2294699216254 0.248743315540613 0.509784037910269 28.059255580944
"964" 0.4 -64.7560916277655 0.387553482325781 0.470412035825548 26.7757850597401
"965" 0.3 -44.8385778030921 0.342027045449207 0.411044612214057 28.0875693431078
"966" 0.1 -140.688330705677 0.0137702315115309 0.420859289822948 30.7992571249463
"967" 0.2 -126.067400329853 0.315838343142803 0.510427080166519 30.6283742828947
"968" 0.2 -14.014376498712 0.309836662197772 0.525494158873542 20.2358723315153
"969" 0.3 -83.6934647572825 0.183881544254393 0.395736973430595 26.2810730864248
"970" 0.3 -108.224001124006 0.409257672238704 0.524554243872589 28.4436009087786
"971" 0.2 -27.7048085569354 0.337547588082012 0.468199276936641 24.1883560708747
"972" 0.3 -15.7091652894052 0.39523139677111 0.535440192952288 23.3398200447159
"973" 0.3 -38.5710068112603 0.565484127869414 0.547217619343274 21.4059139971318
"974" 0.2 -81.915483578387 0.157253522434536 0.430980604019782 31.7615806263684
"975" 0.2 -134.7484801263 0.304211505346176 0.387608272134401 30.9863042914727
"976" 0.3 -149.770253399256 0.182824091177379 0.415014103528257 33.5516720556351
"977" 0.4 -77.6995177445157 0.436363763080922 0.591082150332787 26.1164945647353
"978" 0.3 -6.15152572377291 0.4583659309325 0.478477385037024 23.5259635835118
"979" 0.4 -159.291243030584 0.256575365138874 0.481723863083608 30.5717234941408
"980" 0.2 -34.7872722189384 0.431009467605397 0.499124947449015 26.0546668094094
"981" 0.3 -77.444187515822 0.309825628869245 0.484151016153901 28.7213679461553
"982" 0.3 -25.9787687262429 0.43501763056103 0.488637935879856 22.9592747066728
"983" 0.2 -96.7976954248805 0.132284368904262 0.325270501417307 33.6207953671202
"984" 0.4 -60.9988834003401 0.569323549949427 0.568719343169242 24.9770887612039
"985" 0.2 -62.5660555270234 0.358876815822662 0.419784818798441 29.2863447678485
"986" 0.4 -38.4698394754715 0.556216036566831 0.554280674853904 24.1430403547874
"987" 0.2 -63.8098253423488 0.209032384159742 0.423143527223247 30.8466637632343
"988" 0.3 3.40776657001728 0.491641149014579 0.553208849803627 21.5254443218511
"989" 0.4 -85.1277957378374 0.432499879261667 0.450722102550683 27.7601961563877
"990" 0.3 18.3499111134049 0.721170695763915 0.741972616216918 15.9381740454421
"991" 0.4 14.5733903099253 0.74211009535545 0.674158933303387 16.0234266360058
"992" 0.4 -80.1836751961894 0.406144442844495 0.486673517854925 26.9106623558979
"993" 0.3 -62.9001441884964 0.462366409064596 0.581417317675483 26.053501903182
"994" 0.2 -81.2455786196939 0.299321089590975 0.411559734171171 26.8632705866009
"995" 0.1 -25.1252473283726 0.262474300224304 0.484223041186194 23.2829031253418
"996" 0.3 -146.49760614429 0.450529678768069 0.531033716064166 28.2218931465945
"997" 0.3 -84.6484910095132 0.385779596935267 0.458472928520755 25.9425590934349
"998" 0.4 -0.540926268955122 0.500618185472878 0.466430207608498 23.6737463745824
"999" 0.4 -105.824236117774 0.453433839272767 0.564754202379613 25.9545040137017
"1000" 0.1 -84.5248501931504 0.256615909170202 0.585605395137382 26.176091201843
