"SCI" "RCI" "GER" "MSM*" "MIG"
"1" 0.444444444444444 -504.142743581459 0.784623707238324 0.232760173249173 411.276438348787
"2" 0.333333333333333 -437.805045488832 0.7678282550067 0.219800062616499 436.536718219915
"3" 0.5 -309.282802542785 0.832137730947652 0.286470475515 344.857398844184
"4" 0.388888888888889 -813.815627903311 0.675818983268281 0.171079176586615 583.410173162678
"5" 0.333333333333333 -362.653606426202 0.780961446896272 0.23618939014611 420.451299630967
"6" 0.333333333333333 -1041.51951773976 0.607680102009273 0.141136257922107 669.916327252658
"7" 0.277777777777778 -514.243539435124 0.826952717255989 0.2702297626081 354.128477231483
"8" 0.277777777777778 -619.313783831423 0.715386879438483 0.192076101221904 517.404557876708
"9" 0.5 -1111.56284282058 0.706791485857363 0.190277186568578 535.595412063063
"10" 0.277777777777778 -1081.62204206243 0.653619471079911 0.158489220019993 606.752510368079
"11" 0.333333333333333 -335.40433406683 0.808786751905842 0.251526082366896 376.259760458674
"12" 0.444444444444444 -444.334331853393 0.769424603967898 0.21974083916054 432.553936936148
"13" 0.444444444444444 -790.291189553163 0.700667433419495 0.179579341486587 536.992717640428
"14" 0.388888888888889 -968.843851918487 0.716360399614789 0.184261943385194 521.135755557823
"15" 0.333333333333333 -860.71745660688 0.722588560332312 0.185564205894789 505.564178848639
"16" 0.333333333333333 -423.508684703819 0.895346622733273 0.392128776601218 253.520926121087
"17" 0.333333333333333 -860.108609504202 0.622904947452554 0.145632510296875 651.744522886095
"18" 0.388888888888889 -371.568208267203 0.880147018528526 0.352775285804177 272.344332012674
"19" 0.277777777777778 -667.938528622995 0.757539333183495 0.209114781395093 459.478576733032
"20" 0.277777777777778 -1343.4264529591 0.652531086082588 0.158174211768299 612.353169503389
"21" 0.277777777777778 -598.344457771211 0.722980313637231 0.191642680524874 504.375840266608
"22" 0.388888888888889 -1031.36638749667 0.666959255212074 0.163268098535666 594.211571280891
"23" 0.444444444444444 -699.179427975094 0.78462229966504 0.22827375634312 417.055246685562
"24" 0.277777777777778 -1216.49791479264 0.640465393407127 0.150938392667765 631.620268239779
"25" 0.388888888888889 -603.40424094819 0.76916127959153 0.22427746494822 439.016964492737
"26" 0.166666666666667 -1131.1661442478 0.477567312493452 0.113268773205215 870.519653831981
"27" 0.277777777777778 -859.10919272427 0.647141480564056 0.156088054977961 625.3236423444
"28" 0.277777777777778 -627.460771406026 0.671509131595324 0.165872353803575 578.006000572396
"29" 0.388888888888889 -266.060271877599 0.943119592561212 0.543858887757747 184.529795320472
"30" 0.388888888888889 -583.576174784897 0.754695760310084 0.206352665193222 461.379980474943
"31" 0.333333333333333 -1125.80898375155 0.64558371586038 0.156548640678163 621.314860917907
"32" 0.333333333333333 -1656.97393176492 0.627273747439889 0.146175027173932 652.439612154942
"33" 0.277777777777778 -751.684647634292 0.673016280498308 0.165911259869368 582.897586685093
"34" 0.444444444444444 -494.776209407625 0.700955394148743 0.178761010453883 536.909573879722
"35" 0.333333333333333 -527.789565277053 0.683043056397789 0.168705836633928 558.778423042595
"36" 0.333333333333333 -895.816021198158 0.641173482787041 0.153709281810163 631.300320322183
"37" 0.444444444444444 -289.218207078694 0.834239022395751 0.280386811563817 339.257456599525
"38" 0.444444444444444 -368.776701150229 0.869261798590903 0.330242951270123 286.182407849818
"39" 0.388888888888889 -664.527988952843 0.829659603918912 0.27163671357474 348.831436300324
"40" 0.444444444444444 -713.681397128981 0.758954931228542 0.213200920863816 455.538248595223
"41" 0.333333333333333 -322.064572651899 0.847352332665621 0.297901872303667 319.92600214968
"42" 0.5 -317.655283491147 0.840503445553765 0.294253379145746 331.829034282989
"43" 0.277777777777778 -475.469167149546 0.708653735830274 0.184418144343926 520.778092220356
"44" 0.388888888888889 -503.664864726738 0.765259453166111 0.218348964988409 443.856809021835
"45" 0.277777777777778 -1168.28128037927 0.591211270426566 0.139072094904696 700.254881246504
"46" 0.388888888888889 -649.712288394607 0.785907119809062 0.235708276421966 418.500465896051
"47" 0.388888888888889 -830.405830474853 0.726319456247301 0.193195354802858 503.495805354044
"48" 0.444444444444444 -789.06104863398 0.771605545633741 0.230842234048725 437.111975558125
"49" 0.333333333333333 -605.51316573907 0.753263659299658 0.21372255300611 466.098003860028
"50" 0.388888888888889 -1108.57668230538 0.7074941635178 0.184589728017769 533.028254291392
"51" 0.388888888888889 -775.330199387531 0.765955280253459 0.215007704937539 448.95432613322
"52" 0.388888888888889 -979.283729669592 0.595370919131838 0.135535347193522 696.807284204965
"53" 0.333333333333333 -546.995722624451 0.702428823450205 0.177590925991309 531.028160280595
"54" 0.388888888888889 -480.404377960842 0.784172445449316 0.231760619548844 409.44982400958
"55" 0.388888888888889 -916.113485567076 0.63104805227227 0.153452518789585 641.685068353545
"56" 0.333333333333333 -679.0261230071 0.753952729557209 0.209293698105204 459.165006232611
"57" 0.388888888888889 -937.096525583148 0.741442178216441 0.20746924048372 485.826007786975
"58" 0.388888888888889 -900.522688931823 0.734941392553829 0.198002255851071 486.515254231007
"59" 0.388888888888889 -649.321296872912 0.71506453193346 0.188043747395291 520.169868083182
"60" 0.444444444444444 -482.942500441786 0.814425211364211 0.262193757170903 374.423644908401
"61" 0.444444444444444 -691.203442691731 0.820239744098422 0.257611491740546 363.488069724105
"62" 0.388888888888889 -505.529115179599 0.754341127873729 0.214366194572237 459.692293262598
"63" 0.277777777777778 -1172.47248193562 0.535215593491301 0.122635393182798 788.18694650291
"64" 0.333333333333333 -1372.86370654712 0.691580457415761 0.170965220922781 559.642390954634
"65" 0.333333333333333 -495.093815918694 0.698832367049178 0.179134298164242 542.006365295942
"66" 0.222222222222222 -1720.88862744535 0.502293530350992 0.116817297337256 844.891892623692
"67" 0.333333333333333 -827.531528580021 0.699551090132551 0.179600483109237 545.164598556585
"68" 0.277777777777778 -670.025267401627 0.708823839405216 0.18864646916808 528.892573518329
"69" 0.333333333333333 -655.376636076489 0.707201971302676 0.182266158731056 535.041797546833
"70" 0.277777777777778 -993.7902952953 0.636467624210796 0.156231651367477 635.315986246476
"71" 0.555555555555556 -310.343086281356 0.884840114929932 0.365182448003063 268.432912841998
"72" 0.388888888888889 -563.812459426761 0.749023682426516 0.206359256129281 465.420574042946
"73" 0.388888888888889 -1086.96958199786 0.72069424939348 0.187720071753896 517.496346195601
"74" 0.277777777777778 -1064.74819123624 0.7035917054684 0.176517926844108 534.922357433592
"75" 0.333333333333333 -732.526862396239 0.672507716384623 0.169477844972745 578.621020798595
"76" 0.388888888888889 -497.684922453293 0.828235610746127 0.281437983380529 354.109125914355
"77" 0.5 -706.668019257645 0.783630274580219 0.229047713244887 419.947548085591
"78" 0.388888888888889 -204.036696846925 0.909293063709677 0.423765458877852 234.379539635801
"79" 0.333333333333333 -640.418463651193 0.686233597101831 0.176090475513085 558.574203760154
"80" 0.277777777777778 -478.049491662274 0.732511794402039 0.19629085552964 488.976022848627
"81" 0.277777777777778 -995.121489173355 0.587262649135156 0.135915523324742 705.057311680401
"82" 0.333333333333333 -759.01233257298 0.675364949507042 0.174940240583201 578.474644401181
"83" 0.388888888888889 -580.972863239151 0.805391638597416 0.251376836420113 386.128040951514
"84" 0.388888888888889 -611.318378075482 0.785049409401253 0.231594245309252 410.479710064712
"85" 0.388888888888889 -832.522610118684 0.716353232951736 0.187935871027294 515.781579925399
"86" 0.277777777777778 -792.763745057556 0.722727592129294 0.185068519074194 506.494956846978
"87" 0.333333333333333 -730.776740623438 0.873612865125141 0.336459356791484 286.540358805517
"88" 0.333333333333333 -463.697352322389 0.790588379449922 0.235719151116934 407.275868676696
"89" 0.444444444444444 -704.84436173255 0.770994839125848 0.217073464096942 432.308152205427
"90" 0.333333333333333 -843.652233118763 0.639806329257664 0.154045064027866 630.383941267221
"91" 0.444444444444444 -250.428696401146 0.924591921660675 0.473139282133415 210.719499088591
"92" 0.333333333333333 -1089.13765157291 0.674084643254745 0.166573252713013 584.370464641717
"93" 0.388888888888889 -302.357587352782 0.850330578809337 0.302929803386935 315.507710212865
"94" 0.444444444444444 -522.566738464279 0.780577423229553 0.22787214279488 420.229763629846
"95" 0.444444444444444 -911.154041012403 0.815811306883516 0.261682043562339 371.694438136881
"96" 0.388888888888889 -410.230316316272 0.854019350863895 0.31207427381074 313.123134081415
"97" 0.388888888888889 -746.182184680662 0.64993124102727 0.161801944155608 619.849935688148
"98" 0.388888888888889 -627.128612534451 0.761524028821506 0.21859015379534 448.700370022631
"99" 0.388888888888889 -284.814017796258 0.859915401720237 0.319394302473879 302.961550898128
"100" 0.277777777777778 -727.21422971591 0.662314860212725 0.162057781851138 592.971551070735
"101" 0.388888888888889 -259.895389474252 0.893033499912464 0.382544966921075 257.265235049836
"102" 0.388888888888889 -306.51773515786 0.905714269411228 0.409883099226684 238.973846159293
"103" 0.333333333333333 -697.605508815664 0.666984312788473 0.163312712381242 583.310412675212
"104" 0.444444444444444 -544.071559344975 0.829380389983993 0.278396313440282 349.844690271094
"105" 0.444444444444444 -261.237706808869 0.930329276273911 0.479507771997687 200.056152865035
"106" 0.555555555555556 -169.387520580043 0.938124511439468 0.511800100754826 188.067872232245
"107" 0.277777777777778 -909.759797026894 0.672360533448358 0.162879193218905 582.529688507016
"108" 0.444444444444444 -920.40950657285 0.662392042630212 0.163518405860134 605.369881428592
"109" 0.166666666666667 -1585.01688656612 0.563941100356 0.127088854285262 750.528039974091
"110" 0.333333333333333 -912.371178273299 0.703825443413882 0.182286740949621 538.311539924541
"111" 0.277777777777778 -497.840284654248 0.814329347129422 0.25327495651837 367.814137811237
"112" 0.5 -349.930266184855 0.905736475575542 0.408412678398355 235.003015681845
"113" 0.444444444444444 -652.091387377707 0.758868822444568 0.214034241410457 459.916983246501
"114" 0.388888888888889 -769.460947147039 0.691623630929908 0.173990276248618 554.578813723265
"115" 0.444444444444444 -388.657311765972 0.838915108986139 0.290325635497692 337.013828600454
"116" 0.333333333333333 -774.295791453915 0.719498719390143 0.191852806583331 506.910874642106
"117" 0.388888888888889 -709.152482361752 0.696583003010853 0.175752111285854 541.091210301057
"118" 0.333333333333333 -1069.40483696212 0.674779991777884 0.170748511497697 582.446401880938
"119" 0.333333333333333 -318.250684363962 0.873477826093898 0.343952571195874 282.111628270894
"120" 0.388888888888889 -363.759566829673 0.800428496611349 0.24443939512159 387.874211715255
"121" 0.333333333333333 -769.207930746759 0.578111469833084 0.132016638422355 718.441348481691
"122" 0.555555555555556 -396.625526431746 0.796315434201465 0.241246575607248 395.2252465453
"123" 0.444444444444444 -580.566079624873 0.841289447593798 0.294376850862621 335.40120876329
"124" 0.333333333333333 -915.730077348766 0.665904981192859 0.162053890250377 590.628806274454
"125" 0.444444444444444 -487.099110542397 0.844675831216021 0.302397300110308 326.729705259553
"126" 0.5 -563.368126864585 0.814752364356118 0.25584576039423 368.181809887127
"127" 0.444444444444444 -225.820598338246 0.875132097423985 0.349417977966863 281.393955998425
"128" 0.388888888888889 -499.323934228479 0.789606304469956 0.237497250951913 407.783079959289
"129" 0.388888888888889 -500.252965909589 0.724564485412694 0.190989013178176 504.021943368414
"130" 0.388888888888889 -1012.9200148262 0.686771268674168 0.177163014063744 557.804742895137
"131" 0.277777777777778 -572.809648657968 0.715568253858862 0.18973833539041 522.456006288854
"132" 0.388888888888889 -239.46150631445 0.877651718163948 0.356789272715495 280.164724647417
"133" 0.333333333333333 -777.101013974878 0.806902429106178 0.249952456270371 385.176895798929
"134" 0.5 -499.337034958537 0.802579733306051 0.246658549953083 390.474527103733
"135" 0.333333333333333 -914.231467853881 0.62097970283068 0.148122163158156 662.060310267913
"136" 0.333333333333333 -783.752483719518 0.667930543146351 0.163204173928806 594.729682031972
"137" 0.333333333333333 -693.617550910223 0.599333038832584 0.139062824155095 689.046411745506
"138" 0.277777777777778 -799.161915294356 0.697050186417378 0.17778203202268 546.192403966165
"139" 0.333333333333333 -525.783292419611 0.776345989292844 0.224344607897251 423.283667630353
"140" 0.333333333333333 -997.109955703303 0.588508337608195 0.135999737543544 706.743413208006
"141" 0.333333333333333 -712.572192846552 0.67696740324184 0.16710848775146 572.616441463656
"142" 0.444444444444444 -584.925030482525 0.806691453217761 0.244996569075145 386.710183019587
"143" 0.277777777777778 -790.068720469134 0.652073602975412 0.15758371656382 605.748171095736
"144" 0.388888888888889 -611.925404806329 0.740365290806511 0.198616702213992 476.720381660573
"145" 0.277777777777778 -1122.66600195766 0.706249020211359 0.180946274865567 534.016347442474
"146" 0.277777777777778 -522.055678825195 0.788664984858357 0.236260978208638 410.255116923689
"147" 0.333333333333333 -244.233362391558 0.922143308098106 0.456099868256334 212.151928901975
"148" 0.444444444444444 -767.461161208932 0.702432059041163 0.180859099112454 543.418431772408
"149" 0.388888888888889 -732.652780170135 0.742833050245786 0.200479417572592 478.553797844308
"150" 0.333333333333333 -744.07765451228 0.685772812574879 0.171816331367057 559.563945052866
"151" 0.277777777777778 -956.321466316094 0.570970559733243 0.132754347285462 732.299857538985
"152" 0.333333333333333 -608.111493666855 0.756176938094642 0.21097189559814 457.997480652854
"153" 0.333333333333333 -1077.48640531833 0.763898601641239 0.215786831702925 448.034918788378
"154" 0.388888888888889 -214.764378483789 0.93702882106246 0.50369926584661 188.836289780028
"155" 0.388888888888889 -662.467396886986 0.770343105097077 0.223626182792306 437.386552693974
"156" 0.388888888888889 -302.546244328138 0.88586860675419 0.365501404890935 266.576463548304
"157" 0.388888888888889 -165.138212237205 0.910718363180742 0.430532168224863 229.36566749122
"158" 0.5 -355.006894491768 0.820439314036203 0.271174504926446 364.16268621739
"159" 0.388888888888889 -495.549441218906 0.770193380213447 0.222135781911868 432.320962206321
"160" 0.388888888888889 -442.533086232474 0.795776616922603 0.24437070231376 404.244197652326
"161" 0.333333333333333 -640.867637061768 0.692175370610199 0.172675910697188 549.065987563017
"162" 0.333333333333333 -918.804006202836 0.669255157526673 0.162688531377467 591.74923917451
"163" 0.277777777777778 -767.20450433106 0.620357077793194 0.147461665675052 657.547609514464
"164" 0.388888888888889 -525.285719707962 0.835215028719623 0.286315900924385 337.512115733023
"165" 0.444444444444444 -344.569763433312 0.923282274974833 0.46169042614958 207.887389798812
"166" 0.333333333333333 -618.474157509456 0.76606801183802 0.225000151640325 446.723704907228
"167" 0.444444444444444 -582.096333129208 0.830082241129799 0.270364162938941 350.41529887584
"168" 0.222222222222222 -1393.17119021386 0.56304233047138 0.130213157299034 742.160770254931
"169" 0.333333333333333 -742.084702238033 0.691771909136948 0.177655313136439 548.759113160707
"170" 0.388888888888889 -580.733621341555 0.854477256681589 0.300796253458978 313.270465905871
"171" 0.5 -412.448220651405 0.761240058629445 0.21852387342146 448.053354017064
"172" 0.388888888888889 -324.249123713569 0.880330931300145 0.354561627745695 274.66578913324
"173" 0.277777777777778 -723.77133162824 0.654048068533136 0.160812421992492 603.760499768285
"174" 0.222222222222222 -1189.78717462721 0.590554542383475 0.141407890866318 706.541538646701
"175" 0.277777777777778 -671.012727242528 0.713256333347743 0.182459520430542 517.279219038389
"176" 0.333333333333333 -817.374387082149 0.749650994233325 0.204977730639682 466.520493861078
"177" 0.222222222222222 -1131.59308221748 0.663602651210212 0.157783277810033 597.307797617628
"178" 0.222222222222222 -947.686799123416 0.62882470526914 0.148279204814534 654.35352211413
"179" 0.333333333333333 -528.029603534029 0.824567230644135 0.269290684673172 360.032029827545
"180" 0.222222222222222 -821.360486033142 0.631139634615546 0.149200258877659 641.929406500212
"181" 0.333333333333333 -258.503518750191 0.891207995996125 0.367975390744481 254.420351363556
"182" 0.444444444444444 -925.604525811684 0.720788614495642 0.191435982221785 514.500830940623
"183" 0.333333333333333 -1475.97592357876 0.632487502026196 0.149162939620058 643.489851201838
"184" 0.277777777777778 -1168.87036259098 0.713280837217514 0.185048158521285 528.558908142406
"185" 0.444444444444444 -464.205275222383 0.780189487251362 0.232001715742489 425.030755581986
"186" 0.333333333333333 -869.266907707627 0.666447904381234 0.163119516219008 597.989911622135
"187" 0.277777777777778 -585.093949590662 0.776428852989407 0.221332620981153 430.393257093988
"188" 0.333333333333333 -447.924068641156 0.778090157938727 0.227766532542404 419.223743825941
"189" 0.222222222222222 -1079.58691633503 0.557926622348361 0.129511084131259 755.179887446249
"190" 0.277777777777778 -881.064955775346 0.691106482748104 0.174119722392692 550.326882056752
"191" 0.222222222222222 -990.532138359834 0.654895198064602 0.158320408939875 603.064563499647
"192" 0.333333333333333 -946.06417386143 0.74440259215804 0.202635111309804 473.74645949793
"193" 0.444444444444444 -654.373840833083 0.872008741389509 0.339317733902047 287.134383159364
"194" 0.222222222222222 -1237.98079316237 0.513963768236249 0.121102642625633 808.451162551297
"195" 0.333333333333333 -875.432537423239 0.64125509650804 0.152621431261191 629.966335752187
"196" 0.5 -750.335849264608 0.719140229573431 0.185528910987474 508.420150210918
"197" 0.388888888888889 -783.036843906446 0.764406455639222 0.22166476589941 447.110711454647
"198" 0.5 -140.099181947936 0.929112731085257 0.47841701753638 201.068466972699
"199" 0.333333333333333 -814.506183006094 0.662049797233715 0.166301356479194 598.475150536001
"200" 0.277777777777778 -543.013045622951 0.735843632644557 0.20275145319191 490.184267962584
"201" 0.277777777777778 -672.79479761305 0.730328635831648 0.198765517840512 495.923759436887
"202" 0.5 -321.424487509613 0.852124983178865 0.316712613967832 315.76900925024
"203" 0.388888888888889 -1061.56823019122 0.679761695606141 0.171491570696999 572.852040873026
"204" 0.5 -330.516559560734 0.88234755090906 0.354820581187448 271.876149974018
"205" 0.444444444444444 -517.402876158724 0.748205785004369 0.205943124451698 464.702314168215
"206" 0.277777777777778 -590.20355637441 0.711361782898254 0.180468693724674 521.487550774822
"207" 0.388888888888889 -624.871029348561 0.780105607644695 0.232048565967419 424.791953494237
"208" 0.388888888888889 -646.368107005448 0.691981049765952 0.178947632987705 551.171752533573
"209" 0.388888888888889 -729.912771870018 0.730894932317797 0.195511604482102 495.554054218414
"210" 0.277777777777778 -805.863655910424 0.751957407338251 0.208480150334696 464.504786179517
"211" 0.333333333333333 -854.135648083824 0.735442217004609 0.201493648255107 491.503816387709
"212" 0.166666666666667 -1052.93638088666 0.535377228098702 0.124839403576287 777.127259850013
"213" 0.444444444444444 -509.619386016992 0.68419834786777 0.169511969933664 551.68097024255
"214" 0.444444444444444 -326.477505820257 0.915343847288343 0.437635143207116 224.271358335903
"215" 0.444444444444444 -552.135673280815 0.691269668849169 0.177248582751416 553.196675020992
"216" 0.222222222222222 -563.428550709175 0.635480222859745 0.154429193813736 632.151568284398
"217" 0.333333333333333 -795.190598372297 0.657106807017748 0.164422648648741 603.160413406626
"218" 0.277777777777778 -458.398824684402 0.735137072746162 0.197281053500607 481.853074665973
"219" 0.333333333333333 -586.796299735101 0.784141252635484 0.234112026225271 412.675362530467
"220" 0.333333333333333 -517.358790153908 0.731361403111783 0.197943509166719 494.577809462254
"221" 0.333333333333333 -463.994521295467 0.730403563716441 0.194856671186478 492.18990032468
"222" 0.333333333333333 -685.437787864724 0.704909393389683 0.177083037217771 533.675095746806
"223" 0.277777777777778 -1066.48667347845 0.780961538501417 0.231372452130372 422.67233792725
"224" 0.166666666666667 -1322.26683830582 0.541402246121158 0.127772572757407 776.773904186348
"225" 0.333333333333333 -682.469504863146 0.750574036559561 0.212833817564666 468.429666971462
"226" 0.388888888888889 -457.751301133919 0.849237060663102 0.297621704983525 319.433114569401
"227" 0.333333333333333 -688.63134455115 0.690507990635919 0.174412694917663 555.982626898238
"228" 0.388888888888889 -1341.54217082887 0.596360270940783 0.138831374607146 701.391382052796
"229" 0.444444444444444 -564.113945104192 0.661171709812469 0.160876987135336 592.189371734415
"230" 0.222222222222222 -1294.48765422387 0.600695824035462 0.144547409140792 689.329292994924
"231" 0.333333333333333 -1071.28076702847 0.625098742283833 0.146234362581746 651.039245416317
"232" 0.333333333333333 -328.257330893455 0.9084900370599 0.410061008785989 229.432871487178
"233" 0.222222222222222 -1209.00134938128 0.695176796892146 0.1769892470684 550.302903540432
"234" 0.5 -748.571389986503 0.754022956893698 0.209641363485113 458.331611071387
"235" 0.333333333333333 -725.117874057448 0.633632129311223 0.152926324252438 639.013145875442
"236" 0.555555555555556 -653.405429691407 0.812684416208838 0.258945971808323 378.128709426173
"237" 0.222222222222222 -852.486311499688 0.651839580721527 0.16236125107908 618.284844241454
"238" 0.388888888888889 -471.095694055577 0.843992109976742 0.295327680971433 330.480190780968
"239" 0.333333333333333 -793.770191175703 0.751406789662347 0.21125397866235 468.641859818832
"240" 0.166666666666667 -897.792373426073 0.47796336346823 0.110986712574074 860.461315876991
"241" 0.333333333333333 -1133.72409632861 0.596534498598308 0.136576453660581 687.88995292706
"242" 0.333333333333333 -281.414687886228 0.891651054429058 0.378811346285451 260.552227703622
"243" 0.277777777777778 -930.41687273322 0.570867027576009 0.130740110834716 729.10667236282
"244" 0.388888888888889 -583.673030151969 0.780929039873654 0.228817086709365 422.638762264512
"245" 0.5 -370.737899264016 0.811665923108816 0.255616712858284 371.072457910911
"246" 0.388888888888889 -761.662446115705 0.594646704374481 0.138141176011759 688.808176079672
"247" 0.277777777777778 -962.478567008858 0.575283626823909 0.130715301423273 715.368958296115
"248" 0.277777777777778 -783.427920357641 0.783940046605951 0.231280338982775 418.55684004298
"249" 0.222222222222222 -1211.51608928157 0.505676633948022 0.11920645128567 835.264502443303
"250" 0.333333333333333 -358.800266111054 0.836006165459048 0.284931281941707 342.138557943772
"251" 0.222222222222222 -988.235854814603 0.65311514577726 0.159251118697719 612.257391550322
"252" 0.333333333333333 -327.980523117087 0.83543805767909 0.290389384872971 340.619097179011
"253" 0.444444444444444 -487.282121260163 0.889989698364016 0.374342369756751 258.845164380549
"254" 0.277777777777778 -512.426944607052 0.73084379616648 0.194749604035422 488.192445001588
"255" 0.333333333333333 -654.988935465227 0.774386726678598 0.224908832428195 430.320783284167
"256" 0.333333333333333 -793.255691976275 0.692504983611435 0.180826958229735 549.987530267681
"257" 0.333333333333333 -1235.33386989043 0.604150475140526 0.138937881211619 680.646544211335
"258" 0.277777777777778 -890.008944315798 0.654963425856157 0.158380735580421 612.372511093179
"259" 0.444444444444444 -498.466256315117 0.827063270291528 0.271353689237169 352.291337489896
"260" 0.333333333333333 -825.19326828893 0.752495883073251 0.207166365656226 467.118386397837
"261" 0.388888888888889 -853.171739753218 0.704379851273912 0.177496966011228 535.950192896882
"262" 0.277777777777778 -704.69354245124 0.757861429301547 0.212276145270689 452.094948088261
"263" 0.444444444444444 -341.876545486002 0.807354010184668 0.25435219791195 379.525576059218
"264" 0.277777777777778 -325.232580557851 0.780554646244622 0.227612672061712 416.24775817981
"265" 0.444444444444444 -825.448663200833 0.731032488803199 0.192273819896312 492.115875433176
"266" 0.333333333333333 -469.404662027691 0.830284195271326 0.273815222845085 347.021448026388
"267" 0.333333333333333 -810.410123054352 0.620746146470659 0.1436995380352 654.97881326552
"268" 0.333333333333333 -675.814091846058 0.76711969395876 0.213355636960122 447.060661029117
"269" 0.333333333333333 -754.370726670133 0.700954222879702 0.173981069668897 540.34054244305
"270" 0.388888888888889 -441.520296683686 0.838528722037168 0.282240359834417 335.979043253604
"271" 0.333333333333333 -621.902672240024 0.648154213690462 0.153576318418563 616.463270905404
"272" 0.444444444444444 -679.955598050694 0.803235878037124 0.250325308408703 390.115190138831
"273" 0.333333333333333 -581.040647507197 0.725220145190614 0.191478439071001 498.153888821695
"274" 0.388888888888889 -710.822885650238 0.661316051201125 0.163155961105493 595.452930719196
"275" 0.444444444444444 -697.661020162824 0.772790384395042 0.225356215143511 432.016229615198
"276" 0.388888888888889 -357.830601029752 0.811507675516501 0.256433309607517 370.644447168056
"277" 0.388888888888889 -742.038695758326 0.682067359531374 0.181108287586724 561.174382072478
"278" 0.333333333333333 -552.03143027835 0.758974848518599 0.217214092611225 454.346957046073
"279" 0.222222222222222 -1111.14684328698 0.637062444584403 0.159796839155269 640.62807935467
"280" 0.444444444444444 -463.412977791464 0.769362918200697 0.216367608733156 436.58505027208
"281" 0.388888888888889 -843.789616348419 0.754130743558017 0.206075368116365 466.215578839532
"282" 0.277777777777778 -1451.18471575585 0.661149496270753 0.164202241628336 603.128266052576
"283" 0.444444444444444 -785.993681806222 0.707585003249054 0.181519338956024 534.266459123534
"284" 0.333333333333333 -1711.17317083185 0.61828125219732 0.143881465761507 673.606042320584
"285" 0.444444444444444 -248.131189643214 0.927615999289466 0.471173081648657 203.355202130461
"286" 0.277777777777778 -510.830591936774 0.890559327294272 0.373686872529905 259.482028210349
"287" 0.333333333333333 -780.230721859762 0.696035190844926 0.182776115218935 549.040244046645
"288" 0.333333333333333 -955.174384960591 0.611642103373836 0.147589496507824 676.973940950702
"289" 0.444444444444444 -667.315782833897 0.764510568588241 0.218883222286414 445.340197837492
"290" 0.277777777777778 -816.901102378542 0.572378474554538 0.133211202743932 728.403065685975
"291" 0.166666666666667 -1592.65556447666 0.518550403996973 0.116981042052253 815.66287991018
"292" 0.444444444444444 -405.390265290909 0.848206332042171 0.299505503869122 320.756139064045
"293" 0.277777777777778 -1193.52932160347 0.614325330015998 0.147466309030709 670.121474025236
"294" 0.388888888888889 -1139.15120792984 0.611318555318569 0.143385534394688 674.198668607138
"295" 0.333333333333333 -695.495373954915 0.713564560843592 0.183946166329471 518.183154529031
"296" 0.388888888888889 -342.8269978877 0.825925191367926 0.267199339495433 355.08412504911
"297" 0.166666666666667 -1614.03623886374 0.559572341168142 0.129123825731158 752.420401030919
"298" 0.277777777777778 -1201.11975894254 0.632415144389179 0.149307907071112 646.394333334872
"299" 0.5 -471.646692697384 0.912177424650791 0.428230542290569 225.228630850487
"300" 0.388888888888889 -629.043491454571 0.780788990920201 0.232341461437154 425.345071530342
"301" 0.388888888888889 -856.490383748909 0.614686108947522 0.14200602689324 663.13346407339
"302" 0.388888888888889 -675.469599321069 0.739603472209013 0.199301907743931 479.855829393934
"303" 0.444444444444444 -502.568550561917 0.81919289318393 0.260436728903283 364.806874083914
"304" 0.388888888888889 -2543.63476418151 0.663256280299448 0.160587008479777 598.424768821243
"305" 0.388888888888889 -435.625450728077 0.867036673722624 0.324378833492232 293.025859887316
"306" 0.388888888888889 -490.252704393058 0.727846973595766 0.192827898331328 498.689995797887
"307" 0.388888888888889 -903.997896398446 0.740525651145217 0.2035703560989 488.786735048424
"308" 0.388888888888889 -705.329518766011 0.674460910733935 0.163695949870711 576.39939034339
"309" 0.388888888888889 -1069.61991696936 0.637674921042992 0.156066775779143 633.255531746335
"310" 0.388888888888889 -694.20681928611 0.73151876796709 0.196801260600883 490.952873848029
"311" 0.333333333333333 -671.724437402156 0.656648325804452 0.159149818604454 596.900946476357
"312" 0.444444444444444 -464.663006123167 0.844968782166043 0.301255154323076 327.54172005204
"313" 0.388888888888889 -765.839849482688 0.732794330487152 0.198108311785816 492.271031962382
"314" 0.333333333333333 -481.081675591597 0.745649723465168 0.202202773251159 466.076134727802
"315" 0.333333333333333 -560.381580788203 0.759373750769516 0.215709694182191 454.778558137082
"316" 0.444444444444444 -638.441760122171 0.671802227086572 0.166982226842986 580.773797264346
"317" 0.333333333333333 -461.276692243754 0.795900165839151 0.239292430908695 398.194166531228
"318" 0.388888888888889 -449.859819936984 0.841959890516187 0.288798227329469 328.602210233826
"319" 0.388888888888889 -985.773599579901 0.755844727794752 0.208795467919277 458.01544230869
"320" 0.388888888888889 -427.764034033458 0.782732060959137 0.230802690147084 416.110223392095
"321" 0.388888888888889 -580.418771913515 0.735462535347297 0.195255266404517 486.23556594837
"322" 0.333333333333333 -513.634250554677 0.74339595181609 0.198954966195252 471.745283148182
"323" 0.444444444444444 -643.852822774571 0.74933381213655 0.213918882614522 470.505986353592
"324" 0.333333333333333 -880.251586215394 0.634100373285434 0.148684199152413 644.22835672386
"325" 0.277777777777778 -807.008237180793 0.77354079988042 0.221525840680678 436.10992750153
"326" 0.277777777777778 -462.112480695172 0.814014201592004 0.263648858611987 371.97890430924
"327" 0.444444444444444 -279.051948431971 0.901681566330216 0.40329805332409 242.125828029658
"328" 0.388888888888889 -578.537308571152 0.779381433662717 0.225611162589251 418.385806297674
"329" 0.5 -827.454300867192 0.726507841205893 0.19232252387728 497.228483024496
"330" 0.277777777777778 -1014.87700765135 0.63206870846933 0.152090385726305 643.444283856335
"331" 0.388888888888889 -363.425935658498 0.810649124205195 0.254619476681474 369.703981188615
"332" 0.333333333333333 -1554.39034902701 0.582748777714747 0.140241338174578 714.663461412326
"333" 0.277777777777778 -805.570965208903 0.642984591303176 0.153650748141108 619.837796373456
"334" 0.333333333333333 -762.733005070873 0.657885399286562 0.156822100769798 595.32515421256
"335" 0.333333333333333 -952.268687283969 0.70451319564941 0.181579051783352 535.972633484565
"336" 0.444444444444444 -359.142337744441 0.834976020601416 0.281406222225813 338.580532637099
"337" 0.388888888888889 -469.53003608574 0.819082908198131 0.258781487388145 364.481056201225
"338" 0.444444444444444 -541.710735144668 0.811305757882452 0.252719847490514 375.229853510996
"339" 0.222222222222222 -1045.4613073461 0.57120093344163 0.131854922115086 732.913443559525
"340" 0.388888888888889 -1222.34604872876 0.617188064375138 0.150053408880053 670.605326547916
"341" 0.222222222222222 -919.909673206774 0.624155124537208 0.152515385762692 651.201242312696
"342" 0.333333333333333 -956.510606808492 0.666369742169284 0.169640867103197 598.026006619493
"343" 0.277777777777778 -1340.5465131109 0.581593657993126 0.141125235267273 716.259863453801
"344" 0.388888888888889 -725.948731816869 0.763715490770078 0.209877143044423 446.976677703997
"345" 0.444444444444444 -199.019861451582 0.915109992389528 0.432743602804469 219.592468470661
"346" 0.277777777777778 -923.138790582617 0.666152154957647 0.162923742596031 593.543233150034
"347" 0.333333333333333 -649.37677955692 0.666939684718949 0.162611086511904 582.070798746171
"348" 0.388888888888889 -1174.51714393082 0.628579563695249 0.146251379533784 641.972568396572
"349" 0.333333333333333 -1066.02458874158 0.600891984930521 0.137070615252053 691.238253727555
"350" 0.388888888888889 -537.416768831102 0.751245914633368 0.206362573226395 467.487440378894
"351" 0.388888888888889 -794.232877657626 0.636276762563897 0.157829494359873 640.996078753052
"352" 0.333333333333333 -505.590190827143 0.725065300730869 0.190907370834577 500.34580318646
"353" 0.333333333333333 -278.718430635757 0.881569316655659 0.356189895672348 270.093762870785
"354" 0.388888888888889 -837.072564830074 0.71657586408743 0.185258162727198 522.601706116344
"355" 0.333333333333333 -648.939138510132 0.827270543487115 0.27670766403715 350.79440001552
"356" 0.333333333333333 -1025.80184579134 0.672282260114761 0.164513876963139 584.216939824494
"357" 0.277777777777778 -1077.82245796134 0.598728802241067 0.143562304413388 692.15416428675
"358" 0.333333333333333 -769.098801528482 0.653056085144496 0.16035527132967 602.193697273731
"359" 0.5 -540.310838807601 0.78557028877898 0.233209547087008 413.578753753193
"360" 0.333333333333333 -595.865337369038 0.718574821946413 0.188598833655448 509.398005282087
"361" 0.277777777777778 -1175.38376937594 0.600705459800979 0.145511976929408 687.420201291028
"362" 0.222222222222222 -1106.92599715748 0.553913657862599 0.125981605585588 763.006212804001
"363" 0.333333333333333 -723.935575368419 0.680261357815577 0.169858184163077 572.396397760394
"364" 0.333333333333333 -596.527416090673 0.642069251341814 0.154975466307473 619.982972132345
"365" 0.333333333333333 -799.634277362711 0.597731349100453 0.13714515508063 681.263916340284
"366" 0.388888888888889 -239.956897325478 0.913225661300985 0.426769102909886 224.756353338319
"367" 0.222222222222222 -1130.98365685165 0.574597011186826 0.135723441490692 724.029772825167
"368" 0.388888888888889 -465.652632203614 0.8184694613442 0.2729984261676 364.76987063447
"369" 0.388888888888889 -904.470612446313 0.669483491089404 0.163498230623535 585.745643952326
"370" 0.388888888888889 -751.125179386609 0.615898792215547 0.144070471860913 653.628037288459
"371" 0.333333333333333 -335.735391257022 0.854391719515798 0.306818390045011 311.04690936699
"372" 0.388888888888889 -217.506018780553 0.870656681695668 0.332940970059192 286.147971622832
"373" 0.444444444444444 -460.860323967969 0.775662263152613 0.2253229730439 427.387395329308
"374" 0.5 -608.692685201751 0.788439212166119 0.2323767017701 409.836799366027
"375" 0.5 -868.264229995376 0.750258103238808 0.208945552271382 469.066698944429
"376" 0.388888888888889 -745.219855839042 0.699217061151182 0.179714350370023 543.391840710538
"377" 0.222222222222222 -829.3987163623 0.725942308878382 0.190345993692109 505.18780447254
"378" 0.388888888888889 -191.631496781174 0.9057839778552 0.421779826345306 237.445175542566
"379" 0.388888888888889 -364.621602549212 0.872491498371748 0.336663850362965 284.424065649998
"380" 0.388888888888889 -553.694310764412 0.773388348415377 0.222453828317347 432.394206152973
"381" 0.333333333333333 -697.826955663454 0.724320897205139 0.191220036555606 505.158641510294
"382" 0.444444444444444 -651.905898938133 0.773311767846533 0.224345637546464 431.879774273513
"383" 0.277777777777778 -609.675282285743 0.69505853498538 0.178833317361565 543.174751726585
"384" 0.444444444444444 -382.975615500367 0.830143473245679 0.27286508735483 344.527556758909
"385" 0.388888888888889 -577.003222515442 0.789300879815508 0.230458533169699 408.407558340207
"386" 0.333333333333333 -564.638075647005 0.745306378517482 0.205580860345267 470.591445910255
"387" 0.222222222222222 -1032.57401014765 0.572475060562172 0.134667261892129 727.144154164474
"388" 0.555555555555556 -516.09059046015 0.784311202310016 0.234622472428744 418.328375922143
"389" 0.277777777777778 -842.278809526441 0.653072156722514 0.156278084870533 606.324239959917
"390" 0.388888888888889 -594.325104551124 0.825931489203882 0.278917586080913 357.339002155187
"391" 0.333333333333333 -590.47452253094 0.796432716341498 0.255067418006023 399.619263256085
"392" 0.277777777777778 -1690.58435798522 0.577343204880294 0.135740305605884 726.933724937658
"393" 0.388888888888889 -608.143764766817 0.706047151378935 0.17785483963695 529.787702432834
"394" 0.277777777777778 -584.372245234712 0.835528511594504 0.284718309154523 342.915092297387
"395" 0.388888888888889 -386.448043307843 0.879089454255951 0.346979537968694 275.544361482188
"396" 0.277777777777778 -1529.30130448051 0.531547894638252 0.126877542758743 795.348728935048
"397" 0.222222222222222 -631.297378831904 0.771144681754849 0.219941130651247 437.218305539433
"398" 0.333333333333333 -704.801782772294 0.776938934884681 0.225131182912013 426.778993718163
"399" 0.222222222222222 -769.230680433603 0.674000583891688 0.168274837894337 583.40112651994
"400" 0.5 -1011.01583529977 0.695375118023703 0.174001106227883 556.493052240508
"401" 0.277777777777778 -900.574321374491 0.663606300772153 0.164277518159853 594.491297783027
"402" 0.333333333333333 -623.443031779918 0.703510839276144 0.182808379288241 534.300328667462
"403" 0.333333333333333 -1008.53293427636 0.567161278815855 0.129957322669458 730.184165829327
"404" 0.388888888888889 -666.330624923119 0.72573933216099 0.189089653073329 503.60398114617
"405" 0.444444444444444 -805.148488845983 0.673313730263131 0.162737724777889 576.913541382994
"406" 0.333333333333333 -466.663632082359 0.786218756219872 0.236078260125155 414.649804866035
"407" 0.333333333333333 -802.356030396864 0.621059560397596 0.150144246312355 652.480352234514
"408" 0.333333333333333 -459.092459637095 0.859930314735155 0.324341023439925 307.050454948167
"409" 0.333333333333333 -463.403647130971 0.752403002561383 0.211654692233324 459.931861546962
"410" 0.333333333333333 -670.861780341559 0.748555355394371 0.205847729380557 466.344646941172
"411" 0.277777777777778 -881.279827660233 0.651398305842639 0.158577002340411 609.39734653472
"412" 0.388888888888889 -562.222991857169 0.766258308974218 0.217690236401951 439.987980188616
"413" 0.277777777777778 -704.656564758027 0.725396136752335 0.193667410024629 503.334979066346
"414" 0.388888888888889 -420.761599256585 0.823039082843178 0.272546710292728 359.451001749351
"415" 0.333333333333333 -421.796206440486 0.753678882025592 0.206294245320693 458.602083985088
"416" 0.388888888888889 -962.179231359128 0.641286433366145 0.155241611815994 637.590573803499
"417" 0.333333333333333 -454.821795371157 0.869922704927049 0.343435349979064 295.603306957893
"418" 0.444444444444444 -544.279954198067 0.840013540372549 0.290510113577572 330.51329148626
"419" 0.388888888888889 -446.257431486243 0.875192672060413 0.348722414715369 285.166265602107
"420" 0.277777777777778 -848.1077579177 0.747049489797618 0.203608803966668 477.919014167925
"421" 0.333333333333333 -1117.86253021132 0.656341928040146 0.160968970668994 611.204359999672
"422" 0.444444444444444 -549.59818798493 0.803329301427352 0.246547208153254 382.792652994627
"423" 0.388888888888889 -720.029085556231 0.700441386339997 0.176697214277863 543.385664067022
"424" 0.388888888888889 -308.628463579501 0.846851475362976 0.296823224683614 320.335117698205
"425" 0.277777777777778 -535.789353175588 0.798099226281251 0.246774568330995 394.653482661373
"426" 0.333333333333333 -833.022901024045 0.646143294765403 0.159726872671226 619.677427034639
"427" 0.333333333333333 -929.432060634834 0.702318006355386 0.180930877885757 537.334739010199
"428" 0.388888888888889 -742.956135797706 0.676302942114724 0.166831667214231 573.775112469355
"429" 0.388888888888889 -515.108879661304 0.776326397033248 0.224006665020696 424.661836011242
"430" 0.388888888888889 -358.852178943102 0.882307536568448 0.359338360374958 270.102524084924
"431" 0.277777777777778 -1248.85800346968 0.635540189270335 0.149130061369824 630.344275206444
"432" 0.333333333333333 -1181.60868923553 0.726447710715919 0.194638998828567 508.587293503596
"433" 0.388888888888889 -1157.33875692725 0.67459495618363 0.17229490173758 583.343459763657
"434" 0.5 -435.021298569714 0.870329079524214 0.33560066235348 289.675667607482
"435" 0.333333333333333 -634.049819513377 0.733134985593161 0.194166790537827 491.683338713413
"436" 0.388888888888889 -453.106498345229 0.886258709988985 0.366026794073967 262.62823273954
"437" 0.388888888888889 -580.128614722264 0.700167810147576 0.176487153101059 533.19863241876
"438" 0.277777777777778 -909.543069366642 0.636390464872406 0.15048544416764 632.414870500984
"439" 0.388888888888889 -549.984320256118 0.780514510848876 0.230387809039935 422.468321839091
"440" 0.277777777777778 -900.344088911309 0.65894282302453 0.158540842217766 607.270259427605
"441" 0.5 -151.745850026885 0.913698980694051 0.431798928904772 223.589395305398
"442" 0.388888888888889 -1147.2881429884 0.71613374030101 0.186533200245889 521.612667462742
"443" 0.388888888888889 -739.780021421588 0.777094472433559 0.230836450460821 433.507234838465
"444" 0.222222222222222 -817.04134929593 0.752412899612053 0.209819354963484 465.924261341686
"445" 0.333333333333333 -841.948224145671 0.717895139020699 0.185281323693174 508.18741871079
"446" 0.388888888888889 -374.278137474406 0.841001947596534 0.290337802437119 332.149896899657
"447" 0.5 -265.312646693366 0.836944541521487 0.291947674438629 340.699944407912
"448" 0.333333333333333 -201.1625669693 0.941532014679887 0.525085457794621 181.303906523506
"449" 0.444444444444444 -695.560202229392 0.7884107124188 0.231071288093911 409.759282786911
"450" 0.277777777777778 -417.724681520373 0.745442750394729 0.202996835114861 469.114425837412
"451" 0.277777777777778 -902.247270449832 0.608339450924549 0.143221418906209 680.889915726939
"452" 0.333333333333333 -845.708166863863 0.760702985870677 0.212704076655617 453.454128399515
"453" 0.5 -599.387174605092 0.793422531669258 0.240854551579633 401.357096372824
"454" 0.444444444444444 -654.255273528389 0.712385976470179 0.185677019326368 521.220797395147
"455" 0.222222222222222 -1225.69295951204 0.628731855053202 0.146923351418311 648.847284548148
"456" 0.333333333333333 -990.852051318271 0.706035982860834 0.183678395373537 537.274370246846
"457" 0.333333333333333 -759.173930484288 0.726675225106094 0.190845874314663 500.490873321798
"458" 0.388888888888889 -599.30205933333 0.725543765361312 0.198966611344493 506.637226776476
"459" 0.277777777777778 -696.443822413491 0.661343017799503 0.157975416847661 591.42807857967
"460" 0.333333333333333 -397.545739890009 0.860933306207264 0.318242815150186 300.324950286909
"461" 0.388888888888889 -604.368596045068 0.765368256436008 0.217205837451668 446.623030873342
"462" 0.444444444444444 -224.969922303944 0.850268070958656 0.298493320606462 316.066620297544
"463" 0.333333333333333 -624.716163061405 0.824698530488857 0.274445023558936 359.234353313572
"464" 0.277777777777778 -731.877145298257 0.703757143423357 0.179441393538672 535.476731734513
"465" 0.333333333333333 -454.087545928928 0.801152470003119 0.243460286705274 390.340159209468
"466" 0.388888888888889 -283.629021029955 0.878901398122672 0.349185313384158 273.237123079132
"467" 0.444444444444444 -907.197799175707 0.803739765692227 0.247241059019456 388.054542197217
"468" 0.388888888888889 -1086.15042586883 0.748750957227142 0.203491500348179 468.253185164765
"469" 0.333333333333333 -775.322277581614 0.72324143684147 0.191291787545039 507.535565183335
"470" 0.444444444444444 -674.268363172749 0.711849572399736 0.181744332897722 522.51727514586
"471" 0.388888888888889 -307.753687715787 0.807481287002299 0.253047280903737 376.145836602803
"472" 0.5 -488.826094252405 0.889645662871822 0.385222797684801 262.660991495755
"473" 0.444444444444444 -581.308609640641 0.741833731732148 0.197531059617202 474.551894440595
"474" 0.333333333333333 -331.667946655818 0.786729125919067 0.238334259909984 411.050249831309
"475" 0.388888888888889 -956.192708736155 0.765789240799836 0.215334347479281 446.858405684051
"476" 0.277777777777778 -1360.90044966882 0.682839187956927 0.170560622095795 564.742824712931
"477" 0.333333333333333 -558.294650273249 0.676168247453275 0.170977694018858 576.054615465342
"478" 0.388888888888889 -583.852259558557 0.827550771421425 0.26711722541007 350.031462389929
"479" 0.333333333333333 -654.434772499971 0.780503218608049 0.229818352579782 420.893074789527
"480" 0.388888888888889 -845.672520092207 0.713669424204541 0.184684469937168 521.409502730728
"481" 0.222222222222222 -881.763003447596 0.512763065885385 0.118496795499347 807.612165652192
"482" 0.333333333333333 -808.793355312554 0.823037139456896 0.272059993500175 359.672122579115
"483" 0.333333333333333 -385.556727244161 0.853262365726864 0.304810633599234 313.445686033997
"484" 0.388888888888889 -631.025303960705 0.783301777335628 0.234390257403624 417.091364281392
"485" 0.444444444444444 -548.864082456061 0.799402966141043 0.246604708842827 389.065934123565
"486" 0.388888888888889 -371.097466309404 0.911953744457801 0.431094348421955 231.363863832434
"487" 0.388888888888889 -802.459856207221 0.697914114408602 0.179307707881657 540.28383825908
"488" 0.333333333333333 -718.302156388893 0.67492072935858 0.169335058461089 576.0158718555
"489" 0.333333333333333 -665.714776332247 0.784002866377481 0.233125029531914 415.585240652738
"490" 0.444444444444444 -267.9242648018 0.866568391969614 0.330512774029153 291.79333320444
"491" 0.388888888888889 -643.699847433622 0.794728647812249 0.244652553512645 397.536480442551
"492" 0.388888888888889 -637.699822106028 0.854847478458167 0.308081003642406 314.59875548468
"493" 0.333333333333333 -734.305021455522 0.750955659922467 0.205337883401266 462.230391199794
"494" 0.388888888888889 -694.369964869764 0.685529425006706 0.17467348679137 569.679841502802
"495" 0.333333333333333 -1079.45745361305 0.580184777667999 0.135501172857226 709.773635487002
"496" 0.333333333333333 -497.875881614326 0.852374565742034 0.304670564689799 319.931592735415
"497" 0.333333333333333 -673.285306321944 0.760201095404518 0.209357662097358 449.164827841846
"498" 0.444444444444444 -898.587680565402 0.756034066211248 0.205274264599296 456.933433159464
"499" 0.5 -661.131030303725 0.758766372049452 0.213148410297548 454.246108588041
"500" 0.222222222222222 -1080.00850384578 0.667481782185841 0.162860810057954 585.810393260047
"501" 0.222222222222222 -1126.25721333383 0.553821237573205 0.127846421426234 756.607396892016
"502" 0.388888888888889 -842.326058181438 0.687536828929515 0.173418162240732 555.48882160855
"503" 0.333333333333333 -650.858485611061 0.783103752067009 0.226522209710133 415.663553465251
"504" 0.5 -388.885702309992 0.855356010960177 0.305722181393359 307.407333813189
"505" 0.388888888888889 -823.380655966463 0.658432904635361 0.163571593623108 608.21199924557
"506" 0.277777777777778 -571.563708502015 0.716422188413883 0.193459042869245 519.192428900185
"507" 0.388888888888889 -516.343669351579 0.79845548449127 0.243246626129465 398.112486921973
"508" 0.277777777777778 -577.228153841258 0.679960470055895 0.169892996818636 565.919239284913
"509" 0.333333333333333 -857.621960067316 0.654335262073399 0.162442757697221 609.427154463576
"510" 0.388888888888889 -697.974224090526 0.6903080992343 0.176017136531186 554.923644207208
"511" 0.5 -382.279237065425 0.792943004526445 0.236233834894024 398.795504655526
"512" 0.333333333333333 -842.051333485396 0.651810747311266 0.163589326654161 615.937430666108
"513" 0.388888888888889 -350.492825275451 0.880973470767303 0.351089493009436 271.322575962893
"514" 0.333333333333333 -634.904860815057 0.814232118245551 0.263332137918987 375.044263652084
"515" 0.444444444444444 -375.038292720207 0.816382669022288 0.266785090833136 365.068375903904
"516" 0.444444444444444 -406.362745341962 0.878549745769167 0.354382628766686 279.420472773654
"517" 0.388888888888889 -774.637136959067 0.742929795137804 0.200837745541889 479.73253403469
"518" 0.222222222222222 -784.062374576491 0.640484648191349 0.159033527836195 628.863475185144
"519" 0.222222222222222 -1467.37605284717 0.577377395882922 0.133026673347566 726.668713474018
"520" 0.333333333333333 -740.980752089019 0.667678310516823 0.160391247369289 584.383195010014
"521" 0.388888888888889 -283.835412409573 0.921977706426806 0.453964496568993 211.113758425089
"522" 0.5 -468.743129247748 0.868140854314033 0.334562884609064 288.361734111235
"523" 0.388888888888889 -711.330053527736 0.755733058805979 0.20970303797704 460.541163413692
"524" 0.333333333333333 -876.695498373058 0.733439764003657 0.201009318072422 485.109183567646
"525" 0.333333333333333 -531.710874065147 0.80006723337571 0.243860634082408 389.915413027699
"526" 0.444444444444444 -721.480729369997 0.737102489077667 0.201741330472716 483.094505824591
"527" 0.444444444444444 -798.054417378092 0.728826443614035 0.192092283679959 500.668135577114
"528" 0.388888888888889 -880.983841171066 0.730490081670028 0.200961572578032 494.397891043779
"529" 0.388888888888889 -760.605418064008 0.698463759233508 0.17593111216066 545.69837967495
"530" 0.333333333333333 -387.374900509946 0.799381213619657 0.243165217451231 391.84830992152
"531" 0.333333333333333 -807.93252382592 0.808255150904755 0.256303220751099 381.250754127163
"532" 0.277777777777778 -579.141572892939 0.723447311582487 0.196390109785027 504.053076674324
"533" 0.444444444444444 -773.848434749728 0.700400664618487 0.179634384956204 538.075834238878
"534" 0.388888888888889 -601.43960160969 0.772628076535012 0.225101370231929 431.821930219303
"535" 0.277777777777778 -866.244153531189 0.639582169478513 0.153024995287517 632.810233228491
"536" 0.277777777777778 -903.978327738673 0.6245878520573 0.147954463710082 646.235027141497
"537" 0.333333333333333 -773.157758649111 0.768551719427314 0.21509686250953 439.777620434715
"538" 0.333333333333333 -302.76392543028 0.85966146033675 0.320236369923018 300.533467804175
"539" 0.166666666666667 -1004.10175855101 0.564525204045307 0.127061102354748 736.930920275068
"540" 0.333333333333333 -354.919945669389 0.844539568712486 0.295956445028215 322.960130932601
"541" 0.277777777777778 -1400.2182609828 0.593337525634928 0.142777201955364 710.37495338521
"542" 0.333333333333333 -1119.14542332157 0.662919541349849 0.162331078513284 596.061237839237
"543" 0.388888888888889 -612.4327135239 0.646472868174149 0.160073747089979 617.177139357501
"544" 0.277777777777778 -1131.15005017684 0.667723777946884 0.171262289255439 589.712102477858
"545" 0.388888888888889 -916.697994162164 0.685380344636713 0.172440920307055 557.257184951403
"546" 0.333333333333333 -753.841583592736 0.714382219906596 0.186477725656591 516.709017733717
"547" 0.277777777777778 -1237.53262633759 0.651413662365029 0.160703120328462 606.858109794231
"548" 0.333333333333333 -845.824208247451 0.63405526719378 0.153333771769035 640.564115677495
"549" 0.388888888888889 -770.401017596111 0.648022364408789 0.157977528531098 610.686896010907
"550" 0.388888888888889 -822.576326344992 0.708767280912696 0.179615531936349 529.594582123472
"551" 0.388888888888889 -654.092842063029 0.728237130856601 0.192741991035358 499.7158103853
"552" 0.444444444444444 -799.622926351924 0.750121248177932 0.208013280785863 474.120633005491
"553" 0.388888888888889 -367.814180928173 0.841097166423878 0.298241920420703 333.767980345339
"554" 0.222222222222222 -1024.77336905525 0.50796299462924 0.119310591966891 817.026558948052
"555" 0.388888888888889 -815.145869925448 0.71549230163764 0.185664844959386 518.820217786543
"556" 0.333333333333333 -483.402562516556 0.796886116778437 0.246453715394614 398.210641070525
"557" 0.388888888888889 -754.637241083306 0.675440484628045 0.16928747359054 574.177905120724
"558" 0.333333333333333 -526.464763883914 0.781704696711951 0.238779237924718 424.639097570954
"559" 0.388888888888889 -583.444567141671 0.802733356527688 0.246019650406435 382.717115121754
"560" 0.333333333333333 -650.246018603448 0.712786144032588 0.187615846083417 523.701563027594
"561" 0.333333333333333 -666.266774039215 0.752792393171396 0.207248405445458 461.73324826574
"562" 0.388888888888889 -428.064955652395 0.852989094021146 0.314795811008486 317.263115229085
"563" 0.277777777777778 -1068.17161340028 0.572338812168441 0.135713670183883 724.094901735801
"564" 0.333333333333333 -721.330512368558 0.709045760158171 0.183877078172005 528.845083181071
"565" 0.277777777777778 -817.742078958714 0.601178890545035 0.139213827017119 684.724337353162
"566" 0.277777777777778 -696.264612954634 0.656622243454906 0.162571791730005 595.09286202977
"567" 0.555555555555556 -511.414423084364 0.772654411011019 0.22081351800243 431.431744738435
"568" 0.388888888888889 -502.404015976222 0.745368807752522 0.199756184522107 471.655668415851
"569" 0.166666666666667 -1524.09547334101 0.497197197255144 0.113473511079229 843.819805474486
"570" 0.333333333333333 -539.501323410282 0.739095326519296 0.201580503656045 479.546351946262
"571" 0.388888888888889 -357.978713003177 0.83156778881248 0.285623591080769 346.840182703733
"572" 0.388888888888889 -901.128821849126 0.757426951186701 0.211710276687814 457.627492218651
"573" 0.444444444444444 -904.30580161114 0.729867331096736 0.191330078478043 497.553763903212
"574" 0.333333333333333 -848.272049625045 0.715382610050407 0.184280488204232 514.455012025661
"575" 0.333333333333333 -1222.15901938436 0.574923725229862 0.135023513447199 731.694135387568
"576" 0.333333333333333 -1986.05573844355 0.629298152214002 0.146540047843205 651.681216443027
"577" 0.333333333333333 -1404.5741620105 0.615234356956343 0.142562661385778 662.825625760295
"578" 0.444444444444444 -290.128582484955 0.903270073843204 0.404235061344177 237.741131923231
"579" 0.277777777777778 -782.850277490379 0.653453833100903 0.161440194172551 611.55597341042
"580" 0.388888888888889 -1137.19199668996 0.654996285824739 0.162125373837207 606.521920070145
"581" 0.277777777777778 -1097.83035464789 0.675213388991567 0.162531062410016 582.454753631773
"582" 0.277777777777778 -1057.14979872946 0.703384418307096 0.18192750753721 534.348777058418
"583" 0.277777777777778 -936.509699085358 0.669025687036815 0.165053993860928 588.438095027953
"584" 0.388888888888889 -632.011497709093 0.788174260956231 0.234872676208535 413.746043313714
"585" 0.277777777777778 -418.779831218476 0.751102697862266 0.203032717525999 459.048132196069
"586" 0.222222222222222 -945.317208088368 0.614365683161651 0.144746508410474 665.991082853009
"587" 0.388888888888889 -543.516838083306 0.762804356317819 0.216811776485229 446.693410146213
"588" 0.388888888888889 -751.853317888985 0.688915913033257 0.171090353777198 557.53760435693
"589" 0.388888888888889 -575.49608356439 0.757568721989685 0.213166947417847 452.598556746682
"590" 0.277777777777778 -657.112065091172 0.752300042651213 0.210624995765643 462.04233766431
"591" 0.388888888888889 -333.851993004235 0.868852435288411 0.329572656745479 287.641574320546
"592" 0.277777777777778 -868.62595416539 0.725035673642404 0.190350753722414 502.671133803786
"593" 0.277777777777778 -1545.83114070229 0.691545847899227 0.173478884138156 564.516929402808
"594" 0.5 -518.312562092589 0.770640675914455 0.220073886892756 434.83442665434
"595" 0.222222222222222 -645.327029890089 0.645023083348372 0.156120537064234 620.398986556404
"596" 0.333333333333333 -1091.52663586538 0.623233850075882 0.152387736218106 660.727569286688
"597" 0.277777777777778 -1640.5751112929 0.595565350014904 0.140044355633331 710.323221497634
"598" 0.333333333333333 -415.960093415214 0.784488306266799 0.227912971737761 413.247454434447
"599" 0.333333333333333 -375.918329678135 0.831924131090897 0.277355136447826 346.371425113454
"600" 0.277777777777778 -389.153381860952 0.775551813582485 0.227067059411861 428.399551411415
"601" 0.388888888888889 -427.997294756069 0.807977005462856 0.255993164688136 380.512312220456
"602" 0.444444444444444 -787.870317444941 0.694162686379077 0.176038624978202 548.903159480728
"603" 0.388888888888889 -1078.86321948037 0.707339404020074 0.185323781286145 529.494802258327
"604" 0.333333333333333 -843.749376733007 0.672354774337784 0.165859981219408 574.420543052093
"605" 0.222222222222222 -1039.23273199938 0.637192289253511 0.154692716554897 637.964770686836
"606" 0.333333333333333 -773.602668586334 0.73691644925182 0.204359289772798 487.780504424265
"607" 0.333333333333333 -685.567421701339 0.731334723718216 0.193321873369734 489.253148822812
"608" 0.277777777777778 -610.168901663986 0.728803526091843 0.189930583972479 495.352558102692
"609" 0.222222222222222 -1029.38926691357 0.53631881538834 0.125323870487561 777.376859120908
"610" 0.333333333333333 -582.613265251732 0.668628564092851 0.166974196246302 584.403675704775
"611" 0.444444444444444 -152.257295881093 0.922454979092023 0.452853767483415 207.8787863662
"612" 0.333333333333333 -1021.26978761614 0.690999178313872 0.172557314335308 551.58547830584
"613" 0.388888888888889 -573.440161254423 0.744910403282048 0.203424045224132 465.898334485339
"614" 0.333333333333333 -822.243803073324 0.635908372283597 0.152733610507492 633.651758009731
"615" 0.444444444444444 -523.978435497579 0.81622669600123 0.263817139501954 366.159381105774
"616" 0.222222222222222 -1285.82325186645 0.578333168126072 0.135074837778124 729.478102463624
"617" 0.222222222222222 -2523.10792163997 0.507337335432604 0.116463302304492 841.832826249907
"618" 0.333333333333333 -740.08674128642 0.648640711392304 0.156346382467388 611.120359550137
"619" 0.388888888888889 -833.280996863679 0.725361561163545 0.196183180232087 494.786573465937
"620" 0.333333333333333 -1058.77025021327 0.596601101394616 0.137997311580418 692.585151736182
"621" 0.388888888888889 -471.113526405015 0.70121332199314 0.180204238711164 533.180106976582
"622" 0.333333333333333 -412.924905281337 0.815792820446628 0.262961338642623 368.160814783862
"623" 0.5 -182.089017449753 0.922871774597638 0.454781471892758 211.570139382617
"624" 0.333333333333333 -823.541541559081 0.654516253414799 0.159723554924335 605.047312846989
"625" 0.388888888888889 -650.771364931436 0.779989340427414 0.228665175459285 423.746211439907
"626" 0.333333333333333 -997.434270500545 0.676882416706219 0.172584639538848 580.947515813145
"627" 0.333333333333333 -664.949998350808 0.75782169538144 0.210771481508917 459.725353643787
"628" 0.333333333333333 -1039.69246224048 0.6376799088495 0.153876268945862 630.027271545353
"629" 0.277777777777778 -936.736539996428 0.629781073419275 0.156487301759624 645.222587571642
"630" 0.277777777777778 -775.540149979103 0.742074962879464 0.199876691579509 483.42243629361
"631" 0.444444444444444 -483.996640247376 0.719844348580172 0.185645207569228 504.436743712565
"632" 0.333333333333333 -818.085328700215 0.767102609496539 0.213977687134355 442.066368588363
"633" 0.333333333333333 -1317.29969498638 0.570856592079103 0.133121802153186 723.513150755013
"634" 0.444444444444444 -297.251838543043 0.90632630266868 0.408147094465234 234.653503013239
"635" 0.5 -470.177292038873 0.832243764660021 0.288003335255334 346.154211638426
"636" 0.222222222222222 -875.285941264828 0.674779123092023 0.170208401687859 579.970045204624
"637" 0.333333333333333 -1179.05190507114 0.684510725347013 0.173022886470735 563.575067310594
"638" 0.222222222222222 -789.173981955997 0.720817310052307 0.189325832660452 518.299536985252
"639" 0.388888888888889 -548.800136776093 0.814122005161972 0.26060531019175 368.458417858277
"640" 0.277777777777778 -1027.60202027625 0.723504271637534 0.188997299399369 506.818231097888
"641" 0.388888888888889 -312.942665806484 0.859781412666485 0.319327463537138 301.432262018439
"642" 0.333333333333333 -976.075798234921 0.633405634438129 0.149302070731037 640.465734074824
"643" 0.277777777777778 -1185.82932932882 0.582411701705644 0.131661218973033 715.974031678983
"644" 0.444444444444444 -502.700640407927 0.762216634046666 0.215585683509652 447.923207739182
"645" 0.333333333333333 -561.385474467179 0.718419088418309 0.192728752253551 510.351213723212
"646" 0.222222222222222 -1134.39277060375 0.583136050526512 0.135413214991659 716.309797812183
"647" 0.388888888888889 -463.71058147997 0.735654515921358 0.19621249502418 484.893293216079
"648" 0.277777777777778 -1097.20415622115 0.605156800668078 0.137395766178904 681.723880569008
"649" 0.277777777777778 -603.350013338712 0.758202935975963 0.208056305157156 452.652491962886
"650" 0.5 -433.465187430085 0.76741321395613 0.221748739712587 443.212356525008
"651" 0.388888888888889 -279.300920381154 0.850954222677949 0.304186152565268 318.314870043797
"652" 0.388888888888889 -176.998371823174 0.939485013201899 0.529034430852067 189.191021563089
"653" 0.222222222222222 -1175.94311088283 0.530755790558103 0.122467582471731 786.754204333969
"654" 0.277777777777778 -564.376054993747 0.758475210146229 0.209476845130001 451.435551352683
"655" 0.333333333333333 -640.262716738112 0.715817538847297 0.185154746925153 516.107361455332
"656" 0.388888888888889 -711.505826699287 0.710145410066468 0.186942336451942 524.570110975439
"657" 0.333333333333333 -820.543814122359 0.726765473057101 0.189929064651342 506.148530607554
"658" 0.388888888888889 -482.498491174676 0.759727342420355 0.211863550709327 445.26705793608
"659" 0.333333333333333 -707.782940759061 0.660296414883932 0.161851866044453 597.124246364366
"660" 0.5 -668.278067144618 0.796393056336706 0.245410300799078 402.086580684595
"661" 0.5 -725.839440866689 0.783746190574027 0.230838691439683 413.840862136218
"662" 0.333333333333333 -819.076882474327 0.723386009689189 0.188135057641744 503.600971238595
"663" 0.444444444444444 -744.596830050792 0.73243028473151 0.198176430087967 495.482020605402
"664" 0.388888888888889 -802.817235592896 0.723178179593098 0.189527479046716 508.480804484501
"665" 0.333333333333333 -634.474620453121 0.760608427704574 0.214394406551135 455.273102203431
"666" 0.277777777777778 -833.195650782189 0.717001128962571 0.185533214533745 518.262391142757
"667" 0.277777777777778 -899.373475847342 0.600870037622964 0.139247421201143 684.228807821963
"668" 0.277777777777778 -766.730715605233 0.691981599181211 0.175727095877691 550.795621347241
"669" 0.277777777777778 -524.988277989061 0.80898335997802 0.259061709844682 382.419893018249
"670" 0.222222222222222 -1110.92575478493 0.569038268464555 0.12996476756995 740.874591267714
"671" 0.444444444444444 -630.773629699496 0.74405623691197 0.20293937645196 477.07967725303
"672" 0.333333333333333 -464.918733543381 0.825782527626368 0.277600599363731 353.910800963454
"673" 0.333333333333333 -608.832459365614 0.831711110615959 0.275959432925801 340.911087990273
"674" 0.333333333333333 -1089.75287923064 0.632115047737604 0.151986200688033 647.695176477241
"675" 0.222222222222222 -993.3206630133 0.641097137505896 0.152484366484208 634.339400482457
"676" 0.444444444444444 -624.055236630823 0.699883757166898 0.177545130532263 540.500734429411
"677" 0.333333333333333 -477.11266935835 0.843855163467294 0.293104051231648 327.097199511528
"678" 0.388888888888889 -792.252204636959 0.74212948032196 0.198867756195998 482.225254423567
"679" 0.333333333333333 -692.022081332961 0.810826677150036 0.251624031974614 371.66981948649
"680" 0.388888888888889 -1226.22475677515 0.666326698808894 0.164081352651972 596.731213389174
"681" 0.333333333333333 -691.383976686739 0.63055350273682 0.148262604542395 630.152399471169
"682" 0.333333333333333 -356.056872923278 0.833373602404919 0.28200889544622 341.743260382093
"683" 0.333333333333333 -407.984807410023 0.877651766736524 0.35167314068628 280.507723477273
"684" 0.388888888888889 -1136.24746387357 0.682297303392816 0.174565242941422 568.160095865326
"685" 0.277777777777778 -1165.32120231125 0.606118383807368 0.142150647802103 671.605972688133
"686" 0.5 -379.768023559603 0.892130921360861 0.377215100982448 256.790858964459
"687" 0.333333333333333 -392.276848907025 0.757670432674468 0.214916116354543 450.367930343165
"688" 0.388888888888889 -397.950040458127 0.821052150582091 0.271234891122144 359.711516550463
"689" 0.333333333333333 -673.700313543379 0.772565718056735 0.220046522836316 437.690865482041
"690" 0.388888888888889 -1092.68402281631 0.613060992397523 0.142779046166191 671.163131609024
"691" 0.444444444444444 -526.699004796013 0.819801069778715 0.263437247877451 361.977115224558
"692" 0.277777777777778 -947.801895344437 0.713383772209589 0.191452236396641 520.797671583015
"693" 0.388888888888889 -245.053523721497 0.910876333914082 0.421416708726198 226.317083973158
"694" 0.333333333333333 -788.633992318917 0.636106315715977 0.154054732400547 628.047333952598
"695" 0.333333333333333 -382.673402562055 0.828516192024709 0.27829317507641 345.548852876062
"696" 0.5 -383.138622356328 0.857217756329106 0.309170328662289 306.863923941832
"697" 0.388888888888889 -479.139282331496 0.847124335962571 0.293750819035132 323.163360834867
"698" 0.388888888888889 -790.700975810061 0.669149835924051 0.170848687824002 586.146043316089
"699" 0.388888888888889 -735.463628333519 0.727213936101283 0.195751727332841 499.335887031304
"700" 0.333333333333333 -564.18679544877 0.767016082293904 0.217406260523781 438.441338737379
"701" 0.166666666666667 -1055.67901390565 0.593525232761963 0.137798586844164 698.35918947435
"702" 0.388888888888889 -492.423432844476 0.705036477709033 0.179387596587481 534.828974526958
"703" 0.5 -168.627649540248 0.954985747736705 0.600489168053198 167.17685685975
"704" 0.388888888888889 -777.218394129921 0.70706814718052 0.187956186089385 531.259512828803
"705" 0.388888888888889 -477.186256169946 0.711702943248528 0.194257834458183 519.886836675578
"706" 0.444444444444444 -1344.51034633216 0.719666134312668 0.189021099190013 518.274054311169
"707" 0.444444444444444 -319.664147776193 0.792577929627178 0.245391408359467 399.870923893386
"708" 0.388888888888889 -423.588243531025 0.890632801762168 0.372366281818348 260.963977089734
"709" 0.388888888888889 -529.610292715101 0.779289608431398 0.237519111269108 422.503190020029
"710" 0.333333333333333 -622.074127989018 0.836416100609159 0.275109918645555 339.611391216819
"711" 0.333333333333333 -658.786293322627 0.724276011456424 0.188620460310722 500.52481414401
"712" 0.388888888888889 -799.440918554389 0.66493885939787 0.162567718472249 591.994599184627
"713" 0.222222222222222 -975.77351955072 0.724333158007952 0.189667956646284 506.352058219467
"714" 0.333333333333333 -560.758823121329 0.741487493210472 0.207049218178399 483.251063378365
"715" 0.277777777777778 -465.798322814 0.769341938608404 0.222490203086378 434.024417304364
"716" 0.333333333333333 -424.796699129259 0.786323297117119 0.231353633991234 411.310181843024
"717" 0.5 -1036.89716341412 0.740966848478707 0.207849278967389 485.207816008036
"718" 0.277777777777778 -1467.32153724005 0.592277811553648 0.136199775389873 696.162515648804
"719" 0.388888888888889 -779.781890762128 0.748690205600023 0.210112274313646 468.709631261812
"720" 0.388888888888889 -548.811042990089 0.833296490726622 0.28983282285318 349.856409505475
"721" 0.333333333333333 -660.610096700973 0.658240764929624 0.159484467549537 599.640037717717
"722" 0.388888888888889 -279.061809869946 0.840491669080921 0.289132597395983 328.755436456134
"723" 0.444444444444444 -612.836823950122 0.846624421946396 0.296517338222562 323.042581978999
"724" 0.333333333333333 -611.206970411373 0.783394306434511 0.234540465282844 417.86123863426
"725" 0.444444444444444 -303.338130250709 0.906125611423263 0.403810454006448 233.409115530364
"726" 0.388888888888889 -249.977784636027 0.901804745407257 0.394534501117086 241.453616260621
"727" 0.277777777777778 -539.435569996791 0.818338045102644 0.265871422201056 370.854489090317
"728" 0.388888888888889 -556.354976223166 0.754908508410926 0.208143719895647 459.778238423634
"729" 0.333333333333333 -991.973762984617 0.729437004409342 0.189547375546993 498.23071295484
"730" 0.388888888888889 -1151.2068478436 0.684349752136344 0.167473185115549 562.221703301044
"731" 0.277777777777778 -513.670636109117 0.780500703996792 0.229535606896042 418.153838253161
"732" 0.388888888888889 -861.85535893639 0.658800248686608 0.165104337381832 596.232365889964
"733" 0.388888888888889 -475.406611506907 0.823120143149782 0.26593918333659 354.295596075547
"734" 0.222222222222222 -845.578563523071 0.57239768361162 0.129327436970485 729.824696223205
"735" 0.5 -250.160020061408 0.896737453796439 0.392384732136052 249.703241801006
"736" 0.388888888888889 -417.997251980398 0.784353164665479 0.234059216645811 417.637264460628
"737" 0.333333333333333 -516.844185053728 0.796363856755538 0.250629734902368 401.769119450962
"738" 0.166666666666667 -1286.04973067457 0.46962797591846 0.109203788279236 883.53891142665
"739" 0.5 -580.536630839442 0.770679318285243 0.222928930124031 431.944818650931
"740" 0.444444444444444 -924.860106317557 0.674931026657802 0.169435440913045 576.04230004265
"741" 0.333333333333333 -709.092849177371 0.669578409947576 0.165107915954215 577.659037075099
"742" 0.5 -131.859807081405 0.938559443127379 0.512368812053864 188.616502329963
"743" 0.222222222222222 -484.292346444683 0.855335715566114 0.314111850775828 313.832317963732
"744" 0.333333333333333 -442.968254716653 0.744690630165713 0.200772950107977 470.779026137479
"745" 0.333333333333333 -842.976905122166 0.736054727835014 0.205277250380026 494.856985338638
"746" 0.277777777777778 -986.088095013159 0.672607618729123 0.166169678303474 580.744203729276
"747" 0.388888888888889 -452.806765031108 0.843987614268959 0.289510420007573 324.922607676219
"748" 0.333333333333333 -852.879571507689 0.640003148057107 0.158979235945085 632.41902382914
"749" 0.388888888888889 -496.135029728419 0.703006121608925 0.186470156501096 533.514110692684
"750" 0.277777777777778 -860.545159323171 0.652930022156621 0.158149416980492 617.444449314894
"751" 0.444444444444444 -781.583264759638 0.688605060167811 0.174699810751385 556.559165393445
"752" 0.333333333333333 -563.500766884296 0.746035551647077 0.204969784250466 471.03175767241
"753" 0.444444444444444 -390.637154456306 0.762123482449357 0.215356778241408 448.469923933013
"754" 0.277777777777778 -419.355125094783 0.844148610991401 0.297049796088965 328.99523688925
"755" 0.277777777777778 -1044.83491544371 0.575634558344275 0.132870557834458 710.655022984161
"756" 0.277777777777778 -1316.21024115227 0.54880928887295 0.125947936819018 766.343554497371
"757" 0.277777777777778 -576.49762610832 0.799333427445422 0.246939720975474 397.367632467882
"758" 0.277777777777778 -906.313258027486 0.647178692855451 0.155983123519541 614.826045743632
"759" 0.444444444444444 -406.357422597203 0.840379807797726 0.288638732587916 338.049619852495
"760" 0.388888888888889 -893.616323154018 0.67598375303134 0.170526322389794 578.672184967087
"761" 0.277777777777778 -497.13587979537 0.726640404322203 0.195337469868304 497.929427948408
"762" 0.277777777777778 -680.582620445502 0.796300840741857 0.248805631785241 400.403126629419
"763" 0.444444444444444 -546.196764150298 0.828837272365126 0.279258677643267 351.549983807583
"764" 0.388888888888889 -875.112459962273 0.731757635506077 0.200398476255455 495.198880432057
"765" 0.333333333333333 -543.486511899216 0.783499004305988 0.226413334933879 413.373453022074
"766" 0.444444444444444 -464.340293794408 0.790424178209139 0.237515961605333 406.620481759449
"767" 0.333333333333333 -832.977582572959 0.746594935020666 0.211867167997976 471.808955997438
"768" 0.277777777777778 -971.814497322489 0.57180495718359 0.130189441258993 726.262946971226
"769" 0.444444444444444 -798.836299100282 0.691498751407364 0.17528343919654 546.858613630617
"770" 0.333333333333333 -1212.33456614734 0.607224708746723 0.141013439842596 675.821408013697
"771" 0.388888888888889 -1335.49647320773 0.744152251896789 0.208746601385365 484.32273835761
"772" 0.388888888888889 -437.724395704082 0.75349051947609 0.21061971420285 460.798093871563
"773" 0.444444444444444 -777.218124462116 0.769375460941863 0.222096783373101 443.090119628585
"774" 0.388888888888889 -1197.46722235043 0.639113660280301 0.152416586273279 635.849825475109
"775" 0.333333333333333 -1064.39608837828 0.653246506962777 0.1569074475461 619.212312503858
"776" 0.333333333333333 -971.188755766353 0.728687365860334 0.193622428845791 499.41899780042
"777" 0.388888888888889 -352.73344612766 0.868079621587681 0.328873593406223 292.118386689574
"778" 0.388888888888889 -701.459588563235 0.74710364278929 0.20857972299736 477.403526719334
"779" 0.222222222222222 -589.039729399573 0.675078853926673 0.168507211949006 578.216184689873
"780" 0.388888888888889 -314.690366532659 0.859628002631129 0.31825758986787 302.419258320192
"781" 0.333333333333333 -703.351917051739 0.777199728816973 0.225447179912094 431.778477589576
"782" 0.444444444444444 -557.845689985409 0.729425540076789 0.196954932122695 493.515770822042
"783" 0.388888888888889 -651.174047881138 0.740481200452779 0.197528075409789 479.820202767151
"784" 0.388888888888889 -671.168649772894 0.690652638240011 0.175879021044525 550.504028867302
"785" 0.277777777777778 -1559.77665151545 0.566679348603232 0.127620972929502 745.872199312551
"786" 0.388888888888889 -725.016256648584 0.708713639742666 0.183784174505473 529.004426210723
"787" 0.333333333333333 -633.568525232484 0.767082415293078 0.216574168127167 443.272749522049
"788" 0.333333333333333 -774.392428159757 0.720254643677251 0.187076705813286 509.348511308688
"789" 0.333333333333333 -736.773211138507 0.677074037928585 0.166579494415804 573.561710914108
"790" 0.388888888888889 -937.850665487179 0.683967481949553 0.170334784837173 565.991789079271
"791" 0.166666666666667 -1445.96662045936 0.491083477789201 0.119090378041818 842.23086937482
"792" 0.444444444444444 -548.149788672047 0.754079009482306 0.209986820135223 462.142874010908
"793" 0.444444444444444 -663.515408726966 0.694566085672679 0.173394144038103 544.083628874971
"794" 0.277777777777778 -660.375131747983 0.792216543778316 0.239676608320335 406.782802984188
"795" 0.333333333333333 -1104.40796170468 0.647708785956678 0.159637162639934 621.834910399932
"796" 0.333333333333333 -745.09168720322 0.731564024735864 0.19779532438022 499.273718125792
"797" 0.277777777777778 -878.190084547725 0.592282005442705 0.137785470960803 695.144677534909
"798" 0.333333333333333 -362.663174281297 0.846125594265496 0.303476969283282 323.259691398428
"799" 0.388888888888889 -246.223409452244 0.89822368167633 0.388793262828636 245.471036767983
"800" 0.222222222222222 -964.399779673302 0.630640257507416 0.149900914171417 645.18016946835
"801" 0.333333333333333 -578.34152752461 0.767684718862045 0.223019507319868 442.949392793095
"802" 0.333333333333333 -1018.49067468641 0.717786786897945 0.185052025841835 516.309694747324
"803" 0.388888888888889 -1085.37300227385 0.7030579177812 0.177094072018554 543.409156931564
"804" 0.333333333333333 -761.912368668015 0.68581920819754 0.173713238123282 557.364808843471
"805" 0.277777777777778 -1981.25068291676 0.533146385092446 0.124925484088248 804.98875683886
"806" 0.222222222222222 -763.205445468514 0.607779848733772 0.14425251895681 671.954159247503
"807" 0.388888888888889 -694.407012559225 0.709703714821544 0.186924390805008 525.196748298383
"808" 0.444444444444444 -478.713773920187 0.710422106735641 0.186370823796738 523.039655218995
"809" 0.388888888888889 -472.16091554553 0.823469680250531 0.274934847830755 362.948192939116
"810" 0.388888888888889 -617.816940192505 0.726305070933371 0.194729049638988 501.958560562297
"811" 0.333333333333333 -1471.84576493832 0.678367854549594 0.167249560600268 576.674308702001
"812" 0.277777777777778 -871.292437147241 0.604227397683583 0.142267468283714 675.739851231477
"813" 0.388888888888889 -522.862475742235 0.752134047120833 0.216850037148623 463.226213356969
"814" 0.277777777777778 -883.481810523203 0.652538713003586 0.159998325195189 606.546818817034
"815" 0.277777777777778 -676.443932765265 0.628199039731691 0.151307659357332 638.248446338694
"816" 0.333333333333333 -1049.07643791961 0.602109478373549 0.142664015356467 680.885742665688
"817" 0.333333333333333 -835.291802405142 0.618316054311246 0.148103782559081 656.989883334772
"818" 0.333333333333333 -761.614726583511 0.744271223692334 0.204765456776957 470.727529054228
"819" 0.388888888888889 -450.733553947804 0.823349927762561 0.267445162628575 355.336404447444
"820" 0.222222222222222 -612.352445356548 0.728275773260899 0.193384030039015 497.255619002204
"821" 0.388888888888889 -1158.20923019369 0.634936842255313 0.155579934892691 640.547566059115
"822" 0.388888888888889 -789.351596174111 0.634763651506207 0.150740542600546 629.216804040689
"823" 0.333333333333333 -517.031064416201 0.72920354989513 0.193000695581197 489.828090774943
"824" 0.388888888888889 -652.635048093532 0.731106612788333 0.195282609379738 490.087863772106
"825" 0.333333333333333 -573.278681799118 0.73501705674718 0.201247763380152 491.259155103099
"826" 0.277777777777778 -854.062182335357 0.770954882503091 0.225055619709781 441.56079767677
"827" 0.277777777777778 -973.047185785948 0.604363990418074 0.139934628357066 685.04628637156
"828" 0.333333333333333 -1709.45459057076 0.575351757157434 0.137433016007547 728.115884964215
"829" 0.444444444444444 -734.427236107556 0.684756460479592 0.170396247999933 569.523141279398
"830" 0.277777777777778 -764.340398496187 0.639287199189003 0.151128893705458 630.268509530905
"831" 0.388888888888889 -759.767658118453 0.707032554059521 0.185095969870563 529.504970921227
"832" 0.277777777777778 -872.866579606599 0.612417904361971 0.143808687336661 664.683638968505
"833" 0.333333333333333 -483.220173492648 0.777826968476811 0.224579701438025 422.46772957982
"834" 0.333333333333333 -640.967353972311 0.71114887500178 0.183362208560516 525.626627909881
"835" 0.222222222222222 -786.696333031872 0.704172168455511 0.180143786036464 535.784704367514
"836" 0.388888888888889 -622.321486078675 0.682288578321573 0.170580187857111 563.470365937287
"837" 0.333333333333333 -552.16496349989 0.775393337434979 0.22633677136737 430.09549784218
"838" 0.277777777777778 -665.83027792506 0.656200753422119 0.162964094005055 602.98250098573
"839" 0.388888888888889 -522.517251004916 0.83662497584966 0.279151552726877 339.107164800353
"840" 0.388888888888889 -745.787988775235 0.707703799573296 0.182260031062698 531.431490752986
"841" 0.222222222222222 -1098.00762994484 0.583492047805685 0.138977736803068 711.450348199485
"842" 0.333333333333333 -385.326641569791 0.840014673080798 0.292000922821111 334.52187946823
"843" 0.222222222222222 -718.241686141372 0.765431195395533 0.222121057437309 444.707856049109
"844" 0.388888888888889 -635.597339529673 0.720217793524837 0.185427768889279 509.33373966068
"845" 0.333333333333333 -905.210624113218 0.703451407778741 0.184051319539058 542.895849868399
"846" 0.277777777777778 -618.887475621881 0.783699179185748 0.233617060041948 417.712421485828
"847" 0.5 -509.752285844753 0.749721723358352 0.208251485111044 468.647515366972
"848" 0.388888888888889 -973.066718367646 0.638515267754238 0.151587936488726 630.41716294724
"849" 0.333333333333333 -591.811795675706 0.785206137095274 0.233057440502017 416.547813669615
"850" 0.222222222222222 -882.03473687182 0.694368925526003 0.182029190466641 549.70934071634
"851" 0.333333333333333 -527.731588600787 0.701586546009357 0.176141739272163 533.671758166957
"852" 0.388888888888889 -549.306171727651 0.699907827863279 0.176516525884658 537.688762446586
"853" 0.277777777777778 -1482.45441664023 0.605552592482927 0.14225916045793 684.667492467188
"854" 0.444444444444444 -280.335824093235 0.876482285163026 0.350270722615301 280.780297528952
"855" 0.388888888888889 -1137.53937088389 0.671043118869148 0.163934728458958 583.755738577922
"856" 0.444444444444444 -1288.43241437071 0.652796296627846 0.160800946570696 614.339834459429
"857" 0.333333333333333 -688.060430390106 0.69745858411786 0.172487429152536 541.415487414249
"858" 0.388888888888889 -815.574215998877 0.707822546417453 0.182798810718785 527.785266086715
"859" 0.222222222222222 -740.036716608111 0.646678548532254 0.159060192839644 621.217229040572
"860" 0.388888888888889 -1222.39776037211 0.747138643675256 0.200402858733592 470.804537095921
"861" 0.277777777777778 -1028.18311604422 0.587637669793953 0.138089628609462 707.117799127707
"862" 0.333333333333333 -1145.92855008 0.663628450164449 0.165902066480623 596.613166008797
"863" 0.388888888888889 -726.930809244068 0.755623140137774 0.21414678859235 461.865206899308
"864" 0.388888888888889 -438.473416898263 0.762208709333708 0.212256348457619 444.404870720231
"865" 0.388888888888889 -453.222399338917 0.80771770043995 0.254023095090522 382.394434945611
"866" 0.388888888888889 -362.853205587134 0.936498457963483 0.501592527273614 191.884804890212
"867" 0.444444444444444 -608.526213491719 0.712763305121863 0.18945176921281 518.388417509547
"868" 0.333333333333333 -325.516247180183 0.863046396434325 0.325395483610045 298.212749587675
"869" 0.333333333333333 -1049.56034774837 0.686125356061728 0.171553107344559 571.180661565741
"870" 0.277777777777778 -801.331992752066 0.757119913779938 0.214889318753597 455.512853911473
"871" 0.333333333333333 -1137.11396975013 0.585210876059381 0.135690651362537 715.030144961993
"872" 0.444444444444444 -624.449482919887 0.64059407793224 0.151981551080631 624.019461096916
"873" 0.222222222222222 -923.758872500988 0.725909531475426 0.191056976008206 503.590900154412
"874" 0.111111111111111 -1453.94637310886 0.477891377557963 0.109920737871813 866.17823021675
"875" 0.5 -825.150243195568 0.810045007659085 0.257027086334078 378.007991308044
"876" 0.277777777777778 -561.063132026595 0.772836493182528 0.219988425801715 429.282509606262
"877" 0.5 -557.853186195788 0.713496767820669 0.189753456768578 516.179679764761
"878" 0.277777777777778 -430.120193310523 0.858678165274728 0.315131934581601 307.148315076623
"879" 0.5 -443.91569075025 0.757169516421552 0.214620130576932 454.459879582888
"880" 0.388888888888889 -885.890044999942 0.814877155206059 0.260618627845903 379.008564856951
"881" 0.333333333333333 -581.677585023216 0.732327482473903 0.194067397237028 493.133552853554
"882" 0.277777777777778 -567.074957067454 0.762995280819718 0.217067326973886 445.16350732306
"883" 0.277777777777778 -1858.74081032182 0.564779883523469 0.127875746693457 750.338307361631
"884" 0.277777777777778 -704.870329580142 0.697387186815942 0.180548054356331 549.523043733928
"885" 0.388888888888889 -612.084406093673 0.77596858314492 0.22088970096424 428.043539114553
"886" 0.444444444444444 -539.08284512097 0.826980873454189 0.27616839446953 354.950483940286
"887" 0.333333333333333 -429.680661589006 0.803623765251634 0.247009517899034 382.655474286387
"888" 0.555555555555556 -571.221642081054 0.799106406526942 0.242880204555948 394.583640781161
"889" 0.444444444444444 -1001.04613227102 0.729292195924624 0.191798274699032 504.385744917905
"890" 0.388888888888889 -561.676363078636 0.816802038441007 0.271601539882139 372.348289972567
"891" 0.333333333333333 -905.389686404433 0.727384123035803 0.196639566505383 500.156300869328
"892" 0.388888888888889 -815.60661364727 0.760884932820999 0.216692698016919 457.082265256485
"893" 0.333333333333333 -836.17635720652 0.639834220582 0.15822682986956 637.929959736788
"894" 0.333333333333333 -812.956805465999 0.665836772800659 0.160869341846054 585.759325350542
"895" 0.166666666666667 -760.562888068336 0.612967793487962 0.1470171948718 663.967448053742
"896" 0.277777777777778 -1074.59860731219 0.604659905305527 0.144488017954142 689.746825173707
"897" 0.444444444444444 -514.117406667313 0.758654741216044 0.216432374315902 457.568358593085
"898" 0.333333333333333 -736.181369637922 0.690428487988286 0.171374260763409 553.844526156178
"899" 0.5 -159.005417168956 0.94646730895598 0.544149614167033 174.30768268581
"900" 0.388888888888889 -760.118859852794 0.802325504279089 0.257602004438582 393.219699402479
"901" 0.388888888888889 -707.489525613719 0.665211424220939 0.165361972318855 586.387360025453
"902" 0.277777777777778 -923.544269497122 0.652972850182885 0.157688791752931 619.946814193903
"903" 0.222222222222222 -696.381494433161 0.730587626734935 0.192680961478955 499.581945377123
"904" 0.388888888888889 -773.271398120699 0.742930470279143 0.208047093499668 469.60136448592
"905" 0.277777777777778 -630.621896891105 0.762350098070991 0.211860363539478 442.618908710987
"906" 0.444444444444444 -634.819148529538 0.789750510758892 0.239440602396517 407.080195718678
"907" 0.333333333333333 -1480.54942724629 0.664166822770186 0.161090059541951 600.820833682083
"908" 0.333333333333333 -935.820964693003 0.631151286260783 0.149920379987769 637.094083146751
"909" 0.5 -858.832023082111 0.734393698704564 0.201248176796924 488.216363425739
"910" 0.333333333333333 -591.576748248977 0.779138539485337 0.226393017814781 420.004581912048
"911" 0.388888888888889 -917.096160869528 0.643839706715912 0.153511817473553 619.78907305873
"912" 0.333333333333333 -736.566558813157 0.721700770421886 0.193141695400348 512.322642341349
"913" 0.388888888888889 -1483.10948381544 0.636303438084025 0.15221881552043 633.955488242442
"914" 0.388888888888889 -722.566155948979 0.674393390301163 0.169241764855201 582.415771494363
"915" 0.388888888888889 -813.853598020805 0.728938497898809 0.188135782622163 495.151255526161
"916" 0.277777777777778 -614.163225184135 0.742101081289885 0.207883485622831 477.82465891093
"917" 0.277777777777778 -961.17839614192 0.661940549661377 0.160076138714388 599.598841180722
"918" 0.388888888888889 -702.362586502548 0.787450885483566 0.232261666816366 413.65269960945
"919" 0.333333333333333 -1129.84546553108 0.654980304130976 0.161099010404391 610.109294944932
"920" 0.388888888888889 -739.833465428061 0.684762000001844 0.172401219551566 557.450903510861
"921" 0.333333333333333 -1044.21661857469 0.646636966911712 0.155401806406478 617.798918723944
"922" 0.333333333333333 -606.233909486406 0.689463056325819 0.173608210614643 551.210696728854
"923" 0.333333333333333 -653.499146237441 0.759789071590897 0.214843420675098 450.257778545911
"924" 0.277777777777778 -178.739271165634 0.887168614545586 0.372001831883042 264.072871812503
"925" 0.388888888888889 -338.815718023657 0.821723239777486 0.260677333200421 357.447522882721
"926" 0.333333333333333 -287.614089648483 0.877294032165873 0.350864641225339 278.901588171953
"927" 0.388888888888889 -754.806311975958 0.706311792636432 0.184080641788504 530.446673861239
"928" 0.388888888888889 -719.212996099444 0.693986683302295 0.17702989058446 548.907055644621
"929" 0.444444444444444 -839.594959490771 0.671974194014002 0.16418784522505 578.631014929735
"930" 0.388888888888889 -611.213684923889 0.769843073012904 0.218998597475561 437.523025255045
"931" 0.277777777777778 -847.218613622753 0.666737374403582 0.169216646555651 594.238822675426
"932" 0.388888888888889 -754.216992506827 0.649218594878878 0.15921587738651 621.561484727403
"933" 0.333333333333333 -697.232413057679 0.667160440086626 0.162092888446665 581.96552234611
"934" 0.388888888888889 -870.546396049279 0.722160118398667 0.187353558880756 508.308343820507
"935" 0.166666666666667 -1090.3057618317 0.563718694963584 0.129654531515435 754.470666824072
"936" 0.333333333333333 -1125.30872746384 0.643997034287096 0.156222774293671 622.71980818552
"937" 0.388888888888889 -665.63222127672 0.775730107756134 0.22764763649152 430.644920825143
"938" 0.388888888888889 -464.561036001124 0.807768948757764 0.253591929828149 378.981362534594
"939" 0.388888888888889 -336.056012876447 0.866279219784766 0.330721559378026 296.523096316284
"940" 0.333333333333333 -472.054641852731 0.7851163575023 0.227004390472907 412.833426352078
"941" 0.444444444444444 -423.559379418957 0.81267171326073 0.263004111222018 371.01340448847
"942" 0.388888888888889 -402.230828513831 0.814839010282313 0.261926184077414 367.772783910367
"943" 0.333333333333333 -715.400750702816 0.703639269543795 0.178070073669551 535.176776813949
"944" 0.388888888888889 -624.081362298507 0.742681284626469 0.208131162986706 478.963886310905
"945" 0.388888888888889 -603.923007582993 0.839885415271125 0.290691694274331 333.646937720035
"946" 0.388888888888889 -907.197463511968 0.680219159996591 0.172084801512823 577.421536240983
"947" 0.388888888888889 -622.505596999488 0.758893648567265 0.209126187868011 454.692487593554
"948" 0.333333333333333 -786.905700572254 0.795143874681146 0.240257260961904 398.417360805976
"949" 0.333333333333333 -386.683701194436 0.859042192057978 0.327158064295618 310.889657024574
"950" 0.444444444444444 -620.453499124371 0.694753122262948 0.175777739371106 540.093108983431
"951" 0.388888888888889 -231.893923741372 0.915379622572474 0.428595789815504 221.511535266996
"952" 0.388888888888889 -2272.27501169254 0.625435564264068 0.145021645060684 663.042283782177
"953" 0.333333333333333 -398.311985476342 0.757717567237455 0.213101388450806 453.301851954334
"954" 0.277777777777778 -597.002034181422 0.730664677290851 0.203808337520252 499.15624291352
"955" 0.333333333333333 -434.930076820094 0.860544694406518 0.328354122859522 307.570987321367
"956" 0.388888888888889 -635.558736038118 0.735873063614499 0.198727780427311 484.423177352175
"957" 0.277777777777778 -566.517680041678 0.763021532254926 0.224523606867609 446.384449639916
"958" 0.277777777777778 -775.510203744203 0.606842805396039 0.139501455793267 681.164097729605
"959" 0.388888888888889 -316.658413265965 0.860355770471453 0.321206686904578 304.438321008464
"960" 0.333333333333333 -992.139204859495 0.642851292351441 0.153979556498568 630.817338752747
"961" 0.388888888888889 -381.081290353076 0.840484320044835 0.294021049092091 332.509150367416
"962" 0.333333333333333 -656.557645422298 0.749729954350737 0.212795147944442 466.933610476414
"963" 0.333333333333333 -694.995923443337 0.774258857740094 0.225679148384151 432.881234595762
"964" 0.333333333333333 -574.534179469347 0.765807426420405 0.221863741410388 448.308886171971
"965" 0.277777777777778 -845.636874837097 0.585043646105052 0.136427246183055 699.905233276961
"966" 0.388888888888889 -633.058546691216 0.695279212634868 0.176069390467831 545.899343880313
"967" 0.333333333333333 -948.591145620923 0.68825013921466 0.173788691196221 551.520493276604
"968" 0.277777777777778 -912.121427230174 0.758388759359758 0.213591450929051 449.551016774774
"969" 0.444444444444444 -830.863916849722 0.758877391885188 0.217326128868495 454.242467255681
"970" 0.388888888888889 -601.972534815167 0.707234520851843 0.17983713712591 529.294887981378
"971" 0.222222222222222 -695.963575668975 0.736387820619002 0.202588900581662 484.652536661085
"972" 0.444444444444444 -683.360148687069 0.790972024241963 0.234983756045033 407.1799114455
"973" 0.277777777777778 -262.650880043827 0.884392774280142 0.356410162278225 266.63164516734
"974" 0.333333333333333 -933.71505496172 0.801517457192968 0.24529071733697 388.49444606211
"975" 0.388888888888889 -514.791383693472 0.7528319196936 0.212395947216369 462.815960565629
"976" 0.388888888888889 -792.972014274327 0.763270357803393 0.215215728431619 449.121389502264
"977" 0.222222222222222 -972.194178638598 0.621643274793829 0.145512617214668 654.494989451859
"978" 0.388888888888889 -495.974964334332 0.761276212785531 0.218955701582456 446.885033999733
"979" 0.388888888888889 -1010.91771754502 0.692111204511218 0.173072368414128 548.502200164855
"980" 0.388888888888889 -596.59815557191 0.800348234616174 0.24650863204601 393.482910299511
"981" 0.388888888888889 -492.910604931339 0.818990895567419 0.260339143613864 360.676446935185
"982" 0.388888888888889 -563.854719076367 0.816654332429382 0.267827679052932 372.34318994435
"983" 0.388888888888889 -272.191003713381 0.905430360443887 0.415664699033707 239.102147223684
"984" 0.388888888888889 -355.266613896448 0.872669988657818 0.348746005226075 285.41300268271
"985" 0.277777777777778 -955.936779846337 0.707072434081201 0.188995089712479 534.704421444982
"986" 0.388888888888889 -476.930125905943 0.819120539638399 0.261219403715417 365.908700379566
"987" 0.444444444444444 -737.356200441629 0.805649208808586 0.252259607287482 387.141800950258
"988" 0.5 -573.501648357074 0.725412593002716 0.193852008987405 500.974235546915
"989" 0.388888888888889 -543.370900080513 0.799562924137215 0.251629207395631 398.956405793689
"990" 0.333333333333333 -873.811384268798 0.793278543359621 0.238717121391753 401.093270770088
"991" 0.222222222222222 -751.469969201641 0.566207598930539 0.136744168979486 731.07784676333
"992" 0.277777777777778 -982.735022097748 0.689799812799381 0.178184086648086 562.463462959509
"993" 0.388888888888889 -475.311180510096 0.691161861789254 0.173294870473879 547.371812197729
"994" 0.555555555555556 -609.552876789147 0.777218216036744 0.228469603904884 426.371115921275
"995" 0.388888888888889 -465.128233124631 0.738647923652284 0.199117473126354 481.26803139993
"996" 0.277777777777778 -1148.99137504189 0.613394280856225 0.14345702383197 669.477405662485
"997" 0.444444444444444 -232.948808515714 0.929727039363924 0.479574641309783 201.029371764744
"998" 0.444444444444444 -217.057949232872 0.94942636606318 0.566714501078323 173.654671596899
"999" 0.444444444444444 -837.446898114517 0.67800334802057 0.169550019730862 573.510379127553
"1000" 0.444444444444444 -377.227821144488 0.851316662844734 0.314440176385383 317.388268520008
