"SRL" "MIG" "GMax" "GMin" "SCI" "RCI" "GER" "MSM*"
"1" 146.27 252.3 444.45 80 0.6 -72.4892322417447 0.527232816572918 0.317082837891399
"2" 146.27 179.25 444.45 80 0.7 -22.5473439529637 0.727671834270819 0.446304044630404
"3" 146.27 330.3 444.45 80 0.8 -125.815273125043 0.313211688846207 0.242204056917953
"4" 146.27 243.4 444.45 80 0.7 -66.4045942435222 0.551653176018658 0.328677074774034
"5" 146.27 235.5 444.45 80 0.7 -61.0036234361113 0.573329674852517 0.339702760084926
"6" 146.27 243.95 444.45 80 0.6 -66.7806111984685 0.550144052682124 0.327936052469768
"7" 146.27 282.45 444.45 80 0.7 -93.1017980447118 0.444505419124709 0.283235970968313
"8" 146.27 382.7 444.45 80 0.8 -161.639433923566 0.169433392783647 0.209041024301019
"9" 146.27 382.7 444.45 80 0.8 -161.639433923566 0.169433392783647 0.209041024301019
"10" 146.27 187.65 444.45 80 0.7 -28.2901483557804 0.704623405131019 0.426325606181721
"11" 146.27 166.25 444.45 80 0.7 -13.659670472414 0.763342022225271 0.481203007518797
"12" 146.27 367.9 444.45 80 0.8 -151.521159499556 0.210042529839484 0.217450394128839
"13" 146.27 203.85 444.45 80 0.6 -39.3655568469269 0.660172863218548 0.392445425558008
"14" 146.27 224.2 444.45 80 0.5 -53.2781841799412 0.604335299766772 0.356824264049955
"15" 146.27 306.6 444.45 80 0.7 -109.61236070281 0.378241185347784 0.260926288323549
"16" 146.27 252.85 444.45 80 0.7 -72.865249196691 0.525723693236384 0.316393118449674
"17" 146.27 344.2 444.45 80 0.7 -135.318247077323 0.275072026341062 0.232423009877978
"18" 146.27 204.3 444.45 80 0.7 -39.6732070827921 0.658938125943202 0.391581008321096
"19" 146.27 268.55 444.45 80 0.8 -83.5988240924318 0.482645081629853 0.29789610873208
"20" 146.27 329.85 444.45 80 0.7 -125.507622889177 0.314446426121553 0.242534485372139
"21" 146.27 220.7 444.45 80 0.7 -50.8853490121009 0.613938811908355 0.362483008608971
"22" 146.27 330.3 444.45 80 0.8 -125.815273125043 0.313211688846207 0.242204056917953
"23" 146.27 161.85 444.45 80 0.6 -10.6515348328434 0.775415008917547 0.494284831634229
"24" 146.27 335.3 444.45 80 0.8 -129.2336090791 0.299492385786802 0.238592305398151
"25" 146.27 376.25 444.45 80 0.9 -157.229780542832 0.187131293730278 0.212624584717608
"26" 146.27 367.9 444.45 80 0.8 -151.521159499556 0.210042529839484 0.217450394128839
"27" 146.27 201.4 444.45 80 0.6 -37.6905722294387 0.666895321717657 0.397219463753724
"28" 146.27 272.5 444.45 80 0.6 -86.2993094961372 0.471806832212924 0.293577981651376
"29" 146.27 320.95 444.45 80 0.8 -119.422984890955 0.338866785567293 0.24926000934725
"30" 146.27 215.3 444.45 80 0.6 -47.1935461817187 0.628755659212512 0.371574547143521
"31" 146.27 296.2 444.45 80 0.8 -102.50222191837 0.406777335711346 0.270087778528022
"32" 146.27 310.55 444.45 80 0.6 -112.312846106515 0.367402935930855 0.257607470616648
"33" 146.27 344.65 444.45 80 0.7 -135.625897313188 0.273837289065715 0.232119541563905
"34" 146.27 330.3 444.45 80 0.9 -125.815273125043 0.313211688846207 0.242204056917953
"35" 146.27 333.8 444.45 80 0.7 -128.208108292883 0.303608176704623 0.239664469742361
"36" 146.27 193 444.45 80 0.7 -31.947767826622 0.689943750857456 0.414507772020725
"37" 146.27 185.6 444.45 80 0.7 -26.8886306146168 0.710248319385375 0.431034482758621
"38" 146.27 231.95 444.45 80 0.7 -58.5766049087304 0.583070380024695 0.344901918516922
"39" 146.27 372.3 444.45 80 0.8 -154.529295139126 0.197969543147208 0.21488047273704
"40" 146.27 376.25 444.45 80 0.9 -157.229780542832 0.187131293730278 0.212624584717608
"41" 146.27 294.75 444.45 80 0.8 -101.510904491693 0.410755933598573 0.271416454622561
"42" 146.27 221.15 444.45 80 0.8 -51.1929992479661 0.612704074633009 0.361745421659507
"43" 146.27 368.35 444.45 80 0.8 -151.828809735421 0.208807792564138 0.21718474277182
"44" 146.27 296.2 444.45 80 0.7 -102.50222191837 0.406777335711346 0.270087778528022
"45" 146.27 267.2 444.45 80 0.7 -82.6758733848362 0.486349293455893 0.29940119760479
"46" 146.27 199.45 444.45 80 0.5 -36.3574212073562 0.672245849910825 0.40110303334169
"47" 146.27 220.7 444.45 80 0.7 -50.8853490121009 0.613938811908355 0.362483008608971
"48" 146.27 296.8 444.45 80 0.7 -102.912422232857 0.405131019344217 0.269541778975741
"49" 146.27 333.35 444.45 80 0.8 -127.900458057018 0.30484291397997 0.23998800059997
"50" 146.27 238.4 444.45 80 0.7 -62.9862582894646 0.565372479078063 0.335570469798658
"51" 146.27 216.8 444.45 80 0.8 -48.219046967936 0.62463986829469 0.3690036900369
"52" 146.27 234.45 444.45 80 0.6 -60.2857728857592 0.576210728494992 0.341224141608019
"53" 146.27 173.7 444.45 80 0.6 -18.7529910439598 0.742900260666758 0.460564191134139
"54" 146.27 181.6 444.45 80 0.6 -24.1539618513707 0.721223761832899 0.440528634361234
"55" 146.27 158.35 444.45 80 0.7 -8.25869966500306 0.78501852105913 0.505209977897063
"56" 146.27 397.05 444.45 80 0.9 -171.450058111711 0.130058993003155 0.201485958947236
"57" 146.27 328.95 444.45 80 0.9 -124.892322417447 0.316915900672246 0.243198054415565
"58" 146.27 279.95 444.45 80 0.7 -91.392630067683 0.451365070654411 0.285765315234863
"59" 146.27 177.25 444.45 80 0.5 -21.1800095713407 0.733159555494581 0.451339915373766
"60" 146.27 338.2 444.45 80 0.8 -131.216243932454 0.291535190012347 0.236546422235364
"61" 146.27 214.7 444.45 80 0.6 -46.7833458672318 0.630401975579641 0.372612948299953
"62" 146.27 170.2 444.45 80 0.7 -16.3601558761195 0.752503772808341 0.470035252643948
"63" 146.27 253.75 444.45 80 0.8 -73.4805496684214 0.523254218685691 0.315270935960591
"64" 146.27 372.3 444.45 80 0.8 -154.529295139126 0.197969543147208 0.21488047273704
"65" 146.27 248.95 444.45 80 0.8 -70.1989471525261 0.536424749622719 0.321349668608154
"66" 146.27 187.65 444.45 80 0.7 -28.2901483557804 0.704623405131019 0.426325606181721
"67" 146.27 334.25 444.45 80 0.8 -128.515758528748 0.302373439429277 0.239341810022438
"68" 146.27 410.35 444.45 80 0.9 -180.542831749504 0.0935656468651394 0.194955525770684
"69" 146.27 334.85 444.45 80 0.8 -128.925958843235 0.300727123062148 0.238912946095267
"70" 146.27 234 444.45 80 0.5 -59.978122649894 0.577445465770339 0.341880341880342
"71" 146.27 344.65 444.45 80 0.8 -135.625897313188 0.273837289065715 0.232119541563905
"72" 146.27 225.7 444.45 80 0.7 -54.3036849661585 0.60021950884895 0.354452813469207
"73" 146.27 373.35 444.45 80 0.9 -155.247145689478 0.195088489504733 0.214276148386233
"74" 146.27 243.4 444.45 80 0.7 -66.4045942435222 0.551653176018658 0.328677074774034
"75" 146.27 210.75 444.45 80 0.6 -44.0828604635263 0.64124022499657 0.379596678529063
"76" 146.27 170.2 444.45 80 0.7 -16.3601558761195 0.752503772808341 0.470035252643948
"77" 146.27 198.45 444.45 80 0.7 -35.6737540165447 0.674989710522705 0.403124212648022
"78" 146.27 197.85 444.45 80 0.8 -35.2635537020578 0.676636026889834 0.404346727318676
"79" 146.27 314.05 444.45 80 0.7 -114.705681274356 0.357799423789271 0.254736506925649
"80" 146.27 157.9 444.45 80 0.6 -7.95104942913787 0.786253258334477 0.506649778340722
"81" 146.27 194.95 444.45 80 0.7 -33.2809188487045 0.684593222664289 0.410361631187484
"82" 146.27 299.7 444.45 80 0.7 -104.89505708621 0.397173823569763 0.266933600266934
"83" 146.27 253.75 444.45 80 0.8 -73.4805496684214 0.523254218685691 0.315270935960591
"84" 146.27 284.35 444.45 80 0.8 -94.4007657072537 0.439292083962135 0.281343414805697
"85" 146.27 258.15 444.45 80 0.8 -76.488685307992 0.511181231993415 0.309897346503971
"86" 146.27 159.4 444.45 80 0.8 -8.97655021535515 0.782137467416655 0.501882057716437
"87" 146.27 359 444.45 80 0.8 -145.436521501333 0.234462889285224 0.222841225626741
"88" 146.27 185.55 444.45 80 0.6 -26.8544472550762 0.710385512415969 0.431150633252493
"89" 146.27 348.6 444.45 80 0.7 -138.326382716893 0.262999039648786 0.229489386115892
"90" 146.27 305.15 444.45 80 0.8 -108.621043276133 0.382219783235012 0.262166147796166
"91" 146.27 333.8 444.45 80 0.7 -128.208108292883 0.303608176704623 0.239664469742361
"92" 146.27 236.95 444.45 80 0.8 -61.994940862788 0.56935107696529 0.337623971301962
"93" 146.27 210.3 444.45 80 0.6 -43.7752102276612 0.642474962271917 0.380408939610081
"94" 146.27 315.55 444.45 80 0.8 -115.731182060573 0.35368363287145 0.253525590239265
"95" 146.27 276 444.45 80 0.6 -88.6921446639775 0.46220332007134 0.289855072463768
"96" 146.27 334.85 444.45 80 0.8 -128.925958843235 0.300727123062148 0.238912946095267
"97" 146.27 147.05 444.45 80 0.7 -0.53326040883297 0.816024145973385 0.544032641958517
"98" 146.27 329.85 444.45 80 0.8 -125.507622889177 0.314446426121553 0.242534485372139
"99" 146.27 310.55 444.45 80 0.7 -112.312846106515 0.367402935930855 0.257607470616648
"100" 146.27 182.05 444.45 80 0.8 -24.4616120872359 0.719989024557552 0.439439714364186
"101" 146.27 237.95 444.45 80 0.5 -62.6786080535995 0.566607216353409 0.336205085101912
"102" 146.27 225.1 444.45 80 0.6 -53.8934846516715 0.601865825216079 0.355397601066193
"103" 146.27 386.65 444.45 80 0.8 -164.339919327271 0.158595143366717 0.206905470063365
"104" 146.27 320.95 444.45 80 0.7 -119.422984890955 0.338866785567293 0.24926000934725
"105" 146.27 348.15 444.45 80 0.7 -138.018732481028 0.264233776924132 0.229786011776533
"106" 146.27 211.35 444.45 80 0.6 -44.4930607780133 0.639593908629442 0.378519044239413
"107" 146.27 344.65 444.45 80 0.8 -135.625897313188 0.273837289065715 0.232119541563905
"108" 146.27 228.6 444.45 80 0.6 -56.2863198195118 0.592262313074496 0.349956255468066
"109" 146.27 197 444.45 80 0.7 -34.682436589868 0.678968308409933 0.406091370558376
"110" 146.27 291.8 444.45 80 0.8 -99.4940862787994 0.418850322403622 0.274160383824537
"111" 146.27 191.1 444.45 80 0.6 -30.6488001640801 0.69515708602003 0.418628990057561
"112" 146.27 344.65 444.45 80 0.8 -135.625897313188 0.273837289065715 0.232119541563905
"113" 146.27 362.95 444.45 80 0.8 -148.137006905039 0.223624639868295 0.220416035266566
"114" 146.27 167.3 444.45 80 0.7 -14.3775210227661 0.760460968582796 0.478182904961148
"115" 146.27 257.85 444.45 80 0.8 -76.2835851507486 0.512004390176979 0.310257901880938
"116" 146.27 169.75 444.45 80 0.6 -16.0525056402543 0.753738510083688 0.471281296023564
"117" 146.27 368.35 444.45 80 0.9 -151.828809735421 0.208807792564138 0.21718474277182
"118" 146.27 277.5 444.45 80 0.7 -89.7176454501948 0.458087529153519 0.288288288288288
"119" 146.27 267.65 444.45 80 0.6 -82.9835236207014 0.485114556180546 0.298897814309733
"120" 146.27 311.15 444.45 80 0.8 -112.723046421002 0.365756619563726 0.257110718303069
"121" 146.27 258.15 444.45 80 0.7 -76.488685307992 0.511181231993415 0.309897346503971
"122" 146.27 292.25 444.45 80 0.9 -99.8017365146646 0.417615585128275 0.273738237810094
"123" 146.27 224.65 444.45 80 0.6 -53.5858344158064 0.603100562491425 0.356109503672379
"124" 146.27 297.25 444.45 80 0.8 -103.220072468722 0.403896282068871 0.269133725820017
"125" 146.27 324.9 444.45 80 0.7 -122.12347029466 0.328028536150364 0.246229609110496
"126" 146.27 219.7 444.45 80 0.7 -50.2016818212894 0.616682672520236 0.364132908511607
"127" 146.27 333.8 444.45 80 0.7 -128.208108292883 0.303608176704623 0.239664469742361
"128" 146.27 324.9 444.45 80 0.7 -122.12347029466 0.328028536150364 0.246229609110496
"129" 146.27 309.65 444.45 80 0.6 -111.697545634785 0.369872410481548 0.258356208622638
"130" 146.27 218.65 444.45 80 0.7 -49.4838312709373 0.619563726162711 0.365881545849531
"131" 146.27 359 444.45 80 0.8 -145.436521501333 0.234462889285224 0.222841225626741
"132" 146.27 300.15 444.45 80 0.7 -105.202707322076 0.395939086294416 0.266533399966683
"133" 146.27 368.35 444.45 80 0.8 -151.828809735421 0.208807792564138 0.21718474277182
"134" 146.27 333.8 444.45 80 0.7 -128.208108292883 0.303608176704623 0.239664469742361
"135" 146.27 154.5 444.45 80 0.7 -5.62658098037871 0.795582384414872 0.517799352750809
"136" 146.27 157.45 444.45 80 0.5 -7.64339919327268 0.787487995609823 0.508097808828199
"137" 146.27 367.9 444.45 80 0.8 -151.521159499556 0.210042529839484 0.217450394128839
"138" 146.27 243.4 444.45 80 0.7 -66.4045942435222 0.551653176018658 0.328677074774034
"139" 146.27 237.95 444.45 80 0.5 -62.6786080535995 0.566607216353409 0.336205085101912
"140" 146.27 330.3 444.45 80 0.9 -125.815273125043 0.313211688846207 0.242204056917953
"141" 146.27 348.15 444.45 80 0.7 -138.018732481028 0.264233776924132 0.229786011776533
"142" 146.27 306.15 444.45 80 0.7 -109.304710466945 0.379475922623131 0.261309815449943
"143" 146.27 320.95 444.45 80 0.7 -119.422984890955 0.338866785567293 0.24926000934725
"144" 146.27 337.75 444.45 80 0.8 -130.908593696588 0.292769927287694 0.236861584011843
"145" 146.27 386.65 444.45 80 0.8 -164.339919327271 0.158595143366717 0.206905470063365
"146" 146.27 333.8 444.45 80 0.7 -128.208108292883 0.303608176704623 0.239664469742361
"147" 146.27 276.45 444.45 80 0.7 -88.9997948998427 0.460968582795994 0.289383251944294
"148" 146.27 310.1 444.45 80 0.6 -112.00519587065 0.368637673206201 0.257981296356014
"149" 146.27 314.05 444.45 80 0.7 -114.705681274356 0.357799423789271 0.254736506925649
"150" 146.27 397.05 444.45 80 0.9 -171.450058111711 0.130058993003155 0.201485958947236
"151" 146.27 186 444.45 80 0.8 -27.1620974909414 0.709150775140623 0.43010752688172
"152" 146.27 314.5 444.45 80 0.7 -115.013331510221 0.356564686513925 0.254372019077901
"153" 146.27 271.15 444.45 80 0.6 -85.3763587885417 0.475511044038963 0.295039645952425
"154" 146.27 310.1 444.45 80 0.6 -112.00519587065 0.368637673206201 0.257981296356014
"155" 146.27 273.55 444.45 80 0.8 -87.0171600464893 0.468925778570449 0.292451105830744
"156" 146.27 276 444.45 80 0.6 -88.6921446639775 0.46220332007134 0.289855072463768
"157" 146.27 228.6 444.45 80 0.6 -56.2863198195118 0.592262313074496 0.349956255468066
"158" 146.27 229.05 444.45 80 0.6 -56.593970055377 0.591027575799149 0.349268718620389
"159" 146.27 386.65 444.45 80 0.8 -164.339919327271 0.158595143366717 0.206905470063365
"160" 146.27 339.25 444.45 80 0.8 -131.934094482806 0.288654136369872 0.23581429624171
"161" 146.27 197.45 444.45 80 0.7 -34.9900868257332 0.677733571134586 0.405165864775893
"162" 146.27 171.25 444.45 80 0.6 -17.0780064264716 0.749622719165866 0.467153284671533
"163" 146.27 237.95 444.45 80 0.5 -62.6786080535995 0.566607216353409 0.336205085101912
"164" 146.27 286.4 444.45 80 0.6 -95.8022834484172 0.433667169707779 0.279329608938548
"165" 146.27 239.45 444.45 80 0.7 -63.7041088398168 0.562491425435588 0.334098976821883
"166" 146.27 185.1 444.45 80 0.6 -26.546797019211 0.711620249691316 0.432198811453268
"167" 146.27 205.95 444.45 80 0.7 -40.8012579476311 0.654410755933598 0.388443797038116
"168" 146.27 420.75 444.45 80 0.9 -187.652970533944 0.0650294965015777 0.190136660724896
"169" 146.27 268.55 444.45 80 0.8 -83.5988240924318 0.482645081629853 0.29789610873208
"170" 146.27 206.35 444.45 80 0.7 -41.0747248239557 0.653313211688846 0.387690816573782
"171" 146.27 258.75 444.45 80 0.7 -76.8988856224789 0.509534915626286 0.309178743961353
"172" 146.27 284.35 444.45 80 0.8 -94.4007657072537 0.439292083962135 0.281343414805697
"173" 146.27 301.2 444.45 80 0.7 -105.920557872428 0.393058032651941 0.265604249667995
"174" 146.27 320.95 444.45 80 0.8 -119.422984890955 0.338866785567293 0.24926000934725
"175" 146.27 239.45 444.45 80 0.7 -63.7041088398168 0.562491425435588 0.334098976821883
"176" 146.27 292.25 444.45 80 0.8 -99.8017365146646 0.417615585128275 0.273738237810094
"177" 146.27 286.85 444.45 80 0.7 -96.1099336842824 0.432432432432432 0.278891406658532
"178" 146.27 333.8 444.45 80 0.7 -128.208108292883 0.303608176704623 0.239664469742361
"179" 146.27 334.85 444.45 80 0.8 -128.925958843235 0.300727123062148 0.238912946095267
"180" 146.27 291.8 444.45 80 0.8 -99.4940862787994 0.418850322403622 0.274160383824537
"181" 146.27 238.4 444.45 80 0.7 -62.9862582894646 0.565372479078063 0.335570469798658
"182" 146.27 382.7 444.45 80 0.8 -161.639433923566 0.169433392783647 0.209041024301019
"183" 146.27 335.3 444.45 80 0.8 -129.2336090791 0.299492385786802 0.238592305398151
"184" 146.27 186.15 444.45 80 0.5 -27.2646475695631 0.708739196048841 0.42976094547408
"185" 146.27 299.7 444.45 80 0.7 -104.89505708621 0.397173823569763 0.266933600266934
"186" 146.27 188.1 444.45 80 0.7 -28.5977985916456 0.703388667855673 0.425305688463583
"187" 146.27 287.9 444.45 80 0.8 -96.8277842346346 0.429551378789957 0.277874261896492
"188" 146.27 290.9 444.45 80 0.8 -98.8787858070691 0.421319796954315 0.275008594018563
"189" 146.27 268.1 444.45 80 0.7 -83.2911738565666 0.483879818905199 0.298396120850429
"190" 146.27 172.7 444.45 80 0.7 -18.0693238531483 0.745644121278639 0.463231036479444
"191" 146.27 329.85 444.45 80 0.8 -125.507622889177 0.314446426121553 0.242534485372139
"192" 146.27 282 444.45 80 0.7 -92.7941478088466 0.445740156400055 0.283687943262411
"193" 146.27 328.85 444.45 80 0.8 -124.823955698366 0.317190286733434 0.24327200851452
"194" 146.27 234 444.45 80 0.5 -59.978122649894 0.577445465770339 0.341880341880342
"195" 146.27 244.85 444.45 80 0.8 -67.3959116701989 0.547674578131431 0.326730651419236
"196" 146.27 286.4 444.45 80 0.6 -95.8022834484172 0.433667169707779 0.279329608938548
"197" 146.27 367.9 444.45 80 0.8 -151.521159499556 0.210042529839484 0.217450394128839
"198" 146.27 382.25 444.45 80 0.8 -161.331783687701 0.170668130058993 0.209287115761936
"199" 146.27 295.75 444.45 80 0.6 -102.194571682505 0.408012072986692 0.270498732037194
"200" 146.27 216.8 444.45 80 0.8 -48.219046967936 0.62463986829469 0.3690036900369
"201" 146.27 410.35 444.45 80 0.9 -180.542831749504 0.0935656468651394 0.194955525770684
"202" 146.27 311.6 444.45 80 0.8 -113.030696656867 0.36452188228838 0.256739409499358
"203" 146.27 304.1 444.45 80 0.8 -107.903192725781 0.385100836877487 0.263071358105886
"204" 146.27 219.7 444.45 80 0.7 -50.2016818212894 0.616682672520236 0.364132908511607
"205" 146.27 334.25 444.45 80 0.7 -128.515758528748 0.302373439429277 0.239341810022438
"206" 146.27 372.3 444.45 80 0.8 -154.529295139126 0.197969543147208 0.21488047273704
"207" 146.27 268.15 444.45 80 0.8 -83.3253572161072 0.483742625874605 0.298340481074026
"208" 146.27 276.45 444.45 80 0.6 -88.9997948998427 0.460968582795994 0.289383251944294
"209" 146.27 243.4 444.45 80 0.7 -66.4045942435222 0.551653176018658 0.328677074774034
"210" 146.27 268.1 444.45 80 0.6 -83.2911738565666 0.483879818905199 0.298396120850429
"211" 146.27 344.2 444.45 80 0.7 -135.318247077323 0.275072026341062 0.232423009877978
"212" 146.27 262.1 444.45 80 0.8 -79.1891707116975 0.500342982576485 0.305227012590614
"213" 146.27 153.5 444.45 80 0.7 -4.94291378956722 0.798326245026753 0.521172638436482
"214" 146.27 254.2 444.45 80 0.9 -73.7881999042865 0.522019481410344 0.3147128245476
"215" 146.27 188.1 444.45 80 0.8 -28.5977985916456 0.703388667855673 0.425305688463583
"216" 146.27 253.75 444.45 80 0.8 -73.4805496684214 0.523254218685691 0.315270935960591
"217" 146.27 320.95 444.45 80 0.7 -119.422984890955 0.338866785567293 0.24926000934725
"218" 146.27 242.35 444.45 80 0.6 -65.6867436931701 0.554534229661133 0.330101093459872
"219" 146.27 235.5 444.45 80 0.7 -61.0036234361113 0.573329674852517 0.339702760084926
"220" 146.27 178.1 444.45 80 0.9 -21.7611266835304 0.730827273974482 0.449185850645705
"221" 146.27 263.75 444.45 80 0.8 -80.3172215765365 0.495815612566881 0.303317535545024
"222" 146.27 247.35 444.45 80 0.8 -69.1050796472277 0.540814926601729 0.323428340408328
"223" 146.27 233.1 444.45 80 0.6 -59.3628221781636 0.579914940321032 0.343200343200343
"224" 146.27 335.3 444.45 80 0.8 -129.2336090791 0.299492385786802 0.238592305398151
"225" 146.27 310.55 444.45 80 0.6 -112.312846106515 0.367402935930855 0.257607470616648
"226" 146.27 344.2 444.45 80 0.7 -135.318247077323 0.275072026341062 0.232423009877978
"227" 146.27 352.55 444.45 80 0.8 -141.026868120599 0.252160790231856 0.226918167635796
"228" 146.27 146.05 444.45 80 0.5 0.150406781978552 0.818768006585265 0.547757617254365
"229" 146.27 145.6 444.45 80 0.6 0.458057017843727 0.820002743860612 0.549450549450549
"230" 146.27 222.15 444.45 80 0.7 -51.8766664387776 0.609960214021128 0.360117038037362
"231" 146.27 195.5 444.45 80 0.5 -33.6569358036507 0.683084099327754 0.40920716112532
"232" 146.27 420.75 444.45 80 0.9 -187.652970533944 0.0650294965015777 0.190136660724896
"233" 146.27 258.15 444.45 80 0.7 -76.488685307992 0.511181231993415 0.309897346503971
"234" 146.27 315.55 444.45 80 0.8 -115.731182060573 0.35368363287145 0.253525590239265
"235" 146.27 225.1 444.45 80 0.6 -53.8934846516715 0.601865825216079 0.355397601066193
"236" 146.27 300.75 444.45 80 0.7 -105.612907636562 0.394292769927288 0.266001662510391
"237" 146.27 262.25 444.45 80 0.6 -79.2917207903192 0.499931403484703 0.305052430886559
"238" 146.27 272.5 444.45 80 0.7 -86.2993094961372 0.471806832212924 0.293577981651376
"239" 146.27 189.05 444.45 80 0.7 -29.2472824229165 0.700782000274386 0.423168473948691
"240" 146.27 314.5 444.45 80 0.7 -115.013331510221 0.356564686513925 0.254372019077901
"241" 146.27 218.65 444.45 80 0.7 -49.4838312709373 0.619563726162711 0.365881545849531
"242" 146.27 406.4 444.45 80 0.9 -177.842346345799 0.104403896282069 0.196850393700787
"243" 146.27 226.15 444.45 80 0.8 -54.6113352020236 0.598984771573604 0.353747512712801
"244" 146.27 382.7 444.45 80 0.8 -161.639433923566 0.169433392783647 0.209041024301019
"245" 146.27 193.9 444.45 80 0.8 -32.5630682983523 0.687474276306764 0.412583806085611
"246" 146.27 420.75 444.45 80 0.9 -187.652970533944 0.0650294965015777 0.190136660724896
"247" 146.27 335.3 444.45 80 0.8 -129.2336090791 0.299492385786802 0.238592305398151
"248" 146.27 209.3 444.45 80 0.7 -43.0915430368497 0.645218822883797 0.382226469182991
"249" 146.27 172.25 444.45 80 0.5 -17.7616736172831 0.746878858553985 0.4644412191582
"250" 146.27 266.65 444.45 80 0.7 -82.2998564298899 0.487858416792427 0.300018751171948
"251" 146.27 244.85 444.45 80 0.7 -67.3959116701989 0.547674578131431 0.326730651419236
"252" 146.27 299.7 444.45 80 0.7 -104.89505708621 0.397173823569763 0.266933600266934
"253" 146.27 267.65 444.45 80 0.6 -82.9835236207014 0.485114556180546 0.298897814309733
"254" 146.27 420.75 444.45 80 0.9 -187.652970533944 0.0650294965015777 0.190136660724896
"255" 146.27 368.35 444.45 80 0.8 -151.828809735421 0.208807792564138 0.21718474277182
"256" 146.27 253.75 444.45 80 0.7 -73.4805496684214 0.523254218685691 0.315270935960591
"257" 146.27 272.5 444.45 80 0.6 -86.2993094961372 0.471806832212924 0.293577981651376
"258" 146.27 296.2 444.45 80 0.7 -102.50222191837 0.406777335711346 0.270087778528022
"259" 146.27 358.55 444.45 80 0.8 -145.128871265468 0.235697626560571 0.22312090363966
"260" 146.27 306.6 444.45 80 0.8 -109.61236070281 0.378241185347784 0.260926288323549
"261" 146.27 180.6 444.45 80 0.7 -23.4702946605592 0.72396762244478 0.44296788482835
"262" 146.27 444.45 444.45 80 1 -203.855882956177 0 0.179997750028125
"263" 146.27 235.5 444.45 80 0.8 -61.0036234361113 0.573329674852517 0.339702760084926
"264" 146.27 382.25 444.45 80 0.8 -161.331783687701 0.170668130058993 0.209287115761936
"265" 146.27 324.9 444.45 80 0.7 -122.12347029466 0.328028536150364 0.246229609110496
"266" 146.27 305.7 444.45 80 0.6 -108.997060231079 0.380710659898477 0.261694471704285
"267" 146.27 179.15 444.45 80 0.8 -22.4789772338825 0.727946220332007 0.446553167736534
"268" 146.27 282 444.45 80 0.6 -92.7941478088466 0.445740156400055 0.283687943262411
"269" 146.27 335.3 444.45 80 0.8 -129.2336090791 0.299492385786802 0.238592305398151
"270" 146.27 235.5 444.45 80 0.8 -61.0036234361113 0.573329674852517 0.339702760084926
"271" 146.27 362.95 444.45 80 0.8 -148.137006905039 0.223624639868295 0.220416035266566
"272" 146.27 305.15 444.45 80 0.8 -108.621043276133 0.382219783235012 0.262166147796166
"273" 146.27 202 444.45 80 0.7 -38.1007725439256 0.665249005350528 0.396039603960396
"274" 146.27 208.85 444.45 80 0.7 -42.7838928009845 0.646453560159144 0.383050035910941
"275" 146.27 187.05 444.45 80 0.6 -27.8799480412935 0.706269721498148 0.427693130179096
"276" 146.27 197 444.45 80 0.7 -34.682436589868 0.678968308409933 0.406091370558376
"277" 146.27 278.55 444.45 80 0.9 -90.4354960005469 0.455206475511044 0.287201579608688
"278" 146.27 189.05 444.45 80 0.7 -29.2472824229165 0.700782000274386 0.423168473948691
"279" 146.27 281.45 444.45 80 0.8 -92.4181308539003 0.447249279736589 0.28424231657488
"280" 146.27 242.35 444.45 80 0.6 -65.6867436931701 0.554534229661133 0.330101093459872
"281" 146.27 197 444.45 80 0.7 -34.682436589868 0.678968308409933 0.406091370558376
"282" 146.27 187.2 444.45 80 0.7 -27.9824981199152 0.705858142406366 0.427350427350427
"283" 146.27 238.4 444.45 80 0.6 -62.9862582894646 0.565372479078063 0.335570469798658
"284" 146.27 358.55 444.45 80 0.8 -145.128871265468 0.235697626560571 0.22312090363966
"285" 146.27 193.9 444.45 80 0.8 -32.5630682983523 0.687474276306764 0.412583806085611
"286" 146.27 253.8 444.45 80 0.7 -73.514733027962 0.523117025655097 0.315208825847124
"287" 146.27 254.2 444.45 80 0.8 -73.7881999042865 0.522019481410344 0.3147128245476
"288" 146.27 290.9 444.45 80 0.8 -98.8787858070691 0.421319796954315 0.275008594018563
"289" 146.27 444.45 444.45 80 1 -203.855882956177 0 0.179997750028125
"290" 146.27 320.95 444.45 80 0.8 -119.422984890955 0.338866785567293 0.24926000934725
"291" 146.27 306.6 444.45 80 0.8 -109.61236070281 0.378241185347784 0.260926288323549
"292" 146.27 201.35 444.45 80 0.8 -37.6563888698981 0.667032514748251 0.397318102806059
"293" 146.27 286.4 444.45 80 0.6 -95.8022834484172 0.433667169707779 0.279329608938548
"294" 146.27 368.35 444.45 80 0.9 -151.828809735421 0.208807792564138 0.21718474277182
"295" 146.27 306.6 444.45 80 0.7 -109.61236070281 0.378241185347784 0.260926288323549
"296" 146.27 272.5 444.45 80 0.6 -86.2993094961372 0.471806832212924 0.293577981651376
"297" 146.27 253.3 444.45 80 0.6 -73.1728994325562 0.524488955961037 0.315831030398737
"298" 146.27 342.15 444.45 80 0.9 -133.916729336159 0.280696940595418 0.233815577962882
"299" 146.27 406.4 444.45 80 0.9 -177.842346345799 0.104403896282069 0.196850393700787
"300" 146.27 368.35 444.45 80 0.9 -151.828809735421 0.208807792564138 0.21718474277182
"301" 146.27 139.6 444.45 80 0.6 4.5600601627128 0.836465907531897 0.573065902578796
"302" 146.27 229.65 444.45 80 0.7 -57.0041703698639 0.589381259432021 0.348356194208578
"303" 146.27 320.95 444.45 80 0.7 -119.422984890955 0.338866785567293 0.24926000934725
"304" 146.27 335.3 444.45 80 0.8 -129.2336090791 0.299492385786802 0.238592305398151
"305" 146.27 234.05 444.45 80 0.8 -60.0123060094346 0.577308272739745 0.341807306131168
"306" 146.27 206.8 444.45 80 0.8 -41.3823750598209 0.6520784744135 0.386847195357834
"307" 146.27 344.65 444.45 80 0.8 -135.625897313188 0.273837289065715 0.232119541563905
"308" 146.27 325.95 444.45 80 0.9 -122.841320845013 0.325147482507888 0.245436416628317
"309" 146.27 295.75 444.45 80 0.6 -102.194571682505 0.408012072986692 0.270498732037194
"310" 146.27 187.65 444.45 80 0.7 -28.2901483557804 0.704623405131019 0.426325606181721
"311" 146.27 175.2 444.45 80 0.7 -19.7784918301771 0.738784469748937 0.45662100456621
"312" 146.27 343.75 444.45 80 0.8 -135.010596841458 0.276306763616408 0.232727272727273
"313" 146.27 349.65 444.45 80 0.9 -139.044233267245 0.260117986006311 0.228800228800229
"314" 146.27 333.8 444.45 80 0.7 -128.208108292883 0.303608176704623 0.239664469742361
"315" 146.27 367.9 444.45 80 0.8 -151.521159499556 0.210042529839484 0.217450394128839
"316" 146.27 291.35 444.45 80 0.8 -99.1864360429342 0.420085059678968 0.274583833876781
"317" 146.27 348.15 444.45 80 0.7 -138.018732481028 0.264233776924132 0.229786011776533
"318" 146.27 181.15 444.45 80 0.7 -23.8463116155055 0.722458499108245 0.441622964394149
"319" 146.27 300.15 444.45 80 0.7 -105.202707322076 0.395939086294416 0.266533399966683
"320" 146.27 248.35 444.45 80 0.5 -69.7887468380392 0.538071065989848 0.322126031809946
"321" 146.27 329.4 444.45 80 0.8 -125.199972653312 0.315681163396899 0.242865816636308
"322" 146.27 292.25 444.45 80 0.9 -99.8017365146646 0.417615585128275 0.273738237810094
"323" 146.27 367.9 444.45 80 0.8 -151.521159499556 0.210042529839484 0.217450394128839
"324" 146.27 150.45 444.45 80 0.7 -2.85772885759212 0.806695019892989 0.531738118976404
"325" 146.27 219.65 444.45 80 0.6 -50.1674984617488 0.61681986555083 0.364215797860232
"326" 146.27 282 444.45 80 0.7 -92.7941478088466 0.445740156400055 0.283687943262411
"327" 146.27 329.4 444.45 80 0.8 -125.199972653312 0.315681163396899 0.242865816636308
"328" 146.27 210.75 444.45 80 0.7 -44.0828604635263 0.64124022499657 0.379596678529063
"329" 146.27 262.1 444.45 80 0.8 -79.1891707116975 0.500342982576485 0.305227012590614
"330" 146.27 314.5 444.45 80 0.7 -115.013331510221 0.356564686513925 0.254372019077901
"331" 146.27 189.95 444.45 80 0.8 -29.8625828946468 0.698312525723693 0.421163464069492
"332" 146.27 233.55 444.45 80 0.6 -59.6704724140288 0.578680203045685 0.34253907086277
"333" 146.27 189.95 444.45 80 0.8 -29.8625828946468 0.698312525723693 0.421163464069492
"334" 146.27 197.45 444.45 80 0.7 -34.9900868257332 0.677733571134586 0.405165864775893
"335" 146.27 156.45 444.45 80 0.5 -6.95973200246121 0.790231856221704 0.511345477788431
"336" 146.27 247.9 444.45 80 0.5 -69.481096602174 0.539305803265194 0.322710770471965
"337" 146.27 320.5 444.45 80 0.7 -119.11533465509 0.34010152284264 0.249609984399376
"338" 146.27 306.15 444.45 80 0.6 -109.304710466945 0.379475922623131 0.261309815449943
"339" 146.27 410.35 444.45 80 0.9 -180.542831749504 0.0935656468651394 0.194955525770684
"340" 146.27 362.95 444.45 80 0.8 -148.137006905039 0.223624639868295 0.220416035266566
"341" 146.27 282 444.45 80 0.6 -92.7941478088466 0.445740156400055 0.283687943262411
"342" 146.27 339.25 444.45 80 0.8 -131.934094482806 0.288654136369872 0.23581429624171
"343" 146.27 359 444.45 80 0.8 -145.436521501333 0.234462889285224 0.222841225626741
"344" 146.27 371.85 444.45 80 0.8 -154.221644903261 0.199204280422555 0.215140513647976
"345" 146.27 348.6 444.45 80 0.7 -138.326382716893 0.262999039648786 0.229489386115892
"346" 146.27 202.45 444.45 80 0.8 -38.4084227797908 0.664014268075182 0.395159298592245
"347" 146.27 282.9 444.45 80 0.8 -93.409448280577 0.443270681849362 0.282785436550018
"348" 146.27 223.6 444.45 80 0.7 -52.8679838654543 0.6059816161339 0.35778175313059
"349" 146.27 286.4 444.45 80 0.6 -95.8022834484172 0.433667169707779 0.279329608938548
"350" 146.27 224.65 444.45 80 0.5 -53.5858344158064 0.603100562491425 0.356109503672379
"351" 146.27 410.35 444.45 80 0.9 -180.542831749504 0.0935656468651394 0.194955525770684
"352" 146.27 190.55 444.45 80 0.6 -30.2727832091338 0.696666209356565 0.419837313041197
"353" 146.27 249.85 444.45 80 0.8 -70.8142476242565 0.533955275072026 0.320192115269161
"354" 146.27 386.65 444.45 80 0.8 -164.339919327271 0.158595143366717 0.206905470063365
"355" 146.27 338.2 444.45 80 0.8 -131.216243932454 0.291535190012347 0.236546422235364
"356" 146.27 268.55 444.45 80 0.7 -83.5988240924318 0.482645081629853 0.29789610873208
"357" 146.27 338.2 444.45 80 0.8 -131.216243932454 0.291535190012347 0.236546422235364
"358" 146.27 367.45 444.45 80 0.9 -151.21350926369 0.211277267114831 0.217716696149136
"359" 146.27 248.8 444.45 80 0.6 -70.0963970739044 0.536836328714501 0.321543408360129
"360" 146.27 297.25 444.45 80 0.7 -103.220072468722 0.403896282068871 0.269133725820017
"361" 146.27 230.5 444.45 80 0.7 -57.5852874820537 0.587048977911922 0.3470715835141
"362" 146.27 382.7 444.45 80 0.8 -161.639433923566 0.169433392783647 0.209041024301019
"363" 146.27 304.1 444.45 80 0.8 -107.903192725781 0.385100836877487 0.263071358105886
"364" 146.27 338.2 444.45 80 0.8 -131.216243932454 0.291535190012347 0.236546422235364
"365" 146.27 264.2 444.45 80 0.8 -80.6248718124017 0.494580875291535 0.302800908402725
"366" 146.27 333.8 444.45 80 0.7 -128.208108292883 0.303608176704623 0.239664469742361
"367" 146.27 165.8 444.45 80 0.6 -13.3520202365488 0.764576759500617 0.482509047044632
"368" 146.27 206.35 444.45 80 0.6 -41.0747248239557 0.653313211688846 0.387690816573782
"369" 146.27 221.15 444.45 80 0.7 -51.1929992479661 0.612704074633009 0.361745421659507
"370" 146.27 180.15 444.45 80 0.6 -23.162644424694 0.725202359720126 0.444074382459062
"371" 146.27 230.1 444.45 80 0.7 -57.3118206057291 0.588146522156674 0.34767492394611
"372" 146.27 258.15 444.45 80 0.7 -76.488685307992 0.511181231993415 0.309897346503971
"373" 146.27 249.85 444.45 80 0.8 -70.8142476242565 0.533955275072026 0.320192115269161
"374" 146.27 224.05 444.45 80 0.6 -53.1756341013194 0.604746878858554 0.357063155545637
"375" 146.27 268.15 444.45 80 0.8 -83.3253572161072 0.483742625874605 0.298340481074026
"376" 146.27 367.9 444.45 80 0.8 -151.521159499556 0.210042529839484 0.217450394128839
"377" 146.27 186.6 444.45 80 0.5 -27.5722978054283 0.707504458773494 0.428724544480171
"378" 146.27 268.55 444.45 80 0.7 -83.5988240924318 0.482645081629853 0.29789610873208
"379" 146.27 282.45 444.45 80 0.7 -93.1017980447118 0.444505419124709 0.283235970968313
"380" 146.27 285.95 444.45 80 0.7 -95.4946332125521 0.434901906983125 0.279769190417905
"381" 146.27 267.2 444.45 80 0.7 -82.6758733848362 0.486349293455893 0.29940119760479
"382" 146.27 211.35 444.45 80 0.7 -44.4930607780133 0.639593908629442 0.378519044239413
"383" 146.27 296.2 444.45 80 0.7 -102.50222191837 0.406777335711346 0.270087778528022
"384" 146.27 286.85 444.45 80 0.7 -96.1099336842824 0.432432432432432 0.278891406658532
"385" 146.27 352.55 444.45 80 0.8 -141.026868120599 0.252160790231856 0.226918167635796
"386" 146.27 220.25 444.45 80 0.7 -50.5776987762357 0.615173549183701 0.36322360953462
"387" 146.27 234 444.45 80 0.5 -59.978122649894 0.577445465770339 0.341880341880342
"388" 146.27 349.65 444.45 80 0.9 -139.044233267245 0.260117986006311 0.228800228800229
"389" 146.27 216.35 444.45 80 0.8 -47.9113967320708 0.625874605570037 0.369771204067483
"390" 146.27 229.6 444.45 80 0.7 -56.9699870103233 0.589518452462615 0.348432055749129
"391" 146.27 359 444.45 80 0.8 -145.436521501333 0.234462889285224 0.222841225626741
"392" 146.27 262.7 444.45 80 0.6 -79.5993710261844 0.498696666209356 0.304529881994671
"393" 146.27 296.2 444.45 80 0.7 -102.50222191837 0.406777335711346 0.270087778528022
"394" 146.27 304.1 444.45 80 0.8 -107.903192725781 0.385100836877487 0.263071358105886
"395" 146.27 225.7 444.45 80 0.7 -54.3036849661585 0.60021950884895 0.354452813469207
"396" 146.27 166.4 444.45 80 0.5 -13.7622205510358 0.762930443133489 0.480769230769231
"397" 146.27 157.9 444.45 80 0.6 -7.95104942913787 0.786253258334477 0.506649778340722
"398" 146.27 173.3 444.45 80 0.7 -18.4795241676352 0.74399780491151 0.461627236006924
"399" 146.27 215.75 444.45 80 0.7 -47.5011964175839 0.627520921937165 0.370799536500579
"400" 146.27 290.8 444.45 80 0.7 -98.8104190879879 0.421594183015503 0.275103163686382
"401" 146.27 291.35 444.45 80 0.7 -99.1864360429342 0.420085059678968 0.274583833876781
"402" 146.27 277.5 444.45 80 0.7 -89.7176454501948 0.458087529153519 0.288288288288288
"403" 146.27 220.1 444.45 80 0.8 -50.475148697614 0.615585128275484 0.36347114947751
"404" 146.27 343.75 444.45 80 0.8 -135.010596841458 0.276306763616408 0.232727272727273
"405" 146.27 235.05 444.45 80 0.6 -60.6959732002461 0.574564412127864 0.340353116358222
"406" 146.27 247.45 444.45 80 0.7 -69.1734463663088 0.540540540540541 0.323297635886038
"407" 146.27 343.75 444.45 80 0.7 -135.010596841458 0.276306763616408 0.232727272727273
"408" 146.27 372.3 444.45 80 0.8 -154.529295139126 0.197969543147208 0.21488047273704
"409" 146.27 199.9 444.45 80 0.6 -36.6650714432214 0.671011112635478 0.400200100050025
"410" 146.27 362.95 444.45 80 0.8 -148.137006905039 0.223624639868295 0.220416035266566
"411" 146.27 276 444.45 80 0.6 -88.6921446639775 0.46220332007134 0.289855072463768
"412" 146.27 218.65 444.45 80 0.6 -49.4838312709373 0.619563726162711 0.365881545849531
"413" 146.27 199.9 444.45 80 0.5 -36.6650714432214 0.671011112635478 0.400200100050025
"414" 146.27 268.1 444.45 80 0.6 -83.2911738565666 0.483879818905199 0.298396120850429
"415" 146.27 382.7 444.45 80 0.8 -161.639433923566 0.169433392783647 0.209041024301019
"416" 146.27 197.85 444.45 80 0.8 -35.2635537020578 0.676636026889834 0.404346727318676
"417" 146.27 397.05 444.45 80 0.9 -171.450058111711 0.130058993003155 0.201485958947236
"418" 146.27 183.1 444.45 80 0.8 -25.179462637588 0.717107970915077 0.436919716002185
"419" 146.27 248.35 444.45 80 0.6 -69.7887468380392 0.538071065989848 0.322126031809946
"420" 146.27 228.6 444.45 80 0.6 -56.2863198195118 0.592262313074496 0.349956255468066
"421" 146.27 352.55 444.45 80 0.8 -141.026868120599 0.252160790231856 0.226918167635796
"422" 146.27 338.2 444.45 80 0.8 -131.216243932454 0.291535190012347 0.236546422235364
"423" 146.27 291.8 444.45 80 0.8 -99.4940862787994 0.418850322403622 0.274160383824537
"424" 146.27 335.3 444.45 80 0.8 -129.2336090791 0.299492385786802 0.238592305398151
"425" 146.27 202 444.45 80 0.7 -38.1007725439256 0.665249005350528 0.396039603960396
"426" 146.27 262.7 444.45 80 0.6 -79.5993710261844 0.498696666209356 0.304529881994671
"427" 146.27 223.6 444.45 80 0.7 -52.8679838654543 0.6059816161339 0.35778175313059
"428" 146.27 229.65 444.45 80 0.7 -57.0041703698639 0.589381259432021 0.348356194208578
"429" 146.27 241.9 444.45 80 0.6 -65.3790934573049 0.55576896693648 0.330715171558495
"430" 146.27 329.4 444.45 80 0.8 -125.199972653312 0.315681163396899 0.242865816636308
"431" 146.27 196 444.45 80 0.7 -33.9987693990565 0.681712169021814 0.408163265306122
"432" 146.27 248.35 444.45 80 0.5 -69.7887468380392 0.538071065989848 0.322126031809946
"433" 146.27 296.8 444.45 80 0.7 -102.912422232857 0.405131019344217 0.269541778975741
"434" 146.27 267.1 444.45 80 0.7 -82.6075066657551 0.48662367951708 0.299513290902284
"435" 146.27 197.85 444.45 80 0.7 -35.2635537020578 0.676636026889834 0.404346727318676
"436" 146.27 306.15 444.45 80 0.6 -109.304710466945 0.379475922623131 0.261309815449943
"437" 146.27 286.85 444.45 80 0.6 -96.1099336842824 0.432432432432432 0.278891406658532
"438" 146.27 295.75 444.45 80 0.7 -102.194571682505 0.408012072986692 0.270498732037194
"439" 146.27 295.3 444.45 80 0.7 -101.88692144664 0.409246810262039 0.270910938029123
"440" 146.27 180.6 444.45 80 0.5 -23.4702946605592 0.72396762244478 0.44296788482835
"441" 146.27 310.1 444.45 80 0.6 -112.00519587065 0.368637673206201 0.257981296356014
"442" 146.27 344.65 444.45 80 0.8 -135.625897313188 0.273837289065715 0.232119541563905
"443" 146.27 213.8 444.45 80 0.6 -46.1680453955014 0.632871450130333 0.374181478016838
"444" 146.27 306.15 444.45 80 0.7 -109.304710466945 0.379475922623131 0.261309815449943
"445" 146.27 342.15 444.45 80 0.9 -133.916729336159 0.280696940595418 0.233815577962882
"446" 146.27 248.8 444.45 80 0.7 -70.0963970739044 0.536836328714501 0.321543408360129
"447" 146.27 382.7 444.45 80 0.8 -161.639433923566 0.169433392783647 0.209041024301019
"448" 146.27 171.25 444.45 80 0.6 -17.0780064264716 0.749622719165866 0.467153284671533
"449" 146.27 162.9 444.45 80 0.6 -11.3693853831955 0.772533955275072 0.49109883364027
"450" 146.27 314.05 444.45 80 0.7 -114.705681274356 0.357799423789271 0.254736506925649
"451" 146.27 286.85 444.45 80 0.6 -96.1099336842824 0.432432432432432 0.278891406658532
"452" 146.27 406.4 444.45 80 0.9 -177.842346345799 0.104403896282069 0.196850393700787
"453" 146.27 189.95 444.45 80 0.7 -29.8625828946468 0.698312525723693 0.421163464069492
"454" 146.27 210.45 444.45 80 0.8 -43.8777603062829 0.642063383180134 0.380137799952483
"455" 146.27 206.35 444.45 80 0.7 -41.0747248239557 0.653313211688846 0.387690816573782
"456" 146.27 382.7 444.45 80 0.8 -161.639433923566 0.169433392783647 0.209041024301019
"457" 146.27 311.6 444.45 80 0.8 -113.030696656867 0.36452188228838 0.256739409499358
"458" 146.27 194.5 444.45 80 0.6 -32.9732686128392 0.685827959939635 0.411311053984576
"459" 146.27 314.5 444.45 80 0.7 -115.013331510221 0.356564686513925 0.254372019077901
"460" 146.27 248.8 444.45 80 0.7 -70.0963970739044 0.536836328714501 0.321543408360129
"461" 146.27 344.65 444.45 80 0.8 -135.625897313188 0.273837289065715 0.232119541563905
"462" 146.27 173.75 444.45 80 0.7 -18.7871744035004 0.742763067636164 0.460431654676259
"463" 146.27 334.85 444.45 80 0.8 -128.925958843235 0.300727123062148 0.238912946095267
"464" 146.27 314.5 444.45 80 0.7 -115.013331510221 0.356564686513925 0.254372019077901
"465" 146.27 338.2 444.45 80 0.8 -131.216243932454 0.291535190012347 0.236546422235364
"466" 146.27 320.5 444.45 80 0.7 -119.11533465509 0.34010152284264 0.249609984399376
"467" 146.27 310.1 444.45 80 0.6 -112.00519587065 0.368637673206201 0.257981296356014
"468" 146.27 265.6 444.45 80 0.7 -81.5820058795378 0.490739470434902 0.301204819277108
"469" 146.27 320.5 444.45 80 0.7 -119.11533465509 0.34010152284264 0.249609984399376
"470" 146.27 296.2 444.45 80 0.6 -102.50222191837 0.406777335711346 0.270087778528022
"471" 146.27 157.45 444.45 80 0.5 -7.64339919327268 0.787487995609823 0.508097808828199
"472" 146.27 333.8 444.45 80 0.7 -128.208108292883 0.303608176704623 0.239664469742361
"473" 146.27 344.65 444.45 80 0.8 -135.625897313188 0.273837289065715 0.232119541563905
"474" 146.27 262.1 444.45 80 0.8 -79.1891707116975 0.500342982576485 0.305227012590614
"475" 146.27 444.45 444.45 80 1 -203.855882956177 0 0.179997750028125
"476" 146.27 296.8 444.45 80 0.7 -102.912422232857 0.405131019344217 0.269541778975741
"477" 146.27 183.1 444.45 80 0.8 -25.179462637588 0.717107970915077 0.436919716002185
"478" 146.27 187.05 444.45 80 0.6 -27.8799480412935 0.706269721498148 0.427693130179096
"479" 146.27 337.75 444.45 80 0.8 -130.908593696588 0.292769927287694 0.236861584011843
"480" 146.27 280.4 444.45 80 0.7 -91.7002803035482 0.450130333379064 0.285306704707561
"481" 146.27 214.25 444.45 80 0.5 -46.4756956313666 0.631636712854987 0.373395565927655
"482" 146.27 359 444.45 80 0.8 -145.436521501333 0.234462889285224 0.222841225626741
"483" 146.27 306.15 444.45 80 0.7 -109.304710466945 0.379475922623131 0.261309815449943
"484" 146.27 348.15 444.45 80 0.7 -138.018732481028 0.264233776924132 0.229786011776533
"485" 146.27 280.4 444.45 80 0.7 -91.7002803035482 0.450130333379064 0.285306704707561
"486" 146.27 338.2 444.45 80 0.8 -131.216243932454 0.291535190012347 0.236546422235364
"487" 146.27 406.4 444.45 80 0.9 -177.842346345799 0.104403896282069 0.196850393700787
"488" 146.27 397.05 444.45 80 0.9 -171.450058111711 0.130058993003155 0.201485958947236
"489" 146.27 386.65 444.45 80 0.8 -164.339919327271 0.158595143366717 0.206905470063365
"490" 146.27 234.6 444.45 80 0.7 -60.3883229643809 0.57579914940321 0.341005967604433
"491" 146.27 273.55 444.45 80 0.7 -87.0171600464893 0.468925778570449 0.292451105830744
"492" 146.27 268.15 444.45 80 0.8 -83.3253572161072 0.483742625874605 0.298340481074026
"493" 146.27 405.95 444.45 80 0.9 -177.534696109934 0.105638633557415 0.197068604507944
"494" 146.27 150.45 444.45 80 0.7 -2.85772885759212 0.806695019892989 0.531738118976404
"495" 146.27 240.5 444.45 80 0.8 -64.4219593901689 0.559610371793113 0.332640332640333
"496" 146.27 320.5 444.45 80 0.7 -119.11533465509 0.34010152284264 0.249609984399376
"497" 146.27 186.6 444.45 80 0.5 -27.5722978054283 0.707504458773494 0.428724544480171
"498" 146.27 314.5 444.45 80 0.7 -115.013331510221 0.356564686513925 0.254372019077901
"499" 146.27 276.45 444.45 80 0.6 -88.9997948998427 0.460968582795994 0.289383251944294
"500" 146.27 295.75 444.45 80 0.7 -102.194571682505 0.408012072986692 0.270498732037194
"501" 146.27 306.6 444.45 80 0.8 -109.61236070281 0.378241185347784 0.260926288323549
"502" 146.27 320.95 444.45 80 0.8 -119.422984890955 0.338866785567293 0.24926000934725
"503" 146.27 308.05 444.45 80 0.9 -110.603678129487 0.374262587460557 0.259698100957637
"504" 146.27 329.85 444.45 80 0.7 -125.507622889177 0.314446426121553 0.242534485372139
"505" 146.27 367.9 444.45 80 0.8 -151.521159499556 0.210042529839484 0.217450394128839
"506" 146.27 230.1 444.45 80 0.7 -57.3118206057291 0.588146522156674 0.34767492394611
"507" 146.27 299.7 444.45 80 0.7 -104.89505708621 0.397173823569763 0.266933600266934
"508" 146.27 240.05 444.45 80 0.8 -64.1143091543037 0.560845109068459 0.333263903353468
"509" 146.27 248.95 444.45 80 0.8 -70.1989471525261 0.536424749622719 0.321349668608154
"510" 146.27 252.75 444.45 80 0.7 -72.7968824776098 0.525998079297572 0.316518298714144
"511" 146.27 344.2 444.45 80 0.7 -135.318247077323 0.275072026341062 0.232423009877978
"512" 146.27 306.6 444.45 80 0.8 -109.61236070281 0.378241185347784 0.260926288323549
"513" 146.27 295.75 444.45 80 0.6 -102.194571682505 0.408012072986692 0.270498732037194
"514" 146.27 253.75 444.45 80 0.7 -73.4805496684214 0.523254218685691 0.315270935960591
"515" 146.27 230.5 444.45 80 0.7 -57.5852874820537 0.587048977911922 0.3470715835141
"516" 146.27 248.95 444.45 80 0.8 -70.1989471525261 0.536424749622719 0.321349668608154
"517" 146.27 371.85 444.45 80 0.8 -154.221644903261 0.199204280422555 0.215140513647976
"518" 146.27 258.75 444.45 80 0.7 -76.8988856224789 0.509534915626286 0.309178743961353
"519" 146.27 258.75 444.45 80 0.6 -76.8988856224789 0.509534915626286 0.309178743961353
"520" 146.27 359 444.45 80 0.8 -145.436521501333 0.234462889285224 0.222841225626741
"521" 146.27 406.4 444.45 80 0.9 -177.842346345799 0.104403896282069 0.196850393700787
"522" 146.27 292.25 444.45 80 0.8 -99.8017365146646 0.417615585128275 0.273738237810094
"523" 146.27 349.65 444.45 80 0.9 -139.044233267245 0.260117986006311 0.228800228800229
"524" 146.27 359 444.45 80 0.8 -145.436521501333 0.234462889285224 0.222841225626741
"525" 146.27 249.85 444.45 80 0.7 -70.8142476242565 0.533955275072026 0.320192115269161
"526" 146.27 304.1 444.45 80 0.8 -107.903192725781 0.385100836877487 0.263071358105886
"527" 146.27 229.15 444.45 80 0.7 -56.6623367744581 0.590753189737961 0.349116299367227
"528" 146.27 169.3 444.45 80 0.6 -15.7448554043891 0.754973247359034 0.472533963378618
"529" 146.27 291.8 444.45 80 0.8 -99.4940862787994 0.418850322403622 0.274160383824537
"530" 146.27 263.75 444.45 80 0.8 -80.3172215765365 0.495815612566881 0.303317535545024
"531" 146.27 191.15 444.45 80 0.6 -30.6829835236207 0.695019892989436 0.418519487313628
"532" 146.27 206.8 444.45 80 0.7 -41.3823750598209 0.6520784744135 0.386847195357834
"533" 146.27 234 444.45 80 0.6 -59.978122649894 0.577445465770339 0.341880341880342
"534" 146.27 230.05 444.45 80 0.6 -57.2776372461885 0.588283715187268 0.347750489024125
"535" 146.27 253.75 444.45 80 0.8 -73.4805496684214 0.523254218685691 0.315270935960591
"536" 146.27 296.8 444.45 80 0.7 -102.912422232857 0.405131019344217 0.269541778975741
"537" 146.27 296.2 444.45 80 0.7 -102.50222191837 0.406777335711346 0.270087778528022
"538" 146.27 237.95 444.45 80 0.5 -62.6786080535995 0.566607216353409 0.336205085101912
"539" 146.27 234.45 444.45 80 0.7 -60.2857728857592 0.576210728494992 0.341224141608019
"540" 146.27 236.95 444.45 80 0.8 -61.994940862788 0.56935107696529 0.337623971301962
"541" 146.27 410.35 444.45 80 0.9 -180.542831749504 0.0935656468651394 0.194955525770684
"542" 146.27 239.45 444.45 80 0.6 -63.7041088398168 0.562491425435588 0.334098976821883
"543" 146.27 200.95 444.45 80 0.5 -37.3829219935735 0.668130058993003 0.398108982333914
"544" 146.27 197 444.45 80 0.5 -34.682436589868 0.678968308409933 0.406091370558376
"545" 146.27 320.5 444.45 80 0.7 -119.11533465509 0.34010152284264 0.249609984399376
"546" 146.27 335.3 444.45 80 0.8 -129.2336090791 0.299492385786802 0.238592305398151
"547" 146.27 256.8 444.45 80 0.7 -75.5657346003964 0.514885443819454 0.311526479750779
"548" 146.27 238.4 444.45 80 0.6 -62.9862582894646 0.565372479078063 0.335570469798658
"549" 146.27 219.7 444.45 80 0.7 -50.2016818212894 0.616682672520236 0.364132908511607
"550" 146.27 301.2 444.45 80 0.7 -105.920557872428 0.393058032651941 0.265604249667995
"551" 146.27 290.9 444.45 80 0.8 -98.8787858070691 0.421319796954315 0.275008594018563
"552" 146.27 231.5 444.45 80 0.7 -58.2689546728652 0.584305117300041 0.345572354211663
"553" 146.27 382.7 444.45 80 0.8 -161.639433923566 0.169433392783647 0.209041024301019
"554" 146.27 221.15 444.45 80 0.7 -51.1929992479661 0.612704074633009 0.361745421659507
"555" 146.27 257.25 444.45 80 0.6 -75.8733848362617 0.513650706544108 0.310981535471331
"556" 146.27 348.6 444.45 80 0.7 -138.326382716893 0.262999039648786 0.229489386115892
"557" 146.27 214.25 444.45 80 0.6 -46.4756956313666 0.631636712854987 0.373395565927655
"558" 146.27 333.8 444.45 80 0.7 -128.208108292883 0.303608176704623 0.239664469742361
"559" 146.27 253.3 444.45 80 0.7 -73.1728994325562 0.524488955961037 0.315831030398737
"560" 146.27 193.9 444.45 80 0.8 -32.5630682983523 0.687474276306764 0.412583806085611
"561" 146.27 301.2 444.45 80 0.7 -105.920557872428 0.393058032651941 0.265604249667995
"562" 146.27 240.5 444.45 80 0.8 -64.4219593901689 0.559610371793113 0.332640332640333
"563" 146.27 305.7 444.45 80 0.7 -108.997060231079 0.380710659898477 0.261694471704285
"564" 146.27 162.3 444.45 80 0.5 -10.9591850687085 0.774180271642201 0.492914356130622
"565" 146.27 233.1 444.45 80 0.5 -59.3628221781636 0.579914940321032 0.343200343200343
"566" 146.27 282.45 444.45 80 0.6 -93.1017980447118 0.444505419124709 0.283235970968313
"567" 146.27 266.05 444.45 80 0.8 -81.889656115403 0.489504733159555 0.300695358015411
"568" 146.27 330.3 444.45 80 0.9 -125.815273125043 0.313211688846207 0.242204056917953
"569" 146.27 261.65 444.45 80 0.7 -78.8815204758323 0.501577719851832 0.305751958723486
"570" 146.27 214.7 444.45 80 0.7 -46.7833458672318 0.630401975579641 0.372612948299953
"571" 146.27 294.75 444.45 80 0.8 -101.510904491693 0.410755933598573 0.271416454622561
"572" 146.27 219.65 444.45 80 0.6 -50.1674984617488 0.61681986555083 0.364215797860232
"573" 146.27 372.3 444.45 80 0.8 -154.529295139126 0.197969543147208 0.21488047273704
"574" 146.27 299.25 444.45 80 0.8 -104.587406850345 0.398408560845109 0.267335004177109
"575" 146.27 280.4 444.45 80 0.7 -91.7002803035482 0.450130333379064 0.285306704707561
"576" 146.27 309.65 444.45 80 0.7 -111.697545634785 0.369872410481548 0.258356208622638
"577" 146.27 368.35 444.45 80 0.9 -151.828809735421 0.208807792564138 0.21718474277182
"578" 146.27 268.1 444.45 80 0.6 -83.2911738565666 0.483879818905199 0.298396120850429
"579" 146.27 358.55 444.45 80 0.8 -145.128871265468 0.235697626560571 0.22312090363966
"580" 146.27 410.35 444.45 80 0.9 -180.542831749504 0.0935656468651394 0.194955525770684
"581" 146.27 286.85 444.45 80 0.6 -96.1099336842824 0.432432432432432 0.278891406658532
"582" 146.27 265.6 444.45 80 0.7 -81.5820058795378 0.490739470434902 0.301204819277108
"583" 146.27 150 444.45 80 0.6 -2.55007862172694 0.807929757168336 0.533333333333333
"584" 146.27 258.75 444.45 80 0.7 -76.8988856224789 0.509534915626286 0.309178743961353
"585" 146.27 253.8 444.45 80 0.7 -73.514733027962 0.523117025655097 0.315208825847124
"586" 146.27 359 444.45 80 0.8 -145.436521501333 0.234462889285224 0.222841225626741
"587" 146.27 153.05 444.45 80 0.7 -4.63526355370203 0.799560982302099 0.522704998366547
"588" 146.27 225.7 444.45 80 0.7 -54.3036849661585 0.60021950884895 0.354452813469207
"589" 146.27 244.85 444.45 80 0.8 -67.3959116701989 0.547674578131431 0.326730651419236
"590" 146.27 240.5 444.45 80 0.8 -64.4219593901689 0.559610371793113 0.332640332640333
"591" 146.27 291.8 444.45 80 0.7 -99.4940862787994 0.418850322403622 0.274160383824537
"592" 146.27 444.45 444.45 80 1 -203.855882956177 0 0.179997750028125
"593" 146.27 406.4 444.45 80 0.9 -177.842346345799 0.104403896282069 0.196850393700787
"594" 146.27 229.6 444.45 80 0.5 -56.9699870103233 0.589518452462615 0.348432055749129
"595" 146.27 358.55 444.45 80 0.8 -145.128871265468 0.235697626560571 0.22312090363966
"596" 146.27 234.45 444.45 80 0.6 -60.2857728857592 0.576210728494992 0.341224141608019
"597" 146.27 200.95 444.45 80 0.6 -37.3829219935735 0.668130058993003 0.398108982333914
"598" 146.27 420.75 444.45 80 0.9 -187.652970533944 0.0650294965015777 0.190136660724896
"599" 146.27 229.65 444.45 80 0.7 -57.0041703698639 0.589381259432021 0.348356194208578
"600" 146.27 234 444.45 80 0.5 -59.978122649894 0.577445465770339 0.341880341880342
"601" 146.27 265.6 444.45 80 0.7 -81.5820058795378 0.490739470434902 0.301204819277108
"602" 146.27 282.45 444.45 80 0.6 -93.1017980447118 0.444505419124709 0.283235970968313
"603" 146.27 220.25 444.45 80 0.7 -50.5776987762357 0.615173549183701 0.36322360953462
"604" 146.27 367.9 444.45 80 0.8 -151.521159499556 0.210042529839484 0.217450394128839
"605" 146.27 201.8 444.45 80 0.8 -37.9640391057633 0.665797777472904 0.396432111000991
"606" 146.27 296.8 444.45 80 0.7 -102.912422232857 0.405131019344217 0.269541778975741
"607" 146.27 134.65 444.45 80 0.7 7.94421275722978 0.850048017560708 0.594132937244708
"608" 146.27 306.15 444.45 80 0.6 -109.304710466945 0.379475922623131 0.261309815449943
"609" 146.27 158.5 444.45 80 0.6 -8.3612497436248 0.784606941967348 0.504731861198738
"610" 146.27 329.85 444.45 80 0.8 -125.507622889177 0.314446426121553 0.242534485372139
"611" 146.27 397.05 444.45 80 0.9 -171.450058111711 0.130058993003155 0.201485958947236
"612" 146.27 373.35 444.45 80 0.9 -155.247145689478 0.195088489504733 0.214276148386233
"613" 146.27 295.3 444.45 80 0.6 -101.88692144664 0.409246810262039 0.270910938029123
"614" 146.27 352.55 444.45 80 0.8 -141.026868120599 0.252160790231856 0.226918167635796
"615" 146.27 420.75 444.45 80 0.9 -187.652970533944 0.0650294965015777 0.190136660724896
"616" 146.27 310.55 444.45 80 0.6 -112.312846106515 0.367402935930855 0.257607470616648
"617" 146.27 195.55 444.45 80 0.7 -33.6911191631914 0.68294690629716 0.409102531321912
"618" 146.27 348.15 444.45 80 0.7 -138.018732481028 0.264233776924132 0.229786011776533
"619" 146.27 252.3 444.45 80 0.6 -72.4892322417447 0.527232816572918 0.317082837891399
"620" 146.27 330.3 444.45 80 0.8 -125.815273125043 0.313211688846207 0.242204056917953
"621" 146.27 208.85 444.45 80 0.7 -42.7838928009845 0.646453560159144 0.383050035910941
"622" 146.27 196.55 444.45 80 0.7 -34.3747863540028 0.680203045685279 0.4070211142203
"623" 146.27 239.45 444.45 80 0.7 -63.7041088398168 0.562491425435588 0.334098976821883
"624" 146.27 362.95 444.45 80 0.8 -148.137006905039 0.223624639868295 0.220416035266566
"625" 146.27 405.95 444.45 80 0.9 -177.534696109934 0.105638633557415 0.197068604507944
"626" 146.27 333.35 444.45 80 0.8 -127.900458057018 0.30484291397997 0.23998800059997
"627" 146.27 162.9 444.45 80 0.6 -11.3693853831955 0.772533955275072 0.49109883364027
"628" 146.27 239.45 444.45 80 0.6 -63.7041088398168 0.562491425435588 0.334098976821883
"629" 146.27 211.35 444.45 80 0.7 -44.4930607780133 0.639593908629442 0.378519044239413
"630" 146.27 195.95 444.45 80 0.5 -33.9645860395159 0.681849362052408 0.408267415156928
"631" 146.27 320.5 444.45 80 0.7 -119.11533465509 0.34010152284264 0.249609984399376
"632" 146.27 339.25 444.45 80 0.8 -131.934094482806 0.288654136369872 0.23581429624171
"633" 146.27 204.45 444.45 80 0.7 -39.7757571614138 0.65852654685142 0.391293714844705
"634" 146.27 311.6 444.45 80 0.8 -113.030696656867 0.36452188228838 0.256739409499358
"635" 146.27 342.15 444.45 80 0.9 -133.916729336159 0.280696940595418 0.233815577962882
"636" 146.27 243.95 444.45 80 0.7 -66.7806111984685 0.550144052682124 0.327936052469768
"637" 146.27 235.5 444.45 80 0.8 -61.0036234361113 0.573329674852517 0.339702760084926
"638" 146.27 315.55 444.45 80 0.8 -115.731182060573 0.35368363287145 0.253525590239265
"639" 146.27 185.55 444.45 80 0.6 -26.8544472550762 0.710385512415969 0.431150633252493
"640" 146.27 268.55 444.45 80 0.8 -83.5988240924318 0.482645081629853 0.29789610873208
"641" 146.27 311.15 444.45 80 0.8 -112.723046421002 0.365756619563726 0.257110718303069
"642" 146.27 333.35 444.45 80 0.8 -127.900458057018 0.30484291397997 0.23998800059997
"643" 146.27 372.3 444.45 80 0.8 -154.529295139126 0.197969543147208 0.21488047273704
"644" 146.27 231.15 444.45 80 0.9 -58.0296711560812 0.585265468514199 0.346095608911962
"645" 146.27 163.75 444.45 80 0.8 -11.9505024953852 0.770201673754973 0.488549618320611
"646" 146.27 295.3 444.45 80 0.7 -101.88692144664 0.409246810262039 0.270910938029123
"647" 146.27 259.2 444.45 80 0.8 -77.2065358583441 0.50830017835094 0.308641975308642
"648" 146.27 285.95 444.45 80 0.6 -95.4946332125521 0.434901906983125 0.279769190417905
"649" 146.27 310.1 444.45 80 0.6 -112.00519587065 0.368637673206201 0.257981296356014
"650" 146.27 349.65 444.45 80 0.9 -139.044233267245 0.260117986006311 0.228800228800229
"651" 146.27 273.55 444.45 80 0.7 -87.0171600464893 0.468925778570449 0.292451105830744
"652" 146.27 282 444.45 80 0.7 -92.7941478088466 0.445740156400055 0.283687943262411
"653" 146.27 348.6 444.45 80 0.7 -138.326382716893 0.262999039648786 0.229489386115892
"654" 146.27 344.65 444.45 80 0.8 -135.625897313188 0.273837289065715 0.232119541563905
"655" 146.27 301.2 444.45 80 0.7 -105.920557872428 0.393058032651941 0.265604249667995
"656" 146.27 189.05 444.45 80 0.7 -29.2472824229165 0.700782000274386 0.423168473948691
"657" 146.27 238.4 444.45 80 0.7 -62.9862582894646 0.565372479078063 0.335570469798658
"658" 146.27 296.8 444.45 80 0.7 -102.912422232857 0.405131019344217 0.269541778975741
"659" 146.27 295.75 444.45 80 0.6 -102.194571682505 0.408012072986692 0.270498732037194
"660" 146.27 267.65 444.45 80 0.6 -82.9835236207014 0.485114556180546 0.298897814309733
"661" 146.27 155.4 444.45 80 0.7 -6.24188145210909 0.793112909864179 0.514800514800515
"662" 146.27 285.95 444.45 80 0.6 -95.4946332125521 0.434901906983125 0.279769190417905
"663" 146.27 306.6 444.45 80 0.7 -109.61236070281 0.378241185347784 0.260926288323549
"664" 146.27 348.15 444.45 80 0.7 -138.018732481028 0.264233776924132 0.229786011776533
"665" 146.27 268.55 444.45 80 0.7 -83.5988240924318 0.482645081629853 0.29789610873208
"666" 146.27 406.4 444.45 80 0.9 -177.842346345799 0.104403896282069 0.196850393700787
"667" 146.27 249.4 444.45 80 0.7 -70.5065973883913 0.535190012347373 0.320769847634322
"668" 146.27 306.15 444.45 80 0.6 -109.304710466945 0.379475922623131 0.261309815449943
"669" 146.27 338.2 444.45 80 0.8 -131.216243932454 0.291535190012347 0.236546422235364
"670" 146.27 233 444.45 80 0.7 -59.2944554590825 0.58018932638222 0.343347639484978
"671" 146.27 201.4 444.45 80 0.7 -37.6905722294387 0.666895321717657 0.397219463753724
"672" 146.27 144.6 444.45 80 0.7 1.14172420865524 0.822746604472493 0.553250345781466
"673" 146.27 234.15 444.45 80 0.8 -60.0806727285157 0.577033886678557 0.341661328208413
"674" 146.27 282.9 444.45 80 0.7 -93.409448280577 0.443270681849362 0.282785436550018
"675" 146.27 287.45 444.45 80 0.8 -96.5201339987694 0.430786116065304 0.278309271177596
"676" 146.27 206.35 444.45 80 0.7 -41.0747248239557 0.653313211688846 0.387690816573782
"677" 146.27 330.3 444.45 80 0.9 -125.815273125043 0.313211688846207 0.242204056917953
"678" 146.27 192.55 444.45 80 0.7 -31.6401175907568 0.691178488132803 0.415476499610491
"679" 146.27 311.15 444.45 80 0.8 -112.723046421002 0.365756619563726 0.257110718303069
"680" 146.27 176.2 444.45 80 0.5 -20.4621590209886 0.736040609137056 0.454029511918275
"681" 146.27 292.25 444.45 80 0.8 -99.8017365146646 0.417615585128275 0.273738237810094
"682" 146.27 219.25 444.45 80 0.7 -49.8940315854242 0.617917409795582 0.364880273660205
"683" 146.27 333.8 444.45 80 0.7 -128.208108292883 0.303608176704623 0.239664469742361
"684" 146.27 200.95 444.45 80 0.6 -37.3829219935735 0.668130058993003 0.398108982333914
"685" 146.27 215.7 444.45 80 0.7 -47.4670130580433 0.62765811496776 0.370885489105239
"686" 146.27 329.4 444.45 80 0.8 -125.199972653312 0.315681163396899 0.242865816636308
"687" 146.27 200.95 444.45 80 0.5 -37.3829219935735 0.668130058993003 0.398108982333914
"688" 146.27 254.85 444.45 80 0.9 -74.2325835783141 0.520235972012622 0.313910143221503
"689" 146.27 308.05 444.45 80 0.9 -110.603678129487 0.374262587460557 0.259698100957637
"690" 146.27 224.65 444.45 80 0.6 -53.5858344158064 0.603100562491425 0.356109503672379
"691" 146.27 154.4 444.45 80 0.8 -5.55821426129757 0.79585677047606 0.518134715025907
"692" 146.27 343.75 444.45 80 0.8 -135.010596841458 0.276306763616408 0.232727272727273
"693" 146.27 320.95 444.45 80 0.7 -119.422984890955 0.338866785567293 0.24926000934725
"694" 146.27 334.25 444.45 80 0.8 -128.515758528748 0.302373439429277 0.239341810022438
"695" 146.27 282.9 444.45 80 0.7 -93.409448280577 0.443270681849362 0.282785436550018
"696" 146.27 334.25 444.45 80 0.7 -128.515758528748 0.302373439429277 0.239341810022438
"697" 146.27 276 444.45 80 0.6 -88.6921446639775 0.46220332007134 0.289855072463768
"698" 146.27 155.85 444.45 80 0.8 -6.54953168797427 0.791878172588832 0.513314084055181
"699" 146.27 310.55 444.45 80 0.7 -112.312846106515 0.367402935930855 0.257607470616648
"700" 146.27 291.8 444.45 80 0.7 -99.4940862787994 0.418850322403622 0.274160383824537
"701" 146.27 333.8 444.45 80 0.7 -128.208108292883 0.303608176704623 0.239664469742361
"702" 146.27 311.15 444.45 80 0.8 -112.723046421002 0.365756619563726 0.257110718303069
"703" 146.27 247.45 444.45 80 0.6 -69.1734463663088 0.540540540540541 0.323297635886038
"704" 146.27 244.85 444.45 80 0.8 -67.3959116701989 0.547674578131431 0.326730651419236
"705" 146.27 444.45 444.45 80 1 -203.855882956177 0 0.179997750028125
"706" 146.27 334.85 444.45 80 0.8 -128.925958843235 0.300727123062148 0.238912946095267
"707" 146.27 215.75 444.45 80 0.6 -47.5011964175839 0.627520921937165 0.370799536500579
"708" 146.27 305.7 444.45 80 0.6 -108.997060231079 0.380710659898477 0.261694471704285
"709" 146.27 367.9 444.45 80 0.8 -151.521159499556 0.210042529839484 0.217450394128839
"710" 146.27 238.4 444.45 80 0.7 -62.9862582894646 0.565372479078063 0.335570469798658
"711" 146.27 168.3 444.45 80 0.7 -15.0611882135776 0.757717107970915 0.47534165181224
"712" 146.27 187.65 444.45 80 0.7 -28.2901483557804 0.704623405131019 0.426325606181721
"713" 146.27 213.8 444.45 80 0.6 -46.1680453955014 0.632871450130333 0.374181478016838
"714" 146.27 260.65 444.45 80 0.8 -78.1978532850208 0.504321580463712 0.306924995204297
"715" 146.27 344.65 444.45 80 0.8 -135.625897313188 0.273837289065715 0.232119541563905
"716" 146.27 314.5 444.45 80 0.7 -115.013331510221 0.356564686513925 0.254372019077901
"717" 146.27 243.95 444.45 80 0.5 -66.7806111984685 0.550144052682124 0.327936052469768
"718" 146.27 292.25 444.45 80 0.9 -99.8017365146646 0.417615585128275 0.273738237810094
"719" 146.27 358.55 444.45 80 0.8 -145.128871265468 0.235697626560571 0.22312090363966
"720" 146.27 306.6 444.45 80 0.7 -109.61236070281 0.378241185347784 0.260926288323549
"721" 146.27 214.7 444.45 80 0.7 -46.7833458672318 0.630401975579641 0.372612948299953
"722" 146.27 265.6 444.45 80 0.7 -81.5820058795378 0.490739470434902 0.301204819277108
"723" 146.27 382.7 444.45 80 0.8 -161.639433923566 0.169433392783647 0.209041024301019
"724" 146.27 338.2 444.45 80 0.8 -131.216243932454 0.291535190012347 0.236546422235364
"725" 146.27 320.95 444.45 80 0.8 -119.422984890955 0.338866785567293 0.24926000934725
"726" 146.27 286.4 444.45 80 0.6 -95.8022834484172 0.433667169707779 0.279329608938548
"727" 146.27 179.7 444.45 80 0.6 -22.8549941888289 0.726437096995473 0.445186421814135
"728" 146.27 334.25 444.45 80 0.7 -128.515758528748 0.302373439429277 0.239341810022438
"729" 146.27 296.35 444.45 80 0.7 -102.604771996992 0.406365756619564 0.269951071368314
"730" 146.27 330.3 444.45 80 0.8 -125.815273125043 0.313211688846207 0.242204056917953
"731" 146.27 276.45 444.45 80 0.7 -88.9997948998427 0.460968582795994 0.289383251944294
"732" 146.27 226.15 444.45 80 0.7 -54.6113352020236 0.598984771573604 0.353747512712801
"733" 146.27 240.05 444.45 80 0.8 -64.1143091543037 0.560845109068459 0.333263903353468
"734" 146.27 295.3 444.45 80 0.7 -101.88692144664 0.409246810262039 0.270910938029123
"735" 146.27 314.5 444.45 80 0.7 -115.013331510221 0.356564686513925 0.254372019077901
"736" 146.27 282.9 444.45 80 0.7 -93.409448280577 0.443270681849362 0.282785436550018
"737" 146.27 219.65 444.45 80 0.7 -50.1674984617488 0.61681986555083 0.364215797860232
"738" 146.27 333.8 444.45 80 0.7 -128.208108292883 0.303608176704623 0.239664469742361
"739" 146.27 314.5 444.45 80 0.7 -115.013331510221 0.356564686513925 0.254372019077901
"740" 146.27 249.85 444.45 80 0.7 -70.8142476242565 0.533955275072026 0.320192115269161
"741" 146.27 170.2 444.45 80 0.5 -16.3601558761195 0.752503772808341 0.470035252643948
"742" 146.27 291.8 444.45 80 0.8 -99.4940862787994 0.418850322403622 0.274160383824537
"743" 146.27 271.6 444.45 80 0.6 -85.6840090244069 0.474276306763616 0.294550810014727
"744" 146.27 382.7 444.45 80 0.8 -161.639433923566 0.169433392783647 0.209041024301019
"745" 146.27 266.05 444.45 80 0.8 -81.889656115403 0.489504733159555 0.300695358015411
"746" 146.27 376.25 444.45 80 0.9 -157.229780542832 0.187131293730278 0.212624584717608
"747" 146.27 295.75 444.45 80 0.7 -102.194571682505 0.408012072986692 0.270498732037194
"748" 146.27 219.8 444.45 80 0.7 -50.2700485403705 0.616408286459048 0.363967242948135
"749" 146.27 272.65 444.45 80 0.7 -86.401859574759 0.471395253121141 0.293416467999266
"750" 146.27 329.85 444.45 80 0.7 -125.507622889177 0.314446426121553 0.242534485372139
"751" 146.27 229.05 444.45 80 0.7 -56.593970055377 0.591027575799149 0.349268718620389
"752" 146.27 234.15 444.45 80 0.7 -60.0806727285157 0.577033886678557 0.341661328208413
"753" 146.27 305.7 444.45 80 0.6 -108.997060231079 0.380710659898477 0.261694471704285
"754" 146.27 284.35 444.45 80 0.8 -94.4007657072537 0.439292083962135 0.281343414805697
"755" 146.27 291.8 444.45 80 0.7 -99.4940862787994 0.418850322403622 0.274160383824537
"756" 146.27 287.9 444.45 80 0.8 -96.8277842346346 0.429551378789957 0.277874261896492
"757" 146.27 156.9 444.45 80 0.6 -7.26738223832637 0.788997118946357 0.509878903760357
"758" 146.27 239.45 444.45 80 0.6 -63.7041088398168 0.562491425435588 0.334098976821883
"759" 146.27 338.2 444.45 80 0.8 -131.216243932454 0.291535190012347 0.236546422235364
"760" 146.27 310.55 444.45 80 0.7 -112.312846106515 0.367402935930855 0.257607470616648
"761" 146.27 344.65 444.45 80 0.8 -135.625897313188 0.273837289065715 0.232119541563905
"762" 146.27 231.15 444.45 80 0.9 -58.0296711560812 0.585265468514199 0.346095608911962
"763" 146.27 320.95 444.45 80 0.8 -119.422984890955 0.338866785567293 0.24926000934725
"764" 146.27 206.8 444.45 80 0.8 -41.3823750598209 0.6520784744135 0.386847195357834
"765" 146.27 329.85 444.45 80 0.8 -125.507622889177 0.314446426121553 0.242534485372139
"766" 146.27 444.45 444.45 80 1 -203.855882956177 0 0.179997750028125
"767" 146.27 186.6 444.45 80 0.5 -27.5722978054283 0.707504458773494 0.428724544480171
"768" 146.27 272.5 444.45 80 0.7 -86.2993094961372 0.471806832212924 0.293577981651376
"769" 146.27 276 444.45 80 0.6 -88.6921446639775 0.46220332007134 0.289855072463768
"770" 146.27 333.8 444.45 80 0.7 -128.208108292883 0.303608176704623 0.239664469742361
"771" 146.27 372.3 444.45 80 0.8 -154.529295139126 0.197969543147208 0.21488047273704
"772" 146.27 267.65 444.45 80 0.7 -82.9835236207014 0.485114556180546 0.298897814309733
"773" 146.27 291.35 444.45 80 0.8 -99.1864360429342 0.420085059678968 0.274583833876781
"774" 146.27 330.3 444.45 80 0.9 -125.815273125043 0.313211688846207 0.242204056917953
"775" 146.27 325.95 444.45 80 0.9 -122.841320845013 0.325147482507888 0.245436416628317
"776" 146.27 344.65 444.45 80 0.7 -135.625897313188 0.273837289065715 0.232119541563905
"777" 146.27 272.5 444.45 80 0.6 -86.2993094961372 0.471806832212924 0.293577981651376
"778" 146.27 291.35 444.45 80 0.8 -99.1864360429342 0.420085059678968 0.274583833876781
"779" 146.27 218.65 444.45 80 0.6 -49.4838312709373 0.619563726162711 0.365881545849531
"780" 146.27 359 444.45 80 0.8 -145.436521501333 0.234462889285224 0.222841225626741
"781" 146.27 311.6 444.45 80 0.8 -113.030696656867 0.36452188228838 0.256739409499358
"782" 146.27 371.85 444.45 80 0.8 -154.221644903261 0.199204280422555 0.215140513647976
"783" 146.27 197 444.45 80 0.6 -34.682436589868 0.678968308409933 0.406091370558376
"784" 146.27 348.6 444.45 80 0.7 -138.326382716893 0.262999039648786 0.229489386115892
"785" 146.27 233.55 444.45 80 0.5 -59.6704724140288 0.578680203045685 0.34253907086277
"786" 146.27 234.05 444.45 80 0.8 -60.0123060094346 0.577308272739745 0.341807306131168
"787" 146.27 309.65 444.45 80 0.6 -111.697545634785 0.369872410481548 0.258356208622638
"788" 146.27 306.15 444.45 80 0.6 -109.304710466945 0.379475922623131 0.261309815449943
"789" 146.27 329.85 444.45 80 0.8 -125.507622889177 0.314446426121553 0.242534485372139
"790" 146.27 230.05 444.45 80 0.7 -57.2776372461885 0.588283715187268 0.347750489024125
"791" 146.27 211.35 444.45 80 0.7 -44.4930607780133 0.639593908629442 0.378519044239413
"792" 146.27 281.45 444.45 80 0.8 -92.4181308539003 0.447249279736589 0.28424231657488
"793" 146.27 166.25 444.45 80 0.6 -13.659670472414 0.763342022225271 0.481203007518797
"794" 146.27 359 444.45 80 0.8 -145.436521501333 0.234462889285224 0.222841225626741
"795" 146.27 253.75 444.45 80 0.7 -73.4805496684214 0.523254218685691 0.315270935960591
"796" 146.27 242.35 444.45 80 0.7 -65.6867436931701 0.554534229661133 0.330101093459872
"797" 146.27 294.75 444.45 80 0.8 -101.510904491693 0.410755933598573 0.271416454622561
"798" 146.27 266.65 444.45 80 0.7 -82.2998564298899 0.487858416792427 0.300018751171948
"799" 146.27 299.25 444.45 80 0.7 -104.587406850345 0.398408560845109 0.267335004177109
"800" 146.27 151.6 444.45 80 0.6 -3.64394612702534 0.803539580189326 0.527704485488127
"801" 146.27 204.9 444.45 80 0.6 -40.083407397279 0.657291809576073 0.390434358223524
"802" 146.27 325.95 444.45 80 0.9 -122.841320845013 0.325147482507888 0.245436416628317
"803" 146.27 206.8 444.45 80 0.7 -41.3823750598209 0.6520784744135 0.386847195357834
"804" 146.27 271.6 444.45 80 0.5 -85.6840090244069 0.474276306763616 0.294550810014727
"805" 146.27 186 444.45 80 0.7 -27.1620974909414 0.709150775140623 0.43010752688172
"806" 146.27 372.3 444.45 80 0.8 -154.529295139126 0.197969543147208 0.21488047273704
"807" 146.27 210.9 444.45 80 0.7 -44.1854105421481 0.640828645904788 0.379326695116169
"808" 146.27 277.5 444.45 80 0.7 -89.7176454501948 0.458087529153519 0.288288288288288
"809" 146.27 301.2 444.45 80 0.7 -105.920557872428 0.393058032651941 0.265604249667995
"810" 146.27 201.35 444.45 80 0.8 -37.6563888698981 0.667032514748251 0.397318102806059
"811" 146.27 262.1 444.45 80 0.8 -79.1891707116975 0.500342982576485 0.305227012590614
"812" 146.27 368.35 444.45 80 0.8 -151.828809735421 0.208807792564138 0.21718474277182
"813" 146.27 304.1 444.45 80 0.8 -107.903192725781 0.385100836877487 0.263071358105886
"814" 146.27 311.6 444.45 80 0.8 -113.030696656867 0.36452188228838 0.256739409499358
"815" 146.27 292.25 444.45 80 0.8 -99.8017365146646 0.417615585128275 0.273738237810094
"816" 146.27 194.5 444.45 80 0.6 -32.9732686128392 0.685827959939635 0.411311053984576
"817" 146.27 205.35 444.45 80 0.7 -40.3910576331442 0.656057072300727 0.389578767957146
"818" 146.27 276.45 444.45 80 0.7 -88.9997948998427 0.460968582795994 0.289383251944294
"819" 146.27 219.65 444.45 80 0.6 -50.1674984617488 0.61681986555083 0.364215797860232
"820" 146.27 330.3 444.45 80 0.9 -125.815273125043 0.313211688846207 0.242204056917953
"821" 146.27 242.95 444.45 80 0.7 -66.0969440076571 0.552887913294005 0.329285861288331
"822" 146.27 315.55 444.45 80 0.8 -115.731182060573 0.35368363287145 0.253525590239265
"823" 146.27 333.8 444.45 80 0.7 -128.208108292883 0.303608176704623 0.239664469742361
"824" 146.27 310.55 444.45 80 0.6 -112.312846106515 0.367402935930855 0.257607470616648
"825" 146.27 244.45 444.45 80 0.8 -67.1224447938743 0.548772122376183 0.32726528942524
"826" 146.27 253.3 444.45 80 0.7 -73.1728994325562 0.524488955961037 0.315831030398737
"827" 146.27 279.95 444.45 80 0.7 -91.392630067683 0.451365070654411 0.285765315234863
"828" 146.27 311.15 444.45 80 0.8 -112.723046421002 0.365756619563726 0.257110718303069
"829" 146.27 192.05 444.45 80 0.7 -31.2982839953511 0.692550418438743 0.416558187971882
"830" 146.27 367.9 444.45 80 0.8 -151.521159499556 0.210042529839484 0.217450394128839
"831" 146.27 405.95 444.45 80 0.9 -177.534696109934 0.105638633557415 0.197068604507944
"832" 146.27 297.25 444.45 80 0.8 -103.220072468722 0.403896282068871 0.269133725820017
"833" 146.27 269.55 444.45 80 0.8 -84.2824912832433 0.479901221017972 0.29679094787609
"834" 146.27 296.8 444.45 80 0.7 -102.912422232857 0.405131019344217 0.269541778975741
"835" 146.27 296.2 444.45 80 0.7 -102.50222191837 0.406777335711346 0.270087778528022
"836" 146.27 310.55 444.45 80 0.7 -112.312846106515 0.367402935930855 0.257607470616648
"837" 146.27 262.7 444.45 80 0.6 -79.5993710261844 0.498696666209356 0.304529881994671
"838" 146.27 310.55 444.45 80 0.6 -112.312846106515 0.367402935930855 0.257607470616648
"839" 146.27 177.7 444.45 80 0.7 -21.4876598072059 0.731924818219234 0.450196961170512
"840" 146.27 277.5 444.45 80 0.7 -89.7176454501948 0.458087529153519 0.288288288288288
"841" 146.27 272.5 444.45 80 0.6 -86.2993094961372 0.471806832212924 0.293577981651376
"842" 146.27 330.3 444.45 80 0.8 -125.815273125043 0.313211688846207 0.242204056917953
"843" 146.27 305.7 444.45 80 0.6 -108.997060231079 0.380710659898477 0.261694471704285
"844" 146.27 386.65 444.45 80 0.8 -164.339919327271 0.158595143366717 0.206905470063365
"845" 146.27 305.7 444.45 80 0.7 -108.997060231079 0.380710659898477 0.261694471704285
"846" 146.27 242.35 444.45 80 0.7 -65.6867436931701 0.554534229661133 0.330101093459872
"847" 146.27 329.85 444.45 80 0.8 -125.507622889177 0.314446426121553 0.242534485372139
"848" 146.27 320.5 444.45 80 0.7 -119.11533465509 0.34010152284264 0.249609984399376
"849" 146.27 306.15 444.45 80 0.7 -109.304710466945 0.379475922623131 0.261309815449943
"850" 146.27 267.65 444.45 80 0.6 -82.9835236207014 0.485114556180546 0.298897814309733
"851" 146.27 259.2 444.45 80 0.7 -77.2065358583441 0.50830017835094 0.308641975308642
"852" 146.27 382.7 444.45 80 0.8 -161.639433923566 0.169433392783647 0.209041024301019
"853" 146.27 185.1 444.45 80 0.7 -26.546797019211 0.711620249691316 0.432198811453268
"854" 146.27 368.35 444.45 80 0.9 -151.828809735421 0.208807792564138 0.21718474277182
"855" 146.27 330.3 444.45 80 0.8 -125.815273125043 0.313211688846207 0.242204056917953
"856" 146.27 215.3 444.45 80 0.6 -47.1935461817187 0.628755659212512 0.371574547143521
"857" 146.27 226.15 444.45 80 0.8 -54.6113352020236 0.598984771573604 0.353747512712801
"858" 146.27 382.7 444.45 80 0.8 -161.639433923566 0.169433392783647 0.209041024301019
"859" 146.27 239.45 444.45 80 0.7 -63.7041088398168 0.562491425435588 0.334098976821883
"860" 146.27 187.65 444.45 80 0.7 -28.2901483557804 0.704623405131019 0.426325606181721
"861" 146.27 296.8 444.45 80 0.7 -102.912422232857 0.405131019344217 0.269541778975741
"862" 146.27 304.1 444.45 80 0.8 -107.903192725781 0.385100836877487 0.263071358105886
"863" 146.27 243.4 444.45 80 0.7 -66.4045942435222 0.551653176018658 0.328677074774034
"864" 146.27 165.8 444.45 80 0.5 -13.3520202365488 0.764576759500617 0.482509047044632
"865" 146.27 209.3 444.45 80 0.7 -43.0915430368497 0.645218822883797 0.382226469182991
"866" 146.27 276 444.45 80 0.6 -88.6921446639775 0.46220332007134 0.289855072463768
"867" 146.27 189.95 444.45 80 0.8 -29.8625828946468 0.698312525723693 0.421163464069492
"868" 146.27 277.5 444.45 80 0.7 -89.7176454501948 0.458087529153519 0.288288288288288
"869" 146.27 236.95 444.45 80 0.8 -61.994940862788 0.56935107696529 0.337623971301962
"870" 146.27 209.3 444.45 80 0.7 -43.0915430368497 0.645218822883797 0.382226469182991
"871" 146.27 297.25 444.45 80 0.7 -103.220072468722 0.403896282068871 0.269133725820017
"872" 146.27 286.85 444.45 80 0.6 -96.1099336842824 0.432432432432432 0.278891406658532
"873" 146.27 290.9 444.45 80 0.8 -98.8787858070691 0.421319796954315 0.275008594018563
"874" 146.27 215.7 444.45 80 0.7 -47.4670130580433 0.62765811496776 0.370885489105239
"875" 146.27 268.55 444.45 80 0.6 -83.5988240924318 0.482645081629853 0.29789610873208
"876" 146.27 257.25 444.45 80 0.6 -75.8733848362617 0.513650706544108 0.310981535471331
"877" 146.27 329.4 444.45 80 0.7 -125.199972653312 0.315681163396899 0.242865816636308
"878" 146.27 264.2 444.45 80 0.8 -80.6248718124017 0.494580875291535 0.302800908402725
"879" 146.27 188.1 444.45 80 0.8 -28.5977985916456 0.703388667855673 0.425305688463583
"880" 146.27 320.95 444.45 80 0.7 -119.422984890955 0.338866785567293 0.24926000934725
"881" 146.27 248.8 444.45 80 0.7 -70.0963970739044 0.536836328714501 0.321543408360129
"882" 146.27 324.9 444.45 80 0.7 -122.12347029466 0.328028536150364 0.246229609110496
"883" 146.27 263.15 444.45 80 0.7 -79.9070212620496 0.49746192893401 0.304009120273608
"884" 146.27 141.65 444.45 80 0.5 3.15854242154919 0.830840993277541 0.564772326156018
"885" 146.27 329.85 444.45 80 0.8 -125.507622889177 0.314446426121553 0.242534485372139
"886" 146.27 177.65 444.45 80 0.8 -21.4534764476652 0.732062011249829 0.450323670137912
"887" 146.27 263.75 444.45 80 0.8 -80.3172215765365 0.495815612566881 0.303317535545024
"888" 146.27 244.4 444.45 80 0.7 -67.0882614343337 0.548909315406777 0.327332242225859
"889" 146.27 359 444.45 80 0.8 -145.436521501333 0.234462889285224 0.222841225626741
"890" 146.27 299.7 444.45 80 0.7 -104.89505708621 0.397173823569763 0.266933600266934
"891" 146.27 333.8 444.45 80 0.7 -128.208108292883 0.303608176704623 0.239664469742361
"892" 146.27 362.95 444.45 80 0.8 -148.137006905039 0.223624639868295 0.220416035266566
"893" 146.27 214.7 444.45 80 0.7 -46.7833458672318 0.630401975579641 0.372612948299953
"894" 146.27 226.15 444.45 80 0.8 -54.6113352020236 0.598984771573604 0.353747512712801
"895" 146.27 187.05 444.45 80 0.7 -27.8799480412935 0.706269721498148 0.427693130179096
"896" 146.27 156.9 444.45 80 0.7 -7.26738223832637 0.788997118946357 0.509878903760357
"897" 146.27 204.9 444.45 80 0.6 -40.083407397279 0.657291809576073 0.390434358223524
"898" 146.27 220.25 444.45 80 0.7 -50.5776987762357 0.615173549183701 0.36322360953462
"899" 146.27 371.85 444.45 80 0.8 -154.221644903261 0.199204280422555 0.215140513647976
"900" 146.27 295.75 444.45 80 0.6 -102.194571682505 0.408012072986692 0.270498732037194
"901" 146.27 282.45 444.45 80 0.6 -93.1017980447118 0.444505419124709 0.283235970968313
"902" 146.27 367.9 444.45 80 0.8 -151.521159499556 0.210042529839484 0.217450394128839
"903" 146.27 246.3 444.45 80 0.7 -68.3872290968756 0.543695980244204 0.324807145757207
"904" 146.27 277.5 444.45 80 0.7 -89.7176454501948 0.458087529153519 0.288288288288288
"905" 146.27 276 444.45 80 0.6 -88.6921446639775 0.46220332007134 0.289855072463768
"906" 146.27 306.6 444.45 80 0.7 -109.61236070281 0.378241185347784 0.260926288323549
"907" 146.27 215.3 444.45 80 0.6 -47.1935461817187 0.628755659212512 0.371574547143521
"908" 146.27 193.9 444.45 80 0.7 -32.5630682983523 0.687474276306764 0.412583806085611
"909" 146.27 405.95 444.45 80 0.9 -177.534696109934 0.105638633557415 0.197068604507944
"910" 146.27 230.1 444.45 80 0.7 -57.3118206057291 0.588146522156674 0.34767492394611
"911" 146.27 334.25 444.45 80 0.7 -128.515758528748 0.302373439429277 0.239341810022438
"912" 146.27 226.15 444.45 80 0.8 -54.6113352020236 0.598984771573604 0.353747512712801
"913" 146.27 189.5 444.45 80 0.6 -29.5549326587817 0.69954726299904 0.422163588390501
"914" 146.27 148.55 444.45 80 0.4 -1.55876119505023 0.811908355055563 0.538539212386402
"915" 146.27 267.65 444.45 80 0.6 -82.9835236207014 0.485114556180546 0.298897814309733
"916" 146.27 263.15 444.45 80 0.6 -79.9070212620496 0.49746192893401 0.304009120273608
"917" 146.27 315.55 444.45 80 0.8 -115.731182060573 0.35368363287145 0.253525590239265
"918" 146.27 242.35 444.45 80 0.6 -65.6867436931701 0.554534229661133 0.330101093459872
"919" 146.27 397.05 444.45 80 0.9 -171.450058111711 0.130058993003155 0.201485958947236
"920" 146.27 210.75 444.45 80 0.7 -44.0828604635263 0.64124022499657 0.379596678529063
"921" 146.27 267.1 444.45 80 0.7 -82.6075066657551 0.48662367951708 0.299513290902284
"922" 146.27 334.85 444.45 80 0.8 -128.925958843235 0.300727123062148 0.238912946095267
"923" 146.27 368.35 444.45 80 0.8 -151.828809735421 0.208807792564138 0.21718474277182
"924" 146.27 372.3 444.45 80 0.8 -154.529295139126 0.197969543147208 0.21488047273704
"925" 146.27 406.4 444.45 80 0.9 -177.842346345799 0.104403896282069 0.196850393700787
"926" 146.27 229.05 444.45 80 0.6 -56.593970055377 0.591027575799149 0.349268718620389
"927" 146.27 286.85 444.45 80 0.6 -96.1099336842824 0.432432432432432 0.278891406658532
"928" 146.27 306.6 444.45 80 0.7 -109.61236070281 0.378241185347784 0.260926288323549
"929" 146.27 338.2 444.45 80 0.8 -131.216243932454 0.291535190012347 0.236546422235364
"930" 146.27 269.55 444.45 80 0.8 -84.2824912832433 0.479901221017972 0.29679094787609
"931" 146.27 167.7 444.45 80 0.8 -14.6509878990907 0.759363424338044 0.477042337507454
"932" 146.27 272.5 444.45 80 0.5 -86.2993094961372 0.471806832212924 0.293577981651376
"933" 146.27 207.8 444.45 80 0.6 -42.0660422506323 0.649334613801619 0.384985563041386
"934" 146.27 221.15 444.45 80 0.8 -51.1929992479661 0.612704074633009 0.361745421659507
"935" 146.27 335.3 444.45 80 0.8 -129.2336090791 0.299492385786802 0.238592305398151
"936" 146.27 371.85 444.45 80 0.8 -154.221644903261 0.199204280422555 0.215140513647976
"937" 146.27 306.6 444.45 80 0.8 -109.61236070281 0.378241185347784 0.260926288323549
"938" 146.27 306.15 444.45 80 0.6 -109.304710466945 0.379475922623131 0.261309815449943
"939" 146.27 335.3 444.45 80 0.8 -129.2336090791 0.299492385786802 0.238592305398151
"940" 146.27 296.8 444.45 80 0.7 -102.912422232857 0.405131019344217 0.269541778975741
"941" 146.27 359 444.45 80 0.8 -145.436521501333 0.234462889285224 0.222841225626741
"942" 146.27 185.15 444.45 80 0.7 -26.5809803787516 0.711483056660722 0.432082095598164
"943" 146.27 359 444.45 80 0.8 -145.436521501333 0.234462889285224 0.222841225626741
"944" 146.27 296.2 444.45 80 0.7 -102.50222191837 0.406777335711346 0.270087778528022
"945" 146.27 237.5 444.45 80 0.6 -62.3709578177343 0.567841953628756 0.336842105263158
"946" 146.27 306.6 444.45 80 0.7 -109.61236070281 0.378241185347784 0.260926288323549
"947" 146.27 372.3 444.45 80 0.8 -154.529295139126 0.197969543147208 0.21488047273704
"948" 146.27 210.3 444.45 80 0.5 -43.7752102276612 0.642474962271917 0.380408939610081
"949" 146.27 359 444.45 80 0.8 -145.436521501333 0.234462889285224 0.222841225626741
"950" 146.27 272.5 444.45 80 0.7 -86.2993094961372 0.471806832212924 0.293577981651376
"951" 146.27 271.6 444.45 80 0.6 -85.6840090244069 0.474276306763616 0.294550810014727
"952" 146.27 263.75 444.45 80 0.8 -80.3172215765365 0.495815612566881 0.303317535545024
"953" 146.27 268.55 444.45 80 0.7 -83.5988240924318 0.482645081629853 0.29789610873208
"954" 146.27 344.2 444.45 80 0.7 -135.318247077323 0.275072026341062 0.232423009877978
"955" 146.27 311.15 444.45 80 0.8 -112.723046421002 0.365756619563726 0.257110718303069
"956" 146.27 237.95 444.45 80 0.6 -62.6786080535995 0.566607216353409 0.336205085101912
"957" 146.27 271.6 444.45 80 0.6 -85.6840090244069 0.474276306763616 0.294550810014727
"958" 146.27 305.25 444.45 80 0.8 -108.689409995214 0.381945397173824 0.262080262080262
"959" 146.27 257.25 444.45 80 0.7 -75.8733848362617 0.513650706544108 0.310981535471331
"960" 146.27 197.45 444.45 80 0.8 -34.9900868257332 0.677733571134586 0.405165864775893
"961" 146.27 311.15 444.45 80 0.8 -112.723046421002 0.365756619563726 0.257110718303069
"962" 146.27 291.35 444.45 80 0.8 -99.1864360429342 0.420085059678968 0.274583833876781
"963" 146.27 253.8 444.45 80 0.7 -73.514733027962 0.523117025655097 0.315208825847124
"964" 146.27 406.4 444.45 80 0.9 -177.842346345799 0.104403896282069 0.196850393700787
"965" 146.27 282 444.45 80 0.7 -92.7941478088466 0.445740156400055 0.283687943262411
"966" 146.27 329.85 444.45 80 0.7 -125.507622889177 0.314446426121553 0.242534485372139
"967" 146.27 324.9 444.45 80 0.7 -122.12347029466 0.328028536150364 0.246229609110496
"968" 146.27 282 444.45 80 0.7 -92.7941478088466 0.445740156400055 0.283687943262411
"969" 146.27 233.55 444.45 80 0.5 -59.6704724140288 0.578680203045685 0.34253907086277
"970" 146.27 382.7 444.45 80 0.8 -161.639433923566 0.169433392783647 0.209041024301019
"971" 146.27 267.2 444.45 80 0.7 -82.6758733848362 0.486349293455893 0.29940119760479
"972" 146.27 296.35 444.45 80 0.8 -102.604771996992 0.406365756619564 0.269951071368314
"973" 146.27 173.3 444.45 80 0.7 -18.4795241676352 0.74399780491151 0.461627236006924
"974" 146.27 405.95 444.45 80 0.9 -177.534696109934 0.105638633557415 0.197068604507944
"975" 146.27 154.4 444.45 80 0.7 -5.55821426129759 0.79585677047606 0.518134715025907
"976" 146.27 305.7 444.45 80 0.6 -108.997060231079 0.380710659898477 0.261694471704285
"977" 146.27 295.75 444.45 80 0.6 -102.194571682505 0.408012072986692 0.270498732037194
"978" 146.27 259.2 444.45 80 0.7 -77.2065358583441 0.50830017835094 0.308641975308642
"979" 146.27 348.6 444.45 80 0.7 -138.326382716893 0.262999039648786 0.229489386115892
"980" 146.27 367.9 444.45 80 0.8 -151.521159499556 0.210042529839484 0.217450394128839
"981" 146.27 306.6 444.45 80 0.7 -109.61236070281 0.378241185347784 0.260926288323549
"982" 146.27 306.6 444.45 80 0.8 -109.61236070281 0.378241185347784 0.260926288323549
"983" 146.27 187.2 444.45 80 0.7 -27.9824981199152 0.705858142406366 0.427350427350427
"984" 146.27 294.75 444.45 80 0.8 -101.510904491693 0.410755933598573 0.271416454622561
"985" 146.27 306.6 444.45 80 0.8 -109.61236070281 0.378241185347784 0.260926288323549
"986" 146.27 185.6 444.45 80 0.7 -26.8886306146168 0.710248319385375 0.431034482758621
"987" 146.27 352.55 444.45 80 0.8 -141.026868120599 0.252160790231856 0.226918167635796
"988" 146.27 359 444.45 80 0.8 -145.436521501333 0.234462889285224 0.222841225626741
"989" 146.27 339.25 444.45 80 0.8 -131.934094482806 0.288654136369872 0.23581429624171
"990" 146.27 158.5 444.45 80 0.6 -8.3612497436248 0.784606941967348 0.504731861198738
"991" 146.27 328.85 444.45 80 0.8 -124.823955698366 0.317190286733434 0.24327200851452
"992" 146.27 229.05 444.45 80 0.6 -56.593970055377 0.591027575799149 0.349268718620389
"993" 146.27 276 444.45 80 0.6 -88.6921446639775 0.46220332007134 0.289855072463768
"994" 146.27 190.55 444.45 80 0.6 -30.2727832091338 0.696666209356565 0.419837313041197
"995" 146.27 252.75 444.45 80 0.7 -72.7968824776098 0.525998079297572 0.316518298714144
"996" 146.27 342.15 444.45 80 0.9 -133.916729336159 0.280696940595418 0.233815577962882
"997" 146.27 295.75 444.45 80 0.6 -102.194571682505 0.408012072986692 0.270498732037194
"998" 146.27 242.35 444.45 80 0.7 -65.6867436931701 0.554534229661133 0.330101093459872
"999" 146.27 254.2 444.45 80 0.9 -73.7881999042865 0.522019481410344 0.3147128245476
"1000" 146.27 306.6 444.45 80 0.6 -109.61236070281 0.378241185347784 0.260926288323549
