"SCI" "RCI" "GER" "MSM*" "MIG"
"1" 0.269230769230769 -1266.78802179983 0.451707336667099 0.0997078058024203 1391.68795804119
"2" 0.307692307692308 -1251.81316003574 0.562508239722656 0.123102317362796 1145.3755384729
"3" 0.230769230769231 -1522.42085878888 0.427796685754925 0.0938956046871874 1445.21721145548
"4" 0.192307692307692 -1241.85863752023 0.549396440102691 0.120492731262023 1179.16924697398
"5" 0.192307692307692 -2113.71926747458 0.311138737624263 0.0830218199229496 1731.30226264371
"6" 0.230769230769231 -1406.04697637614 0.425330851574169 0.0916918384448071 1460.18112788033
"7" 0.153846153846154 -1647.0886723225 0.539131417329591 0.11295877727698 1194.55187915834
"8" 0.230769230769231 -1236.24000221857 0.376645314504931 0.0859058421438755 1555.44373960719
"9" 0.230769230769231 -1724.01804486867 0.413641175204425 0.0929564925526109 1493.00394618812
"10" 0.269230769230769 -1765.06942542639 0.445418591506908 0.0962621438238344 1413.9490739556
"11" 0.230769230769231 -1253.58489789392 0.427977267028681 0.0963953953937135 1453.31722659478
"12" 0.269230769230769 -2304.1822549801 0.508375049684477 0.110984759901033 1286.90231074742
"13" 0.269230769230769 -1065.7739289818 0.553550823909132 0.11568733836561 1157.08998927404
"14" 0.269230769230769 -2414.90515341998 0.442576217719447 0.095345723124989 1431.94203969504
"15" 0.230769230769231 -1536.17310331902 0.589554935975954 0.125901873846213 1078.43123356442
"16" 0.307692307692308 -1497.82743879477 0.487703311311134 0.10500834109009 1321.68226407509
"17" 0.153846153846154 -2017.9752997196 0.203232548043776 0.0689012475361517 1949.2029822527
"18" 0.230769230769231 -1996.09221318651 0.429469795782428 0.0938105196921726 1453.71389428813
"19" 0.192307692307692 -1631.69430453948 0.462434855691748 0.100260020599771 1367.88229160445
"20" 0.423076923076923 -1507.3356897589 0.576059165394386 0.123391119417132 1110.38785314344
"21" 0.115384615384615 -1710.55971392181 0.561335537014332 0.122790201240828 1146.00766678574
"22" 0.307692307692308 -1389.45493692692 0.553835961653711 0.117013424026015 1160.68913059004
"23" 0.269230769230769 -2464.64519060881 0.417217292632577 0.0917943007164968 1486.14530716064
"24" 0.269230769230769 -2193.23573311438 0.386428580813834 0.0882340700416102 1557.63961262201
"25" 0.192307692307692 -2164.7667947969 0.304605870889414 0.0804007003879375 1756.81702512802
"26" 0.307692307692308 -1481.36218944651 0.531338279028639 0.113440707460955 1227.28114860332
"27" 0.269230769230769 -1733.18613695321 0.500425033343268 0.10350535925618 1274.68418134439
"28" 0.192307692307692 -2554.90354449647 0.420414376407088 0.09163491046737 1474.21847157605
"29" 0.230769230769231 -1329.62153915093 0.631094334542409 0.142285107809961 992.188530920495
"30" 0.230769230769231 -1635.81390321564 0.490700896328951 0.104841592917769 1311.82674157245
"31" 0.269230769230769 -1149.52249162255 0.505053469401439 0.110555884457098 1272.0627849395
"32" 0.307692307692308 -1676.41854117341 0.472178334121218 0.0989634087739485 1352.79441539157
"33" 0.384615384615385 -2500.0031252627 0.495032096611027 0.103475824496929 1305.68083980575
"34" 0.230769230769231 -1988.46558475462 0.336830357225077 0.0813746100369986 1669.92116920625
"35" 0.307692307692308 -2118.13237134539 0.381409042269134 0.0866012975440852 1552.56013884734
"36" 0.307692307692308 -1215.55026192405 0.614752101719637 0.133303561528211 1021.68427279578
"37" 0.269230769230769 -1931.02981662852 0.371367865952389 0.0832583256738272 1590.20396387719
"38" 0.269230769230769 -1374.12729054848 0.437768197458891 0.0957571857878671 1431.42898911914
"39" 0.230769230769231 -1587.87223236555 0.365386172117315 0.0854848126110312 1589.88190544326
"40" 0.307692307692308 -1703.93659140131 0.628924909925515 0.139084283789857 1001.80441856163
"41" 0.153846153846154 -1819.53218856758 0.28104457124368 0.0800052337488175 1804.11978611904
"42" 0.307692307692308 -1196.64542200114 0.531073322745126 0.114866743506263 1213.26989023655
"43" 0.269230769230769 -1867.02493808816 0.513057014391487 0.110270425561096 1257.28631323763
"44" 0.192307692307692 -2029.96195109808 0.314059156033235 0.0811562828082922 1719.50080326525
"45" 0.384615384615385 -1699.22458635954 0.46788468855253 0.0989253959182702 1353.7652660559
"46" 0.230769230769231 -1240.08689876392 0.555161128316589 0.1158701747389 1164.77129014141
"47" 0.153846153846154 -1972.51552804971 0.210157870401156 0.0702977594384195 1956.58016617485
"48" 0.269230769230769 -1883.96763884744 0.510061632377667 0.1092386063093 1266.86436779893
"49" 0.307692307692308 -1492.95435475302 0.495263698827849 0.102456020450254 1293.42554893063
"50" 0.269230769230769 -1444.63137555323 0.512574696358962 0.107887764194553 1271.18384146209
"51" 0.153846153846154 -1942.03269159431 0.387962409316808 0.0897211864978879 1543.95790113947
"52" 0.269230769230769 -1531.86786261611 0.624890607617375 0.131672223761766 997.320362101703
"53" 0.192307692307692 -1907.30372490667 0.520117925872909 0.10728219613371 1231.475832746
"54" 0.192307692307692 -1993.96240732595 0.437473396502002 0.0965629431418586 1436.07846224743
"55" 0.307692307692308 -1665.89170641806 0.474639433901827 0.102869865934541 1344.22445349808
"56" 0.192307692307692 -1330.58302765039 0.573121523809893 0.123089430441652 1122.3273408424
"57" 0.269230769230769 -1919.12640308961 0.406162790405092 0.0933715459142776 1511.04584522491
"58" 0.346153846153846 -1041.2117279705 0.659009310376003 0.149270521161168 922.180311079265
"59" 0.269230769230769 -1633.32764252173 0.571940309106132 0.124360355714977 1123.7592387375
"60" 0.269230769230769 -1433.16047306504 0.590288911745043 0.127324154322018 1080.4690768947
"61" 0.192307692307692 -2347.98266736113 0.198756038686102 0.067424542220913 1958.12862427928
"62" 0.307692307692308 -1295.38860343951 0.46224132218068 0.102996444543281 1369.47196351273
"63" 0.307692307692308 -1284.98278552471 0.540352487630139 0.115602356889814 1185.44794672095
"64" 0.230769230769231 -1269.7184680327 0.628627422884845 0.137061722795845 994.614725161472
"65" 0.230769230769231 -2042.86028613709 0.366679841987834 0.0878245859341811 1592.24068972105
"66" 0.269230769230769 -820.518047562225 0.675662347594104 0.153508139094958 878.546970031562
"67" 0.269230769230769 -1695.42995437647 0.451100002497891 0.0973076983573428 1394.14015333669
"68" 0.192307692307692 -1968.31374984346 0.281833467666482 0.0764250846567735 1791.50202462718
"69" 0.384615384615385 -1032.07876212453 0.613201282377248 0.135061507465437 1027.62469595479
"70" 0.269230769230769 -2385.70072756545 0.42001061551835 0.0902569128831257 1463.51400083664
"71" 0.346153846153846 -1810.74674980589 0.449170193787381 0.0987173001559463 1408.00663413251
"72" 0.153846153846154 -1783.02076054904 0.322606851972507 0.0792184788720074 1691.23444011841
"73" 0.192307692307692 -2423.76451280678 0.478616058785045 0.10200046370549 1340.69989671059
"74" 0.192307692307692 -2412.67528582955 0.337050293157018 0.0835974890207969 1674.91122959984
"75" 0.307692307692308 -1896.62578382211 0.445550353240465 0.0944201277678488 1419.93267623136
"76" 0.192307692307692 -1209.24997598169 0.565678884724858 0.116129441000722 1136.60981270303
"77" 0.346153846153846 -1026.32187561002 0.648422050510002 0.143433088234981 942.420603225681
"78" 0.461538461538462 -1585.31850235768 0.520641607989551 0.110293617955425 1230.5508058511
"79" 0.346153846153846 -1663.25964133754 0.498817186387493 0.108365318706732 1289.89861366493
"80" 0.307692307692308 -1294.56340641624 0.592990983100706 0.125445817382783 1072.91558311265
"81" 0.269230769230769 -1247.95880556301 0.521931910033299 0.109437198824522 1230.48903148806
"82" 0.269230769230769 -1980.90929440898 0.432936308934693 0.0949543419721935 1449.96769329998
"83" 0.230769230769231 -1881.09388918631 0.395263749041717 0.0878951071551298 1516.09687058997
"84" 0.346153846153846 -1759.1288927197 0.424758398142356 0.0900390170258652 1453.75475573624
"85" 0.346153846153846 -1186.88980194929 0.502808464451573 0.104481841145454 1274.19580239767
"86" 0.192307692307692 -1686.43367874227 0.289308326883641 0.0779622570608948 1748.06262359323
"87" 0.115384615384615 -2040.18038690023 0.224075698788189 0.0730790886737176 1930.21580366902
"88" 0.230769230769231 -1878.78744259823 0.289950120126318 0.0750787066064584 1774.5883970817
"89" 0.307692307692308 -1541.34956190829 0.58806875934708 0.12802097202853 1089.85123410675
"90" 0.153846153846154 -1464.5837315356 0.36647334915968 0.0842413886312956 1584.78115523515
"91" 0.230769230769231 -2063.85602762728 0.554458146411688 0.117699513363028 1169.78799502222
"92" 0.269230769230769 -1578.76148598311 0.553604407094794 0.118867714459139 1168.817389145
"93" 0.346153846153846 -1545.44030919737 0.497901673615728 0.105576010193887 1293.1495600738
"94" 0.192307692307692 -1971.61407698781 0.257024530353414 0.0746511512344497 1857.62107703705
"95" 0.307692307692308 -1990.16153409259 0.503241820406268 0.105527884518175 1287.41815905391
"96" 0.307692307692308 -1387.64563502565 0.590406051288724 0.126802867893852 1083.55524582157
"97" 0.230769230769231 -2058.53466318915 0.275004709972115 0.0753125106625416 1814.54795251308
"98" 0.192307692307692 -3812.37463791349 0.315178568139379 0.0815625282567527 1722.45194335431
"99" 0.269230769230769 -2051.20158733077 0.453339737199759 0.098829841943578 1399.46027877231
"100" 0.192307692307692 -2441.45951861707 0.295085915866792 0.0779501560321749 1768.14075516041
"101" 0.230769230769231 -1956.65863848338 0.428835193330462 0.092477648771019 1444.79402782121
"102" 0.192307692307692 -1061.34416677182 0.590942428994805 0.125977046547556 1069.14402912074
"103" 0.115384615384615 -2490.63887812535 0.312090533191476 0.0776816996795678 1706.0346278479
"104" 0.269230769230769 -1822.63947674061 0.433085620425299 0.0945219521469184 1439.86720619513
"105" 0.307692307692308 -1275.40656633298 0.580918881651522 0.125295014379743 1103.27367213059
"106" 0.230769230769231 -2129.99820944187 0.336842491046125 0.079147474974634 1665.71993119292
"107" 0.230769230769231 -1233.57572580144 0.509679462579061 0.108112396291298 1263.60465647954
"108" 0.307692307692308 -1535.85696385048 0.450993275934883 0.101433463904231 1399.06399270567
"109" 0.192307692307692 -1625.55955682579 0.375707326262806 0.0867446877652758 1569.3641483733
"110" 0.230769230769231 -1895.41165828773 0.33774468273892 0.0807807993561551 1657.80935392003
"111" 0.192307692307692 -1585.43447219566 0.439649108524435 0.0926155345617566 1424.28576775868
"112" 0.115384615384615 -2433.51804187106 0.198793853929317 0.0683268609062047 1982.70946405879
"113" 0.269230769230769 -2592.49498484959 0.455983331814067 0.097969583839558 1387.22108401256
"114" 0.307692307692308 -1461.78401416997 0.528453705254217 0.112924080886471 1220.86904930935
"115" 0.423076923076923 -1576.49718915197 0.540229712954247 0.11215290524604 1189.76173037831
"116" 0.153846153846154 -1796.30075866663 0.355442967890003 0.0831918294127278 1625.24749229774
"117" 0.230769230769231 -1266.98675434269 0.539989774959837 0.111529611484509 1196.41431122334
"118" 0.153846153846154 -2604.55698980586 0.25707458543795 0.0743540473163314 1863.16746381529
"119" 0.307692307692308 -1334.28883957632 0.471842241044254 0.10019211819453 1346.82216269329
"120" 0.192307692307692 -1005.94908697565 0.602332501853107 0.131107376327191 1053.3896517243
"121" 0.269230769230769 -1614.75027750347 0.480174004011171 0.0996221352677199 1334.28535405532
"122" 0.192307692307692 -1510.63345476157 0.404324393471494 0.08921206517717 1510.5319632051
"123" 0.269230769230769 -1613.63265687065 0.405551144172889 0.0893097422914025 1494.4941436115
"124" 0.346153846153846 -1544.39829242181 0.601984371649585 0.127803820988529 1061.00607843938
"125" 0.192307692307692 -2144.22125279108 0.342535031990461 0.0827954300011125 1654.62081320981
"126" 0.269230769230769 -1243.8789394992 0.604802524297094 0.129172290679839 1035.87317301788
"127" 0.307692307692308 -1652.2070754992 0.441895487277455 0.0944286114456084 1419.93458157217
"128" 0.269230769230769 -2045.34320754513 0.365254892268575 0.0845823939426803 1600.1948926686
"129" 0.192307692307692 -4030.52829723331 0.278128191725527 0.0742688942684199 1817.21283100916
"130" 0.192307692307692 -1439.21038949389 0.485085772578553 0.106799103121083 1329.61109106676
"131" 0.192307692307692 -1089.73675464068 0.526469209262338 0.11176366491775 1220.38089262515
"132" 0.346153846153846 -1650.05349519345 0.42843419202565 0.0908204715883014 1443.62245323894
"133" 0.269230769230769 -1800.30515684808 0.431133030650414 0.0939864231901905 1442.96690786927
"134" 0.230769230769231 -1711.04607868448 0.496256965775676 0.105606561507194 1298.74515802531
"135" 0.346153846153846 -2307.95496909025 0.428462683004878 0.0931821557171484 1455.11673427359
"136" 0.346153846153846 -1495.27719977246 0.63277197828728 0.140493732044593 985.245054438848
"137" 0.269230769230769 -1742.63759303657 0.371501337882262 0.0870942155194964 1578.62171166305
"138" 0.230769230769231 -1813.79480424918 0.546156478415097 0.117291809321048 1195.54501066538
"139" 0.307692307692308 -1621.14463997681 0.448791011779357 0.0965458090917848 1403.35474093584
"140" 0.307692307692308 -1647.44139522309 0.410727540158721 0.0887420383760712 1499.90704443618
"141" 0.192307692307692 -1919.56491366891 0.480641830645651 0.104682093390156 1356.6006207605
"142" 0.269230769230769 -1681.5890739898 0.428461853371669 0.0958665222858821 1463.66125161226
"143" 0.269230769230769 -1375.89773500806 0.455500085440417 0.100354498050751 1392.03531415083
"144" 0.153846153846154 -1645.13554659692 0.519275267529405 0.107731681168886 1246.33055394003
"145" 0.269230769230769 -2757.98445697248 0.362264643694556 0.0834655979702544 1630.81669418758
"146" 0.307692307692308 -1876.09511909547 0.371959948284024 0.0848170071704902 1581.29301293996
"147" 0.192307692307692 -2101.22625817515 0.343579231991099 0.0842072093749323 1652.27822838748
"148" 0.307692307692308 -2219.05755380249 0.397069876204484 0.0926239317227943 1531.06289036208
"149" 0.230769230769231 -1567.08867117628 0.553257747085551 0.117290758564855 1160.0709464595
"150" 0.307692307692308 -1545.63614226302 0.410628799670811 0.0887394972930747 1478.13557716886
"151" 0.269230769230769 -2443.72836557447 0.354211914265353 0.082158972211564 1625.06837341991
"152" 0.269230769230769 -2056.28434585974 0.301466143778814 0.0777060116090507 1731.74625497695
"153" 0.153846153846154 -2565.55789367621 0.332036376044606 0.0817298248649161 1668.8811742977
"154" 0.307692307692308 -1298.43747382554 0.562647456770196 0.118473421989767 1127.98778017122
"155" 0.307692307692308 -1775.89157993059 0.502040703544065 0.107327566866074 1287.89470289254
"156" 0.307692307692308 -1928.87766879658 0.437189947454452 0.0941686272514445 1434.37542448619
"157" 0.230769230769231 -1880.39301053624 0.378195826533594 0.0848075989785622 1566.56749105804
"158" 0.230769230769231 -1899.74014659457 0.53414968373141 0.112903626938563 1206.50112889074
"159" 0.307692307692308 -1056.77996239553 0.55861795458075 0.118087367299156 1145.47501369136
"160" 0.153846153846154 -2180.39738165766 0.157085388200217 0.0642248122837018 2065.81623718555
"161" 0.230769230769231 -1792.73877301491 0.245203638952391 0.0721126426411686 1871.92680165355
"162" 0.230769230769231 -2803.04881896152 0.282834187701295 0.075653256989007 1793.53729695887
"163" 0.269230769230769 -1618.04350555938 0.431966672185249 0.0930516919851161 1431.96060895896
"164" 0.230769230769231 -2965.90264543962 0.305914708053657 0.07677764382002 1758.48627947798
"165" 0.230769230769231 -1739.49514013723 0.484811036411833 0.105075943789145 1319.04752487643
"166" 0.153846153846154 -1850.3965160764 0.49148463905484 0.106949163453724 1313.26153610033
"167" 0.230769230769231 -2395.86346655805 0.441058187944203 0.0943841731872857 1433.93173173781
"168" 0.230769230769231 -1390.88820523684 0.468560638850925 0.101967743678567 1363.68674504901
"169" 0.269230769230769 -2268.46783207697 0.341837232376099 0.0847744672302294 1651.96713447357
"170" 0.384615384615385 -1272.86387391567 0.657656899377697 0.145759707182292 919.714108376668
"171" 0.269230769230769 -1541.75659384803 0.488562541409741 0.10536975300037 1319.97121268362
"172" 0.384615384615385 -1271.74501349515 0.622221831917844 0.137831801756441 1011.30354751177
"173" 0.423076923076923 -1640.9017984046 0.674933897817161 0.158745493623914 886.596140686446
"174" 0.192307692307692 -1930.97827050951 0.317568326889755 0.0826655497424742 1704.405530673
"175" 0.230769230769231 -2086.0932006438 0.258155459848185 0.0745726964512233 1840.30647282689
"176" 0.192307692307692 -1993.95893549463 0.32398229025172 0.0809877837535218 1702.58832931105
"177" 0.269230769230769 -1712.19658108238 0.490154705985235 0.103406794849048 1307.44132273806
"178" 0.307692307692308 -2434.05715479766 0.463808174715368 0.0974351171302879 1388.59569027167
"179" 0.192307692307692 -1307.80194881788 0.54726865905315 0.120466239751273 1173.91554149923
"180" 0.230769230769231 -2269.73206333677 0.277018748582555 0.0756450134022627 1792.08498535917
"181" 0.269230769230769 -1463.38182143951 0.540427836919785 0.112668515985716 1187.45200789093
"182" 0.269230769230769 -1570.57118477617 0.490872957523915 0.102044676638457 1303.55414966132
"183" 0.269230769230769 -2310.39239835614 0.439680269863913 0.0934113912844984 1426.82286409137
"184" 0.230769230769231 -1622.9878904929 0.424295574548955 0.0918809274617468 1442.53941309926
"185" 0.192307692307692 -1737.64112289341 0.439174132045692 0.0930727236904403 1428.13610660985
"186" 0.192307692307692 -1740.73714649316 0.491865624576382 0.10485047504877 1301.27513177766
"187" 0.230769230769231 -1023.54453567748 0.593838182624332 0.127118977395465 1057.88734895442
"188" 0.230769230769231 -1866.78874774608 0.317505209620242 0.0822540034122893 1708.17701019115
"189" 0.269230769230769 -1770.26278511605 0.468884191761602 0.101206002282792 1361.27579242626
"190" 0.346153846153846 -1730.45073125973 0.433655623594277 0.0943187005182185 1437.57422252853
"191" 0.230769230769231 -2092.07594428628 0.306613952472681 0.0763258740442946 1726.36489397752
"192" 0.230769230769231 -1749.5574286901 0.32843748074199 0.0797602529648599 1661.94720535715
"193" 0.307692307692308 -2983.89180104449 0.27618553317256 0.0751486017706908 1810.75292577549
"194" 0.269230769230769 -895.922915880457 0.647973568910314 0.144981643196134 950.95303371551
"195" 0.269230769230769 -1864.43385147999 0.368248558135339 0.0861538457250054 1578.20345559894
"196" 0.307692307692308 -2175.9259611823 0.558079587515405 0.123303607676134 1170.48717846853
"197" 0.307692307692308 -962.651864763527 0.508694458173087 0.106602446132292 1261.22028301568
"198" 0.307692307692308 -1396.00058963736 0.649920356076006 0.148167499665905 947.934448379031
"199" 0.192307692307692 -1545.17828473485 0.452321209542664 0.0936845955827494 1401.66101210535
"200" 0.153846153846154 -1870.64453021981 0.432867480379224 0.0909909210061852 1440.23225523162
"201" 0.307692307692308 -1632.9739547996 0.492362009156054 0.104043941269962 1307.60340569157
"202" 0.269230769230769 -1211.67255652903 0.614436328946747 0.134335200403082 1022.05705986281
"203" 0.230769230769231 -2122.97776818458 0.387304357627064 0.0873711651009541 1555.41391371717
"204" 0.269230769230769 -2357.79038429597 0.491938200289149 0.104534287966972 1304.46955448034
"205" 0.153846153846154 -1469.88736582341 0.528572492773908 0.116151006209359 1230.55754755294
"206" 0.269230769230769 -1414.62311162344 0.556787717370015 0.117332810497601 1158.41497938432
"207" 0.269230769230769 -2233.71174902992 0.305659443641649 0.077161394291817 1735.70669490821
"208" 0.384615384615385 -1607.08351796268 0.487722946128758 0.102068623014327 1314.38402150901
"209" 0.269230769230769 -1263.15064922793 0.566061438248101 0.123850814869865 1131.15832671525
"210" 0.269230769230769 -1862.26349797955 0.393213108472115 0.0895898573047244 1538.82151675343
"211" 0.307692307692308 -1822.13495540893 0.409148050647523 0.0894816087927492 1496.14674786803
"212" 0.230769230769231 -1342.51741085959 0.45165247728416 0.0966070157182423 1386.28375556358
"213" 0.153846153846154 -3002.33750969314 0.153602355156406 0.0632260463221606 2091.96376991222
"214" 0.230769230769231 -1299.87580056358 0.573062342258572 0.122120538776057 1112.91962643121
"215" 0.269230769230769 -1410.19032211934 0.541667896791309 0.114088586629914 1196.46539357531
"216" 0.307692307692308 -1341.13859020721 0.601846255665567 0.126273032786767 1050.52968351655
"217" 0.192307692307692 -2437.97530536046 0.465223823027124 0.101388595197895 1374.32693789717
"218" 0.192307692307692 -1878.3324092342 0.561428011597128 0.115914008017343 1148.56417864867
"219" 0.423076923076923 -1452.83789393261 0.628190304243303 0.136058384330546 993.158281331216
"220" 0.461538461538462 -979.646962752275 0.705263762125596 0.168603621538294 815.253537358735
"221" 0.269230769230769 -2066.77531725455 0.346938897046949 0.0856634632757047 1648.79360102947
"222" 0.230769230769231 -1673.74006479275 0.517542902811901 0.111307880707509 1243.85640595228
"223" 0.230769230769231 -2247.98201318685 0.397956758604866 0.0907688240409538 1532.88449427616
"224" 0.307692307692308 -1139.12059940371 0.664118699563436 0.15004149879553 905.517038082869
"225" 0.384615384615385 -1237.05021125616 0.630348830812944 0.139609551505911 986.796363502913
"226" 0.192307692307692 -2597.89444560816 0.307760211075139 0.0781902023712007 1742.45185205151
"227" 0.230769230769231 -1828.79786486956 0.445240491091291 0.0923677957374639 1423.44137380173
"228" 0.192307692307692 -1843.7849217261 0.449110337944788 0.096719871970527 1400.01454312892
"229" 0.153846153846154 -1803.99234816022 0.421058132837377 0.0963041072615482 1464.64611129867
"230" 0.230769230769231 -2045.43698160702 0.268232630521631 0.0740278655582391 1827.20407316716
"231" 0.153846153846154 -2021.92503889639 0.235038414601794 0.0709571512199262 1897.30084353414
"232" 0.269230769230769 -1535.14587901957 0.494443755359221 0.108587179501043 1318.13868935505
"233" 0.153846153846154 -2021.22198426265 0.210845250977483 0.0689777268044062 1933.80898358972
"234" 0.269230769230769 -1918.29820357965 0.375113836357856 0.0853057463283726 1572.60654058338
"235" 0.269230769230769 -1952.79164734649 0.431241538129418 0.0960616324044016 1450.05824470776
"236" 0.230769230769231 -1517.40612990663 0.583568933216479 0.123849448891432 1094.44250537263
"237" 0.269230769230769 -1561.28966227232 0.553787003823696 0.117034201869288 1167.18046696476
"238" 0.192307692307692 -1981.23066780697 0.480783412630235 0.102727100827235 1335.97332474148
"239" 0.230769230769231 -1502.61218378547 0.480299566320414 0.104820949279733 1334.76383115066
"240" 0.384615384615385 -1599.997586561 0.583192705241604 0.124495945195391 1105.09395903708
"241" 0.269230769230769 -1773.22240243738 0.535519655078021 0.112496450928586 1204.72581156865
"242" 0.230769230769231 -2008.202497516 0.450375767434504 0.0949394721548247 1413.18331202999
"243" 0.269230769230769 -1624.916320455 0.615110454763269 0.131215867984376 1018.73569546519
"244" 0.269230769230769 -2199.95986515457 0.590175319193024 0.128818936780374 1082.89992297665
"245" 0.269230769230769 -1447.00058373575 0.545830919329845 0.115006067211878 1179.32897233015
"246" 0.269230769230769 -1964.24599800657 0.252146088881553 0.0708120530489625 1865.48703164221
"247" 0.230769230769231 -2056.59304424356 0.353271408517909 0.0822943036232144 1611.76208969715
"248" 0.192307692307692 -1547.12686441211 0.532106401965889 0.112624319056772 1215.36896306043
"249" 0.192307692307692 -1236.7855768966 0.472955201426484 0.104178570040261 1344.03376599987
"250" 0.384615384615385 -1502.15089078566 0.592544816425693 0.127653996562015 1083.75078975908
"251" 0.269230769230769 -1444.80244780553 0.61121369924747 0.133851619871584 1031.75312640423
"252" 0.230769230769231 -1908.61388822858 0.227980731687416 0.0714816816457078 1910.01081728076
"253" 0.269230769230769 -1558.37421292295 0.516932885469623 0.108487458752438 1244.81690068011
"254" 0.230769230769231 -1224.81837570734 0.446132342880102 0.0941031772234263 1413.08994857382
"255" 0.384615384615385 -1357.10277987188 0.523023680470969 0.111325817712691 1227.60856304476
"256" 0.269230769230769 -1827.48184326415 0.555272140283985 0.115484068092101 1158.77305760669
"257" 0.230769230769231 -1993.76760730981 0.558929702983753 0.118871646301516 1163.56538996716
"258" 0.192307692307692 -1681.30334615638 0.513261134713172 0.107522302625024 1259.58985667356
"259" 0.423076923076923 -1452.76832040435 0.572639210660272 0.124427013673322 1123.71587128016
"260" 0.192307692307692 -1810.51433992323 0.271113835354145 0.0738373730786143 1807.97625770181
"261" 0.269230769230769 -1347.67570648499 0.577135468094068 0.121623385907576 1111.81999324337
"262" 0.269230769230769 -2559.69820685477 0.313316913569024 0.0780940344974509 1733.67185379687
"263" 0.192307692307692 -1407.03877748216 0.485813517622778 0.10388627775202 1306.74843194721
"264" 0.192307692307692 -1643.39085585364 0.493392486217534 0.105231120815647 1299.55663785854
"265" 0.269230769230769 -2179.81330094562 0.379973236862323 0.0894108701678644 1568.56749092051
"266" 0.153846153846154 -3452.11496300333 0.222361457163438 0.0730093703992605 1933.75833480611
"267" 0.230769230769231 -1872.99160634461 0.325735880166721 0.0798598669060675 1688.80089145711
"268" 0.384615384615385 -1225.06490218019 0.588803303092318 0.126463739628139 1070.22144642231
"269" 0.230769230769231 -1621.1005298153 0.545870598017795 0.114508482878089 1187.56107298436
"270" 0.230769230769231 -2110.55884207524 0.471004553914347 0.100424621999412 1359.53971353562
"271" 0.230769230769231 -1019.47733455253 0.590487325133231 0.126342684322996 1071.64907412474
"272" 0.230769230769231 -1613.23004677782 0.479878537441313 0.104919229153704 1334.95825028092
"273" 0.269230769230769 -2134.8619001913 0.423389628807819 0.0961017198042342 1478.31602530216
"274" 0.192307692307692 -1236.87264876378 0.469313617864739 0.100376791604631 1356.89901659945
"275" 0.423076923076923 -1569.27405655337 0.478172955074568 0.102825717597269 1332.42953057613
"276" 0.192307692307692 -2819.40348338418 0.235078659412866 0.0721177735414786 1897.20523884485
"277" 0.269230769230769 -1451.49487570099 0.522702371188029 0.110078884302051 1231.6245862686
"278" 0.269230769230769 -1152.61003464984 0.638452156172666 0.141122035251783 971.609468344324
"279" 0.307692307692308 -1632.0828655245 0.425291409136023 0.0938486854903827 1449.35783434743
"280" 0.153846153846154 -1910.44753331345 0.369934574727055 0.0832773998428316 1586.29206770504
"281" 0.230769230769231 -1442.92288313951 0.512918424874181 0.106477711587167 1245.23115614066
"282" 0.230769230769231 -2219.65150401298 0.356444166641642 0.0833427956675279 1621.57058303397
"283" 0.153846153846154 -2398.83906137718 0.318890933472831 0.084238193104303 1700.0290298495
"284" 0.269230769230769 -1766.93632487799 0.401397361674228 0.0880533040248625 1513.21408025849
"285" 0.230769230769231 -1856.39024828025 0.382138840374299 0.0879723755017114 1544.58365478257
"286" 0.269230769230769 -2294.92882067779 0.473336917301046 0.0998637060535029 1370.13261946436
"287" 0.384615384615385 -2148.24137172209 0.492407217341641 0.102333132410429 1298.10902529422
"288" 0.192307692307692 -1688.96968259654 0.455955331997016 0.0977798921701169 1395.8694239357
"289" 0.153846153846154 -2121.05586300034 0.389760420761933 0.0884499905338214 1548.8590303875
"290" 0.230769230769231 -1644.5396700935 0.377526325792776 0.0859347276693894 1554.41559104695
"291" 0.269230769230769 -1667.56972872351 0.408206486569016 0.0882468731391248 1503.42448360708
"292" 0.230769230769231 -2188.07754722024 0.285897301752926 0.0759251478585194 1775.44865002468
"293" 0.192307692307692 -2723.35946203722 0.215528317975022 0.0693761427463116 1940.61302635027
"294" 0.230769230769231 -1882.82893506155 0.422494904911361 0.0935889172093291 1467.25955884133
"295" 0.307692307692308 -2183.91015249023 0.48782256898339 0.102171541777514 1323.64970535295
"296" 0.153846153846154 -1847.75987539311 0.477314219114486 0.105257135959618 1350.13453387956
"297" 0.269230769230769 -1790.21647505251 0.523516839815631 0.109676078963059 1243.54837831421
"298" 0.230769230769231 -1663.45117045332 0.385483792632504 0.0916638177500221 1555.52865881966
"299" 0.153846153846154 -1611.26014610149 0.381649421034493 0.0870673803666768 1561.04754133983
"300" 0.269230769230769 -1421.10631084819 0.579088157561419 0.127626368137769 1112.82699419545
"301" 0.153846153846154 -1800.06535131028 0.436716417832057 0.0936811695165195 1437.14613040703
"302" 0.307692307692308 -1128.63453284837 0.662798225748158 0.148355143438243 914.792117385385
"303" 0.384615384615385 -1496.86909225726 0.653870639833219 0.152875966098844 939.207779907845
"304" 0.230769230769231 -1177.88539852463 0.544864475007143 0.115035932129914 1180.90706586146
"305" 0.269230769230769 -2378.02120757648 0.313407649145969 0.0783725048497875 1731.56854654084
"306" 0.269230769230769 -1767.73835527684 0.393999576730566 0.0876207378553755 1526.37121810802
"307" 0.230769230769231 -1857.83265539477 0.390201234426157 0.0879968476209488 1536.10880676717
"308" 0.230769230769231 -2239.19828935452 0.360377421358577 0.0834520747181789 1606.16583456815
"309" 0.230769230769231 -3338.39030588502 0.237656936433142 0.0720982328025844 1873.62175278386
"310" 0.230769230769231 -2522.00072639788 0.380771244940902 0.0886636002629843 1563.83603869096
"311" 0.269230769230769 -2156.52170314788 0.26014018583152 0.0723835947167374 1830.29110541969
"312" 0.269230769230769 -1531.41279025724 0.431963477200339 0.0947502758859596 1439.21180863075
"313" 0.153846153846154 -1444.63114468953 0.373931728384526 0.0855856113978919 1569.59058046274
"314" 0.192307692307692 -1368.36868643917 0.460140330457466 0.0981028232411306 1372.08227153542
"315" 0.307692307692308 -2025.22062011253 0.389290342260803 0.0870663123792637 1531.49286027007
"316" 0.230769230769231 -1737.59692541973 0.405105878583804 0.0913585247563859 1499.37080638531
"317" 0.192307692307692 -2363.35195055218 0.342685456641914 0.0848582756082832 1664.36989128106
"318" 0.230769230769231 -2113.47461862232 0.360900920025713 0.0849343450808338 1607.12956798526
"319" 0.269230769230769 -1752.01535566646 0.404152505063713 0.0888962733102574 1499.4884277794
"320" 0.269230769230769 -1576.97284464298 0.46815571754547 0.102711404081929 1358.78910473775
"321" 0.307692307692308 -1478.67750396077 0.60146957510735 0.127828565445968 1049.29239421194
"322" 0.230769230769231 -1372.93738810663 0.404720739727008 0.0879823368533094 1495.15332228704
"323" 0.230769230769231 -1359.91329307427 0.570855575654504 0.122553789341235 1125.12161568066
"324" 0.269230769230769 -2221.63571277198 0.452620668761842 0.100676599553368 1399.64811541119
"325" 0.192307692307692 -2525.35244245674 0.372843221870933 0.0855577261112151 1595.39098842717
"326" 0.192307692307692 -2286.49188038018 0.279071497483862 0.076975712484479 1790.71913188435
"327" 0.269230769230769 -1259.70264101846 0.54922661995873 0.11632930860854 1176.02198712573
"328" 0.115384615384615 -2824.4649340401 0.208597134193465 0.0682938538954476 1963.80465896961
"329" 0.230769230769231 -2563.55890295015 0.318666158654177 0.081917730638781 1692.71624015575
"330" 0.346153846153846 -1213.1970028868 0.593612891701123 0.124651862767887 1077.41702815319
"331" 0.230769230769231 -1362.58211465154 0.565996526384627 0.118040527029912 1139.24817480145
"332" 0.307692307692308 -1578.15395331815 0.456621286010229 0.0991308809395311 1392.92570826168
"333" 0.192307692307692 -2139.19059533079 0.306745013578105 0.0820685036413421 1743.27694715216
"334" 0.346153846153846 -1655.68170520272 0.451832332913666 0.0985146605555059 1396.43119812198
"335" 0.230769230769231 -2417.96693326792 0.269988136459289 0.0749790216567249 1814.8518054851
"336" 0.230769230769231 -2575.0122685167 0.298741706616457 0.0758496537758823 1761.69500402635
"337" 0.269230769230769 -1531.09773470157 0.583897559875591 0.122012918851575 1091.19082853997
"338" 0.153846153846154 -1666.63155041079 0.353614782278509 0.0840149088306254 1616.52480100103
"339" 0.346153846153846 -1235.29057258839 0.549223053182891 0.115187076588073 1172.73933779794
"340" 0.307692307692308 -1928.18912477601 0.528553485085156 0.113567101570436 1231.41771551968
"341" 0.307692307692308 -1987.60192829085 0.479462652039093 0.102909655711175 1337.53580211538
"342" 0.307692307692308 -2100.98782669013 0.440962767175157 0.0981197596210347 1422.19269810358
"343" 0.269230769230769 -1533.92330431468 0.62174919024778 0.133984299375471 997.298386815132
"344" 0.192307692307692 -2063.10275845392 0.395171145833002 0.0875972296494759 1534.61145142906
"345" 0.153846153846154 -2113.09835660587 0.288916187903347 0.0796573569283747 1771.18257122154
"346" 0.269230769230769 -1820.71696725328 0.251954484495263 0.0732341044609145 1859.83152403952
"347" 0.192307692307692 -1453.85531624344 0.516117970970975 0.109712935393951 1237.57728554848
"348" 0.269230769230769 -1989.19959119271 0.291518919942144 0.0782311969001502 1762.37093789472
"349" 0.269230769230769 -1581.21264536469 0.30619511201923 0.0777385882529707 1741.6775034504
"350" 0.269230769230769 -1407.76362114762 0.485594346527505 0.101285464974823 1312.16994710358
"351" 0.230769230769231 -1847.40029611639 0.586865642522445 0.126587745578055 1088.06712028307
"352" 0.346153846153846 -1856.19276037308 0.48223425263509 0.103874145038796 1342.75524976804
"353" 0.269230769230769 -1573.65795851551 0.557475659924237 0.118397913826494 1154.44885446241
"354" 0.192307692307692 -1246.06198446109 0.52733232967597 0.109579006435222 1221.36105430575
"355" 0.269230769230769 -1292.66543906789 0.593632445934628 0.125804458114196 1073.87841733177
"356" 0.192307692307692 -2516.90312402078 0.329191800447982 0.0811363393860594 1692.09057839471
"357" 0.269230769230769 -1212.43693772623 0.522228981483726 0.107218927205054 1236.14928360852
"358" 0.230769230769231 -1616.22676003617 0.456314869449558 0.100076175558067 1387.65419984475
"359" 0.269230769230769 -2186.42180589965 0.453969432156879 0.096485169835999 1397.06571875039
"360" 0.307692307692308 -1550.57625036021 0.533227825860623 0.113848539664584 1222.33645510441
"361" 0.307692307692308 -1193.86161123608 0.654637304505095 0.144078936962577 933.89238967808
"362" 0.269230769230769 -2069.06334772313 0.550290924922651 0.118935935735826 1174.03353011674
"363" 0.346153846153846 -1439.01750931891 0.680209651701743 0.155254386644044 869.640054885466
"364" 0.307692307692308 -1406.84030443155 0.398422579496224 0.0885481048362579 1505.50355368582
"365" 0.230769230769231 -2451.0985622433 0.298817279212209 0.077861066177866 1756.79807645548
"366" 0.192307692307692 -2009.91361930295 0.341191150104855 0.0812309962986319 1642.9232263619
"367" 0.384615384615385 -2055.4675004111 0.469308769026749 0.0981284659107526 1370.01910484696
"368" 0.192307692307692 -1833.30792182779 0.436793538602592 0.0987108585809559 1438.56876755441
"369" 0.192307692307692 -1873.34366147402 0.304583888116853 0.0806719952121633 1726.79816563123
"370" 0.384615384615385 -1466.3956954144 0.53015691562672 0.111395282302848 1217.03104578062
"371" 0.230769230769231 -1774.83090557151 0.559287099042567 0.115511207563518 1150.10486397848
"372" 0.346153846153846 -1345.3354692791 0.617085945894951 0.135567664443851 1025.96831527236
"373" 0.307692307692308 -2389.55252815033 0.321681931564609 0.0775234513511677 1707.8648224306
"374" 0.346153846153846 -1740.03081411871 0.394136840321673 0.0901231974880364 1529.11890844218
"375" 0.307692307692308 -1046.74783142271 0.558734694048433 0.117161704053422 1148.89933131526
"376" 0.307692307692308 -2383.95671525688 0.327331356137112 0.0806051669020764 1685.34495149894
"377" 0.307692307692308 -1584.77595403028 0.49313980200816 0.103962223697844 1301.34415115806
"378" 0.230769230769231 -1724.52723324971 0.330602602823004 0.0814084495824422 1660.51776488168
"379" 0.153846153846154 -1661.39412690042 0.390412216642352 0.0896203034839599 1537.61379440512
"380" 0.192307692307692 -2056.37484893771 0.4462085703604 0.0948006820605638 1423.82067798628
"381" 0.192307692307692 -1748.54867279972 0.44869396215477 0.0964054088320607 1408.81573561017
"382" 0.307692307692308 -1513.79587462612 0.471396543914537 0.101597836588775 1353.24688428383
"383" 0.307692307692308 -1365.31702280519 0.626349011699993 0.137281410101673 1001.37435380745
"384" 0.269230769230769 -1629.11836097169 0.400343782349206 0.0908211377698747 1511.03718143855
"385" 0.346153846153846 -1350.12867989639 0.468036194785898 0.100785852960621 1357.31777419851
"386" 0.346153846153846 -1429.11160691005 0.527791210274084 0.113799506485979 1216.11704998564
"387" 0.269230769230769 -1859.89413286061 0.304347509542602 0.0762922818300279 1737.33079425379
"388" 0.192307692307692 -1913.46174138479 0.245424306827241 0.073292000026106 1862.03604037835
"389" 0.346153846153846 -1109.56730485697 0.573573964114003 0.119105723558688 1109.82912919635
"390" 0.153846153846154 -3465.79720064739 0.212117916327676 0.0704451543089065 1972.79788046223
"391" 0.192307692307692 -1501.93383006279 0.497462252102421 0.108024973731322 1292.5754520146
"392" 0.230769230769231 -2227.1854266271 0.389395399573384 0.0872996670686446 1544.38743882959
"393" 0.269230769230769 -1868.25397962421 0.578699565809985 0.123686312937196 1103.11726013271
"394" 0.307692307692308 -1273.90729741987 0.568081775771636 0.119101858783758 1124.61127811469
"395" 0.307692307692308 -2389.43306501734 0.547860877152337 0.114371634332386 1179.84138269805
"396" 0.269230769230769 -1493.6997044884 0.452486945763741 0.0963484917500145 1387.53903590363
"397" 0.192307692307692 -2182.75237071887 0.409122420955077 0.0895681105216114 1494.59647983445
"398" 0.307692307692308 -1270.15491881436 0.60529620467745 0.130504526363107 1039.31362682679
"399" 0.269230769230769 -2429.21352588926 0.375870064999345 0.0850962315944806 1573.12453267841
"400" 0.269230769230769 -1631.00156587067 0.540079738206413 0.117426516283215 1197.62403533292
"401" 0.269230769230769 -1461.3908539088 0.563143339420463 0.120810038737409 1138.50476580922
"402" 0.269230769230769 -2254.17636377474 0.453862453133683 0.100911471981997 1400.44282488182
"403" 0.230769230769231 -2661.25012454447 0.331339692365947 0.0805955513775241 1676.14198012938
"404" 0.153846153846154 -1609.52423759532 0.391230826760118 0.0870130204792702 1535.56130666597
"405" 0.230769230769231 -1854.13078287343 0.325317994820098 0.0806226730651708 1680.53338752999
"406" 0.346153846153846 -1057.72037220788 0.50917322129713 0.109961402788414 1258.79364961445
"407" 0.346153846153846 -1377.82467906305 0.608062516859826 0.127439458208533 1044.66614484339
"408" 0.192307692307692 -3301.59010904222 0.357905006444632 0.0838256850234444 1617.6570050895
"409" 0.307692307692308 -2092.12035325232 0.360211472329076 0.081954631383171 1611.43513914499
"410" 0.307692307692308 -1995.19557270545 0.559669138989731 0.11782264778555 1149.27899814019
"411" 0.307692307692308 -1530.53230291795 0.524240684358324 0.113894010015665 1234.77612659303
"412" 0.307692307692308 -2635.69251944178 0.438597749985787 0.0975828590704189 1427.03016193023
"413" 0.230769230769231 -1549.49197407151 0.49293109092636 0.104226936042313 1307.08580170281
"414" 0.230769230769231 -1827.812461773 0.469936180285923 0.100824533544897 1361.48109234935
"415" 0.230769230769231 -1981.50126221296 0.402634902524902 0.0907702393179239 1517.80695645861
"416" 0.384615384615385 -1021.75568420374 0.611345170500285 0.133841963309602 1028.44957435784
"417" 0.230769230769231 -1557.73664449898 0.392224152241315 0.0882504228829109 1514.04713887473
"418" 0.230769230769231 -1296.14389566184 0.551634761151994 0.122548085482914 1172.21091866685
"419" 0.307692307692308 -1369.03284957251 0.608365624003786 0.129621434914745 1044.31626167093
"420" 0.269230769230769 -1703.61166317721 0.463061134777276 0.0967243555474452 1371.85309092308
"421" 0.192307692307692 -2598.36245413875 0.22780782944465 0.0708007862766468 1932.8180082316
"422" 0.192307692307692 -1993.52596575263 0.216182762969881 0.069339704668977 1948.65483556852
"423" 0.307692307692308 -1540.40850198316 0.453093046427926 0.0953697329006888 1391.69595224574
"424" 0.153846153846154 -1387.78345755862 0.399992458372044 0.0903156811815675 1506.55524108181
"425" 0.192307692307692 -2454.96932795864 0.319442246975051 0.0806851778568764 1718.81264995682
"426" 0.230769230769231 -2538.90292614934 0.219191193227847 0.0687630450813385 1937.54140808973
"427" 0.269230769230769 -1489.47446602892 0.647783519719425 0.145897555086826 953.636383724176
"428" 0.346153846153846 -1768.19161831949 0.460875845410027 0.0974018709081006 1376.73495320199
"429" 0.115384615384615 -2688.5841134949 0.212995592603095 0.0699999935173649 1958.10698007798
"430" 0.346153846153846 -1143.62934325464 0.681876872655285 0.153897826592392 868.919627780362
"431" 0.153846153846154 -2083.5004547665 0.207943038883133 0.0684456843134838 1964.65492673846
"432" 0.230769230769231 -1527.83834794958 0.395557977307724 0.0902202488774742 1514.3742997275
"433" 0.307692307692308 -1082.73750735054 0.640063804964259 0.143071426811641 962.168977119641
"434" 0.307692307692308 -1685.34242807775 0.434477152675917 0.0924032648937898 1442.35685182963
"435" 0.307692307692308 -1120.98821160647 0.592257843682712 0.126567256021364 1076.89185406846
"436" 0.230769230769231 -1722.66872192503 0.291051332642059 0.0746700870770699 1767.95259433856
"437" 0.230769230769231 -1454.16254394252 0.58019036669503 0.123003180618152 1106.1006772838
"438" 0.230769230769231 -2337.37815085131 0.271630498749699 0.0773621388585044 1817.07287806678
"439" 0.230769230769231 -1963.74887887591 0.314711375256233 0.0795241958219431 1723.03422991046
"440" 0.346153846153846 -2052.95477373842 0.547815825737149 0.113816766698555 1188.33385406508
"441" 0.230769230769231 -991.663051252062 0.57373608184817 0.120019123206005 1106.72323290749
"442" 0.307692307692308 -2464.28472482936 0.466200542559364 0.0999743205890861 1372.30599365327
"443" 0.269230769230769 -1263.97675234498 0.610904106101671 0.130864972001036 1028.15455662545
"444" 0.307692307692308 -1923.01767056316 0.510735341636134 0.110340275838397 1271.50137027284
"445" 0.346153846153846 -1035.65736661453 0.540629053660822 0.115735556488032 1191.13834033547
"446" 0.269230769230769 -2148.85141926749 0.327211123976966 0.0808448643225466 1680.18178494869
"447" 0.115384615384615 -3019.56095582887 0.223524725668439 0.0737643002653829 1942.8229753068
"448" 0.230769230769231 -1375.54023302477 0.478849020525239 0.102411388736318 1342.17656805564
"449" 0.153846153846154 -4120.56077557405 0.253367551026307 0.0747396285545279 1857.58733053279
"450" 0.230769230769231 -2768.45483324849 0.453979976013501 0.0996447433749275 1417.47584908489
"451" 0.230769230769231 -1094.30409006295 0.606035795796578 0.129287288149366 1042.87546949282
"452" 0.346153846153846 -1543.79336853345 0.593263226735856 0.132074032050528 1071.00610660553
"453" 0.384615384615385 -1462.98874992459 0.4819876786321 0.100358319005297 1335.76621291353
"454" 0.153846153846154 -1591.63652686053 0.529147445460283 0.10904498865526 1214.81592806709
"455" 0.269230769230769 -1946.35363245101 0.43164537986234 0.0965345131393061 1438.62092683269
"456" 0.269230769230769 -1419.16750875226 0.520157609473886 0.108986022086955 1237.33646417376
"457" 0.230769230769231 -2272.40077550344 0.338067245685256 0.0831805520298554 1670.59701204072
"458" 0.192307692307692 -1332.96756397205 0.53734183278839 0.111939923295542 1196.88161136378
"459" 0.192307692307692 -1651.25336403415 0.445756271886344 0.0950564797783585 1416.86188126682
"460" 0.307692307692308 -1569.10400866925 0.361373287500749 0.0835926136491996 1593.91995997897
"461" 0.230769230769231 -2110.86734755506 0.349092792985092 0.0828607433369288 1643.13973530294
"462" 0.269230769230769 -1004.17563408162 0.56654302364747 0.116436161058149 1127.10736448266
"463" 0.230769230769231 -1129.25497566489 0.633237341125703 0.143330948876699 980.988751228801
"464" 0.269230769230769 -1438.01520564076 0.548893031352064 0.120639922207668 1189.60345617189
"465" 0.192307692307692 -2222.7540397447 0.238649642791829 0.0701572029597975 1881.24784064016
"466" 0.230769230769231 -1740.93659982613 0.501779764153957 0.104455270956176 1287.76489104436
"467" 0.269230769230769 -1341.56832690545 0.590141395488191 0.125380111334145 1079.65048924698
"468" 0.307692307692308 -1660.30050950376 0.447756786224694 0.0997865090964111 1408.38491504662
"469" 0.384615384615385 -1711.8794700156 0.499118493242638 0.10548089168237 1301.01796970054
"470" 0.269230769230769 -2137.66306419235 0.296018015097228 0.077577278505067 1758.27265518976
"471" 0.192307692307692 -1818.93044756571 0.490824932281274 0.106628245767593 1315.51916219516
"472" 0.269230769230769 -2100.4895668041 0.345124616437631 0.0814547741269487 1637.7976609027
"473" 0.230769230769231 -2244.15351819477 0.22087475348044 0.0695141092858165 1922.53424814469
"474" 0.346153846153846 -1234.36693665191 0.550755557578841 0.118288211244889 1166.4999765117
"475" 0.153846153846154 -1990.03443297404 0.25619139444874 0.0736336087768899 1855.38658892329
"476" 0.269230769230769 -1685.52336751763 0.423311468991573 0.0951160271547248 1467.89437598487
"477" 0.153846153846154 -3020.50260282073 0.1344464999974 0.0626022046511145 2129.67704044301
"478" 0.269230769230769 -1957.33832528344 0.414091417239505 0.0898399631017341 1487.47067653775
"479" 0.230769230769231 -1846.09175979931 0.330945678498523 0.0816776757990354 1673.4318530788
"480" 0.230769230769231 -1964.29861281931 0.491460712443891 0.102790223326199 1319.40674100624
"481" 0.269230769230769 -1739.80751382138 0.367059029826905 0.0873294321795039 1588.75489512249
"482" 0.153846153846154 -2645.45219038845 0.338293648044193 0.0827198769842104 1661.78982022837
"483" 0.346153846153846 -1280.01242405104 0.576593369558526 0.126104733332455 1109.02673485274
"484" 0.269230769230769 -1879.47231490379 0.420660333504639 0.0920468410130835 1481.74343023706
"485" 0.346153846153846 -1295.42181482746 0.624871305548781 0.136038691268341 999.99306541407
"486" 0.307692307692308 -1809.29221953619 0.519310669316506 0.111538781763114 1240.34892871266
"487" 0.230769230769231 -1590.50137537289 0.369540017541438 0.0851701859938627 1578.63962657111
"488" 0.230769230769231 -3218.45684204719 0.265637676458868 0.0740972646719209 1813.96283732734
"489" 0.269230769230769 -1965.05444586298 0.600027160968299 0.128689832341909 1064.83528491627
"490" 0.269230769230769 -2082.27631080262 0.453837937285585 0.0986693596820641 1392.68583426785
"491" 0.153846153846154 -2430.55948923253 0.158849010958772 0.0640543152921282 2074.96260680053
"492" 0.230769230769231 -1369.16652614899 0.433312912842479 0.093210069790204 1429.5487203664
"493" 0.192307692307692 -2350.86699152163 0.150813932409963 0.064894694025896 2092.29491577397
"494" 0.307692307692308 -1697.0306273964 0.468729404599068 0.102319244744352 1361.47360983724
"495" 0.346153846153846 -1023.72686947449 0.598939371836571 0.132171258895809 1054.09522653963
"496" 0.230769230769231 -2135.04812844761 0.429071792531961 0.0958884871486092 1459.9941064221
"497" 0.153846153846154 -1717.19723211544 0.332029732641718 0.0814630694910812 1667.98321022806
"498" 0.384615384615385 -1428.34801050359 0.511595164334268 0.107713621386182 1263.24000949634
"499" 0.346153846153846 -1628.13057642849 0.592773420880611 0.131271103049495 1084.19791924805
"500" 0.153846153846154 -2152.47140933658 0.203545690260345 0.0674552959746125 1971.07713632854
"501" 0.230769230769231 -2059.81685517541 0.50312195578848 0.104554999665911 1289.92376623966
"502" 0.153846153846154 -1579.68498467351 0.442336024202495 0.0961110154209668 1412.73629131322
"503" 0.269230769230769 -2039.84140412583 0.292761598292715 0.0761674164751152 1758.26296237086
"504" 0.346153846153846 -1061.06323682593 0.614243360136819 0.132678829228251 1027.01295674763
"505" 0.346153846153846 -1004.46811543446 0.65959921429354 0.147844546146695 916.386154669574
"506" 0.307692307692308 -1815.23339764552 0.484756190706347 0.102307775849062 1333.46949381576
"507" 0.269230769230769 -1898.9136493578 0.376124096895156 0.0854258198289964 1573.25649293482
"508" 0.269230769230769 -1273.90612510204 0.592949660349247 0.12504729910437 1080.26896505123
"509" 0.192307692307692 -1047.90927932913 0.603261168441759 0.131448240757511 1056.60589802528
"510" 0.423076923076923 -946.93047483905 0.647184499206713 0.142401581909808 950.519594904734
"511" 0.230769230769231 -2437.5626532385 0.28112017137695 0.0779046111407357 1785.46088375191
"512" 0.307692307692308 -2125.95219263063 0.543736545306155 0.115037107556257 1179.76414854424
"513" 0.269230769230769 -1568.42372418566 0.470503969453214 0.10108379586335 1353.41637006122
"514" 0.307692307692308 -1627.35063060737 0.498523639314825 0.10658353800416 1295.21026924819
"515" 0.230769230769231 -1646.6699891291 0.544577745161352 0.11860699786499 1197.28566182535
"516" 0.307692307692308 -3051.05646834305 0.417207450782558 0.0959817703215438 1501.98654974671
"517" 0.269230769230769 -1332.1103550726 0.443067723053345 0.0978730534361708 1418.0645131639
"518" 0.230769230769231 -1822.80185638658 0.388361584868038 0.0865425185525792 1552.33340304176
"519" 0.307692307692308 -1295.37656958338 0.65266972736988 0.14507341417619 940.522497104949
"520" 0.115384615384615 -3125.09181499047 0.236001270225548 0.072193314522661 1919.32268009224
"521" 0.230769230769231 -1872.7738167055 0.418913764338148 0.0922540315328851 1477.05456834487
"522" 0.269230769230769 -1468.91693535272 0.310724651642842 0.0780688605748756 1722.52419568852
"523" 0.230769230769231 -2125.5489791586 0.349228312584124 0.086935432740281 1634.59188040496
"524" 0.269230769230769 -2420.88611477021 0.423140330977742 0.0923107396440869 1479.77401103939
"525" 0.230769230769231 -2073.91561770916 0.283505331586632 0.077101610083423 1790.70581786357
"526" 0.346153846153846 -1176.58345625899 0.616530535694355 0.136427264157408 1016.29510958226
"527" 0.230769230769231 -1600.51700554968 0.326159851139511 0.0826939142652941 1684.28875473036
"528" 0.230769230769231 -1339.70485046 0.514707843620689 0.10763337332187 1245.96183277108
"529" 0.192307692307692 -1623.41153241696 0.457919411304869 0.0970481170982952 1366.24683310598
"530" 0.269230769230769 -1055.18471096927 0.581796438520847 0.121699827337938 1085.62296991191
"531" 0.269230769230769 -1515.70925577914 0.527343962671506 0.1124630659204 1230.79019072505
"532" 0.346153846153846 -2108.24144286824 0.397610187336362 0.0908446949625745 1529.75026201361
"533" 0.307692307692308 -1626.60242399256 0.368073237517591 0.0847195483722723 1592.21089170746
"534" 0.192307692307692 -1424.8314444628 0.599023605254975 0.129453543231628 1059.77010224971
"535" 0.307692307692308 -1232.66083384277 0.60813825694937 0.132915537581388 1033.88171833152
"536" 0.230769230769231 -1954.05220420109 0.237242446897172 0.0711082691632331 1891.50269744595
"537" 0.230769230769231 -1437.9225463551 0.522237259444949 0.107921965880692 1230.95894591716
"538" 0.230769230769231 -1543.29178306002 0.635398286840064 0.14174378484828 980.249555832767
"539" 0.230769230769231 -1314.29051021776 0.560017803674064 0.118957707296495 1149.0582244571
"540" 0.269230769230769 -2136.50232401676 0.335021908851949 0.0803974980659413 1671.19181416236
"541" 0.307692307692308 -1214.07088169857 0.600079060380828 0.126761662358985 1052.57998327789
"542" 0.269230769230769 -1606.79359492017 0.578862925254273 0.120892023696806 1112.8014680156
"543" 0.346153846153846 -1632.2601359302 0.505830343227566 0.104532346815153 1279.16901871562
"544" 0.269230769230769 -1450.30919393687 0.598948197630358 0.126928987622196 1051.77815394415
"545" 0.307692307692308 -2215.44455949007 0.471338777039462 0.0993586133557104 1350.69101159594
"546" 0.153846153846154 -2607.60066903578 0.198426687542154 0.0698128388077502 1977.2489269194
"547" 0.230769230769231 -1895.59167924103 0.291144288371002 0.0764362962720012 1764.27389216427
"548" 0.230769230769231 -2141.22359189889 0.329662715089017 0.0815440115999854 1671.05709225941
"549" 0.153846153846154 -2121.4535774074 0.287300918240356 0.0748758663355047 1773.68526157908
"550" 0.153846153846154 -2209.67803530338 0.348223165111733 0.0839231039525733 1647.85013147649
"551" 0.346153846153846 -1794.12128674003 0.440847660832769 0.0956548156179611 1430.50561153508
"552" 0.192307692307692 -1699.326027275 0.483697200856169 0.10397267293104 1327.60703241657
"553" 0.307692307692308 -1855.63037149437 0.49195345517493 0.104142660402262 1311.32524423056
"554" 0.346153846153846 -1177.55042496656 0.629321509346156 0.137458368789222 990.534667586514
"555" 0.269230769230769 -1880.05131115554 0.437664184926695 0.0937719814156515 1432.04285013104
"556" 0.230769230769231 -1979.44591785274 0.426154440588719 0.0974692626778803 1440.11548373726
"557" 0.384615384615385 -1406.90783613006 0.631090031901246 0.137321324986603 981.378361952976
"558" 0.269230769230769 -1711.59098203487 0.511731326964047 0.108789277934719 1267.76916327172
"559" 0.307692307692308 -1316.57971569612 0.637915742078095 0.142834632398535 969.185665093532
"560" 0.384615384615385 -1309.39419803406 0.608921002780026 0.130428269686055 1025.08717295808
"561" 0.269230769230769 -1486.12610230486 0.530482439412124 0.116802441115885 1220.50001030895
"562" 0.269230769230769 -986.60773672022 0.625358860571458 0.14042499271276 999.673437838545
"563" 0.269230769230769 -1333.79817672399 0.575868011670053 0.12150051570346 1115.72789407308
"564" 0.346153846153846 -1288.45576426674 0.678639033020067 0.155302083057301 875.418812801594
"565" 0.346153846153846 -1189.92199827947 0.637522715245977 0.139015267846827 972.000116501704
"566" 0.346153846153846 -1732.00228896481 0.460662119011263 0.100147019728398 1379.8892926865
"567" 0.230769230769231 -2062.77491199903 0.303924206117746 0.0769560590562093 1741.53736923148
"568" 0.269230769230769 -1795.04413514462 0.482192193429033 0.10203886232339 1325.35013795365
"569" 0.269230769230769 -1913.4287291785 0.376569766888513 0.0865094495383949 1581.72625472155
"570" 0.153846153846154 -2300.49853938798 0.344885969029362 0.0837877707191177 1641.10511456598
"571" 0.269230769230769 -1438.32757482624 0.545423628815718 0.118319859741138 1191.51625987121
"572" 0.153846153846154 -2132.62345570075 0.239035590483071 0.0715775416499974 1876.43208903356
"573" 0.307692307692308 -1788.23451939914 0.487636348575184 0.105312546079679 1312.78930466264
"574" 0.192307692307692 -2171.14978530294 0.445430966170756 0.0961085048769882 1416.9183835304
"575" 0.192307692307692 -1643.79032044144 0.363529846864623 0.0841191776438984 1606.05300877991
"576" 0.307692307692308 -3958.79964942632 0.347961193971647 0.0843507363765732 1662.01599876776
"577" 0.230769230769231 -1893.56871477699 0.397175126971325 0.0870520878832681 1541.94218906453
"578" 0.307692307692308 -1927.06849789749 0.385793302012186 0.0886488457648495 1543.79568165138
"579" 0.307692307692308 -1543.3196120052 0.51442837198869 0.10911419913392 1254.54049079501
"580" 0.192307692307692 -2422.81490696972 0.310424371702369 0.0811182436600912 1735.1492053195
"581" 0.269230769230769 -1936.55884874668 0.368957420296328 0.0836345987202043 1592.17143709851
"582" 0.230769230769231 -2039.35881186814 0.428683761613787 0.0930720537628637 1462.28462842269
"583" 0.307692307692308 -1431.51548240812 0.371563323458417 0.0860992608878135 1590.14373575507
"584" 0.269230769230769 -1351.61621083999 0.503048577392631 0.10393186888108 1277.07475189262
"585" 0.307692307692308 -1672.03609029208 0.412057451721885 0.0928647363548018 1490.60936590818
"586" 0.307692307692308 -2257.08031398352 0.401418741001526 0.0884598236673736 1513.49151969839
"587" 0.307692307692308 -1227.54701537603 0.6137302187596 0.137362782491423 1029.99382796693
"588" 0.230769230769231 -1307.53585129742 0.538066376239845 0.114385669118043 1198.16439194843
"589" 0.269230769230769 -1629.09804974641 0.356497001939086 0.0843647431612663 1615.2683038974
"590" 0.230769230769231 -2259.03349664486 0.359059120541863 0.0854654126659523 1621.36727599256
"591" 0.230769230769231 -1885.15904290851 0.460400978742212 0.0999560529249311 1384.42542921109
"592" 0.307692307692308 -1630.92044279845 0.560491639431364 0.121110281532228 1157.94144511838
"593" 0.346153846153846 -970.071150476063 0.647378658982105 0.144952394196466 943.573237579772
"594" 0.230769230769231 -1777.24808197485 0.378889587663172 0.0855761431674806 1557.7807880665
"595" 0.269230769230769 -1475.43842686643 0.583438140434397 0.123763214512402 1106.42040483351
"596" 0.346153846153846 -1916.42547187063 0.522306500378958 0.112040537820592 1229.06464593888
"597" 0.346153846153846 -1539.42986468203 0.574182848042962 0.125187654787329 1121.75460721367
"598" 0.153846153846154 -1521.13986095556 0.563664621182451 0.117279379715384 1143.55936566466
"599" 0.230769230769231 -1755.41777164388 0.424079690336392 0.0937958840186339 1469.04503225773
"600" 0.230769230769231 -2005.36384757372 0.24260158737921 0.0722277172045502 1873.41821035152
"601" 0.346153846153846 -1352.16013742859 0.640939068586351 0.146785338554762 964.341173748262
"602" 0.230769230769231 -2088.61209653642 0.264273384390724 0.0735111393780369 1830.23733051229
"603" 0.230769230769231 -1562.17348506708 0.558104934933546 0.1201852045247 1154.3807156773
"604" 0.230769230769231 -2157.37544304581 0.357226583389553 0.084843285527495 1622.05964962372
"605" 0.230769230769231 -2192.8535459682 0.273731838051792 0.0748352003847018 1807.06583079109
"606" 0.269230769230769 -1251.95956019084 0.587108344159146 0.123323252560557 1088.00275374724
"607" 0.384615384615385 -1222.7998256461 0.644756933406925 0.143091544163242 947.798248052571
"608" 0.307692307692308 -1649.22380662111 0.420783130423904 0.0905620208082208 1468.79304525478
"609" 0.307692307692308 -1822.49569723262 0.375385074340642 0.088792634663664 1578.05278409661
"610" 0.269230769230769 -898.596205943067 0.614664251633894 0.135137189778106 1016.89074603917
"611" 0.192307692307692 -2070.89394306324 0.387509015698744 0.0851883684936566 1563.77747715358
"612" 0.230769230769231 -1446.78718763118 0.528607244326089 0.114842956668414 1229.98900909976
"613" 0.307692307692308 -1806.00960595691 0.483166251716637 0.102971688912054 1323.65336127456
"614" 0.230769230769231 -2112.11200606126 0.352431382061706 0.0810076899648794 1625.83280074991
"615" 0.346153846153846 -1159.59173975796 0.628753016195895 0.135195999789519 989.175134684995
"616" 0.307692307692308 -1112.98501275059 0.585708228307185 0.124980774443507 1082.39526140623
"617" 0.192307692307692 -1536.12037787543 0.547149146056671 0.112565295582128 1181.06060122239
"618" 0.384615384615385 -1692.6789147603 0.438633601418387 0.0959339557520195 1432.87689793183
"619" 0.153846153846154 -1501.3190579364 0.506785133204728 0.110191588621703 1274.9391823856
"620" 0.153846153846154 -2191.76387728556 0.237065453550815 0.072312270689322 1874.39029173203
"621" 0.423076923076923 -1215.5050613791 0.583603648381517 0.125134486987111 1094.70150878374
"622" 0.230769230769231 -2829.88183008624 0.37513779966844 0.0861976944089752 1585.45499450702
"623" 0.307692307692308 -1406.29029265165 0.544318387693328 0.116021434380688 1186.8380994185
"624" 0.269230769230769 -2367.72720382717 0.374236363330597 0.0865064980002158 1589.48696613469
"625" 0.192307692307692 -1892.81034616423 0.317838539597008 0.0804373529387296 1709.08434294973
"626" 0.230769230769231 -2344.82263669444 0.374462420452599 0.0835555233350532 1575.4101178076
"627" 0.192307692307692 -1935.65037705889 0.333959120092762 0.0833796100402538 1671.58064095604
"628" 0.153846153846154 -1905.51858341282 0.397318937034962 0.089445368520102 1506.49352225159
"629" 0.230769230769231 -2731.36911135984 0.437151898185049 0.0945962497008117 1424.80723523499
"630" 0.192307692307692 -1697.01815646398 0.387323756698544 0.0872261765042465 1551.68300872051
"631" 0.269230769230769 -1712.24174124906 0.443685418951952 0.0941511582376546 1419.62862859954
"632" 0.269230769230769 -1198.30904157661 0.566078450112343 0.11887358073962 1137.45819774563
"633" 0.192307692307692 -2260.26361839898 0.444438678277088 0.0928930582673935 1422.36924220653
"634" 0.230769230769231 -2723.48612658052 0.406071262219106 0.0899482886038844 1518.698792905
"635" 0.230769230769231 -2042.44672676085 0.330637065003394 0.0840668846400378 1686.44156882023
"636" 0.192307692307692 -1611.2314977807 0.388278290920545 0.0866197608827758 1535.74457287021
"637" 0.269230769230769 -1382.78563814617 0.522000802692606 0.113506407816054 1243.33764802324
"638" 0.269230769230769 -942.317329920452 0.649785827557159 0.143920206850013 939.167314543228
"639" 0.269230769230769 -1375.43638485117 0.577410963446192 0.121251715650761 1114.57624842581
"640" 0.115384615384615 -1950.7385711543 0.347912862223338 0.0867676706384281 1656.82731120474
"641" 0.269230769230769 -1227.6852894916 0.637428520389819 0.141479597765939 983.797375381529
"642" 0.269230769230769 -1538.26545657144 0.575439039135729 0.124521424078568 1116.18009699924
"643" 0.269230769230769 -1608.92167727315 0.483416225947652 0.106726132196637 1334.14646249474
"644" 0.346153846153846 -1881.31117791957 0.532159029749504 0.113880201099416 1222.14878450243
"645" 0.230769230769231 -2612.92304615447 0.260589709486299 0.0723419041722526 1837.64488292636
"646" 0.269230769230769 -1939.2831623475 0.445215874222478 0.0996300922501 1420.19895386712
"647" 0.230769230769231 -1689.51256390433 0.391570324258409 0.0869045081567946 1525.82851157739
"648" 0.307692307692308 -2144.27746917484 0.316463764311509 0.078543427599832 1719.90106315931
"649" 0.153846153846154 -2220.93645716259 0.389771741693325 0.0898805123209466 1534.85488248269
"650" 0.230769230769231 -1666.38211721905 0.276276907351454 0.0785396778004476 1797.94315086312
"651" 0.269230769230769 -2241.07090328299 0.393567336131919 0.0873545418606672 1532.0763272255
"652" 0.307692307692308 -1567.35178649031 0.552814252767808 0.115765231629745 1175.01797578083
"653" 0.230769230769231 -2819.44680070807 0.337218189375725 0.0815825471181129 1676.50933707257
"654" 0.346153846153846 -1415.97344719509 0.53519919863547 0.11026369588466 1205.94449741543
"655" 0.269230769230769 -2027.28680646701 0.44664820416402 0.0993124960365011 1404.62699970659
"656" 0.269230769230769 -2049.53279071956 0.41262678309449 0.0906195420050892 1494.74778874579
"657" 0.230769230769231 -2014.41168559571 0.371004894908355 0.0878338610075095 1591.67474667367
"658" 0.269230769230769 -2132.7281079276 0.331120844086406 0.0806926654324931 1661.51181821839
"659" 0.269230769230769 -1555.1325081529 0.484576675986606 0.104665658815433 1321.19504910217
"660" 0.346153846153846 -1074.92309294153 0.593701262939979 0.127128312535615 1074.6939519167
"661" 0.230769230769231 -1678.39194325843 0.359167250099723 0.0838903338549758 1597.57217523554
"662" 0.230769230769231 -2059.91594695547 0.480303339635617 0.10570270185673 1338.28391129171
"663" 0.192307692307692 -1783.53643616838 0.346023608033638 0.0820712301407681 1635.18422798357
"664" 0.230769230769231 -1449.76370029828 0.422213974909188 0.0920200722074122 1461.57929097899
"665" 0.269230769230769 -1739.51392757296 0.414436107163695 0.0896985508428126 1479.01104656704
"666" 0.269230769230769 -1480.33542539865 0.547423673910876 0.1174353934092 1178.75501513251
"667" 0.153846153846154 -1403.94609890041 0.539623041396181 0.112433313222296 1195.49087650964
"668" 0.230769230769231 -2035.6569681555 0.390321969080414 0.0879251013672736 1546.29615746344
"669" 0.307692307692308 -1553.01788120089 0.444578655442035 0.09635695724742 1415.85024358553
"670" 0.269230769230769 -1493.5059905649 0.446793917636357 0.0990994167635248 1417.27897874419
"671" 0.269230769230769 -1223.41981357171 0.488477959551789 0.102198273823417 1310.2991998318
"672" 0.230769230769231 -1779.16312486734 0.468420420341795 0.101273078631086 1361.11863042546
"673" 0.346153846153846 -1209.43579675483 0.478201102074183 0.101667953453446 1330.29835059425
"674" 0.269230769230769 -1966.75276621513 0.522135284565797 0.111225591045914 1243.73221288135
"675" 0.307692307692308 -1440.77547579691 0.674743140978802 0.153370597497206 884.928035415376
"676" 0.269230769230769 -1720.52486946289 0.499211211422183 0.107330435013495 1294.99965260239
"677" 0.269230769230769 -2417.53852100616 0.417113088543876 0.0898487647680636 1487.9002757441
"678" 0.153846153846154 -2700.25396695728 0.225320353956803 0.0712144810435157 1942.4854237146
"679" 0.230769230769231 -2095.80004233066 0.451957752023193 0.0965972812482019 1392.11056200432
"680" 0.307692307692308 -1840.30939186195 0.412902253161794 0.0892405052200972 1483.53144991824
"681" 0.230769230769231 -1679.98099098035 0.338812781737992 0.0835815801679066 1647.4348129999
"682" 0.153846153846154 -2061.81654933222 0.164926468803482 0.0660509994752399 2046.45603121129
"683" 0.192307692307692 -2212.47564669271 0.462316901133339 0.101766055515235 1379.68385671744
"684" 0.384615384615385 -1043.56390791102 0.60031910202616 0.133458530066993 1059.68539860618
"685" 0.269230769230769 -1469.24901450697 0.599265480011027 0.131185771519993 1065.14774169841
"686" 0.192307692307692 -2323.58712496795 0.470195372806612 0.101265437410411 1366.35297011158
"687" 0.269230769230769 -2086.81449408468 0.418313822590334 0.0933356260312796 1486.29851738858
"688" 0.307692307692308 -2973.56785897923 0.470597783947073 0.102461334825101 1364.96754649843
"689" 0.269230769230769 -1578.05070265929 0.362697090565911 0.0865495788677669 1596.89808813696
"690" 0.230769230769231 -1683.20663099412 0.595346475957693 0.126112216905536 1066.46525442595
"691" 0.230769230769231 -2705.45359970227 0.431308727235267 0.0940524687726642 1456.84114700639
"692" 0.269230769230769 -1346.86337813992 0.697431337910656 0.164778237065068 833.151235882933
"693" 0.230769230769231 -1073.05061989923 0.611017585568342 0.129043581380457 1029.61442467416
"694" 0.230769230769231 -1705.21433594833 0.274382175609756 0.0760156118441445 1801.37844054676
"695" 0.230769230769231 -2049.20129089478 0.436659887970413 0.0941686120407846 1439.7274608501
"696" 0.307692307692308 -1732.8422967825 0.499528835133782 0.109956341450412 1293.30716174625
"697" 0.269230769230769 -1861.75740823867 0.469480006659481 0.0977086599527797 1372.91528656617
"698" 0.307692307692308 -937.74445933502 0.686548552721212 0.162085540508359 858.384099675731
"699" 0.192307692307692 -952.947524349157 0.527066005050236 0.114494076875473 1222.47585664579
"700" 0.192307692307692 -2062.57967263434 0.221479025818852 0.0698641625441378 1934.29682304926
"701" 0.269230769230769 -2611.07852219191 0.276560573655798 0.0749911738959338 1793.63159853623
"702" 0.346153846153846 -1341.17284797368 0.525778847981161 0.113039390194596 1235.53529736335
"703" 0.307692307692308 -1821.77592683106 0.522981312792015 0.107959584111149 1242.51831889171
"704" 0.346153846153846 -1904.59343399057 0.371437446007276 0.0851806512200386 1596.08546057156
"705" 0.269230769230769 -1405.74710977457 0.568936637873428 0.120487972996834 1121.47447140942
"706" 0.346153846153846 -1280.56971774883 0.487627193020342 0.102632270168262 1313.26345754606
"707" 0.269230769230769 -1526.15773283038 0.452733927514932 0.10030318602942 1396.80231214454
"708" 0.192307692307692 -3180.02346297559 0.277400088943109 0.0756609488986559 1815.71106129209
"709" 0.269230769230769 -1963.18237835392 0.383304863408595 0.0906261234655725 1554.66220929025
"710" 0.153846153846154 -2370.3752692479 0.469667875811574 0.0996926778876852 1362.8038889678
"711" 0.346153846153846 -1414.24986151116 0.455514637945824 0.0965116004065641 1379.2501857904
"712" 0.230769230769231 -1500.30717689186 0.468468236398012 0.0991469928695503 1369.84257880779
"713" 0.192307692307692 -2312.42675255739 0.399946472004218 0.0910645527364608 1530.08915593392
"714" 0.307692307692308 -1212.10700872283 0.6009224687996 0.131613362383185 1056.65588140114
"715" 0.230769230769231 -1375.1677774594 0.446313567878487 0.0972291329834031 1405.26952137575
"716" 0.192307692307692 -2090.26167611412 0.324346627581115 0.083582823926392 1692.95459952415
"717" 0.192307692307692 -1628.95148133814 0.481910895438932 0.0999869497786506 1329.5540031354
"718" 0.192307692307692 -2322.49388480121 0.454466887052377 0.0958449233529072 1394.39615153973
"719" 0.307692307692308 -1299.99409626074 0.510851712035771 0.108918107677819 1258.59661543196
"720" 0.153846153846154 -2079.49875624412 0.391191027649519 0.0900626333518674 1533.91271851088
"721" 0.269230769230769 -1546.60289258831 0.507281074528348 0.107078704040274 1275.21565439935
"722" 0.307692307692308 -1740.86191505964 0.425128422390836 0.0935251273286906 1454.97123394235
"723" 0.230769230769231 -1764.84001626521 0.277257081926146 0.0742396006501687 1790.51309580889
"724" 0.269230769230769 -2054.10402472414 0.409364592178496 0.0914193142712629 1481.40176181382
"725" 0.269230769230769 -2158.05072827573 0.455105080836989 0.0951074887412112 1395.80806498168
"726" 0.307692307692308 -1574.36912918956 0.551771193574844 0.117572078282951 1163.04595795381
"727" 0.269230769230769 -1842.67583324177 0.45500883606548 0.0994156209775109 1400.66724351983
"728" 0.307692307692308 -2183.90782596166 0.344884574877011 0.0817930367124906 1651.60206215598
"729" 0.346153846153846 -1299.76602405274 0.552513310273405 0.115284233172444 1175.71384998644
"730" 0.307692307692308 -1624.457998455 0.527596527914205 0.113014081329944 1222.54144676988
"731" 0.307692307692308 -2536.80362851773 0.443615245785238 0.0961083808624936 1421.29433606337
"732" 0.384615384615385 -1449.13484209979 0.593319096972316 0.132178435539099 1077.65006083365
"733" 0.269230769230769 -1306.64676684365 0.611576261565416 0.130980595989213 1025.56464896823
"734" 0.307692307692308 -1802.92657033596 0.531808448724941 0.113799996944195 1216.23762882983
"735" 0.230769230769231 -2502.15875036621 0.312553084605007 0.0807503989486864 1717.37530644243
"736" 0.230769230769231 -1791.96360659719 0.554169071279922 0.115485556070958 1174.32504244245
"737" 0.384615384615385 -1098.43554274087 0.686749817470767 0.16291427154886 864.87505811913
"738" 0.192307692307692 -1633.36287188163 0.313904769645031 0.080302662519682 1708.20959695373
"739" 0.269230769230769 -1572.58397425996 0.486178449483942 0.103879890460323 1324.60440308879
"740" 0.346153846153846 -1084.08062000468 0.608406465844419 0.131284269038463 1039.68230685101
"741" 0.307692307692308 -1362.38732639022 0.551510905358835 0.114027201840861 1161.98332554781
"742" 0.230769230769231 -1622.16889879286 0.446682231028385 0.0974559678349028 1409.76407501518
"743" 0.192307692307692 -1958.25135419204 0.296594192847158 0.0797134562487891 1765.65323115579
"744" 0.153846153846154 -1783.77090673293 0.523780511186704 0.110575874402615 1235.54413943307
"745" 0.269230769230769 -1190.23086624793 0.518380907779953 0.107913862520964 1247.20717473665
"746" 0.307692307692308 -1186.23215809459 0.566897690591994 0.12097401226249 1135.81971722132
"747" 0.230769230769231 -1479.13202378372 0.450290103562076 0.096945237529104 1405.59469745737
"748" 0.230769230769231 -1576.48141016541 0.42531516452538 0.0922972200245498 1460.69857994732
"749" 0.269230769230769 -1339.66472316908 0.484013634402494 0.101836510661581 1324.86908684847
"750" 0.115384615384615 -2599.07973654734 0.258691744133225 0.0720002744934935 1841.76309909461
"751" 0.346153846153846 -1776.97473504438 0.601821219761039 0.132880248396484 1059.20702747789
"752" 0.192307692307692 -1530.36489520323 0.532568822125933 0.114086187587049 1213.67168755739
"753" 0.230769230769231 -1440.65064666154 0.467101281913414 0.0987876798876974 1354.21721854466
"754" 0.346153846153846 -2001.83306141145 0.639200763291451 0.145749666748955 980.837778980641
"755" 0.269230769230769 -1162.78793901864 0.549788701043535 0.117389489510696 1178.31270343666
"756" 0.346153846153846 -1602.68232063817 0.583970258662907 0.12859062443081 1102.60286540179
"757" 0.307692307692308 -1821.1049270033 0.495786528414772 0.109531885876724 1304.63322004157
"758" 0.307692307692308 -2298.24995210917 0.350522487477302 0.0834803260648309 1620.01196642771
"759" 0.307692307692308 -1998.31142949562 0.412054921490465 0.0945765788846638 1483.7820649678
"760" 0.269230769230769 -1965.68342406164 0.409769305329456 0.0910680948349177 1489.33603289295
"761" 0.346153846153846 -1360.77928847815 0.631494270082044 0.135752018396316 989.584289058051
"762" 0.346153846153846 -1232.08156643459 0.589194230206951 0.123700927858729 1081.71354470152
"763" 0.153846153846154 -2120.83217870668 0.368608887790047 0.0855271712305588 1587.78552589383
"764" 0.346153846153846 -1535.62924210155 0.497978094035334 0.108531346015657 1299.58740821554
"765" 0.192307692307692 -2673.53333409558 0.227689777817156 0.0703071982129098 1911.63128077662
"766" 0.307692307692308 -874.365197567978 0.598140672199827 0.130145933507737 1057.59151757703
"767" 0.230769230769231 -1266.33401869156 0.516105825177667 0.108985541324857 1244.2798796511
"768" 0.192307692307692 -1581.36615810704 0.488089632487276 0.106446421431316 1301.05765939852
"769" 0.153846153846154 -3011.98662993289 0.295530812828015 0.0793972755594364 1772.997225916
"770" 0.307692307692308 -1212.40828115743 0.56685713126268 0.118242447466289 1132.21360108588
"771" 0.230769230769231 -1863.86522647283 0.335594548129526 0.0832287911583164 1648.33301265141
"772" 0.307692307692308 -2226.54065354983 0.529913004756243 0.109885277905278 1231.11180687934
"773" 0.192307692307692 -2431.38206671673 0.304492896414075 0.0791566448279279 1744.14697232224
"774" 0.115384615384615 -2413.39615193999 0.332165369896508 0.0821792712778993 1681.78656105642
"775" 0.230769230769231 -1255.10805673964 0.548188416955926 0.114718121411031 1172.01299344802
"776" 0.192307692307692 -919.095894320737 0.52882664513667 0.115518778539624 1212.67790549632
"777" 0.230769230769231 -2115.74344787579 0.455253195800034 0.0959263036649573 1380.98480784922
"778" 0.230769230769231 -2694.51855446211 0.304226587633415 0.0798608203258142 1740.31445882547
"779" 0.192307692307692 -1861.78960446512 0.486871386845332 0.102995352127248 1328.11815555759
"780" 0.230769230769231 -2036.90616747689 0.363202808332701 0.0870567060588877 1605.55521238573
"781" 0.384615384615385 -1310.89625878506 0.675951957517048 0.154980636102213 882.033490248539
"782" 0.269230769230769 -1819.17663486283 0.423163993608117 0.0926338821482259 1464.11655981534
"783" 0.192307692307692 -3114.82842334465 0.352517677467101 0.085273603440705 1619.91877196786
"784" 0.269230769230769 -3044.88344655625 0.260585491735591 0.0719854565259165 1841.99713943926
"785" 0.307692307692308 -2535.77583573939 0.423707254917023 0.0894284693854341 1465.05303440885
"786" 0.269230769230769 -1641.48796320163 0.281553017344005 0.0741156920317112 1776.82367970086
"787" 0.269230769230769 -2056.82164726703 0.493934351776322 0.103020808979306 1297.91599994157
"788" 0.192307692307692 -3078.01947835473 0.263791724508478 0.0734540311774004 1824.07523560453
"789" 0.230769230769231 -2401.43627425516 0.305062875550317 0.0777390972754025 1738.70261379812
"790" 0.192307692307692 -1400.11712891743 0.488489556200094 0.106370786167385 1301.31565164201
"791" 0.269230769230769 -1708.05095149207 0.423103686431632 0.0900853703378236 1476.84727981975
"792" 0.269230769230769 -1609.53087060779 0.519889790960464 0.111466434637805 1249.80956146416
"793" 0.307692307692308 -2400.12496256372 0.294250486049831 0.0761071301849709 1768.17190249373
"794" 0.269230769230769 -1220.73679708033 0.568802720307981 0.123869658442878 1130.58552942416
"795" 0.192307692307692 -1956.18251631855 0.301977262186405 0.080160402426527 1733.73939181476
"796" 0.192307692307692 -1452.56894565127 0.513549673985355 0.106209633918846 1246.98564836553
"797" 0.346153846153846 -1894.93733330876 0.472699318723361 0.101210636645334 1355.57774891299
"798" 0.153846153846154 -2075.81703658174 0.199835389911024 0.0711544900109803 1968.48948267805
"799" 0.307692307692308 -2087.56283418148 0.44757349422193 0.0983334470185216 1416.56303322937
"800" 0.269230769230769 -2404.35429987652 0.22623990745734 0.0714304262582494 1915.45865158472
"801" 0.346153846153846 -1973.48253985596 0.41982443628615 0.0940395236398691 1479.53343464531
"802" 0.307692307692308 -1470.31055298362 0.5145520460281 0.10891319992529 1254.892587789
"803" 0.346153846153846 -1270.59874164459 0.609070038177301 0.132177117779761 1035.32148414092
"804" 0.307692307692308 -1528.98000422121 0.468855717098467 0.102137000350374 1354.96642352685
"805" 0.307692307692308 -1083.88327388319 0.686423107603212 0.164102862104395 866.201834023665
"806" 0.153846153846154 -1789.93598213321 0.219702612294661 0.070074270290131 1925.28073128327
"807" 0.269230769230769 -2489.35498374582 0.268441371063891 0.0739028199391717 1802.15949521926
"808" 0.269230769230769 -1452.50368650142 0.540922228376461 0.113036952076326 1196.92156623141
"809" 0.346153846153846 -1217.20734348983 0.672406517883566 0.154103335201681 894.302988864228
"810" 0.230769230769231 -1910.23107401278 0.275463301401146 0.0765870728509436 1811.06966065457
"811" 0.192307692307692 -1980.12636566847 0.369457477800109 0.0867587643626193 1589.89639565498
"812" 0.153846153846154 -1326.24553850769 0.561475430406445 0.120265797230711 1152.31274715365
"813" 0.192307692307692 -1490.66133785314 0.231625774908191 0.0696384836686114 1882.73199173068
"814" 0.192307692307692 -2329.05916314775 0.414043583170716 0.0895518115754925 1496.88761296251
"815" 0.384615384615385 -1320.47840751227 0.491550561673164 0.10232739028445 1295.43153973827
"816" 0.192307692307692 -2555.56625285746 0.208508885307552 0.0698776984174071 1961.49172244651
"817" 0.230769230769231 -1440.97437886918 0.529994245107201 0.111353852011518 1215.40133482244
"818" 0.192307692307692 -2255.02988497569 0.227973168409415 0.0709526745070363 1918.10150292994
"819" 0.269230769230769 -1830.14962891809 0.424602448352373 0.0973390054021444 1463.94114454918
"820" 0.384615384615385 -1309.18956534519 0.545144705023604 0.117428484258578 1187.97593492469
"821" 0.307692307692308 -1376.32799818074 0.510026696279918 0.109003036705004 1268.87370503574
"822" 0.269230769230769 -2201.72850045467 0.430385773876185 0.0934807064985705 1447.12676535681
"823" 0.269230769230769 -1649.68324802031 0.461002815683455 0.0999086470422352 1379.76287042231
"824" 0.384615384615385 -1209.57380016285 0.656125008195041 0.149540997410594 936.794932614949
"825" 0.230769230769231 -1245.09611928471 0.376444621896182 0.0867102507001241 1559.30213337072
"826" 0.269230769230769 -1001.22013151909 0.597911931424882 0.126826123250576 1061.88778208811
"827" 0.269230769230769 -1943.10852801381 0.415297207025207 0.0920876439433312 1498.20981252329
"828" 0.230769230769231 -2462.37198283769 0.43863283604699 0.094442990753046 1424.00647731407
"829" 0.269230769230769 -1762.9251926636 0.419836979620499 0.0924319715088031 1469.86832211202
"830" 0.384615384615385 -1043.5837174374 0.614093231296538 0.135900998351933 1026.55485775369
"831" 0.230769230769231 -2920.69938850874 0.390762934842068 0.0883306038042173 1544.4265648243
"832" 0.346153846153846 -2028.35426241654 0.424925206690203 0.0937599690241845 1462.29730550041
"833" 0.307692307692308 -1828.23791607137 0.558930596307878 0.11703095318093 1157.05324965543
"834" 0.269230769230769 -2029.2933736218 0.507764654235128 0.107532579308803 1278.89832122859
"835" 0.307692307692308 -2030.45107157134 0.398717586038899 0.088264313325162 1519.91128764172
"836" 0.384615384615385 -1416.60271380992 0.476066966875554 0.101945908181458 1335.1230082383
"837" 0.307692307692308 -1961.74686452934 0.418691001375771 0.0911709795369483 1468.09388871511
"838" 0.307692307692308 -1495.59259133955 0.46208984455176 0.0990963434584385 1377.71705356637
"839" 0.307692307692308 -2204.87960874885 0.321652334868742 0.079791819424855 1704.14393940316
"840" 0.384615384615385 -1187.72930135767 0.547758418313575 0.120299990273197 1188.16650091827
"841" 0.384615384615385 -1350.56441300333 0.59006040172464 0.1276444665626 1078.7290074879
"842" 0.307692307692308 -2093.90624650786 0.537392000424818 0.110322495225043 1200.85384298237
"843" 0.307692307692308 -1638.29474877913 0.485604493900316 0.104742704157022 1320.30343382022
"844" 0.230769230769231 -1892.20707813595 0.378415388423779 0.0881367770090814 1578.29495150822
"845" 0.269230769230769 -2949.77270282374 0.377068388465504 0.0873046561408552 1571.93031732293
"846" 0.269230769230769 -1390.59206685541 0.386444528443193 0.0865656004289471 1535.60225587482
"847" 0.230769230769231 -2096.53505588811 0.326049942511387 0.0790287269674737 1690.02198024477
"848" 0.230769230769231 -2147.50175710874 0.556222185222294 0.119186333636531 1155.55566086802
"849" 0.230769230769231 -1621.93110971576 0.564163586657954 0.12035878331266 1154.31065740495
"850" 0.269230769230769 -1367.64832042951 0.475698816820282 0.10352989233514 1348.91480242101
"851" 0.230769230769231 -1610.19300092823 0.545977060875426 0.118178824674767 1193.26412437534
"852" 0.230769230769231 -2155.62384655157 0.468953132444377 0.102712235346617 1362.16017853541
"853" 0.153846153846154 -2202.1350077723 0.325825413462746 0.080369379908231 1685.40672480042
"854" 0.307692307692308 -1307.3929177817 0.567035886696874 0.119357136745508 1132.49097499404
"855" 0.192307692307692 -2761.00178224985 0.244230459811899 0.0710929886590902 1883.08685444021
"856" 0.269230769230769 -1894.22562938141 0.355634709129422 0.0851901138196448 1615.75843259292
"857" 0.192307692307692 -2286.6012142391 0.211993070052674 0.0697085853781197 1947.32019719964
"858" 0.192307692307692 -1922.6062188636 0.333273017412272 0.0824472729374075 1685.03287332456
"859" 0.230769230769231 -2450.20596063821 0.467522069441887 0.0990376967598364 1367.76059696588
"860" 0.269230769230769 -1340.50280231254 0.591169762628645 0.12589571429258 1073.13233487222
"861" 0.307692307692308 -1143.98251143485 0.623755708413566 0.136508364384535 1002.29080836653
"862" 0.307692307692308 -1351.37311258722 0.548497254562667 0.113495027694369 1164.51274236556
"863" 0.230769230769231 -1848.60864710087 0.331590484488881 0.0789670811738122 1670.34968957019
"864" 0.269230769230769 -1803.20098779156 0.459825485047376 0.0983304089869455 1384.71047706079
"865" 0.269230769230769 -1509.06433824022 0.570697432174225 0.118210254795789 1126.02702910421
"866" 0.269230769230769 -2487.42751012682 0.307197278097963 0.0778754763584768 1732.86503306536
"867" 0.230769230769231 -2728.81892991278 0.429252948370966 0.0915146878091222 1450.70609478637
"868" 0.346153846153846 -2023.16785786275 0.393040030304177 0.0878711409051082 1535.86044589641
"869" 0.307692307692308 -2414.03840588157 0.436653269547092 0.096712639920505 1442.59423587065
"870" 0.307692307692308 -1783.23637673943 0.404771528684937 0.0916693528922088 1514.70937928021
"871" 0.269230769230769 -1312.62537131141 0.567379805040163 0.120146342818187 1134.45416541887
"872" 0.307692307692308 -1662.76783393691 0.417243620829916 0.0908388991176616 1461.3319428968
"873" 0.384615384615385 -2557.19093914274 0.432072262710987 0.0932620760444199 1439.76025264527
"874" 0.269230769230769 -1068.62262213008 0.64356523714416 0.141650329293305 954.685362282398
"875" 0.307692307692308 -1292.04220894796 0.585239555937468 0.123474152572531 1078.97158947807
"876" 0.230769230769231 -1665.89073709422 0.462528022194977 0.0963200325745064 1369.90505931941
"877" 0.269230769230769 -1378.12005839429 0.470701638840681 0.100195268004833 1347.03110149628
"878" 0.346153846153846 -1477.19089419094 0.567556892647516 0.118329539973982 1133.52830719745
"879" 0.269230769230769 -2133.3492151831 0.466517677407485 0.101172257612379 1379.8685382933
"880" 0.153846153846154 -2872.75403961031 0.220302079828878 0.0700239143081168 1942.30385470212
"881" 0.230769230769231 -2835.96847774601 0.241696415068612 0.0735225988131017 1886.31637740267
"882" 0.230769230769231 -1466.96143651542 0.458936248932329 0.0981413613147676 1381.43076721357
"883" 0.153846153846154 -3117.67256487023 0.296432609334761 0.0760708512583931 1755.81367569313
"884" 0.346153846153846 -1917.57569702299 0.398355328900812 0.0869932727713479 1516.12023062721
"885" 0.307692307692308 -2792.74512419837 0.413293729403391 0.0941865264651957 1488.89354129837
"886" 0.153846153846154 -2423.409108197 0.383236721842592 0.0883541881566759 1551.3573716258
"887" 0.230769230769231 -1758.01277120834 0.461752656131743 0.0984427168274751 1382.05162693643
"888" 0.230769230769231 -1914.31518831004 0.503565495028389 0.105025046331626 1276.99867494978
"889" 0.269230769230769 -1745.85543267439 0.478737760408717 0.104608150308747 1349.76535060614
"890" 0.192307692307692 -2733.0629677137 0.321568874878576 0.0836638042108209 1711.13566406062
"891" 0.269230769230769 -1385.20428279302 0.479563045102416 0.101313879232051 1337.61114459201
"892" 0.269230769230769 -1127.36035389339 0.604718662419098 0.134577082336661 1054.23626411603
"893" 0.307692307692308 -1775.32780677044 0.436292236927219 0.0944592570990716 1433.42368759054
"894" 0.269230769230769 -1449.67405613409 0.559349987619835 0.119323097597988 1143.96453215586
"895" 0.384615384615385 -1317.17452234451 0.61691251173894 0.137321550032633 1020.79896287691
"896" 0.192307692307692 -2436.75968981952 0.410170799638357 0.0947615165613863 1496.3463048971
"897" 0.346153846153846 -1313.58095598363 0.490648126767577 0.100806882192441 1304.73548923573
"898" 0.384615384615385 -1239.19272783513 0.569209642321862 0.122646121803845 1129.60075019754
"899" 0.192307692307692 -2654.10021193316 0.32049502498769 0.0796798472670495 1702.10449311152
"900" 0.346153846153846 -1782.18815199496 0.42882702580902 0.0940852064390395 1445.68492152963
"901" 0.346153846153846 -1969.94147042571 0.371898799016176 0.0876456764357412 1596.28948330958
"902" 0.269230769230769 -2413.19527442151 0.355255571901019 0.0863933150486189 1612.61004334938
"903" 0.192307692307692 -1497.41438037271 0.540568612270677 0.11271438928059 1184.85289228579
"904" 0.153846153846154 -2094.43159024024 0.394468401470732 0.0926926621234713 1534.18843592948
"905" 0.269230769230769 -1449.28002478117 0.601197660134544 0.129806077884624 1060.13099757665
"906" 0.230769230769231 -1537.47035750574 0.51939582960979 0.11150911875594 1248.70201990764
"907" 0.230769230769231 -1786.6583618828 0.450598663631394 0.0962995174102615 1405.5238223674
"908" 0.269230769230769 -1414.14726429788 0.546908946398293 0.118672970696647 1183.85819521273
"909" 0.269230769230769 -2073.62095971062 0.348176894632258 0.0821876635931169 1630.83696273478
"910" 0.192307692307692 -2413.05166360827 0.351093991724217 0.0859273338546759 1639.7534730085
"911" 0.269230769230769 -1133.81602574812 0.627557208302223 0.134817971306223 1001.82820727959
"912" 0.192307692307692 -1630.14016753827 0.530681150562048 0.114082324716265 1216.91057690287
"913" 0.230769230769231 -2125.33155395471 0.412618797863759 0.0932194446327246 1495.92926433262
"914" 0.269230769230769 -1498.34407668245 0.548033121367635 0.118429024097435 1187.64705805967
"915" 0.230769230769231 -2534.36685333946 0.437305074721002 0.0957221009942699 1441.95837699654
"916" 0.461538461538462 -1416.9592406128 0.619662957673846 0.134901925278175 1014.13931232055
"917" 0.269230769230769 -1300.12982072874 0.504725167122867 0.105793974140645 1270.65776590156
"918" 0.192307692307692 -1839.56261189473 0.302508970472678 0.0769089026857256 1727.90076748613
"919" 0.230769230769231 -1273.53017016373 0.547368541626606 0.116688919264867 1184.47324246797
"920" 0.230769230769231 -1831.53355953743 0.396485092397753 0.0865523390442056 1529.08273889853
"921" 0.230769230769231 -1336.40743036362 0.479343518479365 0.102331329466276 1331.6307123952
"922" 0.230769230769231 -1170.93935685347 0.570748873929032 0.121806098344017 1122.25381021133
"923" 0.307692307692308 -2106.92072588977 0.446991927532246 0.097186066554529 1408.97250686053
"924" 0.307692307692308 -1516.40700511471 0.483829514971286 0.100094898171916 1338.63237565238
"925" 0.346153846153846 -1327.87676367161 0.695039330087508 0.162257918187508 837.573404042858
"926" 0.230769230769231 -2139.95220755424 0.285597963575093 0.0785877379362768 1781.82344406684
"927" 0.230769230769231 -1081.88412329551 0.601317064335655 0.131972117527711 1056.95015333959
"928" 0.230769230769231 -1958.52169315349 0.589096599558378 0.129236219724281 1093.34257455435
"929" 0.192307692307692 -1815.75458746663 0.458612359768048 0.0984688705190755 1390.82861765571
"930" 0.346153846153846 -1629.57534116851 0.623240098427881 0.136520094957213 994.452397783352
"931" 0.153846153846154 -1751.00576431404 0.373830687937569 0.087529435281534 1579.47538565948
"932" 0.269230769230769 -1917.0763233324 0.375184848448382 0.0853025262696628 1573.52825205571
"933" 0.230769230769231 -1991.8321662616 0.27545473601683 0.0755863438178892 1794.47651459996
"934" 0.269230769230769 -1287.60506701685 0.542383878042976 0.114632278041645 1184.18496363826
"935" 0.269230769230769 -1778.39794234509 0.412520440501024 0.0927318280186006 1497.73340749738
"936" 0.269230769230769 -1470.10942151903 0.567209389996649 0.122657431952879 1139.8916386318
"937" 0.192307692307692 -1058.63241489609 0.586918127864555 0.123844015507945 1082.62926256094
"938" 0.307692307692308 -1026.4758690766 0.635249896974361 0.137100482297882 968.768936486757
"939" 0.269230769230769 -1737.61236552254 0.321137863162058 0.0789198628767258 1695.59998174608
"940" 0.346153846153846 -1366.80685736947 0.493283137117867 0.104866082631168 1295.6809454352
"941" 0.269230769230769 -1806.60413825557 0.397638369724981 0.0895650596433002 1527.83462138104
"942" 0.230769230769231 -2424.99816433741 0.437357663114307 0.0934340681606006 1453.24943103772
"943" 0.192307692307692 -2022.80393539861 0.507085011345631 0.105092272183914 1281.25024836264
"944" 0.192307692307692 -1866.336574835 0.558697382704052 0.118689108736431 1162.19245895927
"945" 0.153846153846154 -2124.23434700557 0.427982227201393 0.0925020593408459 1455.57842360672
"946" 0.269230769230769 -1954.68844422268 0.402625352431208 0.0887216170283434 1511.77713726901
"947" 0.269230769230769 -2553.93971222194 0.290151203752294 0.0748332014678346 1789.3571197023
"948" 0.269230769230769 -1472.76671139142 0.57261147178375 0.118656045965973 1128.52706149197
"949" 0.307692307692308 -1474.32908977248 0.479460013618183 0.105329906553826 1338.59566956126
"950" 0.192307692307692 -1490.7310898579 0.426394047415239 0.0942989532665067 1453.59698033559
"951" 0.192307692307692 -2645.18082207301 0.260714598107 0.0731378145747886 1849.92499901126
"952" 0.230769230769231 -2585.41685345326 0.244594200952288 0.0724004417218517 1887.28497996248
"953" 0.346153846153846 -1660.88463208958 0.506311665999767 0.109011819291879 1277.37184518995
"954" 0.346153846153846 -1927.73133142131 0.506618268078896 0.104641779518013 1282.16484466111
"955" 0.384615384615385 -2570.42894595931 0.412945690324401 0.0905492847356113 1494.46414325875
"956" 0.192307692307692 -1970.15870286045 0.3753038458867 0.0900009578088047 1582.24141297353
"957" 0.192307692307692 -1703.41911678562 0.399494713622928 0.0895367332789091 1521.8141938056
"958" 0.192307692307692 -1863.82803748932 0.371665883308715 0.0848902595950523 1582.73243261008
"959" 0.346153846153846 -1841.06144999083 0.376326211025041 0.0837347068102361 1571.98232632978
"960" 0.192307692307692 -2534.84015773967 0.260721272994461 0.0731580914500232 1832.9926602733
"961" 0.307692307692308 -1905.19013412549 0.475696349868176 0.104561144381586 1348.99622874147
"962" 0.269230769230769 -1866.46090373975 0.457595440495897 0.102312568039938 1382.54822851517
"963" 0.153846153846154 -2388.24683296473 0.282775617383481 0.0789515646818747 1791.31555228888
"964" 0.230769230769231 -2165.75551193623 0.422777951861001 0.0950372541804009 1470.8514406006
"965" 0.307692307692308 -896.059712807445 0.685260378061691 0.164526799196364 869.561220079786
"966" 0.346153846153846 -1712.79894694017 0.658355686123957 0.147869615341816 931.179759078226
"967" 0.153846153846154 -1612.29795231043 0.437647803949416 0.094533327060709 1434.6793377729
"968" 0.230769230769231 -1994.8288913774 0.417877300792348 0.0936818385034639 1482.99672862348
"969" 0.307692307692308 -1570.40273441555 0.441960780773534 0.0960672715936794 1414.44902444693
"970" 0.269230769230769 -1358.08040324892 0.600511019875508 0.124380598815629 1065.88734159061
"971" 0.269230769230769 -1668.61508303165 0.527280672792641 0.112474243323372 1220.53651618525
"972" 0.153846153846154 -1811.0311255192 0.394689130047519 0.0890645253954276 1520.23632263118
"973" 0.230769230769231 -1400.80719001583 0.469298156173642 0.0987320964021778 1350.68976804753
"974" 0.307692307692308 -1416.96174443881 0.532768988575286 0.115015297815938 1220.05348023349
"975" 0.230769230769231 -2148.51205581874 0.42795556543432 0.0946351824813629 1468.74904600056
"976" 0.307692307692308 -2396.46182938771 0.416381314788077 0.0903104034040728 1483.31337946263
"977" 0.269230769230769 -1438.89374488819 0.564376375641703 0.118035561839911 1138.48195447336
"978" 0.153846153846154 -1900.42684721046 0.393759160972446 0.0878047736989966 1536.35282679315
"979" 0.346153846153846 -1324.16746151692 0.646685270407832 0.142160684274845 958.994745205366
"980" 0.230769230769231 -1346.77251851048 0.485726690536973 0.100500255607019 1320.12480864672
"981" 0.230769230769231 -1787.97424906716 0.29842054303701 0.0780004385274053 1750.42368000768
"982" 0.230769230769231 -1796.83309941421 0.471487643603896 0.10002079640124 1349.05094096741
"983" 0.192307692307692 -2526.84983527838 0.214061716364603 0.0700196616677021 1948.92251458627
"984" 0.269230769230769 -1501.03779907398 0.481828807320169 0.101929014664095 1320.00271843346
"985" 0.230769230769231 -2099.11598733973 0.418861817615272 0.0937192250806581 1467.01689532291
"986" 0.269230769230769 -1638.46601737477 0.545833232574175 0.112913089694596 1178.07838869397
"987" 0.269230769230769 -3328.54903446322 0.225698989788347 0.0693403384185525 1922.35291693117
"988" 0.307692307692308 -1740.74818807482 0.478666631837725 0.100244916111171 1337.98732533716
"989" 0.269230769230769 -1827.64260417465 0.373880653690163 0.0871307399383686 1586.75230641461
"990" 0.153846153846154 -2042.39138891098 0.382802270125639 0.0866110729496083 1552.49681082198
"991" 0.192307692307692 -1760.79880534037 0.438659749896387 0.0933478095344834 1429.62513198158
"992" 0.269230769230769 -1209.45892778314 0.653353928598114 0.147502210041974 943.684186461817
"993" 0.230769230769231 -2168.84603984701 0.51066195209337 0.107842777789731 1271.06229490847
"994" 0.269230769230769 -1525.3172915436 0.50184281134236 0.105708068892565 1291.23258869957
"995" 0.230769230769231 -4237.18680347555 0.20458523543061 0.0684704261502706 1984.33571676433
"996" 0.346153846153846 -1609.45738912584 0.466282293412886 0.0991670071901163 1364.62736490397
"997" 0.230769230769231 -3009.25051574294 0.237523435217355 0.0700784365149615 1884.40192189639
"998" 0.307692307692308 -1913.08787738613 0.495692885359972 0.105971225409473 1304.41748330301
"999" 0.346153846153846 -1151.63409606191 0.54504337629179 0.11467323385333 1179.86616805493
"1000" 0.269230769230769 -2327.22394712042 0.329346829782917 0.0828997329782143 1679.96912410283
