"SCI" "RCI" "GER" "MSM*" "MIG"
"1" 0.344827586206897 -1503.13794472228 0.462871763441368 0.200936206533163 1523.99547387076
"2" 0.448275862068966 -1464.96743869647 0.592247379155511 0.248351266586169 1236.43100669625
"3" 0.379310344827586 -1548.439090639 0.565943366278167 0.236616149135299 1293.27551908729
"4" 0.275862068965517 -1380.16928611707 0.469553125938714 0.203692216145781 1504.59372200392
"5" 0.310344827586207 -1886.21240575516 0.559516160132042 0.231846132243901 1321.80073123517
"6" 0.206896551724138 -1708.69465003813 0.495990730641459 0.211183131468768 1451.67649564028
"7" 0.379310344827586 -835.522483902754 0.702269380611535 0.312182852857804 982.640592821848
"8" 0.344827586206897 -1633.20844358149 0.553540952688653 0.232081225839227 1319.14385333724
"9" 0.310344827586207 -1859.82730088262 0.553550999174268 0.231497919502408 1326.44360080931
"10" 0.448275862068966 -1723.46541591394 0.717661850323868 0.318640537060786 961.548400880643
"11" 0.310344827586207 -1591.95285461476 0.589031248725077 0.246473973861584 1243.21913449211
"12" 0.310344827586207 -1860.72849501354 0.477756713504216 0.204266976963952 1506.49866601104
"13" 0.379310344827586 -1715.8188370979 0.425497186700232 0.190735092724537 1607.67583554379
"14" 0.379310344827586 -1356.80934070352 0.564128630568994 0.237471400578562 1288.89416505056
"15" 0.413793103448276 -1467.00438206109 0.660032210803279 0.282715195826231 1082.43346410568
"16" 0.310344827586207 -2127.37743929927 0.412866593360415 0.186765715321029 1640.07723209345
"17" 0.344827586206897 -1785.43761127757 0.458747723023886 0.197845413597857 1548.14976199881
"18" 0.310344827586207 -1551.28552353212 0.434049795931546 0.191845425161357 1603.1574601131
"19" 0.310344827586207 -1070.79830406939 0.622113502150484 0.263885961491041 1161.46843509718
"20" 0.275862068965517 -1612.04736743149 0.611726186190897 0.256680473748752 1195.69176787167
"21" 0.310344827586207 -2019.35831990915 0.562043076827844 0.23426606009683 1308.78932520818
"22" 0.379310344827586 -1941.16733643824 0.522533212976038 0.219578749987163 1396.09979657822
"23" 0.310344827586207 -1855.58689385003 0.452463300208104 0.196022073846727 1561.12833159909
"24" 0.379310344827586 -1429.30859235141 0.56295750156669 0.235139068261563 1304.13908740012
"25" 0.344827586206897 -1430.12242554787 0.602318237050822 0.252495517290856 1212.33722223895
"26" 0.413793103448276 -1379.44366713877 0.643668426125993 0.273552671583981 1121.5441142692
"27" 0.344827586206897 -1451.04772073696 0.652981715543472 0.278843000184888 1101.76379432709
"28" 0.379310344827586 -2244.99673569567 0.575884328357403 0.240123090699021 1281.68642672785
"29" 0.413793103448276 -1701.67604417168 0.553708128654474 0.230467471366846 1327.39383221796
"30" 0.482758620689655 -1445.01051109242 0.582777242759595 0.242595952990273 1264.19613082357
"31" 0.275862068965517 -1009.4787747914 0.629475090280002 0.266642729678262 1152.56358565869
"32" 0.344827586206897 -1555.58160214218 0.637664540130196 0.27118471833737 1131.05122471119
"33" 0.448275862068966 -1245.71170282178 0.59927397616193 0.252443462279593 1216.65007371576
"34" 0.310344827586207 -1714.39370519242 0.51575391467183 0.216433945231379 1416.58732175005
"35" 0.413793103448276 -1554.22922306373 0.554560318542834 0.231351703562485 1328.91434432485
"36" 0.206896551724138 -1921.20780804586 0.428699041940001 0.191530008930582 1598.33211588842
"37" 0.310344827586207 -1126.64633370257 0.593662083247399 0.249414182730111 1230.42183610899
"38" 0.241379310344828 -1445.91402522273 0.57951072740064 0.242850640506769 1263.89933478797
"39" 0.206896551724138 -1584.31178170403 0.437203098236421 0.193939176687629 1581.01064246978
"40" 0.344827586206897 -1590.71844232835 0.561836385170891 0.235369004801216 1305.44150882076
"41" 0.379310344827586 -1952.20324843803 0.525095521110737 0.21858949280475 1401.03566193693
"42" 0.344827586206897 -1364.52642858757 0.678137076924341 0.29366446642099 1042.12132231053
"43" 0.379310344827586 -1576.57965400533 0.647452057050865 0.274722598115332 1114.33942485059
"44" 0.344827586206897 -1268.6658382887 0.560684066798554 0.2354266269128 1299.90652826478
"45" 0.310344827586207 -1261.47765498054 0.701370713423535 0.308963083272785 992.607824432168
"46" 0.413793103448276 -1357.63889298276 0.599766144888376 0.252124269453526 1215.73084613506
"47" 0.310344827586207 -1550.06427357064 0.629579395210231 0.265803938037112 1155.62428175978
"48" 0.310344827586207 -1811.25684759164 0.631156072496313 0.265652699732325 1154.0885762911
"49" 0.344827586206897 -1443.55440570707 0.568333599917676 0.238432149343657 1291.84174191938
"50" 0.275862068965517 -1250.82860011787 0.564842514507933 0.236769374352601 1297.26465384716
"51" 0.344827586206897 -1350.6066906914 0.560111916689663 0.234509608388609 1312.21827327288
"52" 0.275862068965517 -2257.1418095194 0.422714437417529 0.18870980642677 1623.1157696037
"53" 0.413793103448276 -1299.90873149999 0.602010163484648 0.253054799608502 1211.34466877915
"54" 0.275862068965517 -1310.9723770193 0.549278626169402 0.230391808898844 1327.99096002929
"55" 0.379310344827586 -1675.68010405828 0.62412694178754 0.263220265342927 1167.81731566327
"56" 0.413793103448276 -1551.90972894418 0.584558051825605 0.244686437600155 1250.9563615291
"57" 0.310344827586207 -1591.6216751452 0.615803129754386 0.258627367152235 1190.28240877904
"58" 0.310344827586207 -1437.34508038377 0.564143605714794 0.236621662730267 1296.31718773675
"59" 0.344827586206897 -1963.34101526049 0.569030092085352 0.236124404575918 1296.22836786699
"60" 0.344827586206897 -1465.37372157169 0.597673632037092 0.248941690141728 1229.29956441551
"61" 0.310344827586207 -1587.20512845344 0.653887865607923 0.279708657115087 1097.32227718122
"62" 0.344827586206897 -1275.19992199542 0.571166423379886 0.240931774541278 1276.04952609555
"63" 0.344827586206897 -1766.04291270029 0.585409052761214 0.243951202185678 1254.84414899469
"64" 0.275862068965517 -2147.81943774445 0.560686673319878 0.233317014928774 1316.08343623761
"65" 0.379310344827586 -1065.15741432709 0.722520318065818 0.326956949267598 937.620120977594
"66" 0.344827586206897 -1135.28554369983 0.635368830026268 0.270823087705897 1137.16403168923
"67" 0.379310344827586 -1020.04477184748 0.674681199307372 0.293925521740771 1044.15205175992
"68" 0.344827586206897 -1777.55465960121 0.493446014492112 0.209160208334638 1467.54535789598
"69" 0.413793103448276 -1198.93426857015 0.579331171030186 0.242713039558572 1262.17394525759
"70" 0.379310344827586 -1393.40083144541 0.576709524435777 0.241219356352265 1271.44392779049
"71" 0.310344827586207 -1197.46655291741 0.524367191382509 0.220595613070206 1389.81609220708
"72" 0.344827586206897 -2457.06969367112 0.557213613714157 0.231729175276479 1322.18153804676
"73" 0.344827586206897 -1920.73764668729 0.551733607307004 0.229736466139376 1340.46591473906
"74" 0.344827586206897 -1469.14700089316 0.631112811533472 0.266685179490069 1147.6879611279
"75" 0.275862068965517 -2919.25817203409 0.409854114204437 0.18400939356178 1662.79655887763
"76" 0.379310344827586 -1219.1421038926 0.629477618502433 0.267260756058992 1145.13831602668
"77" 0.275862068965517 -1754.37607910643 0.625773400937734 0.263502484893675 1163.63389661008
"78" 0.379310344827586 -1357.05721680729 0.599787028757782 0.252578716299077 1216.28168857195
"79" 0.275862068965517 -1659.03391697477 0.530799156831541 0.222374350402113 1378.35135109807
"80" 0.310344827586207 -2369.1887597575 0.56430871600967 0.234313996630331 1308.36791194516
"81" 0.413793103448276 -1537.44948919831 0.690087289685846 0.301545005289849 1016.17895413066
"82" 0.310344827586207 -2244.51431889454 0.396027217845456 0.181965023425255 1682.88587213872
"83" 0.275862068965517 -2407.92934623829 0.393743726887008 0.181335310925789 1687.61176250436
"84" 0.448275862068966 -1213.67866139125 0.587106724728364 0.245891818021275 1248.1544029164
"85" 0.275862068965517 -2035.35727261455 0.550606431577377 0.230738679992208 1328.19382459042
"86" 0.413793103448276 -1187.54105332136 0.62502628535611 0.263028235323483 1163.76622324125
"87" 0.413793103448276 -1681.64137171293 0.582258003765269 0.24329502968456 1260.44193607884
"88" 0.344827586206897 -1601.45641619304 0.487797997831381 0.208163516865237 1471.85356906429
"89" 0.310344827586207 -1915.24812197548 0.547592166949947 0.229525349257143 1334.85510852873
"90" 0.275862068965517 -2032.01863642928 0.616163986406074 0.2585282412079 1184.35222446315
"91" 0.413793103448276 -1335.36069924281 0.690058364238942 0.299843269789851 1021.78236087517
"92" 0.344827586206897 -1160.13441900431 0.64821097262961 0.279041854651009 1101.76766398323
"93" 0.379310344827586 -1228.88837077882 0.669975702215613 0.288684677425618 1063.38807869321
"94" 0.310344827586207 -2086.47418129235 0.425294555729203 0.189176502432548 1620.28484003694
"95" 0.344827586206897 -2370.86675221042 0.57231934873942 0.239169913196387 1281.62147323644
"96" 0.241379310344828 -1776.62553550094 0.605844064597334 0.254353054778511 1205.82325437501
"97" 0.275862068965517 -1409.91079047284 0.574772562424569 0.24017503973172 1273.91871668531
"98" 0.275862068965517 -1313.56496484487 0.576784534953701 0.241907043330684 1265.8947800074
"99" 0.241379310344828 -1725.53717689347 0.621705178497026 0.261345983582983 1172.70074868153
"100" 0.206896551724138 -1603.27061037368 0.507408005140281 0.214541835962905 1432.77814981644
"101" 0.482758620689655 -1459.66228618056 0.585145764567634 0.245275207607502 1252.08762306874
"102" 0.310344827586207 -1687.80203385008 0.541703769762379 0.227490660685689 1347.98637330335
"103" 0.413793103448276 -1307.8854666015 0.523792061297449 0.221065312705025 1386.22886692595
"104" 0.344827586206897 -1122.14268428582 0.600648305681663 0.253645551207925 1207.36000711556
"105" 0.344827586206897 -1430.55281546165 0.640109837629524 0.272485117611758 1126.5301657954
"106" 0.275862068965517 -1768.93831866071 0.576649264432819 0.239185598590563 1283.58511983351
"107" 0.344827586206897 -1638.27028437471 0.539958700432127 0.227747181990251 1345.16806738606
"108" 0.310344827586207 -1752.00013056112 0.551947210187172 0.230465042771363 1333.97358993033
"109" 0.310344827586207 -2950.87630265082 0.570515268639716 0.236861882829517 1293.17554744796
"110" 0.344827586206897 -1991.79317961952 0.562075949018942 0.234873718158047 1308.39694512221
"111" 0.310344827586207 -1859.43756476131 0.563954994058483 0.234262891695474 1309.97198256154
"112" 0.379310344827586 -1757.65029420651 0.597553030948818 0.249071574161733 1230.76868948637
"113" 0.344827586206897 -1353.19573012004 0.661310237119152 0.284241138160957 1080.3668023457
"114" 0.344827586206897 -1317.52473470441 0.640401400096095 0.270811333115299 1132.37774297453
"115" 0.310344827586207 -1743.71794050692 0.633057994550294 0.268265702416402 1144.59963931974
"116" 0.275862068965517 -1694.76126942771 0.59905799236091 0.250333087388755 1223.85116282059
"117" 0.275862068965517 -1387.334918474 0.588384625658626 0.246466116766921 1242.54564775351
"118" 0.344827586206897 -1598.84485333451 0.635826249167832 0.269624706291568 1134.69311366953
"119" 0.379310344827586 -952.570110449746 0.66003667573648 0.284356868691427 1079.09990940927
"120" 0.344827586206897 -1454.52474449279 0.537062810311429 0.225085533087822 1365.06643717752
"121" 0.344827586206897 -1518.11609418261 0.537180816687844 0.22448667614779 1362.67934539659
"122" 0.379310344827586 -1240.78253688306 0.551639379468825 0.231559067269328 1324.61265974589
"123" 0.275862068965517 -1058.09620481379 0.639841490426818 0.274113286545263 1121.74096570231
"124" 0.413793103448276 -1527.70786847353 0.605188663781561 0.253678851052655 1207.75238847055
"125" 0.344827586206897 -2355.59420930303 0.477115482576595 0.203333539656954 1511.17402984206
"126" 0.379310344827586 -1423.01501156673 0.551940804837443 0.232595587998237 1319.2939651613
"127" 0.344827586206897 -1642.69132031541 0.566175847105696 0.236198487686871 1302.10047191855
"128" 0.344827586206897 -1562.28221035806 0.51453481895277 0.216760532548205 1413.28380160656
"129" 0.344827586206897 -1293.79097024957 0.560100708134994 0.236274597872442 1296.33599715112
"130" 0.448275862068966 -2040.10763089389 0.581669201394868 0.242599010163536 1262.37639044571
"131" 0.310344827586207 -1208.24588248136 0.604925693377047 0.253218506279961 1210.45176699109
"132" 0.275862068965517 -1213.29959902739 0.572479465861765 0.239388476022953 1279.18992831606
"133" 0.310344827586207 -1563.6041066199 0.521402460269642 0.219667330298067 1401.35703820458
"134" 0.344827586206897 -1724.83635609285 0.571256933229144 0.238187623870537 1286.07057608402
"135" 0.413793103448276 -2050.36790779867 0.451653862939822 0.197435526748334 1555.76529307357
"136" 0.310344827586207 -2252.65625748946 0.462712510065149 0.199767640653288 1532.65664398113
"137" 0.448275862068966 -1152.7314239625 0.567789406228259 0.237855788811924 1287.08390580239
"138" 0.344827586206897 -1836.27705690467 0.613247467661599 0.25777871687938 1187.74785723219
"139" 0.344827586206897 -2041.75972900963 0.612640229628198 0.255646891950242 1200.34377719813
"140" 0.379310344827586 -822.740052584679 0.638648025657208 0.272405423416553 1124.77908958795
"141" 0.344827586206897 -1868.23205066437 0.533775514820915 0.221496036177359 1382.38283009263
"142" 0.344827586206897 -1430.4164283567 0.610309696697724 0.257816319283247 1195.07745182507
"143" 0.379310344827586 -1102.25456555456 0.567584805193684 0.239507129147024 1282.24264730707
"144" 0.413793103448276 -3006.2569884972 0.534399834100095 0.2239850368383 1376.05252268995
"145" 0.344827586206897 -1167.25637015845 0.618561867983752 0.26187961110002 1168.19488349017
"146" 0.344827586206897 -1708.38318627695 0.628867897949667 0.263586597469485 1160.84182059327
"147" 0.413793103448276 -1772.94162351921 0.470213810168384 0.202084372936099 1524.48697932842
"148" 0.448275862068966 -1333.71873667829 0.601224021695826 0.254148720224448 1210.51994228563
"149" 0.275862068965517 -1161.48088042942 0.579584682127661 0.244014253624573 1257.71376701449
"150" 0.413793103448276 -1263.97704380183 0.57468566072639 0.241538329577394 1273.43474727632
"151" 0.241379310344828 -2322.22066052008 0.474648555120114 0.202457510470304 1512.15541491553
"152" 0.344827586206897 -1584.25591292549 0.69661167572701 0.306975716127082 999.281718599112
"153" 0.344827586206897 -1634.95269768891 0.534661391433939 0.225368611874202 1364.47142580467
"154" 0.275862068965517 -2424.31113723809 0.446154710438087 0.194293026840661 1574.84271028722
"155" 0.379310344827586 -1817.19703953524 0.604480032321618 0.252752391989263 1216.37053577645
"156" 0.275862068965517 -2087.40075425174 0.442712557195754 0.19465561965214 1575.18926768181
"157" 0.310344827586207 -1659.76425618891 0.614101474008039 0.256656252250559 1195.39408040588
"158" 0.344827586206897 -1632.35858754665 0.66443920622499 0.284314598154963 1079.97753322776
"159" 0.379310344827586 -1879.77200785579 0.476304345178907 0.202988126769933 1507.85689279398
"160" 0.275862068965517 -2284.43919247276 0.422570588803302 0.188542937202784 1631.85701544293
"161" 0.344827586206897 -1073.51627768376 0.602787376242606 0.252936235988243 1214.19491635811
"162" 0.310344827586207 -1922.67411519755 0.570508803089307 0.239661963833763 1284.73856849623
"163" 0.310344827586207 -1784.84615363819 0.472602747824553 0.204944333007147 1499.08426153287
"164" 0.379310344827586 -1399.6461367211 0.568229443699163 0.236502110350681 1293.93647574981
"165" 0.310344827586207 -1182.10151910675 0.62323274920177 0.263097205244664 1164.07833687618
"166" 0.413793103448276 -1821.94626849999 0.558955560319147 0.232106993828941 1318.41350948887
"167" 0.275862068965517 -1381.90654468432 0.551877477836681 0.230199290154125 1330.63733392757
"168" 0.310344827586207 -2261.62472192088 0.495577290019283 0.21045509405964 1460.51024220348
"169" 0.275862068965517 -1611.50679240377 0.532579470288107 0.224142809996725 1374.00030079063
"170" 0.379310344827586 -1235.81225327502 0.635898958218343 0.270819638264069 1132.19928709489
"171" 0.413793103448276 -905.382504826362 0.69672505189618 0.306357530948413 1003.22216339187
"172" 0.344827586206897 -994.354301141385 0.616664064925948 0.260843157644594 1175.32988359372
"173" 0.344827586206897 -1527.87020341462 0.670874557740785 0.286829880946603 1067.27827076215
"174" 0.379310344827586 -1670.3169576712 0.567262793380632 0.235925355307883 1297.18437443013
"175" 0.241379310344828 -1662.13323815471 0.637895191973611 0.271828389229688 1127.55122197458
"176" 0.241379310344828 -1688.56928578127 0.442060457874893 0.193074443761355 1585.39317268523
"177" 0.241379310344828 -1640.17507865405 0.602566441843711 0.252016276263247 1217.12928609839
"178" 0.379310344827586 -1562.31488808606 0.489001026757344 0.207173952602444 1477.88347059885
"179" 0.275862068965517 -2232.02857349675 0.437396610200278 0.192092265826258 1593.0661813351
"180" 0.448275862068966 -1267.65076421957 0.590353884658595 0.246562569640173 1242.41993814091
"181" 0.379310344827586 -1407.06923354312 0.52192147879738 0.220633210967901 1390.0123690659
"182" 0.379310344827586 -1573.95125594029 0.579460758732166 0.24019028221225 1277.09325389113
"183" 0.275862068965517 -1886.13685555172 0.570193709360734 0.236241875485423 1295.15039425919
"184" 0.379310344827586 -1470.05113301336 0.602023018079229 0.252742343610217 1217.24876900943
"185" 0.275862068965517 -1982.78109914513 0.54129690165385 0.225836615693729 1357.79864561159
"186" 0.275862068965517 -1316.69958865742 0.538415503500131 0.227437956363921 1353.22620296864
"187" 0.310344827586207 -993.668190871797 0.603889404093729 0.253827466126683 1209.18592507316
"188" 0.344827586206897 -1314.72677623959 0.537518278418813 0.226423740774773 1354.53067392309
"189" 0.310344827586207 -1794.57416577881 0.540376763850427 0.225726188764795 1356.03783879368
"190" 0.379310344827586 -1582.4089229015 0.562373679454971 0.234472929391265 1305.05786943039
"191" 0.344827586206897 -1881.83341401029 0.599031474594352 0.250859152293442 1219.88621049097
"192" 0.344827586206897 -1552.38787877776 0.528430729904865 0.220774843393109 1393.35538823762
"193" 0.344827586206897 -1566.62173824349 0.587737227477675 0.244212607278763 1253.92186602337
"194" 0.275862068965517 -1802.07217511303 0.502998547165035 0.21317557392863 1439.40758508743
"195" 0.448275862068966 -1290.01450607466 0.692453967054807 0.302438447299523 1014.29184226107
"196" 0.379310344827586 -1740.85102291786 0.569551607123018 0.238416658286602 1287.52040662642
"197" 0.310344827586207 -1583.06005630065 0.467091460579788 0.202126801305838 1516.04944391355
"198" 0.344827586206897 -1688.907388978 0.64076941931522 0.273393889339265 1126.12469771185
"199" 0.379310344827586 -1569.27998496127 0.618097644316284 0.259885392047137 1179.18859677782
"200" 0.379310344827586 -1197.69296282803 0.632308444815055 0.269637799735015 1138.86861540843
"201" 0.310344827586207 -1436.04950778588 0.505734888211302 0.21265701029029 1442.45085618995
"202" 0.275862068965517 -1980.84581798359 0.474557535002154 0.203345214038272 1508.02014884913
"203" 0.379310344827586 -2004.86367508388 0.504217022222025 0.214956580851086 1426.71403038728
"204" 0.310344827586207 -894.597643870174 0.686604068212318 0.301990752054463 1014.30994833053
"205" 0.275862068965517 -1530.70369258846 0.505138453377486 0.213644482377808 1432.13217982949
"206" 0.344827586206897 -1287.82859824072 0.596500882373574 0.250286689522634 1229.34177383319
"207" 0.344827586206897 -1510.91308747065 0.590889827795047 0.246396956062553 1243.21545672397
"208" 0.310344827586207 -1319.31351095109 0.546901991794903 0.228316325317541 1340.74066545347
"209" 0.344827586206897 -1123.27192233141 0.64005936962322 0.27191597483314 1125.93758440929
"210" 0.344827586206897 -1362.67348913271 0.559964035536683 0.234858226320828 1308.40379267741
"211" 0.275862068965517 -1508.81389407053 0.479755662694238 0.205128848450922 1494.46125393682
"212" 0.413793103448276 -883.011075934051 0.731642230466543 0.333047479921854 918.933016948958
"213" 0.310344827586207 -1574.76422797764 0.535589970360649 0.224018879419603 1366.27414313633
"214" 0.344827586206897 -1766.17286303163 0.648492795727375 0.275267003568728 1112.85655484689
"215" 0.448275862068966 -1439.6545634414 0.689572457900346 0.300417528278069 1021.08919240384
"216" 0.379310344827586 -1030.86331147152 0.671593162840842 0.290677132886582 1056.37290386866
"217" 0.482758620689655 -1245.73170921931 0.659064222838902 0.281859709685469 1086.7729847947
"218" 0.310344827586207 -2160.08190884566 0.458624150772129 0.198623664101268 1551.04112692305
"219" 0.482758620689655 -1085.34061953504 0.667737571512231 0.287820582717405 1066.40282701428
"220" 0.344827586206897 -1338.9490182418 0.598662934697965 0.24983307235785 1229.93740828555
"221" 0.241379310344828 -1222.26573151942 0.575514432752473 0.239351100439079 1280.07513052367
"222" 0.275862068965517 -1124.41508148587 0.624081800657139 0.264115880627427 1163.06497311945
"223" 0.344827586206897 -2068.15380226215 0.553121691318565 0.230255621749109 1331.53738462013
"224" 0.310344827586207 -1736.47477584315 0.617533865463803 0.260636474634191 1177.13200566888
"225" 0.379310344827586 -1203.03497800927 0.566793742335039 0.238330893145111 1287.30180350574
"226" 0.275862068965517 -1588.60428694072 0.523145085953589 0.220776658191434 1389.92494650983
"227" 0.413793103448276 -1165.66740451781 0.655658851370732 0.279772210637145 1093.5029056653
"228" 0.310344827586207 -1146.82319186945 0.546972793737894 0.230214879845287 1331.34445688953
"229" 0.275862068965517 -1823.53578544844 0.577046014718749 0.241458174875569 1268.15330934846
"230" 0.344827586206897 -1332.42867494404 0.569143174597993 0.239607653953734 1281.78309319202
"231" 0.310344827586207 -1459.64694276345 0.613240852061503 0.258595468855936 1183.36823132529
"232" 0.275862068965517 -1433.58463890667 0.55951695805416 0.234475638305533 1307.48586872713
"233" 0.310344827586207 -2676.42138783738 0.421738373106276 0.187090076187626 1639.8490549931
"234" 0.310344827586207 -1659.7856107947 0.47880048003145 0.207007104950683 1486.16479538921
"235" 0.344827586206897 -1512.02483240441 0.520595382458275 0.219057903646218 1403.73584729216
"236" 0.310344827586207 -2194.30318108518 0.543389563903663 0.225124396150545 1360.52918638758
"237" 0.344827586206897 -1266.01261218149 0.573904477240639 0.240701557717346 1276.10483584611
"238" 0.379310344827586 -2340.04753902853 0.594699585589896 0.248847923626419 1235.06705811224
"239" 0.344827586206897 -1378.93471167255 0.600943619717739 0.252577160071775 1212.08885480438
"240" 0.310344827586207 -1898.28529391557 0.483853502449177 0.206869050282782 1481.90965788195
"241" 0.379310344827586 -1335.76989347718 0.579422794533646 0.241566294501404 1267.65356594045
"242" 0.344827586206897 -1721.89335560775 0.574700572513718 0.240379538643632 1277.08264254921
"243" 0.310344827586207 -1991.98043462063 0.559880954814641 0.234765883700095 1309.40767899276
"244" 0.482758620689655 -1320.09934611841 0.623520757817116 0.259957595752883 1177.20082547126
"245" 0.344827586206897 -1472.46471784385 0.602282764449272 0.253814785547605 1208.25044711649
"246" 0.310344827586207 -2560.16513023855 0.411785730823749 0.185158057036457 1656.03422952058
"247" 0.310344827586207 -1746.07730446478 0.434252355687133 0.191916246256989 1598.36082306573
"248" 0.344827586206897 -1443.14163251732 0.656624989413766 0.28124223581072 1088.93404800545
"249" 0.275862068965517 -1601.07939936727 0.544375032614155 0.226971822831775 1348.55056392046
"250" 0.379310344827586 -1138.67218656051 0.616065866429305 0.260787918729041 1180.36250060556
"251" 0.310344827586207 -1872.30423651413 0.566015889352454 0.234452742372683 1306.61946647378
"252" 0.379310344827586 -1448.02168179577 0.553346742262421 0.23191162592337 1324.48033591719
"253" 0.379310344827586 -1348.95804022114 0.598328084055332 0.249224034219721 1228.06229797232
"254" 0.275862068965517 -1484.1396335365 0.528005298296803 0.2220046918883 1380.2454760275
"255" 0.344827586206897 -1971.65615111781 0.456070760298771 0.197307349487026 1552.74027577515
"256" 0.344827586206897 -1777.74600828709 0.587806010735901 0.245957652964637 1245.01220874955
"257" 0.275862068965517 -1622.76263783674 0.540844176830411 0.225461933689484 1358.12170505892
"258" 0.310344827586207 -2449.48919548407 0.565607475495171 0.235815284034516 1299.52389645797
"259" 0.413793103448276 -1333.7913668125 0.576264025366877 0.240470290306246 1273.32851762126
"260" 0.310344827586207 -2092.79586498016 0.553990066192805 0.230812460182899 1332.86523805592
"261" 0.344827586206897 -1764.01741567794 0.628871002572433 0.267306514460187 1147.33926048855
"262" 0.344827586206897 -1453.39550346793 0.635630842083632 0.26920352342136 1139.79122901663
"263" 0.344827586206897 -1727.03127636951 0.613686093054869 0.255747315492133 1199.05130514254
"264" 0.448275862068966 -1502.18136264343 0.618871203131578 0.260632608680753 1176.73648818435
"265" 0.241379310344828 -1899.40409924059 0.559772813993668 0.234165320985424 1309.11265116431
"266" 0.275862068965517 -1824.24446161937 0.435050773709959 0.192423541447271 1592.08353408139
"267" 0.413793103448276 -1216.75407956255 0.673504502718598 0.293593029782796 1047.71133482453
"268" 0.379310344827586 -1679.09924902673 0.554194625078005 0.233424577040314 1318.63220669738
"269" 0.448275862068966 -1608.37484372397 0.625138791845236 0.264401487105434 1158.85149305543
"270" 0.379310344827586 -1142.24890876698 0.604548919843862 0.25375547448229 1205.59866307506
"271" 0.413793103448276 -1777.51619764196 0.668184648386374 0.287295268150307 1065.02636215519
"272" 0.448275862068966 -1314.19437984552 0.584648870050411 0.244405281384597 1254.24037874455
"273" 0.448275862068966 -2067.51850253921 0.544188690294206 0.227981146771342 1347.74302006607
"274" 0.344827586206897 -1288.01710013846 0.602028882160291 0.254533834384177 1209.96146897339
"275" 0.344827586206897 -1744.11048625944 0.577737738772704 0.241381539729425 1267.84505655681
"276" 0.344827586206897 -1947.85027705766 0.570601461606148 0.237352007548723 1292.4815497074
"277" 0.241379310344828 -1759.55668026636 0.497694462189057 0.212017795593296 1452.45080944196
"278" 0.241379310344828 -1982.46922921375 0.501520511392437 0.21113580586124 1456.85156925252
"279" 0.241379310344828 -1560.17913388145 0.67720575026116 0.292710679791886 1046.34692406242
"280" 0.310344827586207 -1451.801599502 0.58601458869203 0.244376248159316 1252.3470350716
"281" 0.379310344827586 -1238.4887503707 0.664345726003532 0.285904689325971 1072.84572737989
"282" 0.310344827586207 -1634.45316240815 0.508545005492677 0.214488268882437 1428.35894862584
"283" 0.310344827586207 -1431.69518621737 0.608963927894047 0.256880934017145 1193.87879027083
"284" 0.275862068965517 -1308.72520826846 0.615817074231763 0.259745552835028 1181.35848187626
"285" 0.379310344827586 -1157.24903194929 0.578183603063551 0.24408599132506 1262.0158059214
"286" 0.344827586206897 -1455.25684338828 0.61548214059431 0.258272706067793 1188.37774216675
"287" 0.310344827586207 -2434.26157485533 0.425048208359062 0.188542746922692 1622.68758395893
"288" 0.310344827586207 -1796.66827375624 0.478608437709125 0.203973696967225 1502.10606048998
"289" 0.413793103448276 -1003.38766573048 0.652691633534659 0.278867978439624 1098.07859446144
"290" 0.379310344827586 -1605.03863042263 0.487646153254943 0.208494336716227 1469.05432296777
"291" 0.344827586206897 -1366.52317833467 0.572693684556975 0.240488390409657 1277.12680541074
"292" 0.310344827586207 -1348.8543043068 0.647292264542888 0.274820896878273 1120.37089542506
"293" 0.310344827586207 -1593.91322381086 0.484200725075662 0.208617221240717 1470.80542055109
"294" 0.379310344827586 -1289.9081753204 0.599671674615396 0.252952985887634 1215.83739142568
"295" 0.448275862068966 -2375.08346710948 0.566464962768835 0.237308823978228 1297.29055173577
"296" 0.379310344827586 -1846.72844972601 0.671869267725384 0.289710725789022 1057.74799148333
"297" 0.448275862068966 -1541.96851395471 0.629868106347236 0.265528620723119 1152.2674387205
"298" 0.275862068965517 -1927.15728759607 0.392603501365457 0.180814220518683 1696.49929838504
"299" 0.275862068965517 -1231.78993445881 0.599448214318859 0.250730790036009 1223.61996923072
"300" 0.413793103448276 -1209.11652720874 0.565443119247841 0.237306399945912 1293.88558219822
"301" 0.344827586206897 -1861.96838876725 0.460711641996668 0.200064119229281 1536.05718572399
"302" 0.310344827586207 -2147.67200484274 0.493737583940202 0.210684924508533 1461.52078033995
"303" 0.310344827586207 -1541.45484512613 0.536850871992508 0.225816104124524 1356.53802427192
"304" 0.344827586206897 -2386.37025417627 0.550703680342242 0.228825956296086 1340.07410734929
"305" 0.448275862068966 -2700.35407413688 0.45721023354163 0.198108850224634 1553.44247762413
"306" 0.344827586206897 -1958.90370140239 0.527570683575458 0.221159274042603 1385.31430874526
"307" 0.379310344827586 -1012.61053690201 0.592876617996953 0.250027506425758 1224.30655372165
"308" 0.275862068965517 -1567.89225126734 0.601713973299768 0.252878417495671 1211.0389429514
"309" 0.448275862068966 -1959.85223877025 0.501539041226878 0.211328122504091 1449.53372470518
"310" 0.344827586206897 -1450.58167433255 0.571594771175945 0.239570007993741 1279.85233797284
"311" 0.344827586206897 -1649.50685878137 0.536466537083071 0.224675905413248 1362.88564548972
"312" 0.275862068965517 -2201.46786057243 0.429781510847085 0.190650630432697 1609.43600504365
"313" 0.379310344827586 -2215.37276632318 0.482786932626594 0.20426347664154 1497.78758403128
"314" 0.344827586206897 -1740.0859461362 0.554917899456312 0.231837535687818 1322.24741640644
"315" 0.413793103448276 -1750.40359791896 0.542762412513166 0.227402272828158 1352.66315668486
"316" 0.344827586206897 -2529.70839236554 0.489996312707054 0.207124892351464 1484.72419172911
"317" 0.275862068965517 -1858.60405171728 0.550461655429526 0.228699781165353 1337.61281504294
"318" 0.448275862068966 -1170.3232222096 0.667240436236527 0.287908967610917 1063.13173977234
"319" 0.379310344827586 -1544.636645141 0.578302087350412 0.239980832864298 1277.2105161666
"320" 0.275862068965517 -2010.42082553596 0.510212347859889 0.216082769690507 1417.19829259301
"321" 0.448275862068966 -1578.02912455112 0.708834094675642 0.313930269498807 974.963938533719
"322" 0.379310344827586 -1013.32872995206 0.743643135663415 0.34706988533871 887.369691774612
"323" 0.344827586206897 -2244.72898496117 0.463228413513496 0.199011116428106 1538.76794782332
"324" 0.413793103448276 -1074.72121113735 0.5741186312958 0.24178971524282 1268.22746561105
"325" 0.275862068965517 -1613.46844558998 0.520662666930908 0.219559543185094 1394.78295179947
"326" 0.379310344827586 -1124.52732502463 0.670674386506345 0.290276195709517 1054.72888730875
"327" 0.275862068965517 -1421.31065539003 0.504946853425489 0.213587863025166 1434.02980347957
"328" 0.379310344827586 -1912.96647768159 0.498951787189257 0.21076004854918 1456.35588301168
"329" 0.379310344827586 -2478.56646680045 0.516729789930014 0.216741093711626 1414.40285960228
"330" 0.310344827586207 -1966.32497572777 0.577632607454004 0.241086281061098 1273.15307296616
"331" 0.275862068965517 -1128.71638451877 0.605745542907278 0.255522606172928 1201.01408488271
"332" 0.448275862068966 -1118.5416836086 0.665054468687414 0.284923998430505 1076.17000050706
"333" 0.379310344827586 -1127.06252825908 0.677612983342426 0.294741564601863 1039.88564136218
"334" 0.344827586206897 -1684.17030058538 0.453009644264515 0.199763847634249 1540.86729056085
"335" 0.241379310344828 -2688.80317133787 0.550055849676493 0.229246598723652 1341.06898927561
"336" 0.275862068965517 -1505.39780108554 0.52285697203743 0.220182561785169 1398.20608723127
"337" 0.310344827586207 -2181.01949150845 0.539196848615901 0.22501016435534 1367.43122682452
"338" 0.310344827586207 -1755.96070758175 0.552716540546069 0.230733924864314 1331.15479105133
"339" 0.344827586206897 -1605.07111682494 0.663257830801843 0.282998511419932 1085.0921207556
"340" 0.275862068965517 -1454.72048419365 0.530146659786332 0.222964323936844 1376.90945839238
"341" 0.241379310344828 -1645.61690726522 0.497149470971154 0.210280657316872 1456.51181352256
"342" 0.310344827586207 -1342.81769916877 0.548645029149301 0.230019423910388 1333.10785951214
"343" 0.310344827586207 -1701.98108665678 0.486019276560858 0.20922010765891 1467.95107320317
"344" 0.206896551724138 -1545.61167947601 0.533690500797841 0.224914077991183 1361.29786270864
"345" 0.310344827586207 -1760.44585508374 0.478715504448891 0.205681389611493 1491.85208916331
"346" 0.241379310344828 -1732.35979991435 0.505508844555034 0.212995564804816 1439.57727323928
"347" 0.344827586206897 -1514.1244347416 0.606899635073767 0.255457435855535 1202.37861055014
"348" 0.310344827586207 -1354.71754917942 0.539948566144023 0.226454492895022 1352.52042726729
"349" 0.310344827586207 -1471.98343903685 0.565849492729644 0.237225263846138 1298.81617514423
"350" 0.379310344827586 -1305.95683093343 0.613746544480987 0.256861135727537 1191.5149558037
"351" 0.379310344827586 -2013.49678832353 0.627475298700209 0.263435474085852 1164.5056949777
"352" 0.344827586206897 -1857.56301579232 0.545834496640855 0.227821615568399 1346.69452178982
"353" 0.344827586206897 -1532.35442752468 0.58341515635243 0.242690342257771 1261.29619749518
"354" 0.344827586206897 -2178.75328505194 0.596082514933209 0.249464767646071 1232.1137359551
"355" 0.241379310344828 -1131.67062394728 0.534241869195472 0.225587560228646 1358.74705324029
"356" 0.379310344827586 -1524.37585422703 0.56136321661965 0.234080763847054 1307.45929307891
"357" 0.379310344827586 -1175.81124297856 0.649950277268398 0.275505077725052 1114.30790172514
"358" 0.310344827586207 -1978.13650519154 0.616394468839442 0.26003729286817 1181.55003691962
"359" 0.344827586206897 -2044.23494608816 0.593955370770956 0.247319453329817 1241.0090518146
"360" 0.310344827586207 -1775.64504955622 0.547827650558133 0.228680456417886 1343.11424248127
"361" 0.344827586206897 -1212.59584473164 0.656137952178576 0.2817526902121 1089.11876406555
"362" 0.275862068965517 -1444.49752558504 0.489861867092097 0.210664814702367 1456.14256469742
"363" 0.310344827586207 -1620.0563523876 0.576539286013951 0.240930247692008 1275.4204678522
"364" 0.275862068965517 -2529.71951185466 0.526090631663609 0.219784106143743 1392.15390281042
"365" 0.275862068965517 -1452.54137430517 0.628389264517866 0.265645874540838 1155.91188472452
"366" 0.275862068965517 -1289.89379284745 0.663050229896061 0.285263147689282 1076.97340955886
"367" 0.310344827586207 -2215.96401964536 0.544467380977746 0.226451377018696 1351.693499052
"368" 0.310344827586207 -1787.53694870771 0.577511868607524 0.240461737878555 1273.27252204936
"369" 0.482758620689655 -1142.63013696652 0.734958996590848 0.336541307524509 911.230276751262
"370" 0.310344827586207 -2021.84982080616 0.566770404422667 0.235899912554743 1299.86134112947
"371" 0.310344827586207 -1110.90745459481 0.634285402258793 0.269916968067477 1136.95418710156
"372" 0.344827586206897 -1687.76403550647 0.599578087578388 0.252908985006354 1211.50452438571
"373" 0.344827586206897 -1200.28738825043 0.518084785423971 0.220096236689002 1398.31309920005
"374" 0.379310344827586 -1540.14037947517 0.610159235745166 0.255947722197176 1198.82931181265
"375" 0.482758620689655 -1310.12190445872 0.606179889539725 0.25379122673636 1208.38334899443
"376" 0.413793103448276 -1655.2044417059 0.505917505454499 0.213906473444006 1430.71644467463
"377" 0.379310344827586 -1412.65208424553 0.607010673887475 0.254820043999886 1203.79972808318
"378" 0.241379310344828 -1923.75349270557 0.515149971269424 0.217852913281276 1406.4065701396
"379" 0.448275862068966 -1287.36804901974 0.652394317825114 0.277142580331984 1104.9107748897
"380" 0.275862068965517 -2232.33482481819 0.473327959655828 0.2025259085867 1516.66972825338
"381" 0.241379310344828 -1634.54492768622 0.576320229369578 0.239717968377183 1277.89103266959
"382" 0.413793103448276 -1765.25861750432 0.615065650100858 0.257235532068923 1190.63814649348
"383" 0.448275862068966 -1255.5230412569 0.662217744361389 0.28488505396939 1075.66314540054
"384" 0.241379310344828 -1709.21059049736 0.518315442620318 0.216128386366072 1417.1274997013
"385" 0.310344827586207 -1323.28635965015 0.52874610051395 0.223128539661521 1376.59759827506
"386" 0.344827586206897 -2980.69161495989 0.532557809959077 0.221197699959989 1387.81453748942
"387" 0.379310344827586 -1345.1729556009 0.535332234329593 0.225309473528096 1361.89015526024
"388" 0.344827586206897 -1820.62486616047 0.516758914335072 0.218158168196245 1405.42575147604
"389" 0.310344827586207 -1903.33530199555 0.548315518009451 0.229139496792807 1338.79349699948
"390" 0.310344827586207 -1809.20783908132 0.574732319141982 0.238727386173045 1285.72451254695
"391" 0.448275862068966 -1286.53955963156 0.562898139224042 0.236670341676541 1295.29088414184
"392" 0.310344827586207 -2435.6053559241 0.539991000890532 0.226671531592315 1359.77392828443
"393" 0.310344827586207 -979.097880342235 0.638397147669783 0.272027333658319 1125.35972641525
"394" 0.310344827586207 -1621.0978994463 0.616955908382226 0.259610737779074 1180.96536722189
"395" 0.448275862068966 -912.350023006252 0.654870754075867 0.280688310113641 1090.87094958414
"396" 0.482758620689655 -1437.09838726327 0.58987467468131 0.246857733642515 1247.7509747371
"397" 0.310344827586207 -1321.60835016849 0.573297940241074 0.241320340735073 1273.88992405976
"398" 0.344827586206897 -1248.68724597839 0.618309852209966 0.260427074626877 1175.27178866985
"399" 0.275862068965517 -1728.03882864375 0.407619964288702 0.185674375412996 1647.82241590623
"400" 0.275862068965517 -1189.50163770612 0.689949038505904 0.302605138834758 1011.19342551267
"401" 0.241379310344828 -1418.48273669565 0.647717086760458 0.27777054648875 1103.65207943603
"402" 0.275862068965517 -1722.48936561416 0.482185369279291 0.205758856940636 1491.30756484804
"403" 0.275862068965517 -2049.79930904523 0.571031167409576 0.237475539230802 1293.76357365989
"404" 0.310344827586207 -1243.08726170715 0.587076626567915 0.245554977621386 1246.01528930018
"405" 0.206896551724138 -2593.06432330771 0.521393165492263 0.21870593774679 1404.72991299081
"406" 0.379310344827586 -1795.89888445433 0.631594006075022 0.266735215804996 1147.82734092087
"407" 0.448275862068966 -1364.12532047924 0.556753763968412 0.233676995011188 1311.02744312802
"408" 0.344827586206897 -1340.92572524059 0.576831167023359 0.241618643483752 1272.10841815125
"409" 0.310344827586207 -1878.23453659983 0.492505864089228 0.20831139860483 1468.88473738018
"410" 0.344827586206897 -1332.1855329732 0.571084668877221 0.238358491922716 1285.44598032529
"411" 0.413793103448276 -1362.61752554272 0.625156153199356 0.265266471810444 1154.21096347326
"412" 0.310344827586207 -1115.80491114091 0.612603467905075 0.258106902700201 1185.76477254544
"413" 0.310344827586207 -1460.93720461254 0.572544063731476 0.239970895143204 1275.4062118353
"414" 0.310344827586207 -1422.10209577725 0.599569752958178 0.249587881100237 1226.6614348452
"415" 0.241379310344828 -1718.8104022564 0.491953334581667 0.210428604805333 1459.49145978479
"416" 0.413793103448276 -1537.88060299095 0.57182815376322 0.240018828086179 1281.3690851792
"417" 0.275862068965517 -2243.02522010723 0.432777607038296 0.192097605272688 1596.99221261538
"418" 0.310344827586207 -1770.15480069504 0.548453684914311 0.229843035260474 1335.02415526935
"419" 0.413793103448276 -1618.74341774803 0.537704579312354 0.226379364696645 1357.96719336592
"420" 0.379310344827586 -1266.69691299003 0.613254556306679 0.259886824216041 1180.07647851008
"421" 0.482758620689655 -1060.96610561875 0.684340569629088 0.298816298892695 1027.901838758
"422" 0.275862068965517 -1322.05368581935 0.559563351364502 0.233703493576004 1313.05476561751
"423" 0.379310344827586 -762.666168619314 0.658650867362484 0.284162113720757 1081.33691784405
"424" 0.310344827586207 -1337.08467922867 0.580842511704813 0.242863805534074 1261.69539626708
"425" 0.344827586206897 -1358.62563614646 0.542979611441288 0.226994475847554 1348.58522236193
"426" 0.310344827586207 -1684.19894292823 0.558857878636789 0.234428288272926 1307.44058280543
"427" 0.275862068965517 -1009.5766826279 0.639624285087689 0.274228369059107 1123.01362208949
"428" 0.482758620689655 -1566.21637371807 0.67497254383538 0.291113477375759 1052.82392262793
"429" 0.275862068965517 -1279.99299855093 0.624190822508648 0.26147180041828 1171.7054576438
"430" 0.379310344827586 -1126.72278364312 0.651830281917539 0.278505808819391 1100.78873286715
"431" 0.344827586206897 -1408.45744353403 0.598396009273435 0.250173554397036 1223.01653876337
"432" 0.344827586206897 -1796.75089676069 0.663031157845086 0.28441717449386 1078.38598710248
"433" 0.379310344827586 -1186.99425766154 0.608768698553364 0.255996722815014 1195.62161044688
"434" 0.379310344827586 -1287.29678680029 0.613890342870578 0.258914993644546 1186.89228620228
"435" 0.344827586206897 -1650.96466465615 0.661751788917327 0.284983194568767 1073.46081979492
"436" 0.344827586206897 -2192.12761949191 0.420596489807655 0.188136350192125 1626.22121265733
"437" 0.310344827586207 -1934.52811856356 0.498486765802618 0.211466039909065 1456.9876862407
"438" 0.310344827586207 -1202.0137971484 0.58572481436022 0.246410386374721 1247.00190927852
"439" 0.379310344827586 -1596.54709910122 0.594729067002876 0.249038613009578 1232.26023811925
"440" 0.344827586206897 -1326.1948638365 0.518118948088534 0.21761976939117 1405.67367272814
"441" 0.310344827586207 -1606.77977771781 0.55890705412802 0.233844894318312 1315.08760521255
"442" 0.241379310344828 -1188.58629074233 0.518883004496365 0.218903730923044 1399.47044518492
"443" 0.310344827586207 -1515.4619233082 0.593473441777961 0.248671461455828 1230.80665687171
"444" 0.379310344827586 -1313.06903583252 0.648950328127245 0.277505935977379 1107.11359993228
"445" 0.379310344827586 -1927.33609157 0.584930547648709 0.243077963243914 1265.6400428635
"446" 0.275862068965517 -1421.65552287743 0.61633518677877 0.258903917055098 1186.84588349519
"447" 0.310344827586207 -2097.07194304438 0.562150768208278 0.234916941588162 1306.97582504899
"448" 0.310344827586207 -2371.87509210548 0.487629329943998 0.208867948212283 1472.63760300592
"449" 0.413793103448276 -1420.91639914985 0.6196853889843 0.261729829378 1176.74181287947
"450" 0.379310344827586 -925.398778477781 0.732249999291855 0.334797310185843 918.327877158673
"451" 0.344827586206897 -1243.53872464013 0.577985672413184 0.242956829962816 1260.32594410029
"452" 0.413793103448276 -1623.73483441089 0.713466936600569 0.317657028071111 964.743392523939
"453" 0.310344827586207 -1624.79556149223 0.534659282899862 0.224709410535355 1363.62873851885
"454" 0.344827586206897 -1497.78528675925 0.519428393039987 0.217701761311083 1405.47235641138
"455" 0.379310344827586 -1481.04336840695 0.541866853107726 0.228240169384814 1346.7078070575
"456" 0.413793103448276 -1349.08837374926 0.59395482554081 0.249484271708375 1228.66380158894
"457" 0.206896551724138 -1895.18864810119 0.592118218075633 0.246787076736979 1241.86049324994
"458" 0.310344827586207 -1637.06166664971 0.51560370669669 0.218351140974041 1404.06469485458
"459" 0.310344827586207 -1449.29959515536 0.433141095849148 0.193238962602765 1589.70066305855
"460" 0.413793103448276 -1472.65822294804 0.566306165266111 0.238420504382805 1288.81137134954
"461" 0.379310344827586 -1528.07315758991 0.580670257560543 0.243279573990325 1257.87988958033
"462" 0.413793103448276 -1315.0148523411 0.687236103826476 0.301436015906727 1014.965766152
"463" 0.344827586206897 -1826.15233984425 0.530634922196743 0.223198990316019 1373.01233182481
"464" 0.344827586206897 -1625.50234295292 0.602094491835424 0.249532053673629 1227.30241410131
"465" 0.275862068965517 -1002.16438500397 0.615571949443784 0.258964259543744 1181.4634086167
"466" 0.344827586206897 -1139.63686539923 0.594637212116344 0.249290909876582 1227.55851995899
"467" 0.344827586206897 -1478.10553212511 0.567435329274671 0.237490438806948 1290.73764354631
"468" 0.448275862068966 -1784.0970464858 0.517965020647998 0.217185129705445 1412.43431886494
"469" 0.413793103448276 -1812.29275139529 0.531259496123667 0.222878914552936 1372.75769952211
"470" 0.275862068965517 -1677.57458841816 0.63818878431781 0.270308574586178 1131.74374557664
"471" 0.344827586206897 -1320.13921553142 0.563297248694768 0.235740286639745 1301.40119098523
"472" 0.344827586206897 -1671.62427231531 0.488819554122637 0.207926926949367 1479.53308031231
"473" 0.344827586206897 -1431.45958665267 0.598314369035235 0.251277291021338 1220.86817708184
"474" 0.310344827586207 -1900.91720480221 0.549047123663949 0.230103025654946 1338.4969135745
"475" 0.448275862068966 -1861.30670828013 0.686993584135241 0.301391591434097 1020.04556896104
"476" 0.310344827586207 -1680.95853032182 0.520884229421949 0.220878446467141 1391.81613040205
"477" 0.310344827586207 -814.241956960457 0.704275216717181 0.312894078028942 979.79322763568
"478" 0.413793103448276 -1550.76362543879 0.457461329405515 0.199132171166056 1538.68069934615
"479" 0.413793103448276 -1856.81240108223 0.55212031412547 0.232178078176014 1321.25906057952
"480" 0.310344827586207 -959.441437077952 0.660707067847084 0.28492094401944 1077.82708046439
"481" 0.310344827586207 -1614.76229485586 0.620120084179624 0.262504834641848 1167.83532649017
"482" 0.310344827586207 -1248.69110967208 0.602102410226028 0.252360668321065 1213.50111609679
"483" 0.310344827586207 -2165.0592621312 0.56372652142091 0.23439112856975 1313.27131291655
"484" 0.310344827586207 -2043.22914342233 0.445345326751197 0.193988558644799 1577.51825503958
"485" 0.413793103448276 -1264.93803884801 0.585137411057866 0.244349261854717 1252.22977299961
"486" 0.413793103448276 -1669.05914798982 0.573381548190124 0.238901415087386 1280.48589316618
"487" 0.310344827586207 -2354.48907679485 0.535113711927743 0.223793413748476 1369.23835824814
"488" 0.344827586206897 -2031.97143900478 0.473465820560246 0.201826904197064 1519.61518005889
"489" 0.241379310344828 -1750.94346112599 0.566944360512726 0.236506103592447 1298.2955674631
"490" 0.413793103448276 -1511.43494017567 0.522281176344823 0.220088503322103 1394.28802428571
"491" 0.344827586206897 -2282.28808905302 0.571812972074773 0.237547961407449 1290.0333701655
"492" 0.241379310344828 -1474.85453091428 0.584202225544954 0.245897791276752 1249.53021614456
"493" 0.379310344827586 -997.248824640884 0.617676910779785 0.262160522427506 1174.7757576362
"494" 0.413793103448276 -1048.20497528458 0.660524574458742 0.284776980849959 1075.13971144177
"495" 0.379310344827586 -2035.16497927433 0.50694297174121 0.213652759798944 1434.32255952141
"496" 0.344827586206897 -2045.74767887109 0.543866045916514 0.226616707866344 1354.65634995756
"497" 0.413793103448276 -1162.21405943382 0.660868697263868 0.284003622396933 1080.42871465281
"498" 0.310344827586207 -1572.33225634063 0.585394927326268 0.245619491839629 1249.67857992998
"499" 0.275862068965517 -1557.7121379149 0.526102975599014 0.22062571546489 1386.89922263422
"500" 0.310344827586207 -1742.36565189104 0.553439346217838 0.231902203641535 1322.53798261618
"501" 0.344827586206897 -1422.94250761156 0.567062353147071 0.236263013615303 1296.03798708167
"502" 0.310344827586207 -1680.20793730305 0.522095392714567 0.219944021740964 1392.44953307
"503" 0.310344827586207 -1945.50283765769 0.421106866873333 0.188429335100547 1623.57752792968
"504" 0.275862068965517 -1451.26295086514 0.547330377616098 0.229898331935624 1335.55708441048
"505" 0.275862068965517 -2408.05933283592 0.544864886746894 0.226806035099187 1349.74815752046
"506" 0.310344827586207 -1860.99079970025 0.531954527559194 0.223457943093821 1371.41260497085
"507" 0.379310344827586 -1287.10339094092 0.558505979055022 0.232335965961321 1317.55535607625
"508" 0.344827586206897 -1482.94467380316 0.579018058450492 0.24293102219023 1263.2247840433
"509" 0.241379310344828 -1365.37981120611 0.477513979253264 0.205630109177734 1488.49927230174
"510" 0.379310344827586 -1231.46761882787 0.654008069619686 0.280096211635175 1099.52302006639
"511" 0.310344827586207 -856.715859405458 0.74601197071384 0.344416365482763 889.078986556951
"512" 0.275862068965517 -1483.50999614092 0.519157528905666 0.220768272679403 1393.43882213385
"513" 0.379310344827586 -1779.91523872187 0.560189305400327 0.234628070173878 1308.07014661341
"514" 0.344827586206897 -1281.96168756988 0.585759449238245 0.246689237534239 1240.45089531107
"515" 0.379310344827586 -2211.42804284921 0.592629791854226 0.248131492630467 1234.65347221743
"516" 0.344827586206897 -1809.35060520553 0.641674815839586 0.272400017770014 1123.4649013721
"517" 0.310344827586207 -1652.33301314374 0.482803540873889 0.206610972438787 1485.02191750732
"518" 0.413793103448276 -1107.42422303817 0.71640354349739 0.321327547547284 952.138706222372
"519" 0.310344827586207 -2629.02849677743 0.412489157369989 0.185249901959793 1658.35671372101
"520" 0.310344827586207 -2005.08059733868 0.53134406044238 0.220093343453722 1393.71553038927
"521" 0.344827586206897 -1471.95685586245 0.625311463837432 0.262633161863295 1165.0941980198
"522" 0.275862068965517 -1433.93718930015 0.516378814006167 0.22013715155195 1397.50177569505
"523" 0.310344827586207 -1320.42657153164 0.57201511672876 0.238786345171821 1284.09968423107
"524" 0.310344827586207 -1731.44342701232 0.612990590754317 0.257731400300942 1190.82468547103
"525" 0.379310344827586 -1083.53914855486 0.626217518605327 0.264619256772937 1156.38291608817
"526" 0.275862068965517 -2281.32744559856 0.563164671581374 0.235361360878653 1304.63665964732
"527" 0.275862068965517 -1547.36098523691 0.601230180296056 0.253313945922152 1208.24535855062
"528" 0.310344827586207 -2186.88074442241 0.508799881965914 0.214163821673679 1433.56243404301
"529" 0.413793103448276 -2243.94925204633 0.564298985911127 0.234239589289882 1307.13604841877
"530" 0.344827586206897 -1439.86961348532 0.682596973021484 0.297387841247859 1030.97496799904
"531" 0.310344827586207 -981.330731642906 0.608578667339503 0.257079362372564 1192.77630731457
"532" 0.344827586206897 -1115.5425994788 0.56636975804152 0.23829595456244 1287.40185871529
"533" 0.379310344827586 -1301.08135089667 0.535753494904104 0.225995064790722 1359.65038359386
"534" 0.379310344827586 -1588.75807216321 0.577972728691497 0.241363471822917 1271.36831789246
"535" 0.344827586206897 -1714.96179132951 0.610199322161188 0.256042040343671 1197.15094507524
"536" 0.379310344827586 -1511.79096483109 0.619897182511111 0.259298757241929 1180.72672321514
"537" 0.379310344827586 -1283.74667571366 0.565808937516506 0.23604518420095 1301.14015772349
"538" 0.275862068965517 -1803.40880331166 0.46376080985195 0.200358823695866 1528.98711220473
"539" 0.275862068965517 -1810.53329915588 0.563600754394942 0.235560844183272 1308.32782180119
"540" 0.310344827586207 -1155.90973590528 0.583367063358663 0.243871014775127 1258.24715508582
"541" 0.344827586206897 -1840.26803371495 0.555493200839108 0.232450731625068 1320.57916014571
"542" 0.413793103448276 -1224.96491911316 0.692907332938371 0.305027666112928 1005.79174196121
"543" 0.413793103448276 -1721.80209338849 0.478871240603044 0.206302568835959 1484.14517608825
"544" 0.275862068965517 -1565.22335854865 0.52000606541243 0.218750072433183 1400.85122057016
"545" 0.310344827586207 -2448.20351595153 0.462629815392815 0.199532882860117 1541.32857061321
"546" 0.275862068965517 -1432.86371311985 0.636545012494496 0.267191058056798 1146.47110876917
"547" 0.413793103448276 -1451.66706703584 0.586198147460985 0.245212213060204 1252.09258932774
"548" 0.310344827586207 -1393.52418224927 0.555004305556703 0.232949207278917 1323.1639551803
"549" 0.379310344827586 -1292.91870650016 0.573353434065723 0.241112637591051 1275.69136575167
"550" 0.344827586206897 -1676.4879805881 0.551276299973122 0.230109356306531 1334.16320929882
"551" 0.413793103448276 -1578.21582169682 0.626644776255189 0.264858273894001 1159.44395218167
"552" 0.344827586206897 -1702.3160591188 0.574000097935467 0.237534265345924 1288.68330314999
"553" 0.310344827586207 -1342.64321039413 0.597030459799471 0.250081984645802 1223.99925768641
"554" 0.413793103448276 -1474.4809314505 0.503980895344659 0.214032937159667 1434.37617731056
"555" 0.379310344827586 -1365.71837282489 0.627686983924884 0.264968787004493 1155.5992106037
"556" 0.379310344827586 -1060.29096817633 0.596102395599427 0.249593995709949 1228.08900011852
"557" 0.344827586206897 -1272.91959524244 0.656920204622585 0.281167499223262 1088.4746320759
"558" 0.344827586206897 -956.453056814365 0.663194732912347 0.286292073611291 1070.23121249277
"559" 0.310344827586207 -1154.33836193882 0.553205661286424 0.231971900893289 1322.6009226774
"560" 0.344827586206897 -1472.92681536029 0.587676023889427 0.245473091729304 1247.63634736279
"561" 0.344827586206897 -1348.6367339793 0.663067477620978 0.284788848240693 1080.99916770897
"562" 0.310344827586207 -1929.21293040222 0.517391971805551 0.21776157358122 1411.03439546597
"563" 0.310344827586207 -1271.64244115214 0.571782210494744 0.238972979174773 1284.06385534726
"564" 0.241379310344828 -1786.49616042672 0.405979775868523 0.184777714072397 1655.63011505846
"565" 0.344827586206897 -1476.39191603508 0.551069943436033 0.231715028203101 1326.05898002108
"566" 0.310344827586207 -1607.4426960213 0.484727596412654 0.206341892896888 1485.2284304032
"567" 0.310344827586207 -1283.6119568896 0.577858842816315 0.242144142522334 1266.77631797373
"568" 0.379310344827586 -1164.47364484964 0.642742230879879 0.273578267450243 1118.53715680969
"569" 0.413793103448276 -1547.37117218827 0.574525798052293 0.240361216369649 1281.20918993582
"570" 0.344827586206897 -1531.06120647092 0.660967806587877 0.283555451037562 1081.07273113947
"571" 0.379310344827586 -1463.96535827358 0.573664074588238 0.240824214638326 1276.09177004758
"572" 0.310344827586207 -1308.39624430672 0.634279527086493 0.268698097266334 1141.55259159523
"573" 0.379310344827586 -1635.19328429076 0.524295847935111 0.219121978500264 1396.58323575811
"574" 0.379310344827586 -2146.57741138855 0.487342655046651 0.207917190226564 1478.19714123686
"575" 0.310344827586207 -1401.61780521141 0.597356251976655 0.249617707276603 1225.77451671175
"576" 0.379310344827586 -1763.95969929213 0.496531934668574 0.211481479162227 1451.73812881172
"577" 0.344827586206897 -1089.79036547991 0.689606272644973 0.301420304147261 1016.34978660655
"578" 0.344827586206897 -1096.33634628118 0.577535140131621 0.24256838201336 1263.28224272334
"579" 0.310344827586207 -1536.06512591377 0.631263574035577 0.267721342109572 1146.98389092204
"580" 0.310344827586207 -1031.18952686551 0.616325615112491 0.259947447906493 1182.17930854493
"581" 0.344827586206897 -1384.27089745627 0.506498453801903 0.213308381136339 1436.32570853928
"582" 0.275862068965517 -1295.13062535987 0.585890571562659 0.244736702475706 1252.85208980215
"583" 0.448275862068966 -1721.25321890294 0.5652814832416 0.236305383106361 1296.75912527307
"584" 0.379310344827586 -1113.08533848701 0.659627116055992 0.285552497241063 1073.84958018631
"585" 0.413793103448276 -1219.79750965363 0.679089744005639 0.295401263136851 1039.68243190239
"586" 0.241379310344828 -1465.38349177969 0.576365488622014 0.239814511844058 1278.43365424782
"587" 0.448275862068966 -1419.19146873645 0.682167875128133 0.297368523982012 1033.42874760239
"588" 0.275862068965517 -2154.25072374434 0.446293103919264 0.195582762532866 1569.61313207603
"589" 0.344827586206897 -1530.43863251639 0.625172150995728 0.263656092392201 1168.28609726018
"590" 0.275862068965517 -1369.75415089648 0.521323763028757 0.21865650779887 1400.45885667549
"591" 0.448275862068966 -935.715327258713 0.712540011844927 0.320194765794952 960.917475730001
"592" 0.310344827586207 -1438.49342310451 0.600369703685679 0.253813388905619 1213.47076724664
"593" 0.241379310344828 -1476.25736199457 0.526697249579095 0.221143580558775 1383.97904172533
"594" 0.379310344827586 -1355.32302719311 0.549758295927455 0.229118513486694 1335.93952348286
"595" 0.310344827586207 -1230.01071582264 0.636990906281576 0.268931980101575 1140.68706157846
"596" 0.379310344827586 -1951.48007233517 0.495421558513997 0.21070346948946 1453.40755298616
"597" 0.413793103448276 -1052.47408738917 0.669638084383193 0.289842981654019 1059.37664084993
"598" 0.206896551724138 -1347.78950345123 0.573241011577515 0.240271794353457 1275.72534475486
"599" 0.379310344827586 -982.057479740845 0.61709895070019 0.26131277364435 1175.22940896725
"600" 0.241379310344828 -1377.92532814792 0.50457639383543 0.214714363175544 1426.10717024074
"601" 0.344827586206897 -1504.08520664685 0.572465457774744 0.24123411714467 1276.41507194846
"602" 0.344827586206897 -1075.46699263335 0.652472514978389 0.279904212229561 1094.97424294585
"603" 0.379310344827586 -1401.03622791988 0.584266557835927 0.24339997923884 1257.94312522616
"604" 0.413793103448276 -1562.58070860194 0.553593013748438 0.230255983763311 1328.74372016353
"605" 0.310344827586207 -1619.55090998598 0.533905625805053 0.225117697583101 1358.98319201358
"606" 0.241379310344828 -1745.91364030832 0.55015553224504 0.22972880495241 1335.61065214906
"607" 0.344827586206897 -1705.41094066399 0.474109082069601 0.204586100763215 1499.9291048732
"608" 0.448275862068966 -1198.07491355863 0.645109858766949 0.275277713312993 1111.35742546055
"609" 0.379310344827586 -1594.70452144467 0.589646909729934 0.247666897028799 1240.24025608464
"610" 0.448275862068966 -1621.60172501923 0.668606789376744 0.286325650155659 1068.72867266915
"611" 0.413793103448276 -1778.88432745548 0.49511845903749 0.211409094268872 1449.42837358162
"612" 0.379310344827586 -1344.77101862773 0.556626145516391 0.231889609406371 1320.04250434067
"613" 0.310344827586207 -1878.73119620863 0.616129216939874 0.259446182785106 1181.18532919353
"614" 0.275862068965517 -1361.42297798673 0.67546072424833 0.292810195642523 1052.12290029551
"615" 0.310344827586207 -1878.14150853156 0.461439259167731 0.201565574065778 1528.70090745043
"616" 0.379310344827586 -1628.36614764737 0.579556835064938 0.243021902602103 1264.02341371039
"617" 0.310344827586207 -1091.63376314525 0.572149197315705 0.240171059827544 1277.57156497841
"618" 0.275862068965517 -1377.04207217817 0.633860087034521 0.267561346369963 1146.06889546697
"619" 0.344827586206897 -2232.61704900852 0.553682803290672 0.231259704757858 1327.00744322333
"620" 0.413793103448276 -1383.76152760806 0.592587986808386 0.246488907044669 1241.52810141158
"621" 0.482758620689655 -1201.77007974149 0.63480348656649 0.268749420273638 1138.79006904516
"622" 0.413793103448276 -1374.62212538578 0.592292662752313 0.250573940574095 1225.0293768674
"623" 0.344827586206897 -1809.05427816541 0.561891305984954 0.232779808150848 1315.50033795828
"624" 0.413793103448276 -1235.42760491215 0.612192733332993 0.258831888090795 1186.1859651578
"625" 0.275862068965517 -1740.34837225609 0.420047472302524 0.189138386066126 1618.06343391947
"626" 0.344827586206897 -1822.31889776889 0.560762820629597 0.234917767087681 1309.13309042174
"627" 0.310344827586207 -1578.77481843499 0.486361697260392 0.205267146372817 1492.31340908023
"628" 0.413793103448276 -1043.17779328274 0.71445592980645 0.320054273743058 957.267800176537
"629" 0.413793103448276 -1066.57939053122 0.70004258040841 0.311022259945439 988.345181112245
"630" 0.344827586206897 -1844.60837502865 0.541116838076011 0.226709677120922 1353.42768467372
"631" 0.379310344827586 -1369.17494090873 0.615100903528768 0.258117499738003 1187.54196442281
"632" 0.379310344827586 -2342.64785033513 0.581099415042478 0.243283169595151 1264.93392975808
"633" 0.344827586206897 -1358.22743404662 0.534241622153016 0.224406513757035 1366.57993705318
"634" 0.344827586206897 -1282.20560511838 0.601483726843392 0.253236509979654 1212.86743897285
"635" 0.344827586206897 -1672.62559264655 0.555073863555121 0.231366253590412 1327.76704186553
"636" 0.379310344827586 -1551.72560629638 0.563385683866278 0.23400813221265 1309.11294770834
"637" 0.310344827586207 -1710.23493552262 0.433711596912433 0.193427771220346 1592.16399742442
"638" 0.379310344827586 -1141.9676738244 0.574289663950209 0.239199358946988 1278.97597575915
"639" 0.344827586206897 -1738.18059737456 0.590078277255474 0.246418589184058 1241.70622477054
"640" 0.275862068965517 -1386.57125289293 0.594595459774905 0.250791816222869 1221.00972576984
"641" 0.344827586206897 -1804.25526759684 0.553527956963336 0.230493529830156 1328.06990174825
"642" 0.275862068965517 -1449.60246437355 0.506228193588155 0.214891129655196 1426.70075746906
"643" 0.241379310344828 -1813.1678262877 0.545069091958345 0.226492815338061 1352.10795822457
"644" 0.413793103448276 -1719.46165437746 0.594839871358027 0.249211076917005 1232.84330645019
"645" 0.344827586206897 -1344.37962910138 0.584516252558516 0.243305886842396 1262.01454301808
"646" 0.241379310344828 -1375.48823865877 0.517374149551228 0.21934128232483 1398.29177216954
"647" 0.379310344827586 -1507.76880063304 0.602186509313308 0.251488094302957 1218.49863908877
"648" 0.344827586206897 -1557.07654020353 0.434704908535459 0.19175348026688 1596.264282221
"649" 0.310344827586207 -2030.76475741531 0.508350155326569 0.213720329448157 1432.25680762409
"650" 0.344827586206897 -1498.33447106813 0.571864713088315 0.238632649062157 1282.41319986048
"651" 0.344827586206897 -1951.56703903006 0.527485766258012 0.221777242168947 1385.61095651354
"652" 0.379310344827586 -1266.73426810134 0.637949412684836 0.271777755465751 1126.29970692425
"653" 0.310344827586207 -1722.00653989004 0.470751007279894 0.203650846313703 1505.29482411601
"654" 0.241379310344828 -1711.6701280997 0.555882284892899 0.233634574024758 1312.16227938685
"655" 0.310344827586207 -1752.89185758049 0.600230619829432 0.251863673969519 1221.82253641299
"656" 0.379310344827586 -1268.54327003667 0.690757771308334 0.301600882545704 1017.30882752773
"657" 0.275862068965517 -1285.08139454693 0.540001323899394 0.227546322741892 1346.03345031015
"658" 0.241379310344828 -1731.40547900143 0.546159824275811 0.228817464687679 1341.85970014732
"659" 0.344827586206897 -2034.86642575692 0.557957050700376 0.233932089822144 1314.38175449371
"660" 0.448275862068966 -1273.19896210766 0.589592861698306 0.246550886143751 1245.01014325466
"661" 0.310344827586207 -1329.28541462092 0.635664356514571 0.270179163434837 1136.86135490245
"662" 0.379310344827586 -1341.66288401066 0.581477052435181 0.242442177624348 1261.80161895785
"663" 0.379310344827586 -2344.10760562012 0.606641677317148 0.252786182276053 1210.19782699852
"664" 0.413793103448276 -3168.73717695467 0.472794750017829 0.203046831322072 1509.98152028394
"665" 0.275862068965517 -1623.56068158835 0.540106441381243 0.225486947924776 1361.16717888902
"666" 0.310344827586207 -1644.33860597737 0.571340209991786 0.238532799313361 1284.04993541131
"667" 0.379310344827586 -1309.91468809709 0.64674669802165 0.275462331680612 1112.96681308134
"668" 0.344827586206897 -1627.9382322512 0.554744761778067 0.231214434805836 1329.82627334561
"669" 0.310344827586207 -1368.96471262386 0.518835580481838 0.219167219665323 1398.87364207391
"670" 0.275862068965517 -2117.816471789 0.54020738994288 0.224393274229355 1371.09968331855
"671" 0.310344827586207 -2170.38706290578 0.453063741193401 0.195475972414356 1565.17081949245
"672" 0.344827586206897 -1678.59084918889 0.552410348274453 0.229802760297771 1331.55515059353
"673" 0.310344827586207 -1067.94629492735 0.636331494199069 0.273428405426627 1126.09962002563
"674" 0.379310344827586 -1491.42879479274 0.608810934936194 0.256199801944736 1197.19688037675
"675" 0.310344827586207 -1410.54337157766 0.580410194786304 0.24157964837729 1268.35221906322
"676" 0.310344827586207 -1515.04148894543 0.566467717493099 0.236428157562224 1294.44262532123
"677" 0.448275862068966 -1624.27798854402 0.593922777529152 0.246626536173849 1240.39442817191
"678" 0.344827586206897 -1417.11235357707 0.612963409865291 0.257313427060456 1190.44034054294
"679" 0.413793103448276 -1399.99002072144 0.614877430125537 0.259705316304233 1182.64341138962
"680" 0.310344827586207 -1616.8945517397 0.526820804617619 0.22218497796903 1383.27302848532
"681" 0.241379310344828 -2088.76314517742 0.450201560668637 0.196396918506057 1564.44631251973
"682" 0.310344827586207 -1438.98413552649 0.584012388708902 0.245300286497158 1251.64186766789
"683" 0.482758620689655 -1196.63241333408 0.618494562254012 0.26079236658249 1174.15193863982
"684" 0.344827586206897 -1768.76380911262 0.648712435102888 0.275587186631867 1111.64228853833
"685" 0.344827586206897 -1563.60454044692 0.571598327756111 0.238716631792616 1286.2352596459
"686" 0.344827586206897 -946.262207180472 0.697078575335788 0.307578193801101 999.486558286666
"687" 0.413793103448276 -2354.62486376627 0.448504995130161 0.195675456295871 1568.05982433266
"688" 0.344827586206897 -1883.43911140506 0.576310364034127 0.241836376250354 1269.62681760999
"689" 0.310344827586207 -2217.86126298385 0.516987173779078 0.216243179786306 1417.75455778168
"690" 0.344827586206897 -1865.61989654343 0.579065388520362 0.241182102621979 1272.13636307943
"691" 0.344827586206897 -1489.45189176249 0.54921013156224 0.229880338206315 1335.60179708025
"692" 0.344827586206897 -1486.74670784538 0.571082254489882 0.238831872732289 1287.26057415918
"693" 0.344827586206897 -1439.64022861174 0.629276722143561 0.266421453971262 1151.30123731733
"694" 0.413793103448276 -1287.1734038579 0.708203500644349 0.315119976588508 971.78426489661
"695" 0.344827586206897 -2167.46762909676 0.547461521397556 0.227814624920157 1352.88439891901
"696" 0.344827586206897 -1963.6157864617 0.565209224802614 0.237513432127084 1291.68804951538
"697" 0.379310344827586 -1707.51379050676 0.526269756735954 0.219753111904329 1395.15686548623
"698" 0.310344827586207 -1735.29054481105 0.596235290217961 0.247495015023491 1236.42718600248
"699" 0.344827586206897 -1199.79743425995 0.56785684875149 0.239889525343218 1281.49556034957
"700" 0.413793103448276 -1866.03828755511 0.495639307277638 0.210316544660849 1456.85142192414
"701" 0.344827586206897 -911.881598677896 0.668818599748341 0.289016640046109 1059.2874491615
"702" 0.448275862068966 -1804.76236347832 0.552934476127147 0.231031213548674 1328.25574184651
"703" 0.275862068965517 -1878.17340326137 0.522099460214319 0.219417375330005 1399.0726010985
"704" 0.275862068965517 -1624.45230259879 0.681532520172886 0.294134344256608 1044.83276875857
"705" 0.482758620689655 -1041.99483877144 0.656293204365478 0.283226502887911 1084.06576538199
"706" 0.379310344827586 -1685.39915877405 0.564071528656089 0.235832357441804 1297.46330705637
"707" 0.344827586206897 -1594.2289489109 0.523042570376973 0.219565113074273 1396.11189509394
"708" 0.344827586206897 -2451.0152686915 0.460752770213983 0.198443167627218 1545.98539469223
"709" 0.310344827586207 -1532.14125075288 0.650828974242081 0.27609381856668 1109.43165646693
"710" 0.379310344827586 -1428.15900667287 0.592246693401763 0.248603261046272 1237.57545095432
"711" 0.344827586206897 -1680.2264123414 0.531038395037358 0.222220947948303 1379.92450539569
"712" 0.275862068965517 -1809.25595416931 0.56016081926266 0.231916344870855 1319.54574691331
"713" 0.275862068965517 -2309.23971994073 0.500331462287801 0.21233241543547 1451.38050270749
"714" 0.310344827586207 -1933.46456906754 0.463645715199311 0.200932660767108 1532.33885300875
"715" 0.310344827586207 -1838.14918201361 0.582885388172275 0.241424368374601 1267.61509201072
"716" 0.310344827586207 -1552.87103641543 0.586508653121332 0.246127150313186 1247.73393692431
"717" 0.275862068965517 -2084.41625168593 0.485656502028805 0.205969666631874 1485.4797189477
"718" 0.344827586206897 -1943.8798409837 0.468990487827403 0.202871875793264 1518.49725506668
"719" 0.448275862068966 -766.397125311161 0.685744403260701 0.302496560357711 1014.65954070284
"720" 0.379310344827586 -1414.09363239482 0.577099799823442 0.242016802365943 1269.99758148686
"721" 0.241379310344828 -1424.41178345741 0.514327606075162 0.217086260593342 1411.17778435924
"722" 0.379310344827586 -1532.35009231484 0.65324035317278 0.278647367523366 1100.40847379685
"723" 0.413793103448276 -1366.88663994592 0.592053927880259 0.248971247288829 1232.03461224014
"724" 0.379310344827586 -1701.07713716563 0.58432363150813 0.244087892782217 1260.1595765117
"725" 0.344827586206897 -1902.80196347317 0.53957874394155 0.225714732953064 1355.4271843776
"726" 0.275862068965517 -1930.65857900331 0.54352768493503 0.225628150924556 1360.83608938864
"727" 0.310344827586207 -1793.02241552107 0.605943061299067 0.254708299614052 1205.45029226054
"728" 0.275862068965517 -1809.78364078779 0.559993211792824 0.235017240573778 1305.52890796757
"729" 0.344827586206897 -1485.4504596428 0.662678546500641 0.285345838290879 1074.91690276276
"730" 0.344827586206897 -2014.50844267604 0.455759687399475 0.198455782947643 1545.01270436008
"731" 0.275862068965517 -1591.51391975393 0.544748070168741 0.227932826178634 1351.87026599831
"732" 0.310344827586207 -1957.97480359083 0.531586158859452 0.221286980130959 1382.82044245535
"733" 0.275862068965517 -1528.60059433058 0.550661282851514 0.230572183181845 1331.16868979375
"734" 0.310344827586207 -1559.87792792972 0.644199772768712 0.274242515162822 1122.68302578159
"735" 0.275862068965517 -1812.23290700966 0.548060335491102 0.228643909707939 1342.67113344663
"736" 0.344827586206897 -1170.57005693645 0.658552549562876 0.284167443330327 1081.37385877612
"737" 0.344827586206897 -1480.73913398962 0.572065706080709 0.238327089028141 1284.10253217418
"738" 0.344827586206897 -1073.91683153159 0.738705866511641 0.340976958812601 901.158386790815
"739" 0.344827586206897 -2002.46914798327 0.558437897683244 0.231080232172657 1327.38113945062
"740" 0.275862068965517 -1333.06951737751 0.45913589708959 0.199624987202815 1538.07002959088
"741" 0.275862068965517 -1442.92169829209 0.521429506352697 0.220438263689563 1391.44272440939
"742" 0.241379310344828 -1358.7551450886 0.632457092827603 0.266585908424443 1148.55068765731
"743" 0.413793103448276 -1475.9806153994 0.652448959296772 0.279045486944859 1097.65279471138
"744" 0.379310344827586 -1976.69322499938 0.584739884449374 0.245067027513579 1254.78572448925
"745" 0.379310344827586 -1383.57138810685 0.556562530082283 0.233011527963835 1315.88284352986
"746" 0.413793103448276 -1115.68016635373 0.751547481276 0.348671217672328 879.839174450517
"747" 0.344827586206897 -1383.68065834385 0.640944190321105 0.273078132830639 1125.3406243704
"748" 0.310344827586207 -1869.37689182648 0.615650998802944 0.258954124838904 1185.18629876001
"749" 0.413793103448276 -1548.00899093147 0.609785629912819 0.254915983116102 1200.20393040399
"750" 0.379310344827586 -2130.12978877114 0.489982905541805 0.209141382160195 1470.6102953788
"751" 0.413793103448276 -1478.86848191029 0.63239458093815 0.268304477164465 1142.81664281151
"752" 0.344827586206897 -1084.31784500743 0.564035166215898 0.236081475061594 1298.21588234959
"753" 0.275862068965517 -1687.05227741639 0.574174756013118 0.239950927912778 1274.87332169864
"754" 0.413793103448276 -1566.45876043502 0.725882102019459 0.326928782772563 936.683859729371
"755" 0.275862068965517 -1156.73412003505 0.564559913052763 0.237488146201504 1296.08788772058
"756" 0.241379310344828 -1499.73814395324 0.530313047090863 0.221795537970205 1379.61514210725
"757" 0.413793103448276 -1284.77194566972 0.613904184801924 0.258821532169808 1185.21017764375
"758" 0.310344827586207 -1576.76502494486 0.580427349957186 0.241772453182099 1267.9129951612
"759" 0.344827586206897 -1215.50267089265 0.582015099064268 0.244035467533113 1257.97787147919
"760" 0.310344827586207 -1242.99514021084 0.535113873390391 0.225911514956192 1354.98781565793
"761" 0.413793103448276 -1678.42786891572 0.557684300115683 0.232483287789574 1318.90825809565
"762" 0.344827586206897 -1706.87839691634 0.562396070873478 0.234583514983156 1305.69937993846
"763" 0.241379310344828 -1690.23572635553 0.498324981909592 0.210372669495391 1454.38966107686
"764" 0.344827586206897 -1679.51816655402 0.566906568006015 0.237613616037685 1295.37123424285
"765" 0.344827586206897 -2034.24830398541 0.569000610147514 0.237384686506653 1293.46799794526
"766" 0.379310344827586 -1652.76280925445 0.61085235068886 0.255402032137837 1199.06755992988
"767" 0.344827586206897 -1324.21517712511 0.442292400029976 0.196397799430921 1567.3653220836
"768" 0.310344827586207 -2923.39676117323 0.437139727685851 0.191875270057948 1597.80872968907
"769" 0.275862068965517 -1330.19331220578 0.670486138415199 0.288965281978343 1062.30247906491
"770" 0.344827586206897 -1765.83520985834 0.563260315935317 0.235233691328342 1305.9858393819
"771" 0.413793103448276 -1449.67515461527 0.525014074845894 0.220873691928207 1386.69650030995
"772" 0.413793103448276 -1074.63193575505 0.670064813629334 0.291355205568586 1057.60718612084
"773" 0.413793103448276 -1594.82331933706 0.629211203408008 0.264837923860677 1159.53297074188
"774" 0.413793103448276 -2159.07297307456 0.512419710136824 0.215593917514575 1427.1156264275
"775" 0.310344827586207 -1719.26639859868 0.502638907199661 0.212814698922756 1440.13043725861
"776" 0.379310344827586 -1434.90172700456 0.508528368131461 0.215298567454087 1423.41081138826
"777" 0.379310344827586 -1623.1122772587 0.559579853244851 0.234290705511528 1307.76285616508
"778" 0.379310344827586 -1453.94584710632 0.479750095444885 0.205606509544015 1493.28529884903
"779" 0.310344827586207 -1366.96590052601 0.613085067680785 0.257972525782693 1189.28898062683
"780" 0.448275862068966 -1290.34267139918 0.618872715091578 0.262115505008745 1169.61787981758
"781" 0.310344827586207 -1308.14169333808 0.614985404667751 0.257273207796728 1189.31530748359
"782" 0.206896551724138 -1402.11442995173 0.618321948808846 0.259537172074772 1183.4114037309
"783" 0.241379310344828 -2208.39025862386 0.526061585933883 0.221013334372126 1394.78711733498
"784" 0.379310344827586 -1274.0635877727 0.597574509813599 0.25141911351517 1223.15279721267
"785" 0.344827586206897 -1360.61840094285 0.463608139780505 0.202817247503443 1509.4225565031
"786" 0.275862068965517 -1820.30018025931 0.590349598613363 0.247581248578616 1243.45981595571
"787" 0.310344827586207 -2012.84611607306 0.587903959525866 0.245867829098904 1250.64014923237
"788" 0.344827586206897 -1179.10462236903 0.591197692715258 0.248770689455949 1235.35435619425
"789" 0.310344827586207 -1518.87026263515 0.534429503577156 0.223684444820189 1372.60629203005
"790" 0.310344827586207 -1188.44048984539 0.537335186594388 0.224403573464239 1363.68641455582
"791" 0.448275862068966 -1648.41120235944 0.601927272401737 0.251960413257315 1220.14515137399
"792" 0.241379310344828 -1273.44376004201 0.607716580782005 0.254025533849241 1205.59751764137
"793" 0.344827586206897 -2168.69503367134 0.51370561054095 0.215227991807287 1425.32781077941
"794" 0.379310344827586 -1803.38614873668 0.438625490581554 0.193466971261795 1582.71327768013
"795" 0.448275862068966 -1116.82146378214 0.713518116667969 0.32035434322526 957.193568185265
"796" 0.275862068965517 -1976.73868950455 0.570154708884149 0.23695334025428 1293.98907970421
"797" 0.310344827586207 -1657.1237231709 0.519173302131518 0.2193380122709 1395.9209829037
"798" 0.344827586206897 -2595.42282579479 0.516622598783623 0.215435859775045 1419.92624249934
"799" 0.310344827586207 -1676.73899669868 0.666497883047896 0.286370742996661 1068.72266267236
"800" 0.344827586206897 -1621.75204527496 0.558192016501139 0.233578436716239 1311.67165018322
"801" 0.379310344827586 -1201.09098980345 0.587316678623387 0.24612409542749 1249.93125937735
"802" 0.241379310344828 -2010.89611565903 0.408189830053976 0.185365050214231 1655.4751872535
"803" 0.275862068965517 -1725.03857799426 0.557183185316291 0.23362216160325 1318.81422720738
"804" 0.344827586206897 -1087.57596679505 0.649981849741612 0.27860398256432 1104.17347317922
"805" 0.344827586206897 -2515.97147881659 0.44713815607303 0.198059269175416 1551.53320062462
"806" 0.379310344827586 -1481.16829329999 0.640542813380017 0.274079389706861 1123.67724717431
"807" 0.275862068965517 -1299.4863176999 0.528535923710672 0.223105348391189 1376.71789762325
"808" 0.344827586206897 -1569.1833726831 0.523385088887593 0.220763982258417 1387.97046509672
"809" 0.241379310344828 -1519.50121167725 0.52667488274535 0.222498038131048 1381.23159114095
"810" 0.310344827586207 -1287.08318792747 0.633803203658573 0.26902906631544 1143.84301119322
"811" 0.413793103448276 -1410.1237163101 0.575932200664684 0.241417212243664 1271.88133096963
"812" 0.344827586206897 -1543.2725098473 0.556886611885611 0.234170765890565 1309.1066742889
"813" 0.379310344827586 -1476.31273618242 0.588790399153202 0.247006132419628 1244.95548358216
"814" 0.344827586206897 -2099.96131165992 0.416188749521714 0.186963521119939 1640.00634746132
"815" 0.344827586206897 -1274.33865882794 0.613086928743484 0.259091056970145 1184.1363627333
"816" 0.344827586206897 -965.572720268706 0.577649278297811 0.243418909780644 1259.78902970361
"817" 0.275862068965517 -1683.23813347511 0.567179376415187 0.236473481604311 1295.66376272026
"818" 0.344827586206897 -1415.45772398243 0.607588942571331 0.255317469468468 1199.77168488197
"819" 0.310344827586207 -1935.18050082525 0.613943768864734 0.256184154587008 1196.4096644916
"820" 0.413793103448276 -1203.30348497446 0.719402148385299 0.324154809888878 947.824332024557
"821" 0.413793103448276 -1180.15984262794 0.629283207226312 0.266400603084179 1148.28808077206
"822" 0.413793103448276 -1745.45706797903 0.551465422968307 0.231884196957342 1320.3048511573
"823" 0.379310344827586 -1393.79665433697 0.59687343893099 0.251364987525015 1222.37940048336
"824" 0.275862068965517 -1585.15555434915 0.561878421134328 0.235392412488839 1302.14567683329
"825" 0.413793103448276 -763.644009076765 0.712988108836 0.320480100475277 957.632984589992
"826" 0.344827586206897 -1442.77180987964 0.600835177579335 0.251667346007416 1219.07341770857
"827" 0.310344827586207 -1461.76880391706 0.528269755905612 0.221671427468002 1380.39821086101
"828" 0.275862068965517 -1627.34766971337 0.543271682828538 0.227894967844873 1342.57726691529
"829" 0.241379310344828 -2121.09435889318 0.412991574085771 0.187704401459333 1641.37643401763
"830" 0.310344827586207 -1537.73115134616 0.533000939947048 0.225115467636006 1364.73140445701
"831" 0.344827586206897 -2060.58842596617 0.552641380704581 0.231014906005339 1326.22254177184
"832" 0.310344827586207 -1541.55521533928 0.55665651214789 0.232048759648118 1318.37246597794
"833" 0.344827586206897 -2053.16465103686 0.619743475564977 0.260408803866208 1178.89442390679
"834" 0.241379310344828 -1492.59311450772 0.585096008120472 0.245633199902517 1251.14429006994
"835" 0.344827586206897 -2141.59812501422 0.525254102416618 0.220782330438981 1394.85737912642
"836" 0.310344827586207 -1558.12808220367 0.499406492183274 0.211692624701411 1448.25298199203
"837" 0.344827586206897 -1469.63056184335 0.487783824930263 0.207420206413456 1475.5867620593
"838" 0.275862068965517 -1236.08713900107 0.545628703896802 0.229734680240702 1332.13995646708
"839" 0.344827586206897 -1575.72988711038 0.60952542434373 0.255227785945533 1200.03066195497
"840" 0.310344827586207 -1488.60673457296 0.53204750914115 0.223929845831271 1369.37389389917
"841" 0.275862068965517 -1960.15724975605 0.518167496860719 0.217698352381473 1413.3779145382
"842" 0.310344827586207 -2416.29984580853 0.435310309927046 0.192877926000542 1586.74295856583
"843" 0.448275862068966 -1228.79776960348 0.640935961440917 0.27253155405488 1125.28931141881
"844" 0.413793103448276 -1861.28834777427 0.57108746745435 0.237608045330824 1288.49795606984
"845" 0.379310344827586 -1179.69119066038 0.658203680545037 0.282752589498421 1084.23943847734
"846" 0.344827586206897 -1530.48279662482 0.559700144124917 0.23300891094599 1319.55139507896
"847" 0.241379310344828 -1605.26238732911 0.568439390945469 0.236089700180369 1298.31064173701
"848" 0.310344827586207 -1708.59344118043 0.494113051669262 0.210441039780309 1458.67789646614
"849" 0.379310344827586 -1453.18061451316 0.567880865661913 0.237812936984962 1289.09747364378
"850" 0.310344827586207 -1165.15972818101 0.536299051928639 0.225424980859602 1361.67676812492
"851" 0.379310344827586 -1996.79093587416 0.596230390010784 0.248461436210512 1237.73428560798
"852" 0.344827586206897 -1525.36521405592 0.579596314049867 0.24257690023501 1264.38697714118
"853" 0.448275862068966 -1395.19190209432 0.65681388031287 0.282385082354751 1088.98129918049
"854" 0.275862068965517 -1388.51305595205 0.627301449560352 0.267265909583271 1147.52155315526
"855" 0.413793103448276 -1840.12646908322 0.512592109556037 0.215259739395974 1427.07337191
"856" 0.448275862068966 -1841.68043620602 0.523790629517876 0.221190723730212 1385.75120506983
"857" 0.275862068965517 -1539.32566368357 0.536109716129408 0.224980086860718 1365.01046206604
"858" 0.379310344827586 -1740.5220121402 0.607677843703121 0.25431893322094 1203.31015775848
"859" 0.413793103448276 -1387.51311270258 0.506995873144057 0.216143315818017 1420.28335579275
"860" 0.310344827586207 -1336.40825476253 0.724080128422122 0.328028339584151 935.985415229187
"861" 0.310344827586207 -1445.18413612753 0.599985401995047 0.249753308793444 1225.1504186969
"862" 0.344827586206897 -1766.38132251276 0.583530981133948 0.242529641705595 1263.08775272633
"863" 0.344827586206897 -1064.48037473372 0.655324235934731 0.282667616026848 1088.76657426066
"864" 0.413793103448276 -1739.81195006892 0.604787877383117 0.254759109466941 1210.03057942149
"865" 0.310344827586207 -1440.77168309862 0.612603633584759 0.257695774005152 1187.0910530286
"866" 0.448275862068966 -1768.14999088616 0.589966544352059 0.245495918285275 1248.38113782938
"867" 0.379310344827586 -1165.04304394184 0.63728883008506 0.270417981121441 1134.18332324079
"868" 0.379310344827586 -1504.51250971042 0.591306388655557 0.248630738640768 1234.29255198483
"869" 0.275862068965517 -1299.51533192273 0.608021219448523 0.255078676771995 1200.14479035674
"870" 0.379310344827586 -1240.49013410671 0.640459157696217 0.274019409412106 1120.99091005224
"871" 0.344827586206897 -2025.35322419864 0.58536936651721 0.243223732548511 1258.76771075027
"872" 0.344827586206897 -2885.67197559283 0.504750079439488 0.213765932431399 1433.21342559634
"873" 0.413793103448276 -1074.22497392787 0.648063568115152 0.276534680375921 1108.75977261804
"874" 0.448275862068966 -1271.47108404538 0.640345542114094 0.272399839610238 1125.50987211126
"875" 0.448275862068966 -1666.19172177556 0.601261355518858 0.250629738831458 1223.31464367648
"876" 0.413793103448276 -2033.33332263822 0.56853474432388 0.235633534482869 1300.92420757747
"877" 0.482758620689655 -1019.69727504539 0.689828826280901 0.304077720690789 1013.04423004842
"878" 0.413793103448276 -1734.1091349057 0.585699370405707 0.244600360208769 1253.34742598159
"879" 0.310344827586207 -951.283657361978 0.578163398323194 0.245012792044325 1253.2063894718
"880" 0.379310344827586 -1633.54526178936 0.549250463267749 0.228420305325166 1346.7269849823
"881" 0.275862068965517 -1496.44149839947 0.617765667669659 0.261718047163093 1176.34638486334
"882" 0.344827586206897 -1366.44807599572 0.65465660875931 0.280637649234486 1090.72723905618
"883" 0.310344827586207 -1221.1825682314 0.57106528862694 0.238391839760834 1284.33850622621
"884" 0.310344827586207 -1663.37123380657 0.525791369897326 0.220662562483937 1391.08262776132
"885" 0.344827586206897 -1556.53159370283 0.621938765587622 0.26346811832024 1166.2186797075
"886" 0.448275862068966 -1053.06302059185 0.675360152269627 0.294076041407401 1042.80704860489
"887" 0.344827586206897 -1503.23763158383 0.558666640351806 0.233310878386202 1314.1529796764
"888" 0.413793103448276 -2070.11761508172 0.587077063461634 0.245730286283099 1248.8596798759
"889" 0.379310344827586 -1454.85143851725 0.647945227941296 0.274753503923877 1114.45810711544
"890" 0.413793103448276 -1495.82024900637 0.677351441362024 0.292919475296291 1047.07230184368
"891" 0.275862068965517 -1812.58757595789 0.537762999806591 0.22357340639387 1369.12667168465
"892" 0.344827586206897 -1449.89672348255 0.587131870367128 0.247851451691196 1240.87173526104
"893" 0.344827586206897 -1754.81097255518 0.488006530003955 0.207488480897712 1476.99836970183
"894" 0.344827586206897 -1063.28935236754 0.698888108796174 0.310047159380453 992.434213397661
"895" 0.379310344827586 -1597.08571464464 0.613424415886486 0.257901426167875 1186.24577456299
"896" 0.206896551724138 -2821.64418760521 0.517930389214792 0.215160989653495 1425.35433676909
"897" 0.448275862068966 -2557.03473701157 0.625926497070969 0.264760281821487 1157.0403183948
"898" 0.310344827586207 -2148.23925341773 0.455814725051952 0.197817631942794 1554.76537559202
"899" 0.448275862068966 -1761.02423744483 0.674138350153873 0.292183350587593 1049.53180680824
"900" 0.344827586206897 -1623.39501940338 0.627167772625593 0.263693171144064 1162.83027280563
"901" 0.310344827586207 -2418.3925091613 0.434398715882111 0.192637633339186 1591.04214591294
"902" 0.310344827586207 -1075.78807589235 0.674604620632888 0.294166695724688 1041.33590711713
"903" 0.241379310344828 -2007.72501281257 0.403428327079201 0.182601547109443 1677.73557757844
"904" 0.413793103448276 -1224.64228500613 0.52824535914986 0.223696954191834 1371.54786934725
"905" 0.275862068965517 -1994.84301595953 0.540580918587405 0.224766905023773 1364.22258674707
"906" 0.413793103448276 -1074.7025254563 0.640200181686332 0.27368745105659 1125.22181299778
"907" 0.310344827586207 -1872.79942599719 0.534703820333303 0.225704307308643 1359.47681380289
"908" 0.275862068965517 -1773.19648675618 0.47475380491125 0.203559769402337 1512.51566896229
"909" 0.241379310344828 -1801.95567324293 0.517309397891852 0.218900966228894 1404.914190192
"910" 0.310344827586207 -1603.55386524403 0.452527390033415 0.19689279896539 1557.78839251713
"911" 0.275862068965517 -2061.67244087524 0.555863911012091 0.230412264905615 1329.10885646741
"912" 0.310344827586207 -1111.58858088516 0.562022812635028 0.236518178065781 1300.40423312925
"913" 0.344827586206897 -1728.24151480908 0.533264557794621 0.222131361721633 1381.21223460123
"914" 0.448275862068966 -1120.38213609366 0.717157686712735 0.32023721549921 958.037389225785
"915" 0.275862068965517 -1680.82038179069 0.552292691670798 0.230899897611383 1331.72737214249
"916" 0.344827586206897 -1535.97301678245 0.609266296212014 0.256523654977155 1196.3353368643
"917" 0.310344827586207 -1312.40605994107 0.634404977531991 0.27048573523116 1136.94797900488
"918" 0.344827586206897 -1743.30061220438 0.576666688692527 0.23842144877053 1283.71638892521
"919" 0.310344827586207 -1556.2028005181 0.565288007524766 0.23658505201467 1297.61351987124
"920" 0.379310344827586 -1192.79106575326 0.741359464825858 0.340382521956382 900.888603459179
"921" 0.379310344827586 -1394.10613183979 0.628563942490642 0.265668209093932 1156.76528450684
"922" 0.344827586206897 -1248.72710098456 0.586209526390703 0.245235958622807 1250.46290266198
"923" 0.275862068965517 -1745.04341286154 0.565490773618111 0.237014971224208 1300.25377171879
"924" 0.275862068965517 -1584.40396636543 0.521461070590075 0.21962427367321 1397.88571064873
"925" 0.310344827586207 -1449.66510246674 0.580669453131654 0.242946063161799 1259.39766554571
"926" 0.310344827586207 -1643.92331526376 0.413270049881849 0.186996843534893 1644.57645723716
"927" 0.310344827586207 -1901.40387595487 0.525578961955226 0.221405583986972 1385.25137441047
"928" 0.344827586206897 -2566.74882465828 0.465342947421826 0.200618983840084 1525.81742982212
"929" 0.310344827586207 -1824.46411959115 0.565866334405557 0.235557739552386 1308.41168394682
"930" 0.379310344827586 -1840.56646532037 0.543063706959843 0.225692467689052 1356.75331489817
"931" 0.482758620689655 -1160.84556910832 0.634881875467341 0.270051591915743 1134.50967080526
"932" 0.241379310344828 -2131.25655773497 0.530747648127983 0.222085432705195 1379.7050548177
"933" 0.310344827586207 -1539.09785464095 0.540759297726388 0.226662570669686 1355.3687419998
"934" 0.310344827586207 -1695.25988045476 0.465384896333631 0.200121738197147 1534.50001058621
"935" 0.379310344827586 -1252.65989755838 0.544758895090948 0.228987886724605 1336.74036577583
"936" 0.310344827586207 -2064.63695544542 0.540902578424736 0.22718709715387 1356.25487411852
"937" 0.310344827586207 -1469.9821452158 0.532991196416335 0.222323305987841 1376.31629837346
"938" 0.275862068965517 -1332.63529727487 0.452794038803945 0.197798550766238 1552.81232876706
"939" 0.310344827586207 -2492.55042510799 0.442532459526834 0.194618999732257 1580.39074547324
"940" 0.310344827586207 -2802.49351563673 0.483555584326098 0.20709983870553 1478.18614298778
"941" 0.310344827586207 -1867.88534199144 0.467559396271629 0.201546909951187 1520.31815509966
"942" 0.241379310344828 -1381.55487841237 0.55388832149079 0.231589644893801 1321.78259711383
"943" 0.379310344827586 -1587.79818542605 0.541663178160611 0.225740087116156 1358.01375141437
"944" 0.310344827586207 -1476.98870133898 0.508004493250082 0.215633653085079 1425.10009772316
"945" 0.413793103448276 -1456.17097831573 0.657973202053384 0.280052879635345 1094.96013280922
"946" 0.413793103448276 -1563.28774247 0.630786479465151 0.267818729058711 1145.51361523899
"947" 0.275862068965517 -1374.03316700265 0.617133923050601 0.258898322851719 1183.32108464115
"948" 0.275862068965517 -1575.93737199566 0.617028148163781 0.261336469864187 1173.27179119141
"949" 0.310344827586207 -1637.90383693439 0.462255227676785 0.199646882086691 1536.16706443575
"950" 0.310344827586207 -999.432863220371 0.548526995166756 0.230483085997358 1332.70253030277
"951" 0.310344827586207 -1418.86249328401 0.588945780275791 0.246823043291405 1241.491443515
"952" 0.379310344827586 -1820.25936895908 0.585197083321391 0.244378256981757 1257.60278469566
"953" 0.310344827586207 -1342.09298767674 0.59838596097125 0.250315051361433 1226.26496240364
"954" 0.310344827586207 -775.010277741416 0.835371185131593 0.448949084966548 682.517226142057
"955" 0.413793103448276 -1316.4730079776 0.619669176366743 0.259876587250845 1178.40441679088
"956" 0.344827586206897 -902.914391998262 0.694711818990522 0.306753490011511 998.287617412859
"957" 0.275862068965517 -2424.95260986833 0.593073883309856 0.245244657981356 1251.91628580501
"958" 0.344827586206897 -1600.18239174294 0.544710752060192 0.229460252392958 1336.84710329278
"959" 0.206896551724138 -2062.47313600429 0.471402518794053 0.204241093368285 1504.50918601173
"960" 0.413793103448276 -1381.56537463467 0.563270220675803 0.235737978758544 1300.82520606963
"961" 0.241379310344828 -2598.03703570547 0.446897806884947 0.194422344015848 1581.1251921485
"962" 0.275862068965517 -1833.50527127423 0.534931757724211 0.221938427792719 1381.06615899149
"963" 0.344827586206897 -1358.45410020597 0.579273192151853 0.242017379708266 1266.43348673654
"964" 0.275862068965517 -1287.41782031215 0.525220015259135 0.221438265284283 1386.82900533762
"965" 0.310344827586207 -1943.00250505925 0.449364940008775 0.197047791133328 1560.68760315741
"966" 0.344827586206897 -1457.23175656929 0.58204414383259 0.243621735108526 1255.97837749861
"967" 0.275862068965517 -1686.42721034064 0.468246322430981 0.202295834809824 1522.02968009238
"968" 0.482758620689655 -1198.31080596126 0.558728432132658 0.23452496827637 1304.51357423082
"969" 0.379310344827586 -1237.01598759309 0.645083063991348 0.275598366438619 1113.12800841639
"970" 0.379310344827586 -1509.43061593213 0.561824608656399 0.23653487164247 1296.71140079971
"971" 0.275862068965517 -1755.19715892608 0.537629699215355 0.225181728634999 1366.89074157157
"972" 0.413793103448276 -1254.37505072439 0.600436435919704 0.252141676700985 1213.74579771379
"973" 0.310344827586207 -1670.82372181751 0.620885296317933 0.259604686472958 1178.57937502418
"974" 0.413793103448276 -1669.98076808319 0.571157831688846 0.23840926801784 1287.37548582967
"975" 0.310344827586207 -1569.49457894976 0.423050770938096 0.189659485435829 1613.54241698914
"976" 0.310344827586207 -1929.8990942145 0.54336450412983 0.227235821027573 1350.50178530336
"977" 0.310344827586207 -1483.64687988752 0.627415174353248 0.264941347960709 1160.23991007156
"978" 0.310344827586207 -1360.88097871988 0.552041385747599 0.232207374015417 1318.47825939154
"979" 0.275862068965517 -1880.48375455598 0.497758668896942 0.209038438563643 1466.68844605866
"980" 0.310344827586207 -1782.12706781218 0.506080644180085 0.214581737410045 1425.6647657324
"981" 0.310344827586207 -1293.58883873771 0.622830541807156 0.262975367167318 1163.43372081274
"982" 0.241379310344828 -1731.8177243055 0.521168426055831 0.216661450183942 1412.15457945752
"983" 0.241379310344828 -1840.37717885804 0.53087520183311 0.223298624706955 1375.7168162089
"984" 0.310344827586207 -1711.09799414144 0.577032249407073 0.24180613863696 1270.69477505684
"985" 0.275862068965517 -1406.16691039687 0.525766840252535 0.22156150240023 1382.49647693425
"986" 0.379310344827586 -1826.63751542088 0.603562906656179 0.253572398598698 1212.61106656022
"987" 0.344827586206897 -1282.74323454642 0.672756708755917 0.291826671850174 1049.99152650072
"988" 0.379310344827586 -1226.31510682029 0.672435752093677 0.290513749499463 1055.39156308887
"989" 0.275862068965517 -1631.22144162531 0.528377513985032 0.22305091138469 1372.82883996002
"990" 0.379310344827586 -1558.30879879664 0.58123876099411 0.242158040557296 1265.80286874416
"991" 0.379310344827586 -1410.01743580947 0.500815591337641 0.212230769260168 1441.77628948318
"992" 0.275862068965517 -1961.85683645963 0.479731771727838 0.203964874408843 1502.18835495908
"993" 0.448275862068966 -1227.14566050479 0.67021252070361 0.288942439750485 1059.97382592151
"994" 0.275862068965517 -1624.55329970297 0.464029741400448 0.201086312164948 1521.29818809381
"995" 0.379310344827586 -1294.89856937793 0.584060228125813 0.245442613979426 1252.56584829049
"996" 0.310344827586207 -1667.16460914288 0.56858119893873 0.237839232910315 1287.93194796077
"997" 0.344827586206897 -1568.29193673212 0.566900758269019 0.235952535564483 1303.62497022483
"998" 0.344827586206897 -2590.53221630011 0.619931008487197 0.261481579035228 1173.05417960856
"999" 0.413793103448276 -1203.1749323265 0.659142525758654 0.282086797789527 1086.32279475365
"1000" 0.275862068965517 -1229.82204959955 0.622035182283221 0.262817436589153 1166.52688393183
