"SCI" "RCI" "GER" "MSM*" "MIG"
"1" 0.166666666666667 -9183.26952817596 0.505017143463984 0.398472907655707 450.421743132116
"2" 0.333333333333333 -3656.16848708751 0.38645040400563 0.341447841930083 505.703406024945
"3" 0.166666666666667 -4426.86057595599 0.331947867230011 0.327276070208809 541.382597984234
"4" 0.333333333333333 -3118.91391557913 0.450972386678909 0.361481232675657 467.105883914104
"5" 0.166666666666667 -6174.171075961 0.18209005862227 0.266313178143701 610.204813288245
"6" 0.5 -3578.56330460629 0.536198029364631 0.412581859238089 431.205592683831
"7" 0.333333333333333 -4030.41826170943 0.594730945998474 0.431565817041085 390.514000860194
"8" 0.5 -4104.97888698367 0.460539517979041 0.356187353535413 457.162524787313
"9" 0 -3746.96343813309 0.0548864053643857 0.243143393824063 681.934248344787
"10" 0.333333333333333 -3248.46353068341 0.425245426752286 0.344446918748009 479.778467248508
"11" 0.5 -1991.82052636318 0.437146217296429 0.348189179838512 466.856634731346
"12" 0 -8278.88028217509 0.198017906561714 0.287744314356385 612.866152497951
"13" 0.333333333333333 -4591.80132641768 0.546363696340432 0.395065926052109 409.057983383269
"14" 0.333333333333333 -1866.88631273859 0.323750843058176 0.301763262191972 525.557640519505
"15" 0.333333333333333 -3302.12448341345 0.374084991956881 0.330504090974758 512.298529992194
"16" 0.333333333333333 -2989.25702516693 0.325903910449589 0.311360847904355 532.960806441621
"17" 0 -6310.4367429442 0.0662035968524898 0.241975059714143 679.396350446425
"18" 0.333333333333333 -2264.1171602278 0.69011367937784 0.498191420978931 337.664937748096
"19" 0.333333333333333 -1482.72877663859 0.665362282321247 0.475222159826885 347.45529600567
"20" 0.333333333333333 -3848.9531341312 0.467329703091943 0.364017025666591 453.972144147044
"21" 0 -5495.73626538595 0.0328926951708589 0.236040230199955 686.282917310391
"22" 0.5 -3440.13558271121 0.539018645852852 0.413204192240127 426.035636101919
"23" 0.333333333333333 -2194.99256565044 0.314874230757385 0.299956806606918 537.077792502439
"24" 0.5 -1436.08185423318 0.588506661208503 0.416222394910519 382.999729891866
"25" 0.333333333333333 -2273.42949120272 0.665715941748547 0.473762666878479 345.782803027367
"26" 0.333333333333333 -5500.91680225192 0.585592750030257 0.427806425903714 397.5556180279
"27" 0.5 -6105.31622339081 0.472468492858686 0.375329245410861 457.777946649294
"28" 0.5 -2636.59737814183 0.553247137051758 0.395716183650711 405.020817968424
"29" 0.333333333333333 -1779.1508933192 0.55657204812746 0.406765345340811 407.213004222582
"30" 0.333333333333333 -3747.3873754203 0.326453353628613 0.306084972872037 529.53594085112
"31" 0.333333333333333 -6780.55969277831 0.581132306146365 0.426578051190949 401.22018021961
"32" 0.333333333333333 -6169.77502591222 0.313208131546785 0.301430537360473 533.166412614845
"33" 0.333333333333333 -2291.8089116316 0.363311254251752 0.323086940685459 510.89048511975
"34" 0.333333333333333 -2698.70042038234 0.425163483366386 0.339850359747056 480.105789227469
"35" 0.166666666666667 -3259.27884705912 0.201326964995382 0.276275950449055 602.143071955501
"36" 0.333333333333333 -4644.55112657868 0.407199763869622 0.328052083938932 481.614771359379
"37" 0.333333333333333 -2754.61835841523 0.277725726050384 0.289560608804149 555.039416484232
"38" 0.333333333333333 -2435.55155541436 0.683032799034018 0.491100376767702 339.869883837062
"39" 0.333333333333333 -2028.27742674761 0.302276061076718 0.296169421612061 537.975603197096
"40" 0.166666666666667 -3050.97220503704 0.273820155167288 0.285277230010597 557.534308044962
"41" 0.333333333333333 -1808.04569659529 0.468288159324526 0.363086053052429 455.113049366814
"42" 0.166666666666667 -2672.54096471527 0.432768014816173 0.3534499885394 474.860204188479
"43" 0.166666666666667 -2507.69916298371 0.471152404268611 0.372051589639951 459.871765191632
"44" 0.333333333333333 -2778.47785180199 0.458477085848714 0.363420838347591 461.379991875659
"45" 0.166666666666667 -2360.77407935884 0.662100469742056 0.466106209727289 342.612495894555
"46" 0.5 -2498.91210688544 0.578410826955991 0.423160758101432 396.696403990523
"47" 0.5 -2126.0383949058 0.545575418957145 0.388840639875205 409.752629655355
"48" 0.333333333333333 -3742.77924745448 0.423277336128754 0.346941932442876 479.598381912778
"49" 0.333333333333333 -1753.90283141425 0.549409310264112 0.39285880139179 407.859142337658
"50" 0.333333333333333 -2551.22722997873 0.284325524077302 0.29116563618652 551.183868842118
"51" 0.166666666666667 -3278.41690420713 0.312623965840824 0.303189957237615 538.880529045884
"52" 0.166666666666667 -3406.90791536059 0.242381385553793 0.291931848266636 580.970745590224
"53" 0.166666666666667 -3470.23601450278 0.576918110300672 0.433964768769073 407.085915781592
"54" 0.166666666666667 -3586.76516098476 0.273079915638404 0.286739835667661 556.809984952665
"55" 0.166666666666667 -4882.43105964778 0.333197199517574 0.319858907338739 531.856193321978
"56" 0.333333333333333 -2593.61089061104 0.579749351374079 0.430405852319028 401.298823457339
"57" 0.333333333333333 -1669.02973467524 0.531650800572331 0.384796883297436 416.679066314572
"58" 0.166666666666667 -2707.60205767137 0.187302358083015 0.269283785047691 604.005757506378
"59" 0.166666666666667 -2532.1577850967 0.309215021119591 0.306938022503272 540.829407888569
"60" 0.5 -1683.54151656715 0.558524502122835 0.40755791453942 403.493657725875
"61" 0.333333333333333 -3371.16811681312 0.490311163030142 0.382288932386545 452.153491200518
"62" 0.166666666666667 -2354.41524620284 0.167324688603414 0.26702462850273 620.519501135522
"63" 0.5 -3550.72347837129 0.628244692833685 0.462334312001977 377.064838018676
"64" 0.333333333333333 -3134.13193221687 0.28351932652054 0.289860878648602 553.627743707085
"65" 0.333333333333333 -2703.58838892861 0.343164180250694 0.320476330146818 525.001408602868
"66" 0.333333333333333 -2538.86743076102 0.584557996150451 0.427441069140944 395.685792118509
"67" 0.166666666666667 -3499.6557070562 0.171789420957464 0.266289388313861 615.141758875921
"68" 0.333333333333333 -2772.47303641434 0.432189577135289 0.351251767459081 475.312624869216
"69" 0.333333333333333 -3505.9299459755 0.383910839490512 0.336770452988352 510.488041995175
"70" 0.333333333333333 -3723.91543028486 0.320127302616082 0.311218222500714 534.704029344232
"71" 0.5 -1810.07149842075 0.594263787516792 0.429237903075756 386.386915761838
"72" 0.333333333333333 -3184.56715697614 0.310240571697837 0.306090645707822 542.090506272891
"73" 0.333333333333333 -4858.33947719358 0.383531869381734 0.340990100799742 509.502855101624
"74" 0.333333333333333 -3765.0440803614 0.555334265807027 0.405556052767759 408.614173020597
"75" 0.166666666666667 -5089.27459968634 0.275880483591262 0.289247164237832 555.121319828846
"76" 0.5 -1265.93008415831 0.746460094582146 0.544202289850844 304.149942264415
"77" 0.166666666666667 -7585.4265187249 0.294176727495043 0.314706648480801 561.8052158718
"78" 0.166666666666667 -3589.00412592763 0.446782642866469 0.358514383057699 471.210711455194
"79" 0.166666666666667 -2531.93283562834 0.199208292868569 0.269710586846271 601.582263425621
"80" 0 -9851.23369965515 0.0825006343309034 0.250159239534818 668.710884061258
"81" 0.666666666666667 -1876.50844464651 0.598805071308279 0.423273454285821 378.189723472274
"82" 0.333333333333333 -7274.50210024741 0.330591334691697 0.315724213109828 531.602915869502
"83" 0.333333333333333 -2600.4749606526 0.59341823181545 0.427371669140188 390.206557117275
"84" 0 -6635.11436802203 0.140478087641062 0.267493769282467 641.32552281901
"85" 0.166666666666667 -3130.62815652515 0.206044750551276 0.278648679965478 596.502867656946
"86" 0.5 -2781.2797719133 0.425972325863112 0.342693099726463 472.377791000961
"87" 0.333333333333333 -1854.74468653083 0.552067271489945 0.396067470193215 402.060642017366
"88" 0 -4139.54213069125 0.0419218172030823 0.237481594339324 680.587333090836
"89" 0.166666666666667 -3785.7177768154 0.185261919041106 0.270310123840705 608.389014538389
"90" 0.5 -3368.11354821901 0.494388892367017 0.378776475900767 443.710522217071
"91" 0.166666666666667 -3077.15952657811 0.232985480258551 0.287195808495254 590.132668682304
"92" 0.166666666666667 -10698.3516548907 0.188137204977846 0.27389222642939 610.331377216498
"93" 0.5 -1817.09030026846 0.685316525485448 0.485834711759186 332.218823931238
"94" 0.333333333333333 -7166.14537750033 0.573989951680836 0.425524212557392 403.096493634826
"95" 0.166666666666667 -3785.30460326091 0.192322961008727 0.273008199156025 603.981664468383
"96" 0.166666666666667 -4105.77957401367 0.273081042254202 0.303993192176941 567.197782097477
"97" 0.166666666666667 -4073.17292409943 0.395919794906625 0.329447287628861 488.108694869967
"98" 0.333333333333333 -2894.75863125318 0.674601786108319 0.471137600593786 337.394745002757
"99" 0.5 -3940.53625078355 0.481556730285609 0.376919687886344 457.751839561143
"100" 0.333333333333333 -1997.21536904301 0.421691802731795 0.342698754325794 479.415876766935
"101" 0.333333333333333 -5961.77232198921 0.479401370677292 0.374105804313174 459.736067255423
"102" 0.333333333333333 -4602.74583000637 0.483146035468425 0.384114092825085 455.90778818567
"103" 0.166666666666667 -2921.0744723667 0.299808714237474 0.299947378433306 548.030103336775
"104" 0.166666666666667 -2301.89195710293 0.423798984967622 0.34061773021797 477.667308803194
"105" 0.5 -1277.17470306833 0.701822778859685 0.497555528126989 324.481988557871
"106" 0.166666666666667 -1873.87156239458 0.572489766672679 0.41546758050125 398.851367420913
"107" 0.333333333333333 -2964.11062077686 0.333155219436368 0.305230030728792 526.361639011092
"108" 0.5 -2440.60439365059 0.485260475492471 0.369233363121005 443.601343549276
"109" 0.166666666666667 -4547.98479902254 0.33919095486297 0.321269577486066 527.686690779496
"110" 0.333333333333333 -2617.11312639512 0.405892823618564 0.330700713274156 484.57971154094
"111" 0.166666666666667 -2828.94659111426 0.335379501910925 0.320271564659462 531.33233497378
"112" 0.5 -2432.21168883918 0.597040636148762 0.421669990156533 381.096857135254
"113" 0.333333333333333 -1907.94097610608 0.544337228581514 0.394462530523286 410.378054566961
"114" 0.666666666666667 -1325.56870196465 0.576686341036091 0.411141247679855 390.027899438189
"115" 0.333333333333333 -2114.18931281758 0.308867500264454 0.297728572151673 538.985214831878
"116" 0.333333333333333 -6195.60645514723 0.440293513474995 0.341891129528003 467.197698269389
"117" 0.166666666666667 -2701.43964948747 0.206081688281285 0.277896237160256 595.544668795611
"118" 0.166666666666667 -3482.25767858841 0.170507372904411 0.263035245867029 614.157469859917
"119" 0.5 -1194.92239309071 0.726871422143516 0.512531611628097 308.517937364941
"120" 0.166666666666667 -2509.77057983043 0.183673809340616 0.262896964782364 601.123170780973
"121" 0.333333333333333 -3164.42922092855 0.616382816986754 0.451263820184628 383.226581654965
"122" 0.166666666666667 -5524.34307595177 0.170819038104668 0.263515491292057 610.628995052713
"123" 0.333333333333333 -2211.95945956951 0.314191306624759 0.306836460286142 540.33846367579
"124" 0.166666666666667 -4387.94833799374 0.253472718364331 0.295660544518441 577.922548162693
"125" 0.166666666666667 -6765.15810993709 0.236952392668152 0.289089050142779 592.335533681931
"126" 0.333333333333333 -3186.97751725607 0.466001409806583 0.367096975120871 462.950025340612
"127" 0.166666666666667 -2586.56967517872 0.173517162977672 0.265775170423802 614.673813876114
"128" 0.166666666666667 -3202.26019041896 0.331859876250443 0.316262618099748 530.868258959986
"129" 0.5 -2523.97218226449 0.45713260142813 0.36401691632452 464.378714192635
"130" 0.333333333333333 -2921.00206571939 0.578010858388736 0.428297146328903 403.619438100478
"131" 0.666666666666667 -1149.21840894419 0.570995247244567 0.406986126087653 392.399069158442
"132" 0.166666666666667 -1442.15032285904 0.535891431323883 0.390837726322486 412.278212331398
"133" 0.333333333333333 -3671.17276681327 0.484494450371542 0.383419600750442 454.0474521294
"134" 0.166666666666667 -3259.07999038047 0.211803299574048 0.278688664519137 600.496318480326
"135" 0 -2552.66295676548 0.0141925767267385 0.229312590553274 695.578027125355
"136" 0.166666666666667 -4758.04001883685 0.466011401947163 0.370802909851109 469.65736875775
"137" 0.333333333333333 -3127.19191910079 0.48158576557093 0.379732868790765 457.5870093039
"138" 0.5 -3146.09458510926 0.597718715513661 0.435189342392559 385.883583343052
"139" 0.333333333333333 -4373.71620947556 0.418957381769942 0.358503363272665 491.805101479043
"140" 0.5 -3977.83115862641 0.625667012361141 0.455247805367623 376.214223352587
"141" 0.5 -2153.81227444443 0.569713572345677 0.415851799969131 401.963234808075
"142" 0.166666666666667 -7685.97110371184 0.515386663917444 0.402348484643983 442.086926847568
"143" 0.333333333333333 -7767.57000578927 0.443423050582705 0.354113199610708 473.785702213109
"144" 0.166666666666667 -5466.40219236114 0.265217487416003 0.294452385655552 567.194404822798
"145" 0.333333333333333 -2846.33170973976 0.493400973219156 0.376500354835216 442.212704437529
"146" 0.333333333333333 -1433.88044574083 0.568459063004714 0.407140570662896 397.956153904623
"147" 0.333333333333333 -3365.23238343395 0.747101490899232 0.558998961868172 314.535781545914
"148" 0.166666666666667 -4915.25563262529 0.4229224822995 0.342862652669094 481.590894401015
"149" 0.166666666666667 -5096.24771359264 0.278480631412769 0.288341532187431 556.007393440476
"150" 0.333333333333333 -3947.90047491893 0.453149668635011 0.363663315743999 464.351384498517
"151" 0.166666666666667 -9285.76914228283 0.176913367298948 0.259931636477383 611.175830338441
"152" 0.166666666666667 -2223.594636449 0.284783218370993 0.29381001507096 554.138611112325
"153" 0.166666666666667 -3477.20039924153 0.200335845954569 0.272397835407163 595.301881364954
"154" 0.333333333333333 -4278.59457366466 0.489345600076481 0.377110526607885 446.535214214516
"155" 0.333333333333333 -1809.90067277681 0.435746383512296 0.339303381528697 467.466264599678
"156" 0.333333333333333 -1574.8036181033 0.5405306434365 0.390654924255236 411.669538068282
"157" 0.333333333333333 -5992.09511216611 0.35432811879133 0.315195428762314 521.087344283261
"158" 0.333333333333333 -4862.14457477508 0.457568655121971 0.363997891308317 461.781065962114
"159" 0.166666666666667 -5818.55652974244 0.234280428167477 0.290156678056374 588.738617915683
"160" 0.5 -4676.96554374492 0.685394518595373 0.491156933518646 337.97323578517
"161" 0.166666666666667 -3126.93987697108 0.318675293040502 0.305668808026882 538.761671413307
"162" 0.333333333333333 -1750.7761678179 0.544384735609331 0.394231576455605 412.044325570331
"163" 0.333333333333333 -2419.89328868646 0.292673354525582 0.296730826402825 545.83225639083
"164" 0 -14807.9363040741 0.12457760832883 0.263542887390111 649.488031459309
"165" 0.333333333333333 -1785.07060016629 0.466905025827383 0.36164219438313 455.239529944444
"166" 0.166666666666667 -4082.66973361861 0.343726913917182 0.321931307827111 523.698513938149
"167" 0.333333333333333 -2031.11340867205 0.559639592770744 0.413675787595705 408.76038718893
"168" 0.333333333333333 -4269.43504998189 0.361189783323565 0.323026937701706 513.866351703764
"169" 0.166666666666667 -3696.53983017207 0.178691820692624 0.268600815612982 611.824863135722
"170" 0.5 -2846.70939794472 0.620771563124598 0.453229276210959 377.063894404832
"171" 0.166666666666667 -2111.59566540206 0.541298684717561 0.3874574762097 410.599717721681
"172" 0.333333333333333 -2234.15182035248 0.670430074016366 0.484285521325795 348.770129897515
"173" 0.166666666666667 -4638.92794619609 0.307204000438655 0.303776249346616 541.696067635668
"174" 0.166666666666667 -4348.97427161309 0.367248718611226 0.334221889176502 515.805785504007
"175" 0.5 -1438.63942252383 0.746619713538591 0.53770721601712 299.524488113867
"176" 0.333333333333333 -1917.3120388253 0.560912839987748 0.412194688764465 406.001936652418
"177" 0.166666666666667 -6485.53902126287 0.405639723496854 0.331158932590166 486.402399891755
"178" 0.166666666666667 -2428.49782615125 0.313526557405379 0.308001548522145 541.236945650272
"179" 0.5 -1145.62097275511 0.745353805690699 0.533888996211897 299.391663077334
"180" 0.166666666666667 -1875.06360297383 0.673126496222055 0.472898614360597 338.636075205391
"181" 0.333333333333333 -2610.98715670852 0.473286125762655 0.361487770126389 451.762750220648
"182" 0.166666666666667 -2673.7880166682 0.533834887203422 0.389578130424042 416.46049357244
"183" 0.166666666666667 -2388.38383336031 0.142932988455564 0.255133424443287 625.686239452031
"184" 0.166666666666667 -3745.43467207484 0.286177561829544 0.291111469266234 553.156990161363
"185" 0.166666666666667 -1732.01454609634 0.537424281281336 0.391444166122068 411.734279505105
"186" 0 -5026.74046347997 0.00589957788899254 0.229326903522372 701.917701820098
"187" 0.166666666666667 -5496.19434132435 0.30233402844259 0.299113994788653 541.923800123681
"188" 0.333333333333333 -2585.16690348309 0.32910715380658 0.30293429000909 523.062939841021
"189" 0.333333333333333 -2941.29119390474 0.560383604517829 0.398661825761794 398.931333440065
"190" 0.166666666666667 -4172.48204021832 0.194754725603377 0.265868960174689 600.369805053505
"191" 0.333333333333333 -3316.74736413387 0.322160470958892 0.309725087875118 534.802697817434
"192" 0.5 -2352.10696154679 0.597573346223432 0.423080226827099 381.145480814273
"193" 0.166666666666667 -4717.77175204686 0.325257734896394 0.313197452088138 536.755618089531
"194" 0.333333333333333 -3514.62240060197 0.337463901192933 0.316867720304732 528.586629210843
"195" 0 -2984.09415515241 0.0085024726681644 0.229734448870395 700.896889906353
"196" 0.166666666666667 -11937.7839470137 0.263509154003845 0.28108685124985 562.64986716375
"197" 0.166666666666667 -1935.75955468575 0.402276575931203 0.325604637321375 486.747393957095
"198" 0 -10673.5119462486 0.0435959529425322 0.239303907967672 686.328822383971
"199" 0.333333333333333 -2342.28806534866 0.430337368111328 0.344883412596324 472.974946084339
"200" 0.166666666666667 -4875.20005716807 0.268532156873736 0.303100635702597 569.984693769866
"201" 0.333333333333333 -4760.12672313036 0.524300354102512 0.38144040185801 416.792664669489
"202" 0.166666666666667 -5672.68675077317 0.206312197331241 0.280463261150427 602.212193619448
"203" 0.166666666666667 -2109.70688468709 0.560938057612033 0.414698354416649 407.96230172863
"204" 0.166666666666667 -3191.86787990488 0.159821452994823 0.26135867604118 616.61357478064
"205" 0.333333333333333 -3928.43789680435 0.573110533884269 0.419594584308423 400.665510069171
"206" 0.166666666666667 -3448.02746085391 0.484633026759436 0.383989523736267 455.671317872591
"207" 0.166666666666667 -1651.59272990406 0.446650708140229 0.352044428240589 461.680382172426
"208" 0.166666666666667 -2384.64558892699 0.283830050984965 0.29322411501225 552.674124913604
"209" 0.333333333333333 -3060.76451265829 0.442350514695915 0.35408918250938 471.905927379348
"210" 0.5 -5145.06272392783 0.58964683893623 0.418739271190689 385.668350721081
"211" 0.333333333333333 -8213.88696000193 0.473691749540798 0.38046179336721 463.544975009677
"212" 0.333333333333333 -1806.76450102476 0.412605967886382 0.333686928803649 482.335528508981
"213" 0.5 -2540.05043515265 0.479745713835869 0.370242610657028 449.236410719133
"214" 0 -5119.7886543195 0.112414799517559 0.256181783508601 655.431291112257
"215" 0.166666666666667 -3524.11893781629 0.150302985607678 0.258328443393349 626.02280177694
"216" 0.333333333333333 -5118.62951446021 0.685711287541111 0.491287098701121 339.151822299778
"217" 0.166666666666667 -6777.9162010085 0.297218783106489 0.29931813503699 545.455762646266
"218" 0.333333333333333 -4504.9538966899 0.480503626195816 0.362944394874325 444.665901444282
"219" 0 -2295.78380225156 0.0123744373316897 0.229046967668155 695.0258602769
"220" 0.166666666666667 -5603.19642733185 0.279212541698569 0.304143164005782 569.115954288747
"221" 0.166666666666667 -4247.5345224332 0.343526234271747 0.319045243055773 526.722024175979
"222" 0.333333333333333 -2413.49500558649 0.616496779558533 0.439055497532946 373.770542275719
"223" 0.333333333333333 -2188.59000897913 0.406661625699074 0.330091909525834 487.111048371904
"224" 0.5 -1255.8502037804 0.723264433960023 0.523073909875276 315.465124697285
"225" 0.333333333333333 -2146.66818521702 0.552365016091815 0.404602400242468 412.120605931408
"226" 0 -7031.36939877159 0.0227272860204799 0.233839292047779 693.122027899243
"227" 0.166666666666667 -3960.45570059428 0.22682746521769 0.283159144453702 590.16529473936
"228" 0 -6540.33830156352 0.100354931001438 0.255738346834868 659.98545099051
"229" 0.166666666666667 -1751.56692590135 0.403961179174694 0.33085679575361 488.309779831674
"230" 0.166666666666667 -3722.36336285263 0.288793236258358 0.292956524897306 550.98092391399
"231" 0.166666666666667 -3942.61096362411 0.212187168745656 0.278581455254048 593.601464227587
"232" 0.333333333333333 -4428.04587704917 0.322241827319933 0.307320023339222 530.058209141577
"233" 0.333333333333333 -4441.00006443899 0.506121003146591 0.390703767579081 439.118011845753
"234" 0.333333333333333 -3303.89526295596 0.461078528888043 0.362471489259909 463.682661376509
"235" 0.166666666666667 -3681.03431059174 0.236350626733675 0.286733948030379 586.882435135078
"236" 0 -2574.11017342132 0.0598783788133933 0.243502906745097 676.670953101944
"237" 0 -8590.44342486314 0.120140799345558 0.259684597680241 651.280957231682
"238" 0.166666666666667 -6181.5402747031 0.336899980408409 0.305080195676816 518.651291314175
"239" 0.5 -1903.65064312588 0.426116631459152 0.344128696949764 475.586568332918
"240" 0 -7287.04887590382 0.0866259234864042 0.249453443088237 670.147071681544
"241" 0.333333333333333 -1700.09091534615 0.613445247721143 0.446195589030771 377.579121235944
"242" 0.5 -1998.35970958896 0.413638544908334 0.33480289676766 479.864472673775
"243" 0.5 -1863.50163013888 0.697136580758533 0.496629927897587 326.691219783388
"244" 0.5 -1057.46146767678 0.707579560480848 0.503608311814209 320.574624298373
"245" 0.5 -4240.42092789314 0.703823566994421 0.50631678749902 324.219259000546
"246" 0.166666666666667 -4756.8230092613 0.13543984871975 0.250871232940375 631.782115267275
"247" 0.166666666666667 -5591.80870134583 0.217565739399779 0.280242245914384 595.584232444176
"248" 0.333333333333333 -5968.60320744555 0.343224786174703 0.310086112081513 520.605654720729
"249" 0.166666666666667 -3808.25372057156 0.320443827148157 0.309966030241833 534.962391690793
"250" 0.166666666666667 -3628.23259513381 0.189207520316959 0.270579807988079 604.625442587258
"251" 0.166666666666667 -3772.70382682427 0.151885381420185 0.256961531200537 624.347028491972
"252" 0.5 -5564.19513754613 0.534754553654461 0.409750594036206 430.21961925691
"253" 0.166666666666667 -2246.85267773561 0.288909312920542 0.29092238743664 546.712995855394
"254" 0.166666666666667 -4637.44745373909 0.220526265266702 0.283351814492632 594.083725350141
"255" 0.5 -2981.20347422256 0.468659987210102 0.360891082575929 450.875687026279
"256" 0.166666666666667 -2944.75866739901 0.15109655885717 0.25509890330879 625.29503971719
"257" 0.5 -3325.77863808035 0.480141628313734 0.369245064126069 450.420962563157
"258" 0.333333333333333 -3790.44220326668 0.415297401208986 0.337373900934802 481.03628046629
"259" 0.333333333333333 -5708.164295988 0.642713675658443 0.47070393326274 369.382152778469
"260" 0.5 -1733.41195493619 0.550163232737262 0.394698964982316 408.697682915442
"261" 0.333333333333333 -2490.04062052679 0.412587257217293 0.331125699882934 477.745436987118
"262" 0.333333333333333 -1532.90527202499 0.447876145328713 0.345114403101729 460.056226067361
"263" 0.166666666666667 -3086.41890700606 0.170317420317372 0.263587617458274 616.247546242294
"264" 0.166666666666667 -3927.51192415072 0.214044961303114 0.272536683913133 591.582104333187
"265" 0.333333333333333 -6829.42166996016 0.281100429895337 0.290477941533467 553.934406057512
"266" 0.5 -1756.80151016986 0.686717369479216 0.49198662034712 335.566596574371
"267" 0.333333333333333 -2846.28226649508 0.370940255301147 0.335423043269344 512.384902883693
"268" 0.166666666666667 -1662.93773938723 0.669620208149427 0.476048584176678 345.953376614198
"269" 0.333333333333333 -2911.34070440482 0.631298531657383 0.464736492616314 377.341896440601
"270" 0.333333333333333 -2631.70909526598 0.556362307344488 0.407820443929035 407.561322799476
"271" 0.5 -1920.43963176864 0.691396437086437 0.497337405044652 336.275585075712
"272" 0.166666666666667 -2573.18337423198 0.164287212988332 0.26128278668257 617.842401651712
"273" 0.166666666666667 -5228.84068960735 0.193797246762754 0.270700311470413 605.148598838761
"274" 0.333333333333333 -4267.04534306228 0.263561295401744 0.283391351070679 560.354850779602
"275" 0.333333333333333 -3824.64473787807 0.392625745960957 0.339352213589936 502.340093779122
"276" 0.166666666666667 -3675.7067331983 0.171795104768316 0.267916686318499 616.856087771431
"277" 0.333333333333333 -6579.98441071986 0.54541387792831 0.389400022327022 410.715391539421
"278" 0.333333333333333 -4011.16889602311 0.34127792635906 0.321224599938164 525.656253286498
"279" 0.166666666666667 -2817.32245473816 0.20824093358651 0.275329839581293 596.964670972282
"280" 0.166666666666667 -4239.366157506 0.176664543497106 0.264692720631761 614.052318878972
"281" 0 -6806.05901405634 0.0670763098865876 0.24423615732969 672.300598584465
"282" 0.333333333333333 -6617.07762727503 0.344752502544057 0.323588755276838 526.487995654554
"283" 0.166666666666667 -2592.90675027175 0.19792041144637 0.270666237809913 600.611878869822
"284" 0.166666666666667 -2207.35434879788 0.536693013298711 0.384053486640929 413.571782203193
"285" 0.333333333333333 -3397.23136437552 0.432108688903188 0.351671004751465 475.036367757793
"286" 0.333333333333333 -3761.13143216838 0.681144453596394 0.493755442926442 343.186230545188
"287" 0.5 -1744.17915098306 0.465736886514378 0.359509142547582 455.217428570148
"288" 0 -6204.90233185072 0.00727890645061846 0.225715322345345 701.154996105155
"289" 0.5 -2781.63762076422 0.651862285693059 0.47103306600396 362.185833490128
"290" 0.333333333333333 -3555.04549253523 0.35496140145938 0.328193666745253 523.977313055715
"291" 0.5 -4034.38589056975 0.467993529521753 0.371634871290038 460.369374975958
"292" 0.333333333333333 -1162.84414872655 0.655517999250397 0.460592984098995 349.475248076662
"293" 0.166666666666667 -1533.64112970798 0.680676510741071 0.479197471871081 335.966901049088
"294" 0.166666666666667 -2750.45308691489 0.422932561714889 0.343407921646904 477.373781017831
"295" 0.333333333333333 -6141.89866578335 0.580555583157461 0.417369238618828 393.739529921336
"296" 0.5 -2028.83158403874 0.419008159124814 0.334962199041316 479.91288090389
"297" 0.5 -2701.32140531081 0.591197778503653 0.423934075859369 387.788357553491
"298" 0.5 -2116.45392965362 0.562173339831852 0.410227419520589 404.334071076044
"299" 0 -6788.66280693574 0.170713387361557 0.278758232932455 627.49308443116
"300" 0.166666666666667 -5843.89017559481 0.18795877082524 0.269316838258964 609.534032162593
"301" 0.333333333333333 -1958.30326782822 0.680382449587336 0.487469968603223 339.499653260212
"302" 0.333333333333333 -2804.59377367945 0.284249418785005 0.296531156896462 551.110491981346
"303" 0.333333333333333 -4077.93091803281 0.502615033398483 0.39350373193991 449.201814903389
"304" 0.166666666666667 -3120.4429522737 0.422727018780952 0.343355766470854 481.031646562403
"305" 0.166666666666667 -3278.8982908638 0.133271537797115 0.253442602176535 631.057000201265
"306" 0.333333333333333 -3258.46225771721 0.4641204118459 0.373902531206171 461.877539599652
"307" 0.333333333333333 -4088.08680671377 0.468100690486189 0.36793909498398 459.323029048217
"308" 0.166666666666667 -4821.78292542918 0.364248729753999 0.320893400816921 513.000317054533
"309" 0.333333333333333 -1789.61436139235 0.559181593110165 0.405004385143251 400.427769862162
"310" 0.166666666666667 -6244.6104773311 0.282443538384288 0.299707558076187 562.637798058521
"311" 0.333333333333333 -5464.1730550297 0.550127334269682 0.396667080916097 405.561193049618
"312" 0.5 -2104.37191709729 0.630026439903067 0.461469302044734 372.936545852618
"313" 0.5 -1938.50367589984 0.737066158589287 0.539211195483654 311.32571555702
"314" 0 -4812.40640959116 0.0809628814983082 0.25103917927916 669.874780575244
"315" 0.166666666666667 -3612.38010149461 0.229134891003239 0.286839616503116 587.829681079264
"316" 0.5 -1718.12770972032 0.574356337569788 0.415945840174895 394.522269968409
"317" 0.166666666666667 -4007.19907206678 0.418560667526134 0.339150541965606 480.802967290895
"318" 0.5 -5066.50118855956 0.559076324760875 0.404132578332757 401.165254163556
"319" 0.333333333333333 -2713.53538464589 0.371306287507256 0.329411789423874 509.438422694919
"320" 0.166666666666667 -3507.63887833825 0.382335814002233 0.341785112881544 510.008115534287
"321" 0.333333333333333 -2255.25810691184 0.431092939200635 0.344875578166843 478.463663027098
"322" 0.166666666666667 -2978.34716899805 0.214518308411456 0.283834657590389 594.9013740325
"323" 0.166666666666667 -2424.28237760792 0.156192594858639 0.259860803635012 618.905280015466
"324" 0.166666666666667 -6128.5268051758 0.169918962535013 0.263537158211367 616.394038534176
"325" 0.166666666666667 -1838.09639465923 0.542817387426868 0.394194513695357 409.244858321908
"326" 0.166666666666667 -2606.87861123436 0.136493032433772 0.253399982429591 633.628368229885
"327" 0.333333333333333 -3796.45265911618 0.684010985031264 0.4973833292423 340.981965518743
"328" 0.166666666666667 -8661.67596980104 0.293198132166693 0.313630482021712 558.681039236172
"329" 0.333333333333333 -1837.70400887811 0.446459909871758 0.342633014515816 462.913590175007
"330" 0 -5795.34186826657 0.0710087727838747 0.245990463292244 672.752574595716
"331" 0.333333333333333 -5319.13696114251 0.411870528220054 0.332904125900503 481.996811399492
"332" 0.166666666666667 -2898.28836551233 0.348453329911247 0.322640647831845 522.608129143319
"333" 0.166666666666667 -4043.85795280013 0.149640440460518 0.255899419645461 626.104921373737
"334" 0.166666666666667 -4963.73733398199 0.228398749569289 0.27924438679242 588.391704716277
"335" 0.333333333333333 -4299.00167563827 0.578136987714065 0.433070719540429 402.855088302935
"336" 0.333333333333333 -3252.64190718104 0.685112584271529 0.488554097545475 335.321157906402
"337" 0.5 -2453.59482587853 0.505088638572374 0.389431090332597 439.092295076535
"338" 0.166666666666667 -2647.58294335824 0.181927851388684 0.268752196541584 606.51080706967
"339" 0.5 -1562.74959862583 0.573092704245324 0.41149536057111 395.286628382804
"340" 0.333333333333333 -1558.92190224219 0.565907044240866 0.405111340905857 397.799324293179
"341" 0.333333333333333 -3823.69242255849 0.361822908114601 0.330108902925141 515.243822827795
"342" 0.333333333333333 -3218.21687462021 0.44848216720653 0.349079441207246 457.851764388906
"343" 0 -11102.7212631539 0.159565123322674 0.273922254133342 632.600649831549
"344" 0.333333333333333 -2046.54711685807 0.549074709547033 0.39363460836783 409.442366943916
"345" 0.333333333333333 -3139.6545160185 0.5770731354464 0.415707880467565 394.385865480441
"346" 0.5 -3197.13039114293 0.509499654953306 0.398459218328819 442.999586714094
"347" 0.166666666666667 -2323.12628453575 0.290242233030041 0.295201008627147 550.229893818556
"348" 0.333333333333333 -1660.22639274886 0.667114722459216 0.472242100826841 343.423886202124
"349" 0.166666666666667 -8161.65559774071 0.157552643410645 0.260970276993548 624.945546018262
"350" 0.5 -1495.59594733648 0.468263245234751 0.360184784535497 452.267541459575
"351" 0.333333333333333 -2464.9091386288 0.426160392713436 0.342184506903806 476.343378636218
"352" 0.5 -2461.9392334822 0.575752498172892 0.417153133479651 398.149822445388
"353" 0.166666666666667 -2487.84093811107 0.278870030908088 0.287020190081849 552.792998268886
"354" 0.5 -3285.22045790537 0.621066542533993 0.453823597421665 375.833394436911
"355" 0.333333333333333 -2251.68137156496 0.419747497943035 0.338550690483914 476.789432675776
"356" 0.333333333333333 -1268.62763414872 0.684117484071309 0.482057897884687 331.009731022816
"357" 0.333333333333333 -6625.91152315998 0.528093953188523 0.380659362582567 418.87735303269
"358" 0.333333333333333 -4130.64588134008 0.4134543292464 0.353247898329075 494.160347773379
"359" 0 -4287.47841004793 0.020116487631451 0.233201474625099 697.140954442427
"360" 0.166666666666667 -4664.81936872011 0.309641075582297 0.303450864787438 541.284201092669
"361" 0.333333333333333 -5376.27406918755 0.398400392145591 0.347105793424305 502.629652927269
"362" 0.166666666666667 -4266.6295735918 0.273002662211459 0.285795639747403 557.221965598431
"363" 0.166666666666667 -4694.52991218147 0.595555185080962 0.447801935903294 399.609805613803
"364" 0.166666666666667 -2474.43945525474 0.203192977612528 0.269980160403477 591.646964117349
"365" 0.166666666666667 -3778.88484536603 0.320562209351349 0.311343278456113 535.199430096114
"366" 0.5 -3521.93049749696 0.575220064589239 0.417726669906904 396.801875317818
"367" 0 -2679.11873217551 0.00181374243021448 0.227036166661642 701.615331051871
"368" 0.166666666666667 -4013.34875841321 0.576454623445255 0.424912777111328 403.665826309239
"369" 0.5 -2294.45456480708 0.680493658647964 0.492579045699141 343.164367141086
"370" 0 -4890.27526840339 0.0480696063073917 0.242462451115943 678.820446078817
"371" 0.333333333333333 -2247.66620764065 0.439219735698857 0.350588363042823 472.455282974336
"372" 0.333333333333333 -2064.99545091782 0.40930097159435 0.3345364959983 479.84266248541
"373" 0.166666666666667 -2094.50509591139 0.292599963576999 0.29516945976977 548.283561977546
"374" 0.166666666666667 -2172.14129204213 0.409714433683938 0.331704168214329 484.492191289447
"375" 0.5 -1316.51601340379 0.433956128581785 0.34080922580955 467.445146219479
"376" 0.333333333333333 -2414.65157078388 0.335154634974686 0.308901537644911 525.14690744112
"377" 0.166666666666667 -2660.29006525882 0.171183621301816 0.266670946357281 613.235664735758
"378" 0.333333333333333 -6474.07518465274 0.606328903094432 0.450062411834706 395.078531404072
"379" 0.5 -4166.51067737115 0.541472404832282 0.38564958676587 412.256838452071
"380" 0.333333333333333 -2764.76030352721 0.405896472799644 0.328323751689281 487.922663902165
"381" 0.166666666666667 -8716.30953314222 0.156925988720306 0.260243834118795 619.466009205231
"382" 0.333333333333333 -2675.90558922548 0.55059210639104 0.402156867758265 406.957293747982
"383" 0 -5003.69077738742 0.0277378158412944 0.235102271829376 691.94551814422
"384" 0.333333333333333 -3894.30311030457 0.407530683891878 0.332453168196705 483.696959385253
"385" 0.333333333333333 -2296.67704715411 0.286794386937053 0.294349973779722 552.165995742648
"386" 0.333333333333333 -2949.0604527665 0.567182140099325 0.415635324153415 407.817070704268
"387" 0.333333333333333 -1647.04754322283 0.48472300420517 0.375322932982196 447.497283342457
"388" 0.333333333333333 -2044.63663761649 0.725952791053098 0.534823531580817 322.523045451078
"389" 0.166666666666667 -4481.25098167962 0.167708052669951 0.263683443821171 612.811637670756
"390" 0.166666666666667 -3497.38514031979 0.196311568060872 0.275352612897069 605.250969393633
"391" 0.166666666666667 -3475.44889367845 0.243604704555661 0.292334741895898 581.526097246027
"392" 0.333333333333333 -4760.76992127472 0.608119287470863 0.449776631815221 390.59737823141
"393" 0.333333333333333 -5230.95670436496 0.409710063171168 0.331436880338447 483.173221520579
"394" 0.166666666666667 -3844.07896153647 0.25130072022896 0.294106202322718 582.617744666722
"395" 0.333333333333333 -1591.44872119677 0.545046517927856 0.394257482664865 410.130758249259
"396" 0.166666666666667 -3016.90507291901 0.679497784400891 0.490898140559396 345.281016100582
"397" 0.333333333333333 -2887.91875466571 0.454433001294422 0.348054018486941 461.125521779351
"398" 0.5 -2403.74818268259 0.445595534178986 0.347769414904154 462.907844116189
"399" 0.166666666666667 -6216.05523493174 0.329097903865689 0.312956721980575 533.245066257485
"400" 0.333333333333333 -3681.53409041889 0.55405842906817 0.40158820866543 408.58855787121
"401" 0.333333333333333 -1405.56959937361 0.543062062789296 0.396707401273857 410.182346688386
"402" 0.333333333333333 -6511.76868019311 0.28919882959844 0.29231936069029 546.679840328544
"403" 0.166666666666667 -3693.74709471838 0.311167274460985 0.305384258917995 539.448055588931
"404" 0.333333333333333 -3579.18729747366 0.373839007465268 0.331995236555921 508.940408053307
"405" 0.5 -2309.64608342477 0.563093517814078 0.410863694990031 403.378469735221
"406" 0.166666666666667 -2895.48576056413 0.313467488091968 0.306213784926617 540.684766247508
"407" 0.333333333333333 -6152.70791747566 0.399296777624816 0.350076650518869 504.686698553944
"408" 0.333333333333333 -2227.31619937248 0.500452097102692 0.383287626028986 438.012534438027
"409" 0.5 -2992.46433662247 0.433338573063583 0.348082290941177 469.892730791273
"410" 0 -3228.57714036824 0.00224884058109931 0.226176504962989 698.378455195774
"411" 0.166666666666667 -3000.37362758317 0.233697603597937 0.292056391764941 586.21043729221
"412" 0.5 -3504.76919258001 0.473759622610921 0.371346931424359 453.068156986905
"413" 0.333333333333333 -3694.43884612167 0.344307402600178 0.320242891038538 524.794960887579
"414" 0.333333333333333 -2925.89327675391 0.467486371300278 0.367259977904993 460.268958189699
"415" 0.166666666666667 -5978.04086032407 0.328074102063106 0.32323786891969 542.082070622291
"416" 0.5 -3690.99047370972 0.468032065405164 0.362133327589387 456.724132420041
"417" 0.333333333333333 -4316.85219917428 0.468594070228303 0.361797587925541 455.53459076013
"418" 0 -4576.84014176027 0.105950545998168 0.256526791940431 652.644953083782
"419" 0.166666666666667 -2947.06210323584 0.221086245865782 0.282453349793311 591.659118466498
"420" 0.333333333333333 -2402.97842174844 0.413585266425779 0.334240379980029 477.385432330694
"421" 0.333333333333333 -5228.1392322437 0.427118244828715 0.343757854784481 474.033263196121
"422" 0.333333333333333 -5594.21627999056 0.443018495526218 0.355490608049682 473.071337674023
"423" 0.333333333333333 -8330.74676267935 0.39989564121859 0.347264452676841 504.812106806866
"424" 0.5 -3702.52917983029 0.458712314566443 0.354685191316224 454.062447559065
"425" 0.333333333333333 -1948.33418652021 0.430109990439135 0.344527231120437 475.541288058495
"426" 0.166666666666667 -4164.18209203355 0.293176835568855 0.308939461531758 558.939234970941
"427" 0.166666666666667 -3303.55870114853 0.292934316599394 0.300839905809574 548.959567989619
"428" 0.333333333333333 -2397.1983245122 0.738537163742125 0.542635300881978 312.926787034771
"429" 0.333333333333333 -3178.31599438571 0.463344826360096 0.368161266929874 462.202866289974
"430" 0.166666666666667 -3382.91013711398 0.310793381240283 0.3073507375364 541.231580682879
"431" 0.166666666666667 -4326.5476598217 0.228110929704217 0.286061518843971 593.716572985344
"432" 0.333333333333333 -2060.19756003386 0.573857971388287 0.40993033761415 393.826305970352
"433" 0.166666666666667 -3425.98249946085 0.482518973716457 0.382109516648493 455.573062725656
"434" 0.166666666666667 -4390.36907671787 0.171660473128619 0.262925226567491 617.577237001178
"435" 0.166666666666667 -5915.79478709622 0.184623419195706 0.266320901111196 609.17595129048
"436" 0.333333333333333 -3467.7559208687 0.348065217274417 0.320174476609945 525.297893685824
"437" 0.5 -2568.61184126402 0.465742435035328 0.362038150298072 456.164049853443
"438" 0.166666666666667 -3222.79390598607 0.417104929980896 0.33449402358954 478.064882676106
"439" 0 -4150.10375757236 0.113739898179149 0.261461937713285 651.188760454662
"440" 0.166666666666667 -3599.74707670533 0.291116442542221 0.308809976032752 554.802421778906
"441" 0.166666666666667 -2892.63294886705 0.531483615862642 0.38746669381078 418.554899834353
"442" 0.333333333333333 -2065.74283709048 0.329791962511212 0.310008393546339 524.292043755914
"443" 0.166666666666667 -3742.09512461892 0.168441619608653 0.263678534230251 611.982376609952
"444" 0.166666666666667 -3392.22856257398 0.416561758976512 0.336338394108865 479.67199720433
"445" 0.333333333333333 -3785.96801308238 0.332968455112764 0.313301973307731 530.259913052141
"446" 0.166666666666667 -3800.83639789131 0.680585366928816 0.503888014145132 349.408935382706
"447" 0.333333333333333 -2429.655040294 0.547210820610612 0.400082352007836 411.34274105269
"448" 0.166666666666667 -3264.46900084588 0.145477503621087 0.256160127880744 624.552138841292
"449" 0.333333333333333 -2578.04097272316 0.456355973745871 0.365125380145325 467.99230655951
"450" 0.166666666666667 -2277.20078467112 0.293724349678073 0.29817345990454 544.553556807886
"451" 0.666666666666667 -2131.49379785056 0.581863931722207 0.410688797135293 388.333421014016
"452" 0.333333333333333 -2657.10282973423 0.549972941163514 0.399468314240554 408.854987735208
"453" 0.166666666666667 -3782.74534686658 0.176354551473688 0.26610713497558 616.107249159599
"454" 0.166666666666667 -4877.64870152896 0.411208534709444 0.335890509641563 484.303760258842
"455" 0.333333333333333 -1306.42993089816 0.663995137873535 0.471480833329942 348.02014990442
"456" 0 -4870.12281736399 0.0370807436599703 0.234756044968452 689.757415922894
"457" 0.333333333333333 -3671.65497933238 0.45064911109962 0.35873085991338 465.823804776219
"458" 0.333333333333333 -3075.53301656241 0.32790962329493 0.306804615115381 527.671822573047
"459" 0.333333333333333 -4472.57673822187 0.569337216543736 0.41637161103749 402.153322950273
"460" 0.5 -1649.01121268851 0.572320472645769 0.409779075851949 392.895935328782
"461" 0.333333333333333 -1661.03937244279 0.535115905521537 0.385477613458943 413.000119555835
"462" 0 -4805.51092648438 0.0540358237276708 0.241531625958061 675.3087658562
"463" 0.166666666666667 -2327.48453677514 0.276222077617936 0.290008250572506 553.737999249867
"464" 0.166666666666667 -4061.16161109384 0.384430196000026 0.339613413863186 509.39582778872
"465" 0.166666666666667 -4448.33849621266 0.238874046502549 0.288799283026675 582.54334576109
"466" 0.333333333333333 -1998.5677367487 0.413896419720893 0.337307530426947 482.452077409532
"467" 0.166666666666667 -3112.91481474322 0.567732257375297 0.419656653752543 405.657975097245
"468" 0.166666666666667 -2665.13862150733 0.173704056797949 0.260996029935633 608.253695111757
"469" 0.333333333333333 -4831.96576622427 0.345002862502946 0.321139919647582 528.26683079534
"470" 0.166666666666667 -3096.67066467416 0.195889932946268 0.276261184905918 598.966256805044
"471" 0.166666666666667 -3076.4409244679 0.154781700690586 0.260143312810588 618.520710604091
"472" 0.5 -2547.85582916171 0.589667411960843 0.42354937756986 387.988628477242
"473" 0.333333333333333 -3201.13973011705 0.42651154585128 0.34328147135744 475.50641601223
"474" 0.666666666666667 -1080.22771237223 0.724205393180901 0.516988747654381 309.682156683388
"475" 0.333333333333333 -1914.22417511222 0.547058293648276 0.389859053446844 407.442993857386
"476" 0.333333333333333 -3242.44493627228 0.437891527526495 0.35124762724183 472.63301426773
"477" 0.166666666666667 -2193.35393249481 0.211199015691167 0.273970449692062 592.007593503466
"478" 0.166666666666667 -4415.84719189337 0.397119881443552 0.350560639858298 508.935360066465
"479" 0.5 -1365.70410966621 0.698261988819881 0.497652536225068 324.601913703675
"480" 0 -3896.94685224528 0.082040373127695 0.249921068204407 668.500863655121
"481" 0.333333333333333 -4753.82244258238 0.420654257838832 0.340084415502564 477.623297230457
"482" 0.166666666666667 -2677.41927989056 0.30650325109173 0.29937979001317 542.464260501519
"483" 0.166666666666667 -8494.76222950247 0.225787881020848 0.286756038627183 590.142784327094
"484" 0.333333333333333 -3496.31099339829 0.556938514159854 0.414049073878298 409.925113447022
"485" 0 -7197.47702065647 0.0785246892500604 0.248128800408763 676.563390298211
"486" 0.5 -1912.59983583006 0.630157377095527 0.452099635382438 369.295495631429
"487" 0.333333333333333 -2152.72683203633 0.292521225381078 0.295487990103085 548.279527353251
"488" 0.166666666666667 -4331.32521125095 0.179755655400056 0.267695691179651 610.559514234331
"489" 0 -4976.59927507247 0.0832328789129517 0.252030269625134 665.73805568032
"490" 0.166666666666667 -4673.83339007368 0.438879404864971 0.351839078056941 475.945625641814
"491" 0.166666666666667 -5538.67508969568 0.274939687890127 0.290388240044509 554.208290665387
"492" 0.166666666666667 -3708.69436634553 0.212615801034862 0.280183586554162 596.68141878742
"493" 0.166666666666667 -2863.97470096475 0.221328574039594 0.280718491174221 593.463486069208
"494" 0.166666666666667 -2864.30084977595 0.137062608943404 0.253398203101271 629.539215857454
"495" 0.166666666666667 -5786.35717151119 0.238517261951303 0.291432578235981 587.065751053137
"496" 0.166666666666667 -3000.44171053329 0.144684870539337 0.254636866202777 628.445033113787
"497" 0.333333333333333 -2326.39486119275 0.320068998831865 0.304595885944009 529.830245881702
"498" 0.5 -3285.58519261527 0.615594352227597 0.443645216330932 377.948493094998
"499" 0.5 -1112.27362827329 0.567017793879187 0.406018994860669 394.303375138098
"500" 0.5 -1429.5516294593 0.681320716293495 0.482861036761706 337.950651148683
"501" 0.166666666666667 -2437.05037510967 0.221563896955448 0.276584129130363 586.328015221749
"502" 0.166666666666667 -4193.25220949057 0.277983558538468 0.310147442044385 569.109007468156
"503" 0.166666666666667 -2622.54148877539 0.167661132629393 0.264395180243865 620.518573355093
"504" 0.166666666666667 -2170.86901054245 0.293797875842097 0.294834909173455 549.280134859134
"505" 0.333333333333333 -2419.91275799931 0.454769190852143 0.354407381478464 460.630227066251
"506" 0.333333333333333 -3569.52871069651 0.571189442107356 0.421041890515345 405.974165126239
"507" 0.166666666666667 -4667.35511298612 0.21838346336245 0.282078557206769 590.513543517992
"508" 0.333333333333333 -3690.93494638944 0.463408972604738 0.364229245173815 460.830052647705
"509" 0.5 -1522.98791445254 0.71826481620239 0.517234101302479 320.766066568822
"510" 0.166666666666667 -4077.80035013881 0.18060804896383 0.271525616751475 611.281204569922
"511" 0.5 -3953.29030484625 0.52946907089782 0.408774055053204 434.661735099333
"512" 0.5 -2370.36119626036 0.442448081625461 0.349256063444417 466.879281022982
"513" 0.166666666666667 -4566.70471260448 0.302198396716999 0.310496961507078 551.773777135927
"514" 0.5 -3472.29049344567 0.573023532994029 0.415515818463732 398.3793057765
"515" 0.333333333333333 -2548.02142950277 0.575111928558726 0.421632939932941 399.949561795976
"516" 0.333333333333333 -6700.14414803811 0.33040814335249 0.313251660777584 535.447447617119
"517" 0.166666666666667 -3579.00756122616 0.158146414634108 0.258796721337501 625.489853364718
"518" 0.166666666666667 -2885.57668929094 0.133026973255082 0.251405141046407 628.399812565697
"519" 0.333333333333333 -4481.00039148617 0.534434866841416 0.385313045717205 413.893575787614
"520" 0.333333333333333 -3079.02129756807 0.536184179798776 0.391148045318448 413.35322354557
"521" 0.333333333333333 -2521.98549260752 0.293764831453583 0.296603747830285 544.488771605224
"522" 0.333333333333333 -2344.32149458106 0.402779789811884 0.329225995796 481.717492434685
"523" 0.333333333333333 -2859.70024365946 0.404685991084643 0.327951350222034 483.735959314753
"524" 0 -3609.58890421106 0.0125310221774262 0.227760942735182 696.621878598048
"525" 0.166666666666667 -11016.5357147298 0.221200661118267 0.281811628806402 598.825701072637
"526" 0.333333333333333 -2950.48546585593 0.569472664435761 0.419242292662138 405.966902277258
"527" 0.166666666666667 -2073.79402634623 0.563587247785793 0.407286638588382 400.774656434054
"528" 0.333333333333333 -4139.5379211918 0.692745030175577 0.5114570329483 345.366721668036
"529" 0.166666666666667 -2698.20129074783 0.220172379681575 0.279548675104861 586.516787000315
"530" 0.333333333333333 -4564.42144733084 0.353848816165005 0.320380961700729 516.479788362095
"531" 0.333333333333333 -6973.27154542753 0.293763985538307 0.296068869273906 548.198415751709
"532" 0.333333333333333 -3219.91963022747 0.448402388411937 0.36093666518437 471.894127154921
"533" 0.333333333333333 -3944.18243288902 0.408021113108279 0.349122819647641 497.712384832278
"534" 0.5 -1493.25116796623 0.571048624543115 0.408064832345011 392.419294922415
"535" 0.333333333333333 -2876.2158651717 0.459802009202542 0.368172429466431 466.343680983351
"536" 0.333333333333333 -2620.24798443877 0.560459604125103 0.404809894994923 405.735651067412
"537" 0.333333333333333 -1745.6957247312 0.595162126229069 0.428290537370971 383.178207214479
"538" 0.333333333333333 -3212.94409901623 0.563926701055756 0.400656106692014 399.709954319312
"539" 0.333333333333333 -3649.1194437998 0.398497277616385 0.331923738686542 488.172708073072
"540" 0.166666666666667 -1975.6260794141 0.533585144588554 0.389104498679469 415.047450568294
"541" 0.166666666666667 -4060.07534816208 0.304087030045187 0.300245081980349 544.184795385809
"542" 0 -5436.57682524513 0.15418817672901 0.272385407181331 632.39341994503
"543" 0.333333333333333 -2688.70459148701 0.475616919970901 0.364368315101539 449.618015227513
"544" 0.333333333333333 -5984.70211646043 0.393177852950458 0.346623850504546 505.149675234314
"545" 0 -4272.13428692408 0.0760454920580829 0.247426674366774 666.305952337535
"546" 0.333333333333333 -2775.14552953184 0.557664296629644 0.406534383296346 406.56807300169
"547" 0.333333333333333 -1533.79439570368 0.671922156585287 0.476811247712091 344.682557989436
"548" 0.5 -2867.1783277617 0.46468174186019 0.361635955083525 454.983319221076
"549" 0.166666666666667 -3911.97047973835 0.416891034964284 0.339263946035641 480.48696532941
"550" 0.5 -3363.30037331204 0.546453888633391 0.391532257621287 408.190675905766
"551" 0.333333333333333 -3427.6148770496 0.347551228892726 0.32243933194215 523.414220519841
"552" 0.5 -5130.38909077055 0.539123785334396 0.386389160371707 412.493278604222
"553" 0.5 -2189.65417315719 0.68024352488556 0.484810541247007 338.840739188157
"554" 0.166666666666667 -2663.03823993939 0.329521923311676 0.314850476549703 530.543558560219
"555" 0.166666666666667 -3920.87764969995 0.210065147841662 0.277465915054204 597.73924461623
"556" 0.166666666666667 -5277.78795455025 0.160151203555741 0.258732619320265 621.5952802727
"557" 0.166666666666667 -4726.47733770636 0.438886215790876 0.346669107253451 471.706661237427
"558" 0.166666666666667 -4569.18200733135 0.140577264515502 0.254146660655966 627.191612981062
"559" 0.333333333333333 -3231.43694932965 0.395106791007 0.324759097410541 488.092965895461
"560" 0.333333333333333 -4289.95705981213 0.330274171819012 0.306660141687072 527.353401442477
"561" 0.333333333333333 -4744.40805639688 0.347207316425486 0.321453689317559 525.919490901276
"562" 0.166666666666667 -14005.9356447725 0.179971106257836 0.268259662003997 613.827025787148
"563" 0.333333333333333 -2585.95995581927 0.465702011291342 0.362954896614011 456.649535243807
"564" 0.333333333333333 -6015.4107824742 0.4055100411624 0.347910122760686 497.120559410751
"565" 0.333333333333333 -4380.2550165197 0.428849085804503 0.346720125009764 474.094934045034
"566" 0.333333333333333 -3441.73288647097 0.333046868248337 0.314961498353748 529.402350992803
"567" 0.166666666666667 -2554.58477427321 0.183946729931587 0.269327474680221 608.315190102474
"568" 0.166666666666667 -4256.80664907133 0.581865311440294 0.436611300280154 403.868810367398
"569" 0 -5028.80597065631 0.176493079399728 0.280300760735729 624.962735904392
"570" 0.166666666666667 -1833.00120270551 0.661166165760916 0.465762687195533 346.716389648081
"571" 0.166666666666667 -4125.30850803801 0.137009368897213 0.252775834253811 629.56589635819
"572" 0.166666666666667 -3617.86720839539 0.185148206365914 0.271761903132044 610.571412837156
"573" 0 -6064.59658428395 0.0404854630514893 0.238150200882504 685.154069994041
"574" 0.333333333333333 -7175.72413050263 0.302841881595587 0.301070557223611 540.344042995211
"575" 0.333333333333333 -2838.62526909086 0.438297947136131 0.349616206940751 469.875219286454
"576" 0.333333333333333 -3355.81731389809 0.348244911865779 0.321085271677445 526.023597994947
"577" 0.166666666666667 -4870.17509585428 0.333930063699268 0.316316489367798 530.451165023306
"578" 0.166666666666667 -5972.97030088119 0.356716133081363 0.32525230383546 522.836527877639
"579" 0.166666666666667 -3447.70410709431 0.235314659128366 0.288892392339101 585.087337404664
"580" 0.333333333333333 -1821.12288052767 0.332234121519251 0.308545281146921 525.698389992258
"581" 0.166666666666667 -5470.08022955577 0.322293700133902 0.309199804174853 533.919689446036
"582" 0.5 -1550.36652595339 0.598537220116625 0.424641817185816 380.361728467816
"583" 0 -2836.58230252514 0.0218805489914148 0.231891973260166 691.177029861661
"584" 0.166666666666667 -2514.1408125922 0.140719241946134 0.253090116725054 625.699651122338
"585" 0 -4049.93984652137 0.0739356754832035 0.244309540438068 675.249388269696
"586" 0.5 -2952.07995649429 0.61425843586668 0.446627567854986 380.192129810504
"587" 0.166666666666667 -2143.20546938073 0.430436473933969 0.347598856030503 475.737797992013
"588" 0.166666666666667 -2679.52188849035 0.429265226375677 0.344620958235193 477.377507604018
"589" 0.166666666666667 -4831.0009311993 0.166246021365699 0.261092450721057 616.187260234903
"590" 0.166666666666667 -6740.59360468746 0.166307768954934 0.263261461087188 621.606548707583
"591" 0.166666666666667 -3470.60801578145 0.135439894453805 0.254502097990704 629.927731485933
"592" 0.5 -1786.93987091237 0.689250925204366 0.485212212805994 328.823398032715
"593" 0.333333333333333 -3247.97496882922 0.404835233968313 0.351800671534808 498.908499446057
"594" 0.333333333333333 -5418.61821019942 0.373762055414874 0.330420325513072 512.240994348086
"595" 0.166666666666667 -2735.21563766562 0.206100833637286 0.274831093458077 601.299139351689
"596" 0.166666666666667 -2096.24927572082 0.418682115158495 0.339230235359498 481.280770560796
"597" 0.166666666666667 -4601.41617964083 0.290264364343179 0.311725515926716 564.82062007736
"598" 0.5 -1495.13848996156 0.717975788102804 0.518829326970633 316.248234662483
"599" 0.5 -2332.36995780689 0.722074240420543 0.530127404137608 323.962154744426
"600" 0.5 -2720.93113227824 0.450313093723893 0.351830172361592 462.684858163423
"601" 0.166666666666667 -2427.74842089965 0.448019623979146 0.351299737967415 468.355631077697
"602" 0.166666666666667 -2659.36740474008 0.173356878064911 0.26514523852174 614.135794305825
"603" 0.333333333333333 -3105.20968389646 0.444311487099286 0.354279536258457 470.519072805578
"604" 0.333333333333333 -3364.64727475337 0.497352616718766 0.381196192292809 443.448076585855
"605" 0.166666666666667 -2503.35211480546 0.535807131249701 0.391403717589114 417.201018853788
"606" 0.333333333333333 -2683.62379164654 0.494041975129924 0.382310815955895 446.889259412151
"607" 0.333333333333333 -7299.01235988322 0.318322870369635 0.307636992184817 537.369438198476
"608" 0.166666666666667 -4287.49063545317 0.32653791116401 0.314355327898697 532.488500878355
"609" 0.333333333333333 -3619.57295223508 0.330304266678122 0.308694779992406 525.844797115703
"610" 0.166666666666667 -3157.24864737111 0.370351163211611 0.336343359114533 514.447789583565
"611" 0.166666666666667 -6099.8310635216 0.139907295944353 0.255772750524286 624.774495446938
"612" 0.333333333333333 -2324.4121500958 0.429742651846252 0.344658748242653 475.096908040799
"613" 0.166666666666667 -3629.5513060563 0.242339354758312 0.286758531029453 577.629841124115
"614" 0.166666666666667 -2221.82256724669 0.544354220445304 0.395227436883045 409.248913494963
"615" 0.333333333333333 -1862.90789572932 0.527800824370929 0.386850435548999 418.424344415264
"616" 0.333333333333333 -2079.26528824591 0.27960001852399 0.289523096875494 556.28046286715
"617" 0.166666666666667 -4184.04008281572 0.312351437221388 0.30571343674366 537.434035540477
"618" 0.333333333333333 -2257.83429652553 0.430900745906272 0.345195017735544 477.370468233037
"619" 0.166666666666667 -3522.17637442328 0.311170659661573 0.303662346072305 539.080038498261
"620" 0.333333333333333 -4353.1277302863 0.505281280373528 0.387183126539178 440.129241383262
"621" 0.333333333333333 -3015.48638604147 0.59952687383577 0.439291350886388 389.318405220611
"622" 0.333333333333333 -3983.43590978671 0.55934286176678 0.41015044024793 406.723166050552
"623" 0.333333333333333 -3538.182751976 0.31331527735468 0.301822632227467 537.528709172388
"624" 0.5 -1701.23449528712 0.715948453468281 0.511618358915737 318.817639554385
"625" 0.333333333333333 -3125.91817411742 0.313999765710343 0.300166912319224 535.469953948795
"626" 0.333333333333333 -1865.99509672109 0.565393446314221 0.412828733281976 404.593736858049
"627" 0.333333333333333 -2523.48497148732 0.409241552269141 0.348793955941371 492.539346307563
"628" 0.166666666666667 -2267.91564775039 0.418412217727029 0.339648246404412 481.344871627295
"629" 0.333333333333333 -4102.23508708527 0.677187906520577 0.492028347501401 346.834962506616
"630" 0.333333333333333 -2583.04952935179 0.308734649080111 0.304380847952294 539.106674997113
"631" 0.166666666666667 -3839.52984785735 0.574178937762349 0.420733231239308 401.110420927242
"632" 0.166666666666667 -2035.54949956519 0.308520745897487 0.303776820734296 540.208390460536
"633" 0.5 -2306.33494613746 0.606457283756574 0.427571835708544 377.863791412197
"634" 0.5 -3032.63603495511 0.59893492813987 0.433223794971666 386.950370070117
"635" 0 -6748.69631216316 0.0613998399705834 0.242955591049145 674.128115351824
"636" 0.5 -6802.09065452047 0.528498340806622 0.400651626082142 431.919657836808
"637" 0.333333333333333 -4076.41497073625 0.315476976387021 0.305222837417754 545.117024937249
"638" 0.166666666666667 -3239.11054902185 0.1641328020105 0.260321371537259 620.299418626015
"639" 0.333333333333333 -2009.74512544015 0.301044889027559 0.2985524719636 540.915105310793
"640" 0.5 -2238.24835593905 0.67482379264105 0.474600785158896 337.441155884881
"641" 0 -3085.26534858726 0.088511385686759 0.251141577989797 659.967869564134
"642" 0.5 -1775.30396024958 0.439286183860177 0.351913150725507 470.531317810481
"643" 0.333333333333333 -5110.55692072138 0.539601090902529 0.390695401673547 411.740930565691
"644" 0.333333333333333 -1709.17621296457 0.589420861380154 0.431673793150563 390.489489353506
"645" 0.333333333333333 -1537.70546179565 0.548949956496385 0.395145562457633 409.529693806998
"646" 0.333333333333333 -3553.3434001319 0.515130089901492 0.399608850714642 438.265247280255
"647" 0.166666666666667 -2998.18317668545 0.300100688338632 0.297027787720489 546.000067700935
"648" 0.5 -3979.19230496062 0.537543875454276 0.389047804820671 411.509556722955
"649" 0.333333333333333 -2324.88938859791 0.665379413634876 0.466004800901827 341.682570708159
"650" 0.166666666666667 -3109.43459631766 0.232695962852517 0.288071656867496 587.274866910884
"651" 0 -4590.0036646204 0.101125706616916 0.254062547612999 660.536910227547
"652" 0.166666666666667 -1901.21583413648 0.421626750492154 0.341577031425658 475.311102827534
"653" 0.166666666666667 -6052.67218571752 0.190672100271126 0.270992690322468 605.375336515787
"654" 0.333333333333333 -2950.97019374783 0.299109758999676 0.300975674794625 548.377137344447
"655" 0.333333333333333 -6540.3667372607 0.489855249599711 0.373392489350516 448.978375101439
"656" 0.333333333333333 -3815.04401494 0.469472651493635 0.355809941266933 448.657147503481
"657" 0.333333333333333 -1334.95721432852 0.661494104905804 0.465735890783468 345.039640575741
"658" 0.333333333333333 -3807.96578278869 0.513627925649673 0.395016424613272 438.388089969766
"659" 0.333333333333333 -3014.79532152185 0.669040030065285 0.482620096654163 347.242545399349
"660" 0.333333333333333 -3316.19619659986 0.293283716662056 0.299947125435928 547.271321086504
"661" 0.333333333333333 -1570.27645390616 0.565444712780371 0.410248617555631 399.879046938766
"662" 0.166666666666667 -4263.15450446509 0.199098327884068 0.276592849656558 610.293251218123
"663" 0.333333333333333 -1711.70767192795 0.526669869312767 0.382188803311517 418.333945838048
"664" 0.5 -2910.72369704274 0.507209369070407 0.381114894532822 440.087274846132
"665" 0.5 -5917.19550425823 0.452355229823726 0.350452208395656 461.230181035725
"666" 0.166666666666667 -4608.50779598461 0.166027898633743 0.26271205884435 613.583099302463
"667" 0.5 -2915.55989308598 0.700110397331816 0.51115134139266 333.544408414641
"668" 0.166666666666667 -3592.97965968195 0.411680272137629 0.334169180944408 481.94643455632
"669" 0.5 -2250.82094024583 0.709079130107 0.506986611375678 324.016062165308
"670" 0.166666666666667 -7875.87298648633 0.26916723851336 0.298460107400133 572.601547093573
"671" 0.166666666666667 -2547.69442311953 0.539062302639716 0.396387262983317 415.386688425345
"672" 0.333333333333333 -5151.27775711398 0.344888674220749 0.317536106701898 524.24860607062
"673" 0.166666666666667 -3179.12986733287 0.196439677858288 0.274616223443823 602.072033584188
"674" 0.166666666666667 -4274.7485030179 0.219044668737411 0.280689129266664 593.105823887314
"675" 0.166666666666667 -5542.47155926191 0.397188274122337 0.347006401994156 505.567372646986
"676" 0.333333333333333 -1309.25171153685 0.661864755935026 0.459749704221488 343.305267855781
"677" 0.5 -3135.61695914005 0.682340996289619 0.491086107446335 340.738906195643
"678" 0.166666666666667 -2966.53025820525 0.560942840974516 0.411446909586272 409.894635757967
"679" 0.5 -1970.03626160576 0.464962948565871 0.360030689119129 458.745062911394
"680" 0.333333333333333 -5182.50635720279 0.65157970563055 0.481521911648386 363.197680972924
"681" 0.333333333333333 -1661.83003814416 0.442036211301078 0.346382380913124 461.77881312262
"682" 0.333333333333333 -2669.73186829075 0.301809089492291 0.305362986090774 545.791544094204
"683" 0.166666666666667 -3528.55949576661 0.185554027086202 0.270283401590277 606.1922486756
"684" 0.166666666666667 -3629.02614783714 0.270680747573653 0.285968379767222 560.320071652113
"685" 0.166666666666667 -3952.80261532799 0.27938326364811 0.289235717028751 553.375179243088
"686" 0.333333333333333 -1446.2626039174 0.547040292749837 0.393982712855963 407.565488686319
"687" 0.166666666666667 -2654.46542713216 0.397980106296674 0.328838700058868 485.569946091541
"688" 0.333333333333333 -3386.72807845588 0.562544381974752 0.412186110124947 404.51853178537
"689" 0.166666666666667 -4485.42074944117 0.397134793281117 0.351514695750539 505.789177278755
"690" 0.166666666666667 -3566.07626149095 0.198628874803452 0.272938314072085 601.785757992312
"691" 0.166666666666667 -4129.21145354386 0.674794638554881 0.486672548580241 346.563363467087
"692" 0.5 -3523.09566927443 0.721574098726369 0.530503765368229 324.884870246379
"693" 0.333333333333333 -3207.43066889071 0.562927705219508 0.41490395855 408.482896962611
"694" 0.333333333333333 -3558.86915072338 0.471769958794049 0.364436280078899 451.465953221405
"695" 0 -5968.51438482551 0.153220447467147 0.271662865423312 632.545450430899
"696" 0.166666666666667 -4273.15397571811 0.230383490553337 0.28813056174039 587.486565319158
"697" 0.333333333333333 -2994.28216241478 0.35505352783701 0.318401153534032 514.575673691183
"698" 0.333333333333333 -1652.66547899646 0.452652782279248 0.351550436929735 460.585902380373
"699" 0.166666666666667 -2611.62700203349 0.542344051459668 0.396127591316797 412.963270278415
"700" 0.333333333333333 -2665.94298152066 0.426732523894981 0.355499128942662 483.804665463255
"701" 0.333333333333333 -3530.2469644524 0.396832925618605 0.32853361858697 486.921686235722
"702" 0.166666666666667 -3321.80402362936 0.328423321234002 0.31176497868482 532.522920303501
"703" 0.166666666666667 -1607.86100329959 0.656265174945747 0.463577521135288 349.085815722286
"704" 0.5 -3492.89460951762 0.568304812428268 0.40227633953291 396.256767935224
"705" 0.166666666666667 -3720.87687343906 0.205641300248535 0.27913947858896 598.642697471892
"706" 0.333333333333333 -5220.20997706265 0.465795768498771 0.361232635336435 457.722601025272
"707" 0.333333333333333 -3048.69280306518 0.476985047978359 0.380735677491979 459.742392524297
"708" 0.333333333333333 -2432.96567004822 0.296611081681773 0.296470578504763 543.837867261458
"709" 0.333333333333333 -1793.32519302934 0.537785362605985 0.393176004071509 413.663721163431
"710" 0.166666666666667 -3863.33620794774 0.242014567712528 0.2922461189289 584.937994026905
"711" 0.166666666666667 -2647.95036332556 0.171481948244365 0.26674403449208 612.01701737066
"712" 0.333333333333333 -1912.83737812579 0.268878566588394 0.287034651529672 561.747756478505
"713" 0.166666666666667 -4926.65499909198 0.145632429810778 0.255541468961382 624.061080784141
"714" 0.333333333333333 -3456.231165258 0.452449424882365 0.360987990434737 464.838583989488
"715" 0.333333333333333 -2987.81858499989 0.38010530160947 0.331763560999484 507.705930797744
"716" 0.166666666666667 -2292.21574489714 0.555327155027255 0.405148491927287 408.919336319109
"717" 0.5 -2776.26040186164 0.599038762653431 0.426902607151449 381.759777313075
"718" 0.333333333333333 -1332.84145338958 0.667768272471016 0.469372866750647 339.813696485828
"719" 0.333333333333333 -1485.62022570227 0.550980820126811 0.401681917488603 408.966033251211
"720" 0.166666666666667 -2412.29451633093 0.162252035355984 0.259332635286591 620.334871893155
"721" 0.333333333333333 -3851.80189363544 0.323074472122523 0.300227836296738 529.680540734995
"722" 0.5 -2019.15885067254 0.422134295602109 0.337877252405333 477.38344321911
"723" 0.166666666666667 -3479.57442114141 0.424047352161982 0.340503439959871 474.338713050622
"724" 0.166666666666667 -3132.89200498405 0.209223183394268 0.28026335961121 594.911594095849
"725" 0.333333333333333 -3347.33584301834 0.595029335151758 0.445881078177579 396.90982937899
"726" 0.166666666666667 -4462.42617232338 0.324929322813604 0.316164733485167 533.93215116451
"727" 0.333333333333333 -3591.69740297311 0.297948065617923 0.297173547240234 546.74104340903
"728" 0.166666666666667 -3240.30038147916 0.185679541078989 0.270035244268391 611.806801142637
"729" 0.5 -2309.26334755799 0.743272411510618 0.55339232598723 313.341480948567
"730" 0.166666666666667 -2728.98042741756 0.153750369389741 0.25682324858813 623.126962000108
"731" 0.166666666666667 -4604.54884261509 0.19805103784254 0.272874989304551 602.723172379332
"732" 0.666666666666667 -2999.06878824371 0.626316495603759 0.451980626655807 370.420784897497
"733" 0.333333333333333 -4536.30127071396 0.376126181892462 0.330173548525195 511.982759904908
"734" 0.166666666666667 -5382.36265679307 0.249123850927832 0.297229082536578 582.982826099929
"735" 0.166666666666667 -3660.69144117849 0.288897251581035 0.289887975402302 550.933376556577
"736" 0.5 -2541.14475225488 0.497380657480713 0.381996961131816 442.921717568999
"737" 0.166666666666667 -2242.77545502687 0.137817349926373 0.254041573332646 629.076427872269
"738" 0.166666666666667 -3214.25445286748 0.196180655269887 0.274386619263263 602.185836112942
"739" 0.166666666666667 -4551.22498937062 0.168985989569323 0.2605758475498 617.638787008799
"740" 0.333333333333333 -7601.97200226865 0.409020102111563 0.348705119764734 497.168260874611
"741" 0.166666666666667 -4365.04935985914 0.370045828993589 0.336675653164082 515.024990961433
"742" 0.333333333333333 -2397.57605896584 0.559546900004472 0.406129774946595 404.1784995439
"743" 0.166666666666667 -3870.19468069611 0.427610575115001 0.345082303666067 478.288483212783
"744" 0.333333333333333 -2467.61482977435 0.43873275342816 0.341712363795714 465.512451412529
"745" 0.333333333333333 -2683.82846521347 0.420613307438898 0.335424155027291 477.43513023553
"746" 0.333333333333333 -3371.21347544586 0.400772706107001 0.326897066254134 486.727011892071
"747" 0.333333333333333 -2151.90290619727 0.278725949139446 0.288507302623232 550.02103060052
"748" 0.333333333333333 -5014.00403323761 0.564568309208589 0.415866308321899 406.082285552204
"749" 0.333333333333333 -4938.93276737043 0.503863469868753 0.383458475244839 440.850577516202
"750" 0.166666666666667 -5177.59129952375 0.417442555239073 0.336246357641514 480.606891811779
"751" 0.166666666666667 -5443.95905136854 0.230216282513987 0.28583511936437 588.467731265316
"752" 0 -4915.84288092484 0.117611597834291 0.257762849191615 653.025100002403
"753" 0.333333333333333 -2245.3237935198 0.325275941166644 0.314907513794105 535.286831542884
"754" 0.5 -4174.15997116045 0.502783604826093 0.389011939083785 442.186075445544
"755" 0 -4957.30422869012 0.0654402313978019 0.241557420111699 676.500710598985
"756" 0.166666666666667 -2608.00882597662 0.154987485627001 0.261851972962236 619.968427764939
"757" 0.166666666666667 -4122.38782864877 0.339458601356003 0.321288237060953 527.564359406824
"758" 0.333333333333333 -3923.99296633583 0.351843547848358 0.322447201210716 522.537128694088
"759" 0.166666666666667 -5196.60040060839 0.166568613602234 0.261690474776568 619.329215840215
"760" 0 -6642.49028801089 0.12272509326181 0.266080266850551 645.879143610585
"761" 0 -10313.1957399537 0.0521925507005215 0.238704523039498 683.756910492282
"762" 0.333333333333333 -3476.62433818892 0.334671520780286 0.307519494662288 523.716044476558
"763" 0.166666666666667 -4477.22167733246 0.390362796721517 0.3468595220928 509.647174644819
"764" 0.166666666666667 -4454.479390041 0.294567811479985 0.29692818591376 547.334206901724
"765" 0.166666666666667 -3742.57078653849 0.330927732793124 0.30768344776926 527.692580043979
"766" 0.166666666666667 -5258.39009656739 0.433042841760068 0.345782645131374 475.072923356597
"767" 0.166666666666667 -4490.48579698445 0.239972506910133 0.2915268696786 585.939427738823
"768" 0 -6575.3260672832 0.0439078426977549 0.239516623500268 688.292421198799
"769" 0.333333333333333 -3462.95233453501 0.397741218698457 0.342603357650222 497.998358912871
"770" 0.333333333333333 -2364.71777159945 0.561212537379677 0.41121367112932 406.372649685713
"771" 0.166666666666667 -5350.92344977969 0.457109173268283 0.371476234033784 473.593960515212
"772" 0.166666666666667 -3854.31971536963 0.286638199839696 0.291843266970085 551.678388972103
"773" 0.166666666666667 -3127.37672933445 0.52177396539541 0.37942376329081 420.837179354986
"774" 0.166666666666667 -3731.38759190858 0.542251485308392 0.397991969114318 415.426742867916
"775" 0.166666666666667 -3734.08163139272 0.412422683578308 0.336886418724971 482.926517154532
"776" 0.333333333333333 -7235.87943054782 0.491233866720682 0.388311578675258 453.489664234291
"777" 0 -10503.0154266099 0.109140818832996 0.261313727638215 653.066980249062
"778" 0 -2967.51574499505 0.0561770784903454 0.240169414736811 678.566598274838
"779" 0.166666666666667 -3059.79605166406 0.31977820472987 0.311536770008284 539.208320525137
"780" 0.166666666666667 -4609.89621610138 0.139200901210555 0.2551950528581 636.032572295249
"781" 0.166666666666667 -2797.74257622002 0.156718014277151 0.259596028859827 623.421205938351
"782" 0.5 -2710.77544447925 0.45133738617781 0.34573168781544 457.232943362813
"783" 0.333333333333333 -3072.89113144879 0.436041656670153 0.350277742493082 471.977146099415
"784" 0.333333333333333 -2180.73920464403 0.560936336525593 0.412442052546008 406.792192454764
"785" 0.166666666666667 -5012.2682672593 0.369864288880954 0.333376154125943 516.931872435973
"786" 0.166666666666667 -6296.30120257802 0.533898920473398 0.387147845757955 413.183316932619
"787" 0.333333333333333 -2321.16695133166 0.594203455442041 0.429039457074787 388.237224998837
"788" 0.333333333333333 -3404.64756362421 0.550277625993022 0.40311418885195 409.913299193373
"789" 0.166666666666667 -2543.92713661914 0.182867054072257 0.268177281253494 606.412229220185
"790" 0 -5412.12773606987 0.0777380412682173 0.246004191166703 671.121614423324
"791" 0.333333333333333 -2229.23386538682 0.460220859101145 0.358994461261973 459.866652909038
"792" 0.5 -1303.64769086742 0.700467740508961 0.502188944356044 327.09048403909
"793" 0.166666666666667 -6580.41782164749 0.681863054234229 0.487055981356237 338.675885575207
"794" 0.166666666666667 -3842.73115170779 0.549217426266503 0.407696093687494 414.394544336805
"795" 0.166666666666667 -2736.42649952232 0.285017907729689 0.293189852382479 549.82212273085
"796" 0.166666666666667 -2726.05816023578 0.2890362482141 0.294229210976929 550.504111024598
"797" 0.333333333333333 -2817.7188474878 0.52573127378694 0.379202011129716 420.282737988501
"798" 0.333333333333333 -2168.98066664869 0.543294104556409 0.391073092930201 406.678874584357
"799" 0.333333333333333 -2741.01731290607 0.299353730559535 0.29876981401492 548.956649798655
"800" 0 -4145.18591456461 0.0820925162560947 0.250029876171112 661.932133182732
"801" 0.166666666666667 -2384.53294498677 0.234793512739266 0.283373314726988 582.527163196797
"802" 0.333333333333333 -3451.89071697564 0.333247224298789 0.317241702623509 530.105674967612
"803" 0.333333333333333 -2303.64439394345 0.53037238930354 0.383232294118047 415.936303301016
"804" 0.5 -3865.67893296635 0.524737247915794 0.406549384278017 435.983293035673
"805" 0.5 -4157.40613159944 0.442926804304734 0.352121380070101 471.222760172584
"806" 0.166666666666667 -3564.42759845533 0.242863018901324 0.285349932976302 577.837522969302
"807" 0.333333333333333 -3779.41272416334 0.508261537227566 0.395913222986502 442.258528749819
"808" 0.333333333333333 -2592.95242010373 0.48461310863502 0.376659119752489 448.905741903908
"809" 0.333333333333333 -2468.31729104979 0.569852377517991 0.420369067748219 402.932448830677
"810" 0.333333333333333 -5217.27741879212 0.328746598437537 0.310169160768074 527.715395028447
"811" 0.333333333333333 -2839.12741248024 0.476491030165077 0.378856421482009 456.64947884552
"812" 0 -6770.03219707552 0.0666086767473891 0.244898123890289 668.759871275711
"813" 0.5 -1967.28455621877 0.667364399223741 0.469236665877029 340.905363393587
"814" 0.166666666666667 -4581.18001486552 0.458921784492575 0.363755325228852 462.305853939476
"815" 0.333333333333333 -1922.53002276148 0.423800818637816 0.339520879352556 473.211769804568
"816" 0.333333333333333 -2238.59262211139 0.526473224851221 0.385822936177544 419.750121472287
"817" 0.333333333333333 -2272.57815187348 0.327958261971262 0.312613723303156 528.147101416346
"818" 0.333333333333333 -3062.92607490605 0.373975267599951 0.330036424257969 509.326144108281
"819" 0.333333333333333 -2421.96380305694 0.558176137325473 0.403645387903126 403.481848537608
"820" 0.166666666666667 -2513.05756256222 0.383143201838051 0.344299916286499 507.244973876502
"821" 0.166666666666667 -2168.94233461136 0.178387110433313 0.268333964205925 609.906300938223
"822" 0.166666666666667 -2697.68513733468 0.397369273863667 0.326628116180659 490.360650553647
"823" 0.166666666666667 -3517.12514019053 0.434415406324424 0.351347981352598 475.124593644764
"824" 0.5 -2299.81760764115 0.567935013513717 0.416258572555942 401.985390805197
"825" 0.333333333333333 -5350.69232020798 0.674863115090242 0.48991499447877 348.120783542527
"826" 0.333333333333333 -4658.07486731692 0.526454479815955 0.40225238336725 435.789858117118
"827" 0.166666666666667 -2737.88022136376 0.187058418167092 0.271518118649472 602.592860252759
"828" 0.333333333333333 -2385.57534812797 0.678961355859068 0.498511751962206 346.987119746441
"829" 0 -2739.42398701218 0.0569199470014553 0.242740766675712 677.223693187209
"830" 0.333333333333333 -2821.51787309602 0.433796688793647 0.343197661553878 467.892087146698
"831" 0 -6474.08246123964 0.137729619028678 0.268393043303349 640.066142404685
"832" 0.166666666666667 -3465.43877122049 0.160030755992527 0.260606758209348 623.336103859835
"833" 0.166666666666667 -2284.11172311267 0.284875339461439 0.291016803416923 548.102831683692
"834" 0.5 -2749.6250093295 0.631555304317747 0.456460600623472 372.23625479585
"835" 0.5 -4208.90689811397 0.431512164090582 0.340809424550277 476.154987883184
"836" 0.333333333333333 -1724.79934703165 0.415493719312136 0.335486140457916 480.480102097103
"837" 0.333333333333333 -1919.19146001516 0.296100650055804 0.293207814954596 542.468059152307
"838" 0.333333333333333 -2244.12474276602 0.582314362944745 0.432906208742013 401.22849987963
"839" 0.166666666666667 -2956.30466286172 0.186229373374956 0.269298169411975 609.168851122865
"840" 0.166666666666667 -2611.67271759229 0.425942656897184 0.344907971205983 475.49749596609
"841" 0.166666666666667 -6708.06968637652 0.265509827011129 0.300607837179053 576.079066537169
"842" 0.166666666666667 -4016.2165460128 0.227632290848783 0.280346327108835 587.905765061663
"843" 0.333333333333333 -3560.11310593064 0.310044561009095 0.304898096007575 540.653171722882
"844" 0 -3462.30031431567 0.0157552061295952 0.230305895454967 694.919362796494
"845" 0.166666666666667 -6163.40007706311 0.189860640890675 0.270393313529138 610.459478346002
"846" 0.333333333333333 -2468.36515552921 0.556415005742651 0.408023790941949 410.157634374651
"847" 0.5 -1428.59684458694 0.555774339280776 0.402206452270338 403.003569469717
"848" 0.333333333333333 -2056.74805441567 0.41903680418485 0.335141166436284 478.090121820639
"849" 0.5 -1947.78608798555 0.488308822319827 0.373459096004325 444.561150289886
"850" 0.166666666666667 -4336.57367949129 0.359701479358901 0.327295566247249 520.728934369911
"851" 0.333333333333333 -3907.98265885973 0.411278090227535 0.346715609285916 496.363239606912
"852" 0.333333333333333 -1563.9860441319 0.678887481725762 0.480814343382555 341.435482811963
"853" 0.333333333333333 -6325.38391093022 0.39414562763047 0.347302645661422 505.282411175058
"854" 0.333333333333333 -2413.94129928955 0.275020844472783 0.284318787442574 558.764140784566
"855" 0.166666666666667 -4049.49590260746 0.179505248154442 0.268801327163056 611.482223208679
"856" 0.333333333333333 -1889.71216758917 0.659302319137616 0.466025709175823 344.907222200802
"857" 0.333333333333333 -1977.64263710618 0.545998736306562 0.397883830872155 409.833827218052
"858" 0.333333333333333 -3557.76873793137 0.559175751487247 0.398504379779535 403.056404939725
"859" 0.166666666666667 -3460.0602121478 0.212277716970781 0.276569479299485 593.251709004096
"860" 0.166666666666667 -2016.27620308786 0.277771133123559 0.288949961608185 553.951706393436
"861" 0.333333333333333 -2018.52418377212 0.588279150535438 0.42289508045433 392.763642443379
"862" 0.333333333333333 -8132.43013599689 0.320654752792918 0.310058321810112 534.956680306501
"863" 0.333333333333333 -2250.86468583821 0.464813111229268 0.367201345435305 457.753376923059
"864" 0.333333333333333 -3374.38332697434 0.578814212727733 0.427640266130132 401.483453767223
"865" 0.166666666666667 -2728.03119478155 0.278338332842235 0.287377665829717 552.774999136385
"866" 0.5 -1541.54936404401 0.674880215752903 0.473045937457259 337.825607724756
"867" 0.166666666666667 -3620.28973485198 0.293800637621378 0.296946032044294 548.851405128767
"868" 0.333333333333333 -1948.67014820181 0.697753575393265 0.507920579140422 335.861034264334
"869" 0.333333333333333 -5072.84082626281 0.680665248894128 0.482939911195836 336.127139736072
"870" 0.333333333333333 -3686.71749366949 0.587572981769273 0.431284581169177 400.293885838531
"871" 0 -4761.78415561402 0.0729987405527338 0.246405218695175 670.662886486691
"872" 0.333333333333333 -3910.0301465577 0.373427392765863 0.335088464912378 512.973297319224
"873" 0.166666666666667 -5586.0167539385 0.319024056660031 0.310133950217807 540.990041312587
"874" 0.166666666666667 -4327.14248543687 0.557920230362165 0.413347551717545 411.041970906279
"875" 0.166666666666667 -2327.13285959196 0.547784049881192 0.401972040013908 410.276540705189
"876" 0.333333333333333 -3229.57699382371 0.476044734994866 0.377126447956877 459.832208826102
"877" 0.333333333333333 -2598.03553531375 0.545082261964815 0.394514538483646 408.954553968494
"878" 0.333333333333333 -3042.59949074515 0.276820842515664 0.290711663878588 552.913976478018
"879" 0.333333333333333 -2783.21956765693 0.539552092522737 0.38883371173161 414.813615432556
"880" 0.166666666666667 -2554.35015239248 0.341703391508899 0.319122246406977 526.137634441408
"881" 0.5 -2818.86417749045 0.612250121281678 0.444358869573428 381.655647824961
"882" 0.166666666666667 -3521.59423159706 0.334106911261625 0.325474527122699 538.21457616128
"883" 0.333333333333333 -5440.50063519872 0.486387307588204 0.367541961871818 443.737431586161
"884" 0.333333333333333 -2188.62886810478 0.41933983790925 0.338921104146958 480.526881777158
"885" 0.333333333333333 -3390.44246475213 0.560521694532018 0.402948999551545 401.817736973625
"886" 0.333333333333333 -2993.33176760801 0.293282028745884 0.298989847025328 544.472352779889
"887" 0.333333333333333 -3083.56048153445 0.274960004594116 0.288548592071963 556.021336895938
"888" 0.333333333333333 -8120.07069758601 0.38693908244766 0.336602848647428 506.619152217056
"889" 0.333333333333333 -5743.73197959711 0.294889648641056 0.299321997349316 548.947648246877
"890" 0.333333333333333 -7193.30692496248 0.573896110543041 0.419139946642408 403.999570295901
"891" 0.166666666666667 -4209.63545631299 0.414841638228723 0.332779313495949 482.713248177862
"892" 0.333333333333333 -1748.88174141396 0.441885373129839 0.344297540019393 464.037610179244
"893" 0 -2398.73901871658 0.105928928796338 0.257876258015005 650.893713961029
"894" 0.166666666666667 -4762.33226328131 0.381154085389294 0.337385207386305 508.419804500986
"895" 0.5 -2094.65779947777 0.675986475576126 0.477169631321644 338.920970603172
"896" 0.333333333333333 -3359.20937930229 0.391609999261611 0.337886738911484 499.85080848129
"897" 0.166666666666667 -2967.81553305545 0.290023218518857 0.295786384796658 551.194420242752
"898" 0.333333333333333 -2362.78940334921 0.430084934046354 0.348344053138411 475.629592164641
"899" 0.333333333333333 -2638.25237520009 0.30140940002317 0.296643860014454 537.755080747162
"900" 0 -7655.0530908911 0.0472170185878574 0.240122507954018 682.163111010415
"901" 0.166666666666667 -4098.84930379469 0.269559219662816 0.284338905395744 557.145640591369
"902" 0.166666666666667 -2211.87029012365 0.568733468937504 0.421258123276429 404.9255520885
"903" 0.333333333333333 -3110.29050604242 0.541019608446955 0.390425105937353 412.38484244023
"904" 0.166666666666667 -2270.32144270457 0.576593594050368 0.427736221779351 400.583841773355
"905" 0.166666666666667 -4114.19046341926 0.581241436843789 0.429671219911972 399.999030514399
"906" 0 -5641.86864934686 0.183209398604584 0.280971661749601 622.075544197462
"907" 0.166666666666667 -3120.72540445694 0.149293251433931 0.258179530445272 622.071097634954
"908" 0.166666666666667 -3442.94886949216 0.166755612065222 0.261101136194128 611.314224535064
"909" 0.5 -2144.2109971131 0.578703811049387 0.418484197410569 394.60585898055
"910" 0.333333333333333 -4647.04723382072 0.362649916634002 0.333061073056471 520.307838626846
"911" 0 -6168.07831595537 0.18624285013999 0.281837622735647 620.178577639139
"912" 0.166666666666667 -4604.62696544068 0.162328954985086 0.261553543871592 616.158570965345
"913" 0.333333333333333 -2456.64238242441 0.435983052083907 0.343535603086773 470.310359020333
"914" 0.166666666666667 -2876.16494056953 0.139021374403822 0.253244440527953 628.993564595608
"915" 0.166666666666667 -3503.7750429475 0.139927901628248 0.258083184181658 626.927384249214
"916" 0.333333333333333 -2839.03440470018 0.573974486696113 0.41848260382555 398.719091885898
"917" 0.333333333333333 -2219.75223007268 0.676036662221906 0.481981629400547 339.023536805983
"918" 0.166666666666667 -2693.30689259229 0.268024961024356 0.286045249904614 559.061545000749
"919" 0.333333333333333 -1471.06028784115 0.532626022757686 0.382398734898091 413.179092163069
"920" 0.333333333333333 -5429.92307008398 0.43781143174349 0.352977148101821 470.221700072894
"921" 0.5 -3427.18765351642 0.417861177294013 0.336926348916694 481.17465582185
"922" 0.333333333333333 -4985.10306069761 0.643716716187326 0.476456697508188 371.755786226271
"923" 0.5 -2229.86669854797 0.690599717140483 0.504037991451238 339.902447215607
"924" 0.166666666666667 -3740.25231048481 0.410638501490433 0.335307132769306 483.152071286063
"925" 0 -2961.35260181511 0.0498453559752036 0.240952408187933 676.894350699475
"926" 0.333333333333333 -4324.77856855165 0.347532120966421 0.321646998933333 527.393412859412
"927" 0.166666666666667 -2642.47156663798 0.211542424449701 0.279753704008406 592.390089862503
"928" 0.166666666666667 -2739.89762441887 0.2982980792233 0.300618311161895 547.060031493311
"929" 0.333333333333333 -4290.75354323011 0.361297853113957 0.326456395643317 521.812074984005
"930" 0.5 -1427.12699524467 0.563375521244087 0.406470141257533 398.502956037212
"931" 0.666666666666667 -4500.79081274015 0.601025285475262 0.432870523468171 384.160912223905
"932" 0.166666666666667 -2268.84225585357 0.162094314780337 0.264147704255825 616.858013761532
"933" 0.333333333333333 -2057.72708415498 0.337252457481285 0.309443705836004 520.134314368432
"934" 0.333333333333333 -3157.53590509414 0.496091715702318 0.378518821438606 440.786787234305
"935" 0.333333333333333 -2849.22096358006 0.442618815158747 0.357372453733273 470.509348850045
"936" 0.166666666666667 -2451.94439326806 0.143157800189808 0.254241971683206 629.86009157045
"937" 0.166666666666667 -3630.36604662164 0.19987570223676 0.276478414444934 605.068457587447
"938" 0 -3438.24864899498 0.0421122626217465 0.239281031161843 682.819881184981
"939" 0 -3739.41360021694 0.0194043754556115 0.231018798639351 690.043637686223
"940" 0.333333333333333 -3429.58845724281 0.471720275273617 0.371669369502521 459.327082404413
"941" 0.166666666666667 -3798.26635844073 0.312407933482099 0.30658226761793 542.487286623218
"942" 0.333333333333333 -1692.17663451404 0.410195635271443 0.336820017317915 483.548031971301
"943" 0.166666666666667 -2183.59729904606 0.674992592790772 0.478254634217133 340.118384867453
"944" 0.333333333333333 -7968.97528533559 0.386033813448377 0.338859289416795 507.089710896276
"945" 0.333333333333333 -2441.70607527886 0.352141872730378 0.313756680426081 521.446535630198
"946" 0.166666666666667 -3934.67893967103 0.343387536825595 0.320418844491486 527.39383346847
"947" 0.166666666666667 -3761.07476003881 0.577316782782378 0.431055066952737 403.773728069849
"948" 0.333333333333333 -6702.96986296683 0.484557647460786 0.382277176179381 456.0085521659
"949" 0 -4186.54640807861 0.075959417706676 0.245469115736344 672.131373553735
"950" 0.5 -2224.53276141941 0.616680143095821 0.434692932318582 370.765495363553
"951" 0.5 -2356.60264484003 0.575230942698974 0.410308484902074 391.467798319575
"952" 0.333333333333333 -3790.36469332472 0.564288820423442 0.421202233367097 408.731830668997
"953" 0.333333333333333 -4063.65564431038 0.509963647252935 0.393663004890961 441.051282060205
"954" 0.333333333333333 -2723.21981111536 0.574716371419655 0.413627490799069 396.586001817451
"955" 0.333333333333333 -5718.93510617098 0.320991546406628 0.301070913239224 527.977555620484
"956" 0.5 -2251.46610962098 0.599872140969698 0.436510589188607 386.867555331218
"957" 0.333333333333333 -7199.31269816242 0.458069430481328 0.366167598671692 464.957558611466
"958" 0.333333333333333 -3123.12605358015 0.310206603174548 0.30330788893339 541.271597900847
"959" 0.166666666666667 -2369.54796742028 0.426304165071955 0.343617124632628 475.632052790315
"960" 0.333333333333333 -3365.54245632173 0.377702320397912 0.334894970524864 508.432260202023
"961" 0.166666666666667 -5767.20974757379 0.288298911635503 0.293964720790565 548.218038568075
"962" 0.166666666666667 -4753.28750595849 0.283306619957788 0.296398965597775 553.252663558431
"963" 0.333333333333333 -4028.20897857115 0.584556676334099 0.426880107860378 396.805853993935
"964" 0.166666666666667 -3295.58207412625 0.43214205005027 0.348342956723711 476.304167267447
"965" 0.333333333333333 -1440.82436900179 0.667325140710441 0.476442568822135 345.08971487371
"966" 0.333333333333333 -2331.04456466008 0.615152414566139 0.449744157755469 379.465153535153
"967" 0.333333333333333 -7807.19491775485 0.445849809137774 0.352227259804002 465.820452031528
"968" 0.333333333333333 -3454.5462148269 0.695199908150869 0.50650032265705 336.774841522367
"969" 0.333333333333333 -5389.64378919835 0.566432288095186 0.407275551254176 399.362260942394
"970" 0.5 -3921.05696933057 0.487853928460522 0.366969645816451 439.708459575474
"971" 0 -4667.86152790295 0.0395889832946296 0.235694266582316 685.978666644136
"972" 0.333333333333333 -2134.30194380404 0.668367661322657 0.469912065443252 339.844416885928
"973" 0 -4442.65017298196 0.109442011663143 0.256374511483881 656.861149306793
"974" 0.166666666666667 -4618.85909132856 0.26167126569163 0.299429485337329 573.438719732419
"975" 0.333333333333333 -3135.50631808917 0.287673774718057 0.291931406345833 547.190558884712
"976" 0.333333333333333 -1698.75845389824 0.442944828399254 0.357246424370073 468.778048573236
"977" 0.166666666666667 -3380.76347648985 0.138097174154369 0.254487234290139 629.316620542028
"978" 0.5 -3648.59694324102 0.676324410884157 0.48543643604036 341.884627247008
"979" 0 -2506.92214015254 0.0195291492998128 0.231433483944105 699.39031530869
"980" 0.166666666666667 -4723.29462550873 0.368763041147681 0.332639021847508 521.021731830819
"981" 0.5 -3902.94879194215 0.509655658309567 0.390514328458749 437.914806447632
"982" 0.166666666666667 -3297.32123150334 0.525317084337128 0.38466297567395 419.176096843637
"983" 0.166666666666667 -3674.16678915341 0.182350145152581 0.263387187837099 605.077951627038
"984" 0.333333333333333 -2407.3021724227 0.45676694439807 0.362397500935527 461.428476484935
"985" 0.166666666666667 -5892.51926784021 0.590598409223103 0.441648718049284 400.28004063596
"986" 0.333333333333333 -2625.78191223615 0.565098178698869 0.417465704106463 408.708901149826
"987" 0.333333333333333 -3962.0979154435 0.411804295219718 0.349618234089377 492.876493610535
"988" 0.5 -2319.49492169214 0.61506434267168 0.444319483884873 376.581489434955
"989" 0.5 -3719.54125116182 0.464026779361508 0.357014151376109 454.488578157057
"990" 0.5 -2068.21581914699 0.600131950005511 0.439868883213755 386.025255710271
"991" 0.333333333333333 -5585.09753638664 0.371416535087299 0.332446957505842 515.766033452877
"992" 0.166666666666667 -3223.20695748773 0.27647184230123 0.288993639678635 552.826048568613
"993" 0.166666666666667 -2473.57434006609 0.446341627433136 0.352625716753686 469.919037117844
"994" 0.166666666666667 -3891.05397227704 0.2593543257212 0.292947772870898 573.931515915995
"995" 0.333333333333333 -5386.60889582076 0.587398352095567 0.434040980198002 400.40928901959
"996" 0.166666666666667 -2418.64561746812 0.377001315038405 0.34219705178745 511.935528989159
"997" 0.333333333333333 -2650.73960360268 0.492265684533321 0.388531360482196 451.112086699496
"998" 0.166666666666667 -3391.41536163761 0.479241716779505 0.37684657400465 455.225586124614
"999" 0.333333333333333 -1740.21989936091 0.69067429964998 0.489210370016023 331.295746357809
"1000" 0.5 -4091.12912522809 0.611811097826761 0.440135489634423 376.445015311614
