"SCI" "RCI" "GER" "MSM*" "MIG"
"1" 0.181818181818182 -1718.02952313127 0.337010992011524 0.0879643511868315 1586.79584770404
"2" 0.227272727272727 -1294.08453270045 0.404644346778915 0.0957677785056964 1411.87084374829
"3" 0.227272727272727 -1078.70630466078 0.488527284599717 0.114172510288957 1242.0639683869
"4" 0.272727272727273 -2061.28947190363 0.370562061121314 0.0887092204210661 1519.63527825924
"5" 0.363636363636364 -829.236077155779 0.443825685012297 0.102097730431679 1325.49834292333
"6" 0.409090909090909 -908.854149476466 0.599640919592362 0.136833418235746 1003.46983772493
"7" 0.363636363636364 -1119.55782964613 0.592199412738876 0.134497314052592 1028.63365929626
"8" 0.227272727272727 -1606.91176437897 0.217479574051664 0.073460100335332 1829.55991112916
"9" 0.318181818181818 -1151.1383986927 0.425582144290467 0.0969180980102956 1383.25054169522
"10" 0.227272727272727 -1765.06023151716 0.282638310709167 0.0807208664062543 1682.87259222528
"11" 0.136363636363636 -1212.54359105395 0.329523177445934 0.0828801246418158 1597.15952103566
"12" 0.227272727272727 -953.40047620522 0.498324396557369 0.109668599477373 1218.51337015324
"13" 0.363636363636364 -1054.42902968151 0.547249189019652 0.126968537345131 1121.66285804595
"14" 0.181818181818182 -959.334952638522 0.427180028863059 0.10210003046145 1363.25023055485
"15" 0.272727272727273 -1168.25968575212 0.377118871008017 0.0913006412063401 1469.31642700542
"16" 0.318181818181818 -1241.99594976861 0.572816212727394 0.123914926857436 1072.4936472185
"17" 0.318181818181818 -819.68525071836 0.502287128487174 0.11069482081346 1208.96233539613
"18" 0.363636363636364 -1047.53964054384 0.471597319264558 0.108150887966931 1289.67601186745
"19" 0.272727272727273 -808.167293752173 0.461539226172792 0.105768758627215 1290.33826563316
"20" 0.227272727272727 -1174.1586030566 0.32446738628854 0.0833981177880323 1591.99114353325
"21" 0.227272727272727 -809.773372260604 0.529426316045295 0.117573690755438 1143.41456329578
"22" 0.227272727272727 -1002.52045044097 0.305807330688204 0.086470521044798 1632.86915951198
"23" 0.227272727272727 -1420.62199726504 0.423193543891718 0.0963616895231494 1386.04244370303
"24" 0.272727272727273 -1767.72714751339 0.396012942393728 0.09374607468396 1442.74597190125
"25" 0.363636363636364 -1316.27119424647 0.40130308189532 0.0939110060368392 1424.03302980887
"26" 0.181818181818182 -1181.79820887206 0.334089093416257 0.0853947552681825 1557.80093879079
"27" 0.227272727272727 -1161.59716130001 0.458374097439426 0.102585647164017 1301.26082064904
"28" 0.318181818181818 -873.866711643954 0.50046946462108 0.114303279117031 1216.13733799169
"29" 0.227272727272727 -1150.98602447404 0.465818655282598 0.106162387997722 1274.97816881996
"30" 0.272727272727273 -1021.59147852671 0.438187916963991 0.103231867958329 1371.90987258758
"31" 0.181818181818182 -1444.24891316993 0.248628663401034 0.0759389712848429 1737.93651287426
"32" 0.227272727272727 -1183.26896956186 0.436612389488698 0.0998515733368154 1346.90918386438
"33" 0.272727272727273 -1122.91539724589 0.369155030567129 0.0927493733456984 1499.66140146087
"34" 0.409090909090909 -910.097355513778 0.533463487182684 0.117521843889255 1147.60508582905
"35" 0.363636363636364 -999.096238511694 0.642681842511861 0.150290813325879 917.274725834618
"36" 0.272727272727273 -1001.45264213563 0.527321965611878 0.121043454330643 1162.04648215642
"37" 0.454545454545455 -447.767137374736 0.780016458817801 0.217349534516205 610.055748004699
"38" 0.272727272727273 -1060.43713534004 0.472988525708723 0.108516193664084 1280.60269823452
"39" 0.272727272727273 -1826.026798743 0.462218338428509 0.102160547922311 1301.85308634281
"40" 0.227272727272727 -731.411695292758 0.485296248942304 0.108995235850822 1249.16320888614
"41" 0.181818181818182 -1203.37235689696 0.272412056520043 0.0810312738515351 1709.27181532157
"42" 0.181818181818182 -1198.52469151199 0.442976829427234 0.105666863166909 1328.23334628482
"43" 0.318181818181818 -1010.60540906966 0.469440746101361 0.104202048342693 1284.74970092167
"44" 0.272727272727273 -884.652030231797 0.423739722533003 0.0979682275102829 1362.51224534308
"45" 0.272727272727273 -923.051618170291 0.455053479873396 0.103842694437416 1308.48660468638
"46" 0.318181818181818 -838.442805598507 0.573115098869421 0.125505638664536 1057.02864546411
"47" 0.272727272727273 -1321.23394149955 0.426562488082892 0.0981795813241735 1394.56267935429
"48" 0.318181818181818 -986.600139960173 0.438920866763082 0.100829763998776 1344.74825798168
"49" 0.363636363636364 -757.725821772044 0.518609526451914 0.118582417052498 1162.93047058352
"50" 0.272727272727273 -1078.84392574165 0.411382651856173 0.0973910457194415 1399.04340207125
"51" 0.318181818181818 -944.99700000477 0.480703366458845 0.105302131882082 1253.9408866614
"52" 0.318181818181818 -914.868021628399 0.493965296469253 0.110749269210438 1229.32155397666
"53" 0.272727272727273 -1273.09969003381 0.415219601092151 0.0976817515246804 1413.55510178471
"54" 0.272727272727273 -1130.94003936577 0.460718962020887 0.106327133205047 1314.7149620539
"55" 0.318181818181818 -1042.47387630594 0.362332955041941 0.0936476780384053 1513.5257288684
"56" 0.272727272727273 -1460.45530897701 0.440584582499062 0.100087292667454 1354.59744648915
"57" 0.272727272727273 -897.666753287891 0.331298270342004 0.0864207567048932 1556.59138618006
"58" 0.454545454545455 -874.026670656985 0.643525738531315 0.145279112037821 914.085993848322
"59" 0.181818181818182 -1051.1166037746 0.312690374535307 0.0815151690980026 1630.91448276032
"60" 0.363636363636364 -514.272395102958 0.56536965686587 0.125361564431667 1060.95142832275
"61" 0.363636363636364 -1508.80149230665 0.359488155280978 0.0874493520500409 1544.88607628895
"62" 0.181818181818182 -1557.67237427863 0.458780147100668 0.104592955193665 1320.92299814357
"63" 0.409090909090909 -806.608497181069 0.609083909153387 0.135574615696146 975.990072199214
"64" 0.318181818181818 -1055.13449739418 0.461083108700824 0.102857838843064 1298.67205285796
"65" 0.136363636363636 -1435.16740822163 0.244693753655149 0.0760906371405246 1763.4285379746
"66" 0.227272727272727 -1504.59019728702 0.357385556549247 0.0888418314809767 1528.98869432714
"67" 0.363636363636364 -1142.92101039826 0.559885448356982 0.124067636834054 1108.77154758043
"68" 0.227272727272727 -1191.07462673783 0.317478965760875 0.0852829860257514 1622.64845117148
"69" 0.318181818181818 -917.405153014605 0.478490379786242 0.108831954795098 1263.35311688324
"70" 0.318181818181818 -916.092514614005 0.51776093767852 0.114432066510242 1184.36644362216
"71" 0.409090909090909 -713.170819469101 0.661253233497594 0.156969560441535 862.75997683215
"72" 0.363636363636364 -807.642383581142 0.537873113952172 0.120717961872721 1117.87441632848
"73" 0.227272727272727 -948.41252954871 0.518013236156712 0.113501971947957 1161.5369428313
"74" 0.272727272727273 -1053.03998017682 0.427423552641425 0.097590775238892 1373.27383971115
"75" 0.318181818181818 -1059.30549938447 0.468037837841086 0.10331276357854 1280.51034235058
"76" 0.363636363636364 -801.38514099369 0.565914613608573 0.128048064934085 1067.65164955612
"77" 0.318181818181818 -1125.07877675385 0.418475148845652 0.0969263349259728 1394.2735614939
"78" 0.272727272727273 -1159.25154823354 0.39829913559272 0.0938493864649231 1434.2131740781
"79" 0.227272727272727 -1157.66730787036 0.33509004240696 0.0856787211336604 1551.21699450786
"80" 0.227272727272727 -1274.30382881767 0.342187757997298 0.0876851424279046 1557.64276155443
"81" 0.272727272727273 -904.671341543256 0.509888518706481 0.115343684929768 1175.74544884173
"82" 0.272727272727273 -616.607269623023 0.56518004564813 0.124051700003721 1073.16104132873
"83" 0.363636363636364 -1272.31777966923 0.443124491250785 0.100080923580843 1348.59895530546
"84" 0.227272727272727 -1066.68830897137 0.469317464768543 0.105928984549782 1286.30736395065
"85" 0.181818181818182 -1249.81393686605 0.440499705834065 0.103023789762911 1357.98394126908
"86" 0.181818181818182 -1629.86105462199 0.402070731117287 0.0948117222197507 1428.99332889752
"87" 0.272727272727273 -947.21166530841 0.598073525391257 0.137748774974316 1016.33912930178
"88" 0.363636363636364 -1097.85877569721 0.534281086281438 0.117832796094044 1151.81885865699
"89" 0.409090909090909 -1385.76372934489 0.513181214079434 0.114193448625711 1178.37731213144
"90" 0.363636363636364 -866.253926726624 0.637563802191617 0.149185606114858 917.028245662898
"91" 0.318181818181818 -1140.84873146541 0.374212469641002 0.088664153310492 1492.08111321874
"92" 0.363636363636364 -1370.8456642472 0.378125300659354 0.0907799857464728 1480.22659813524
"93" 0.272727272727273 -1024.82607235838 0.545313279486401 0.11990694192962 1120.82670305524
"94" 0.363636363636364 -1068.22102072152 0.468489645505842 0.103256974529919 1284.17339664625
"95" 0.272727272727273 -1535.92736187141 0.417216523303333 0.0957020400952333 1399.36363358949
"96" 0.454545454545455 -706.78629224072 0.626067394039261 0.141717659718865 943.90919682635
"97" 0.318181818181818 -976.227095943257 0.47029302462241 0.109027835754882 1285.88649521836
"98" 0.272727272727273 -1053.77675084276 0.40742256280612 0.0976921305417741 1409.24682560491
"99" 0.363636363636364 -914.992593669992 0.511325335974289 0.113383686521891 1209.04457246682
"100" 0.318181818181818 -1038.76409937412 0.592998023489937 0.136180921259695 1022.70206420573
"101" 0.227272727272727 -1683.65253637651 0.346485618196753 0.0840290652941565 1562.39537647304
"102" 0.181818181818182 -2186.75002908413 0.223207472135905 0.0741249033848244 1844.9559757003
"103" 0.181818181818182 -1762.72556707248 0.253095530104306 0.0773411439039882 1769.88695583929
"104" 0.227272727272727 -885.843801653377 0.508810665764453 0.11101117237268 1211.65986884362
"105" 0.181818181818182 -1007.07169300084 0.337103269935576 0.0863476602960406 1543.56968828453
"106" 0.227272727272727 -1042.11108939175 0.351685814220863 0.08867526163167 1538.54600133614
"107" 0.227272727272727 -1598.67002656609 0.300419493293027 0.0825143909222135 1665.87016047461
"108" 0.272727272727273 -1505.95402520144 0.422592779873637 0.0973528972123539 1388.78950995939
"109" 0.272727272727273 -544.203812951993 0.661929512347471 0.155549980144688 865.176644755155
"110" 0.363636363636364 -1874.05126961665 0.399704708035154 0.0922569974735557 1454.61510920909
"111" 0.181818181818182 -1102.21654272976 0.433773879580566 0.100782268666292 1362.54161929467
"112" 0.181818181818182 -1303.79514900713 0.435126619716054 0.0976243985955958 1369.83063161044
"113" 0.318181818181818 -952.538906029982 0.464994527564839 0.103182507117275 1285.93447583562
"114" 0.318181818181818 -841.492879570794 0.549103546316278 0.128113321015796 1113.86438022717
"115" 0.272727272727273 -1692.83153908818 0.472099314830115 0.110094240368493 1292.4524406729
"116" 0.318181818181818 -1553.08012397858 0.367127856688347 0.0885500643203206 1500.54227062042
"117" 0.272727272727273 -1072.21585768209 0.431382517491824 0.101774946489498 1362.75770533701
"118" 0.318181818181818 -1031.58025103664 0.493596556856205 0.106690214601824 1229.64879215865
"119" 0.227272727272727 -746.663873808866 0.445667863812733 0.103435180059044 1318.39900656227
"120" 0.363636363636364 -829.978856018078 0.55782337081218 0.126255727941177 1097.59344865818
"121" 0.363636363636364 -1331.95536144608 0.45190812853421 0.102287117414969 1320.01777966634
"122" 0.318181818181818 -1243.99219299929 0.485544839047734 0.107113401545053 1244.74391125902
"123" 0.272727272727273 -1292.17137021386 0.351513152727372 0.0866167246264885 1525.14381271268
"124" 0.227272727272727 -934.778454079261 0.351897556971358 0.0898516864887007 1518.58145995997
"125" 0.227272727272727 -1428.48759936947 0.411027891180259 0.098058827283217 1417.1529194515
"126" 0.363636363636364 -1017.88679203161 0.394893916733361 0.0934489643424776 1438.21104695755
"127" 0.272727272727273 -1346.72049096239 0.438240480875944 0.101040853207897 1370.00303813828
"128" 0.318181818181818 -879.606480560202 0.442359903189502 0.103798306321333 1339.45893601486
"129" 0.363636363636364 -1039.41877664554 0.520400315243647 0.115895324292289 1171.69613713275
"130" 0.318181818181818 -1330.68536325656 0.470361943204768 0.110833839764247 1294.71292787222
"131" 0.272727272727273 -1553.57044062185 0.523037237446619 0.114057083646467 1184.97658098668
"132" 0.318181818181818 -2255.27413456302 0.35220522170232 0.0889763921878609 1547.37124858613
"133" 0.227272727272727 -1460.99125879749 0.418387176424413 0.0974278814632403 1402.33270609081
"134" 0.227272727272727 -1075.3545223037 0.342452443903233 0.0864467908398826 1560.84249014725
"135" 0.227272727272727 -1113.44208839343 0.499214985870731 0.109420609411904 1230.80448349668
"136" 0.181818181818182 -1287.42083358917 0.384812710463898 0.0907892645620781 1492.98776385
"137" 0.272727272727273 -1430.08067733442 0.488742290708106 0.109207914517712 1240.89005331709
"138" 0.363636363636364 -796.231845514052 0.437335346113796 0.102311039238567 1356.95204116625
"139" 0.181818181818182 -1007.19768219935 0.333018640995194 0.0861418925494373 1579.10954294644
"140" 0.318181818181818 -1361.05804785333 0.375755624740281 0.0915760540871662 1500.94220356084
"141" 0.272727272727273 -1169.54524544112 0.334358026539784 0.0891876159392895 1573.09640601695
"142" 0.272727272727273 -1667.9136924994 0.299781626767949 0.0814799209706175 1650.80206863713
"143" 0.227272727272727 -980.66464543648 0.534567083307197 0.123629377803443 1140.04572949514
"144" 0.227272727272727 -1270.39177291722 0.422152909735433 0.0959522937248431 1389.12439276862
"145" 0.181818181818182 -1083.23782743194 0.429345658968938 0.101045642550247 1366.00882554182
"146" 0.318181818181818 -970.988451794203 0.427467734476364 0.0962188527376561 1387.79774699967
"147" 0.363636363636364 -972.112814125428 0.484792255691834 0.111218375192315 1239.85954850831
"148" 0.272727272727273 -1292.39148494801 0.311190666439965 0.0818538414080705 1603.97757578106
"149" 0.409090909090909 -948.723398021425 0.641455517899594 0.148620575711686 914.368613691931
"150" 0.272727272727273 -1193.0079038451 0.387693259771985 0.0951529480994384 1480.13857016871
"151" 0.272727272727273 -1190.76601902246 0.326610679584663 0.084167005974431 1572.8203846876
"152" 0.272727272727273 -1166.13466980602 0.398770123601435 0.0947386692695034 1443.11942873644
"153" 0.227272727272727 -842.623331021208 0.600590483238542 0.137034391279523 995.068032507191
"154" 0.318181818181818 -673.897515559084 0.603206953901423 0.134939587161694 993.823347989353
"155" 0.318181818181818 -1038.20384640325 0.471567736636112 0.106387752477883 1292.67225091746
"156" 0.318181818181818 -802.740454401385 0.526162880483576 0.115139278334725 1160.32153677258
"157" 0.318181818181818 -1302.67670881882 0.387387466561803 0.091061711907261 1475.09467997028
"158" 0.227272727272727 -1631.29902253212 0.453523171421558 0.103398241987111 1330.99386205665
"159" 0.181818181818182 -1707.4968188528 0.307969589611042 0.0803577505742844 1638.80544908491
"160" 0.318181818181818 -894.520510136024 0.516731039927125 0.115124336201866 1180.83843096809
"161" 0.272727272727273 -1038.30644922524 0.430782920043308 0.0979979292905331 1370.84089477903
"162" 0.318181818181818 -628.385814200359 0.49069707832215 0.111211931493223 1226.06801744043
"163" 0.318181818181818 -1708.97286632296 0.36368246424755 0.0898477206042782 1501.10017298225
"164" 0.272727272727273 -1034.10169970094 0.378533648088922 0.0936542649161154 1456.44855787321
"165" 0.363636363636364 -1067.24858816809 0.544408307818976 0.125198925228364 1105.48384320138
"166" 0.227272727272727 -962.630292469628 0.357991486429406 0.088023059477028 1514.61196646079
"167" 0.318181818181818 -810.218149386808 0.558572007314321 0.122118940802202 1082.57278654648
"168" 0.363636363636364 -1051.02290990247 0.58007491962077 0.127900277138941 1053.0123928556
"169" 0.318181818181818 -1294.24115669868 0.342931038794061 0.0870304812198167 1556.70851005563
"170" 0.272727272727273 -1107.19985673358 0.422479657072561 0.0975763157626322 1385.0369399635
"171" 0.318181818181818 -1092.85980404194 0.567745398046834 0.125758971557439 1075.00053065913
"172" 0.227272727272727 -1198.06351628012 0.306811360890322 0.0845830505684198 1631.274759902
"173" 0.363636363636364 -1173.35319492236 0.393280442284226 0.0929753130743341 1446.81836044388
"174" 0.363636363636364 -1075.88271612258 0.491997764326049 0.110945411625669 1236.20935866048
"175" 0.363636363636364 -1396.32154171237 0.473265922232382 0.106528424902338 1267.88440701227
"176" 0.181818181818182 -1911.04594786407 0.324739056075795 0.08736359674271 1636.41191924077
"177" 0.272727272727273 -1149.27344058511 0.449439126711038 0.102584458340411 1334.9379240951
"178" 0.227272727272727 -1049.81163349152 0.375082588240246 0.0934685665462496 1473.68939576378
"179" 0.227272727272727 -1957.78358410774 0.39592420245097 0.0933374088338328 1454.78366344911
"180" 0.227272727272727 -1567.34186532318 0.413361015879269 0.0973881604397494 1410.67989693909
"181" 0.227272727272727 -1443.64338476236 0.450749913473397 0.100782649779349 1336.71835712548
"182" 0.136363636363636 -1739.62903063584 0.3453705970506 0.084981030651285 1552.37686041624
"183" 0.272727272727273 -1512.67224951959 0.476085552454415 0.10521590872248 1290.62388917892
"184" 0.272727272727273 -830.782978955071 0.591068062852837 0.133506553393938 1016.19567004023
"185" 0.318181818181818 -1335.23108316992 0.353025405538133 0.0859915877805557 1538.4060864696
"186" 0.227272727272727 -990.303502542496 0.42285996221035 0.0981505472857279 1382.55341395552
"187" 0.318181818181818 -2034.43705600369 0.502831611273527 0.110812678106369 1227.76797701542
"188" 0.272727272727273 -1119.08460670578 0.447665582937881 0.10164746784387 1347.7083791127
"189" 0.272727272727273 -1151.76988619102 0.55426452498506 0.12633916715107 1108.63880619613
"190" 0.318181818181818 -1220.41823328465 0.434916350172168 0.0985329013492149 1349.62475969823
"191" 0.227272727272727 -863.497232832411 0.643981309882402 0.152100507139236 895.658438656165
"192" 0.5 -749.849728106915 0.55438492851038 0.123709657402823 1087.23220434431
"193" 0.363636363636364 -753.02855150047 0.640184981931532 0.144375693873057 918.283898792579
"194" 0.318181818181818 -1452.85491471916 0.62514374565448 0.136785799907017 967.579484526371
"195" 0.318181818181818 -1391.51057792515 0.501605099649766 0.109525508427168 1201.2748817967
"196" 0.318181818181818 -1329.44170360117 0.539193888958288 0.119363364381756 1142.50957199759
"197" 0.409090909090909 -1107.28125669652 0.518929910133424 0.116795183503522 1167.86566275719
"198" 0.272727272727273 -1245.60018237712 0.434244246402548 0.0993862800105354 1364.8104871223
"199" 0.272727272727273 -1077.26214546722 0.376567048232313 0.0961512796398196 1479.52459404124
"200" 0.227272727272727 -1111.5565822503 0.401726056358458 0.0990880272273408 1419.68023924509
"201" 0.181818181818182 -1194.82278383409 0.427766143967309 0.0979440939437997 1380.62143372191
"202" 0.272727272727273 -940.173348766039 0.608570792266677 0.134816194347304 986.07825076835
"203" 0.0909090909090909 -2026.54780567513 0.237683511672502 0.075209194005624 1791.76556881254
"204" 0.272727272727273 -942.610091283586 0.535744761176031 0.117349029616014 1140.43610736286
"205" 0.227272727272727 -904.756790742398 0.458315949821812 0.108426036413832 1321.35066408541
"206" 0.181818181818182 -1077.18502988949 0.47614286786411 0.109189619616057 1270.16511540285
"207" 0.272727272727273 -922.35190337959 0.492292589153736 0.106890416352569 1241.87526043276
"208" 0.409090909090909 -819.551703781676 0.541587599065875 0.122026004214834 1117.96695270855
"209" 0.181818181818182 -1486.03514374587 0.219596795061762 0.0727902518817777 1831.3960992605
"210" 0.363636363636364 -662.887434190153 0.548880627213569 0.12134968045749 1098.57467675766
"211" 0.227272727272727 -1103.90476272874 0.417887309739874 0.0960699202842227 1407.41353219794
"212" 0.227272727272727 -2242.06868751425 0.457120091590518 0.106280843010486 1303.90365686007
"213" 0.272727272727273 -829.953773085415 0.578442712848153 0.128843991690138 1034.8589437979
"214" 0.318181818181818 -1605.47899166471 0.365991399572383 0.0922968548372885 1537.18233414894
"215" 0.272727272727273 -1392.35884897833 0.416904434739066 0.0945223516938477 1407.63967894381
"216" 0.318181818181818 -1112.51943630334 0.493535581830704 0.111433698342011 1239.2669135236
"217" 0.227272727272727 -1761.16412195247 0.37775287827836 0.0913648684695119 1495.14421379569
"218" 0.181818181818182 -912.897192636342 0.415344703318985 0.0940727243610123 1409.95149462532
"219" 0.318181818181818 -1203.92530947072 0.4210605846665 0.0959849845310074 1383.18433331556
"220" 0.318181818181818 -902.776581924029 0.471042132128966 0.105587650122159 1288.23789416926
"221" 0.318181818181818 -797.797186463188 0.494989806946001 0.112518407784973 1218.41905438041
"222" 0.318181818181818 -618.75080530106 0.607462396727849 0.141037286792647 978.372720434121
"223" 0.272727272727273 -1533.33036724916 0.465790605629712 0.107905865516698 1297.39127060655
"224" 0.363636363636364 -1061.21845801132 0.598492649945151 0.138064367710423 1021.53236063211
"225" 0.136363636363636 -1078.71182077413 0.433384804647438 0.0993740990248594 1373.96646094832
"226" 0.409090909090909 -1155.01466290387 0.563408838143283 0.124826827881951 1082.21598769877
"227" 0.318181818181818 -957.486320869619 0.453894788657336 0.105269254891816 1320.82900400318
"228" 0.318181818181818 -708.14213604291 0.573894044792229 0.127989240954613 1057.01495368215
"229" 0.227272727272727 -1083.65569712968 0.341692259671122 0.0875347450714456 1534.7712072027
"230" 0.227272727272727 -1463.64872517722 0.341986256077708 0.0895565162640201 1561.55094106518
"231" 0.272727272727273 -1392.43017214314 0.371507409904651 0.0923272378642671 1512.88371713569
"232" 0.136363636363636 -1128.01482767454 0.375917824441397 0.0906157126698442 1489.54296507807
"233" 0.181818181818182 -1751.06880519831 0.291437508011285 0.0802591009116793 1681.13724241959
"234" 0.318181818181818 -1083.03561590988 0.510847146600487 0.11577860433271 1183.01135190153
"235" 0.181818181818182 -1414.68675452909 0.26659156632689 0.0780085445763132 1707.40735941208
"236" 0.227272727272727 -851.413734499864 0.465443171888277 0.105094435036894 1298.20118597423
"237" 0.272727272727273 -1054.3774516318 0.42611956072653 0.0985581211456803 1387.65869222174
"238" 0.272727272727273 -1064.78221631508 0.420842055519298 0.0988068753178257 1386.39841842924
"239" 0.363636363636364 -1048.11881798646 0.590784229165811 0.132448947266542 1020.43302836905
"240" 0.454545454545455 -756.353962535553 0.658710656809635 0.160063640139562 873.478829503572
"241" 0.227272727272727 -1151.21197113888 0.499712146479551 0.106994838762017 1225.95383870071
"242" 0.181818181818182 -1288.28154716683 0.399062161665494 0.0951289365456307 1426.45006117572
"243" 0.227272727272727 -891.671184177948 0.477414244887492 0.10531799112825 1258.13269237296
"244" 0.318181818181818 -656.791701523752 0.618054363889621 0.138402018117706 958.248520084308
"245" 0.409090909090909 -922.295661031523 0.588555808034306 0.130444018172546 1017.71423819251
"246" 0.318181818181818 -1105.79351375505 0.488906642589995 0.107910438408799 1252.42937481245
"247" 0.318181818181818 -1578.79575546384 0.402972803230214 0.0943311464378704 1446.70791198968
"248" 0.227272727272727 -1205.65713223096 0.368784920316864 0.0919531697508937 1504.48709467944
"249" 0.227272727272727 -1321.07445122012 0.309663076054383 0.0840008336940044 1627.16114439239
"250" 0.272727272727273 -1051.4491878926 0.398541584102367 0.0991901387878023 1425.95888022487
"251" 0.318181818181818 -1183.93271138762 0.363650682217311 0.0908497246322321 1513.68979801848
"252" 0.318181818181818 -811.627475347602 0.538309532607747 0.117356705807262 1125.80676785132
"253" 0.272727272727273 -695.998990822024 0.518200540285641 0.116805143602868 1170.6689975607
"254" 0.181818181818182 -2021.64652308095 0.23608530732373 0.0766332988292352 1809.99024653912
"255" 0.227272727272727 -1673.86224661797 0.400195929362343 0.0982600582161943 1449.28083561597
"256" 0.272727272727273 -1187.70169249973 0.429415530912625 0.0970249260230269 1376.99379467263
"257" 0.272727272727273 -1434.92139478514 0.450028442412429 0.102704076528707 1344.0542078001
"258" 0.227272727272727 -1099.13715507969 0.357785171807925 0.0943131395552388 1505.05672803007
"259" 0.318181818181818 -1331.38329362128 0.463611432864878 0.1034530598273 1317.64237185849
"260" 0.272727272727273 -651.403828659202 0.572849702864934 0.127866855732032 1050.37819043228
"261" 0.363636363636364 -535.986080066092 0.669171108743862 0.161743699711598 841.630080202851
"262" 0.318181818181818 -1013.10106736554 0.383372792588843 0.0923574115550777 1454.75032432808
"263" 0.272727272727273 -1287.34753745812 0.39405686765798 0.0926648659038783 1437.56428262871
"264" 0.227272727272727 -896.823684918607 0.387678083216233 0.0949283914698093 1457.3575776207
"265" 0.318181818181818 -1280.71685165907 0.360425281326896 0.0914387334356594 1518.79232150397
"266" 0.227272727272727 -1320.9279895393 0.429395821503984 0.0985994432784745 1389.83778175477
"267" 0.136363636363636 -1969.79731013514 0.223276110624504 0.076996486330822 1835.34815874782
"268" 0.318181818181818 -1342.39668495237 0.463667892295985 0.104951594468143 1301.91939608535
"269" 0.318181818181818 -1174.55670757149 0.350185795671818 0.0892660046188936 1534.51691662362
"270" 0.363636363636364 -1619.59864511208 0.425143371613773 0.099242040368758 1406.03692469273
"271" 0.272727272727273 -821.350026999674 0.596538604153357 0.136816772398488 1006.38155712732
"272" 0.181818181818182 -1314.22236158229 0.274484331592534 0.0813111306119191 1705.74702962987
"273" 0.363636363636364 -1150.7828244916 0.495376438272842 0.106466860930462 1237.37422265892
"274" 0.409090909090909 -1098.06776900768 0.473078418546621 0.103340771904971 1280.5900843119
"275" 0.318181818181818 -865.24527138887 0.629474669857815 0.139915834400229 947.994582742965
"276" 0.227272727272727 -1631.9846347322 0.206010797477902 0.0718266276118548 1859.64795863519
"277" 0.227272727272727 -1227.49055366261 0.339759566999904 0.0852463110892105 1570.71171056334
"278" 0.272727272727273 -1090.31893144794 0.557564372475132 0.125904619286789 1102.5879371044
"279" 0.227272727272727 -1485.7550564873 0.321691953235705 0.084678712382036 1599.42040883413
"280" 0.227272727272727 -1133.78052580453 0.503805501578496 0.112882689851989 1203.43392218753
"281" 0.363636363636364 -852.715397094525 0.598923329250574 0.132126170244975 1001.73233727586
"282" 0.227272727272727 -1026.91824773396 0.426090096987405 0.0962098237625049 1370.64086027644
"283" 0.136363636363636 -1625.55338636024 0.225341143733573 0.0757614443433434 1783.42478484552
"284" 0.227272727272727 -1061.26289793642 0.421753715049657 0.0990617223798943 1388.1374788059
"285" 0.363636363636364 -1333.84314811629 0.496659721712753 0.108603118931197 1238.49598235046
"286" 0.318181818181818 -1122.36246749373 0.458532315903128 0.104027481812221 1299.14989347004
"287" 0.409090909090909 -1317.97277695044 0.586293239637405 0.135466916468527 1033.12102648144
"288" 0.272727272727273 -1441.11879387343 0.386835417404616 0.0898433532207382 1475.06347407582
"289" 0.272727272727273 -967.957501603008 0.45186733915511 0.103231138671396 1329.07224442452
"290" 0.181818181818182 -1273.16466226946 0.233521382096884 0.0766108138443357 1789.62939100906
"291" 0.272727272727273 -1183.7428031524 0.48496813846415 0.108967907819587 1269.22648367441
"292" 0.409090909090909 -1133.64890017927 0.590159875532816 0.132214757111266 1036.29819242643
"293" 0.318181818181818 -927.064222422412 0.615685184491277 0.140479085774926 965.894508235192
"294" 0.136363636363636 -1539.94013925727 0.285112783521335 0.079692145609425 1683.31218999013
"295" 0.363636363636364 -786.599211786746 0.61430383501318 0.142938575441739 966.753584915283
"296" 0.227272727272727 -1604.10518392 0.577533232845658 0.126720926243661 1061.67377306109
"297" 0.272727272727273 -1428.47506396292 0.295943569977879 0.0810326247896844 1655.08525266363
"298" 0.409090909090909 -1022.07564595732 0.543984690968779 0.117533179651426 1123.82930165135
"299" 0.318181818181818 -1003.51140523113 0.332611680255227 0.086436064667069 1566.77229915599
"300" 0.409090909090909 -1078.7858369602 0.579267500332599 0.132129742846583 1032.04406198986
"301" 0.227272727272727 -1095.70072147967 0.496705230680725 0.112966276007865 1226.16065223829
"302" 0.227272727272727 -1562.40265577625 0.356498057240556 0.0880227971748077 1525.22391733599
"303" 0.181818181818182 -883.075288207375 0.523507974064879 0.112077961100741 1173.2740577484
"304" 0.318181818181818 -1313.58199035149 0.392084347105256 0.0921489933781845 1466.79018803344
"305" 0.227272727272727 -1533.41708736699 0.328861222249406 0.0836700571092878 1605.85267974018
"306" 0.227272727272727 -777.14546151608 0.607764156376394 0.1399386873338 993.148873846536
"307" 0.272727272727273 -1205.68346510006 0.439459497741844 0.0986218811093258 1329.59690185301
"308" 0.272727272727273 -2060.3470338154 0.38390060189052 0.0918717423449061 1473.0198903697
"309" 0.363636363636364 -1533.90663938001 0.535952014801405 0.119170756825736 1144.40719412253
"310" 0.272727272727273 -1415.56568783373 0.526468512869497 0.115281358946412 1168.0213556638
"311" 0.227272727272727 -1430.483423861 0.368142151568405 0.0890674839991906 1515.77311574342
"312" 0.181818181818182 -1564.49512486514 0.26898649936635 0.0779916495785573 1739.73764333528
"313" 0.318181818181818 -1002.3810586664 0.434671580962042 0.102229511103402 1370.05091614584
"314" 0.227272727272727 -1482.06652175466 0.363716870736582 0.0900889418924817 1518.82019555378
"315" 0.318181818181818 -986.295476987084 0.586606818499081 0.13530687360568 1045.38529688531
"316" 0.318181818181818 -1477.2921279248 0.374253193431222 0.0947439101594022 1500.0424299384
"317" 0.272727272727273 -1400.96261482734 0.368624150701052 0.0906524914338036 1498.30210699021
"318" 0.181818181818182 -885.053408189573 0.543613655898452 0.125565325808501 1122.22916028096
"319" 0.409090909090909 -721.139906769264 0.6379414943689 0.152666060317878 915.172890332982
"320" 0.318181818181818 -840.389212149153 0.587650373356368 0.134589448174607 1025.07108347322
"321" 0.227272727272727 -1576.23846033466 0.374000569446179 0.0898165023927177 1504.06048902032
"322" 0.363636363636364 -613.024105412679 0.68314181431828 0.160989859269517 818.737818529876
"323" 0.227272727272727 -1731.20344996493 0.339018948367748 0.0840610529240791 1582.56331451819
"324" 0.363636363636364 -936.487731645106 0.556703397535935 0.124716214232061 1078.1281773674
"325" 0.227272727272727 -1208.56480081607 0.29867433370197 0.0821030572458219 1656.16222688134
"326" 0.272727272727273 -830.18172827154 0.59383667855696 0.133078382820952 1017.36458454368
"327" 0.227272727272727 -665.253337741669 0.660510594234436 0.156068314276994 874.740063590067
"328" 0.318181818181818 -1023.38971402927 0.530824585893179 0.119825351719136 1159.47044022999
"329" 0.363636363636364 -890.249344993136 0.39825892786573 0.096529685835089 1426.92153227909
"330" 0.227272727272727 -2184.53965954833 0.272443724203218 0.0788853622505309 1724.30711692811
"331" 0.409090909090909 -443.213368945839 0.679590138546481 0.160502058101344 821.163385241246
"332" 0.272727272727273 -1821.7883742815 0.458715702850484 0.100588425403371 1322.94544371632
"333" 0.181818181818182 -1447.96545777958 0.28453922299437 0.0785832628654113 1697.22350702854
"334" 0.363636363636364 -1533.26108777785 0.427457821564788 0.0965823582334516 1402.13084421398
"335" 0.318181818181818 -1608.28374441513 0.54838645938793 0.123615619753684 1111.09943262909
"336" 0.318181818181818 -1299.44249345938 0.436932856507603 0.100101831720628 1355.32004167618
"337" 0.181818181818182 -964.423162053772 0.263137840646243 0.0768634727897714 1709.06656555323
"338" 0.272727272727273 -1069.38595534671 0.541042080360237 0.121333684607377 1136.44641836839
"339" 0.227272727272727 -1319.62136024999 0.447337396770624 0.100379394443361 1336.80456336367
"340" 0.272727272727273 -1175.7709533728 0.417440411122416 0.0995831106702699 1412.36218658976
"341" 0.363636363636364 -1411.89947601725 0.494587807094111 0.113732085645714 1245.90389023491
"342" 0.318181818181818 -1296.71469922823 0.336141978820702 0.0849018049152527 1583.68213061469
"343" 0.363636363636364 -687.666963382475 0.573682421073653 0.132414338254859 1059.20304949179
"344" 0.363636363636364 -1272.8404500088 0.454406340896324 0.102406755932351 1322.21105070359
"345" 0.272727272727273 -858.504293858026 0.540807675833414 0.125949167271225 1131.39499781735
"346" 0.272727272727273 -1239.50047875232 0.420521392634892 0.0972739927677869 1399.40285599388
"347" 0.318181818181818 -618.015785148701 0.575202505431437 0.125852937108221 1042.45208842662
"348" 0.272727272727273 -1685.49611605157 0.299645660516307 0.0792771701936507 1664.91074258261
"349" 0.363636363636364 -1536.67487255568 0.388913678375538 0.091062897219604 1463.3313095869
"350" 0.318181818181818 -786.732641288306 0.482241525022021 0.106430604548359 1251.9596570172
"351" 0.318181818181818 -851.270306282247 0.54356395522074 0.121315932381713 1110.68463805852
"352" 0.318181818181818 -1294.65955111308 0.365059346935544 0.0888180361802508 1520.49741405835
"353" 0.318181818181818 -933.708450254573 0.452094264566302 0.10358918239493 1310.59059168266
"354" 0.318181818181818 -1316.43327525288 0.307197578048985 0.0828129455765327 1637.77646129504
"355" 0.272727272727273 -779.013355875864 0.586471435570785 0.130740526275811 1026.88973747734
"356" 0.318181818181818 -1073.78815399899 0.397543783769575 0.0975030563249707 1433.17819168594
"357" 0.318181818181818 -622.054979693349 0.53571620510328 0.122645808795826 1131.5406979405
"358" 0.227272727272727 -1354.58178940261 0.334059372231333 0.0858042101695843 1563.42668300672
"359" 0.409090909090909 -2277.57153821271 0.506124518513443 0.109693008155063 1220.82299525724
"360" 0.363636363636364 -932.261304386665 0.518387743914933 0.116034229954012 1179.75263184241
"361" 0.363636363636364 -1090.31893831028 0.60291173374386 0.140268916468158 997.082842163439
"362" 0.409090909090909 -1105.41785493592 0.653025537378777 0.149140244043643 882.591735898866
"363" 0.272727272727273 -1121.2639375659 0.430880381646496 0.0963661990137709 1360.15517551308
"364" 0.272727272727273 -1309.6858456618 0.409806202451856 0.0931941347630598 1411.48373967329
"365" 0.181818181818182 -2048.81865876759 0.320930216768238 0.0831051617491984 1598.87155850129
"366" 0.227272727272727 -1295.91534664912 0.338205980808777 0.0852115019500043 1573.93105292564
"367" 0.318181818181818 -1033.18883895476 0.685540085661629 0.161366088617729 820.999900716113
"368" 0.363636363636364 -896.092723204409 0.600550910949596 0.133128460406521 1005.6772756963
"369" 0.409090909090909 -680.619769743624 0.698497157446061 0.16579187300003 795.768311261037
"370" 0.272727272727273 -1474.42220969337 0.339134584441954 0.0856530454780102 1574.87350653558
"371" 0.318181818181818 -1039.72357611384 0.39882632525563 0.0947414588917744 1436.12566889735
"372" 0.318181818181818 -1261.72568653676 0.426383226542853 0.0975473846134543 1379.78103986031
"373" 0.272727272727273 -1015.40817497768 0.423712088982065 0.102367914146316 1368.99533448656
"374" 0.136363636363636 -1165.6102924635 0.261390560321843 0.078055647807477 1716.49708843193
"375" 0.227272727272727 -818.823577102309 0.556755315371288 0.123367550425196 1101.31792323507
"376" 0.272727272727273 -960.70914279438 0.373667881149715 0.0908798836673501 1476.73053910981
"377" 0.363636363636364 -976.194850348716 0.50372259376988 0.111156582371433 1210.03154898216
"378" 0.136363636363636 -1321.92444694111 0.339794417485041 0.0867593082650029 1571.46028381427
"379" 0.181818181818182 -1508.78661022746 0.294496762519887 0.0810765988840718 1644.55451049207
"380" 0.318181818181818 -1255.57293734746 0.431679765703752 0.101513616128447 1378.58444262687
"381" 0.272727272727273 -1127.48623992477 0.442262292632379 0.100966927514191 1337.76640971018
"382" 0.272727272727273 -1186.22722934744 0.414260312323763 0.0970556954412553 1398.85520458765
"383" 0.272727272727273 -1279.79344201042 0.404871804403948 0.0932917451219727 1438.0679605237
"384" 0.272727272727273 -1324.57350008735 0.354725088194043 0.0885618832640234 1540.21893132514
"385" 0.363636363636364 -683.673314957392 0.569617364491692 0.131622095121412 1070.1644604709
"386" 0.272727272727273 -985.082530291432 0.444573590307109 0.0998101457629555 1339.84600960303
"387" 0.318181818181818 -1071.50511936507 0.414443577551234 0.0989752240978154 1418.74331179803
"388" 0.318181818181818 -1439.48367270913 0.487823911716015 0.112266019226158 1239.62125132317
"389" 0.227272727272727 -1259.19290922565 0.402785032526893 0.0945158608740926 1426.06069487964
"390" 0.181818181818182 -1661.41102722575 0.216525943338116 0.0743813547885459 1846.46680848983
"391" 0.363636363636364 -961.925876628753 0.540524343735703 0.117477297116173 1138.65044382608
"392" 0.409090909090909 -720.556683000172 0.624427167409399 0.139716283575316 944.185334407375
"393" 0.227272727272727 -1531.39498055876 0.243138030757425 0.0766820799680098 1784.72112159906
"394" 0.227272727272727 -1139.18258948896 0.487536619976901 0.109282346435997 1257.92947854354
"395" 0.272727272727273 -1645.34119318934 0.368080328638412 0.0912750384735807 1513.47393779727
"396" 0.227272727272727 -1653.93799266289 0.456139508597144 0.103373798196546 1323.62865539602
"397" 0.227272727272727 -1037.72242829154 0.417259121988386 0.0963142307038937 1397.56885174327
"398" 0.318181818181818 -679.054606702591 0.53887277018734 0.119877921557293 1119.96556827683
"399" 0.227272727272727 -1098.70715025112 0.454550193145566 0.104141767393598 1325.61665533496
"400" 0.363636363636364 -1106.03016027329 0.406406408229427 0.0953432030298501 1417.35534027761
"401" 0.318181818181818 -1103.14236541881 0.427182027598784 0.0978620354216845 1382.17991900829
"402" 0.181818181818182 -1578.05676205913 0.404642318206841 0.0930735608689989 1411.51972113202
"403" 0.227272727272727 -1293.17454962794 0.308169074244828 0.081719566566136 1618.94805346618
"404" 0.0909090909090909 -1391.66651604502 0.254614752863146 0.0770361348992421 1763.22163965761
"405" 0.363636363636364 -969.81966210256 0.57478711647302 0.131722927111812 1057.99427785029
"406" 0.363636363636364 -1157.53615090673 0.582549144047906 0.133024642727664 1040.98455948723
"407" 0.318181818181818 -792.661970139638 0.434275826287474 0.104726209384052 1359.70358160443
"408" 0.318181818181818 -1143.60032685545 0.458112674414825 0.102548893282356 1318.65339662889
"409" 0.318181818181818 -1004.5200435759 0.430697169202109 0.0981519569218884 1367.0897638012
"410" 0.272727272727273 -1469.14473165477 0.446929267293779 0.101136834017127 1347.73365151123
"411" 0.318181818181818 -1196.7068285384 0.368084670489665 0.0906615112535196 1515.27842073361
"412" 0.409090909090909 -688.40747779032 0.570612904209372 0.125949108931529 1054.0478918954
"413" 0.272727272727273 -1009.04279456639 0.262456967870431 0.0801885073026829 1704.39762144913
"414" 0.363636363636364 -674.031883770889 0.597181282557488 0.136258806198638 998.125658406993
"415" 0.272727272727273 -1668.90470139535 0.359131822060817 0.0882504638501053 1561.16917517504
"416" 0.318181818181818 -1322.94349632425 0.41063808688463 0.0962884608474519 1423.39750826192
"417" 0.318181818181818 -1074.54126496637 0.546111824406247 0.122266536658716 1133.41195661095
"418" 0.227272727272727 -1302.4106204847 0.370979701863608 0.0943272020772419 1492.15246864142
"419" 0.272727272727273 -1143.83245631724 0.380103358515659 0.0899440695261455 1483.05435499788
"420" 0.409090909090909 -1017.22313005347 0.489634794710304 0.110245362845451 1233.11564757682
"421" 0.318181818181818 -924.268849955404 0.458000273522068 0.101745383676375 1300.98123873421
"422" 0.318181818181818 -1058.69481977329 0.590379220338788 0.135218157833625 1013.77628070482
"423" 0.272727272727273 -1471.78313153906 0.458735423287014 0.109191552808487 1295.29616538093
"424" 0.227272727272727 -1585.76084027551 0.227391949234568 0.0741468142910131 1798.46653523766
"425" 0.318181818181818 -1220.49016872962 0.489683677473082 0.108610800219839 1246.32606205094
"426" 0.363636363636364 -944.427875856913 0.688737491841308 0.164666247509626 814.146431580582
"427" 0.318181818181818 -1209.58934271729 0.418002604706881 0.0958453518832184 1401.39245199692
"428" 0.409090909090909 -617.454598354482 0.625623736047819 0.143412263451694 946.603342829831
"429" 0.318181818181818 -941.18126972175 0.493502988038254 0.110004333627589 1231.53523973109
"430" 0.454545454545455 -868.319265297918 0.607233486763318 0.139584803140598 987.03902162594
"431" 0.318181818181818 -1586.39954369014 0.428984038336179 0.0990953218271669 1384.71188965435
"432" 0.318181818181818 -1041.559873131 0.45901624792189 0.102115517880571 1304.25510417435
"433" 0.272727272727273 -1465.13248830655 0.341479420444124 0.0879343618329827 1572.15183970635
"434" 0.227272727272727 -1574.99529446013 0.269141603455706 0.0786544758208713 1719.60545603497
"435" 0.454545454545455 -527.82774548243 0.649676279257073 0.150655912156164 895.413893263927
"436" 0.227272727272727 -1105.32662100921 0.401597849093526 0.0967669826125074 1421.56260710279
"437" 0.318181818181818 -1137.4372586769 0.48949209257815 0.108677479569982 1248.34216095749
"438" 0.136363636363636 -945.776735488461 0.271058821155652 0.07882015526736 1699.82868407975
"439" 0.272727272727273 -1288.95842759256 0.378955942714357 0.0924588721791733 1479.06216510865
"440" 0.318181818181818 -1334.75789016574 0.36869010911444 0.088173805060572 1503.2815993423
"441" 0.181818181818182 -1224.37708505859 0.332521813771568 0.0836872473344737 1579.89160760616
"442" 0.272727272727273 -1025.25716728112 0.464777626806486 0.102866051932482 1298.64676419438
"443" 0.318181818181818 -1334.25776959839 0.449650516151866 0.102092618453257 1334.25344211609
"444" 0.227272727272727 -715.335839709006 0.676940468998627 0.161600282824834 839.518519215391
"445" 0.272727272727273 -917.35165859601 0.466709318731894 0.10542059029024 1283.1129974146
"446" 0.272727272727273 -946.235372042568 0.47424264283969 0.109206666224645 1268.8730296178
"447" 0.363636363636364 -1152.77874174333 0.507135740108683 0.112157187775445 1204.21274674286
"448" 0.363636363636364 -839.564253803191 0.523556588731238 0.116236040793832 1157.67848966724
"449" 0.227272727272727 -1171.32379624654 0.441103933421427 0.098665915902526 1361.26126031335
"450" 0.318181818181818 -704.775277035029 0.543002738825417 0.120848874418946 1106.94513620962
"451" 0.272727272727273 -1413.41847412778 0.408164747693971 0.0975105835313767 1441.01809627605
"452" 0.181818181818182 -1376.06624034264 0.421523172353458 0.0955617668771793 1387.66201484947
"453" 0.272727272727273 -1039.97394129669 0.536446804578258 0.117940222829178 1146.33801735595
"454" 0.272727272727273 -798.489887251161 0.616453305959301 0.138471183336393 972.426338967774
"455" 0.227272727272727 -1227.4594061443 0.397023790264919 0.0936606733916005 1448.64407506244
"456" 0.318181818181818 -1163.43406025847 0.534950331348396 0.120730321589706 1151.02917861374
"457" 0.0909090909090909 -1789.59203433524 0.175758805682995 0.0682210843820275 1944.59463738806
"458" 0.227272727272727 -820.218629380938 0.523190868330254 0.116084165854405 1155.03304125429
"459" 0.136363636363636 -2930.49601553025 0.178159819756298 0.0707073316010666 1924.736341922
"460" 0.363636363636364 -1213.63051408887 0.45977417892261 0.103746958007785 1325.9576027588
"461" 0.363636363636364 -781.098013508839 0.590088400674571 0.131358052035817 1020.13231088978
"462" 0.272727272727273 -1127.24355449903 0.502090298556173 0.113705751719972 1231.87758670122
"463" 0.272727272727273 -980.290182142961 0.571516262234551 0.127255341514283 1060.71244134081
"464" 0.318181818181818 -1623.43951387337 0.38214328586968 0.0920849248511952 1473.21085132128
"465" 0.318181818181818 -1008.39933995926 0.436194823399744 0.102342029719763 1371.36990860609
"466" 0.272727272727273 -1462.6317310376 0.40921713840351 0.0972044790291675 1424.81022123172
"467" 0.227272727272727 -853.95906610475 0.469285055501536 0.105732653789683 1289.45404121637
"468" 0.318181818181818 -749.619122850565 0.507503181970826 0.113699417428759 1194.39617266662
"469" 0.272727272727273 -1221.57891462132 0.366378429573412 0.0881838741593451 1505.36996089381
"470" 0.272727272727273 -1235.57065469234 0.533356214148089 0.116650839612258 1160.32307303147
"471" 0.318181818181818 -2123.26884864488 0.511833477119131 0.114604764796945 1209.150656781
"472" 0.272727272727273 -1095.84158951335 0.350856838337004 0.0891772637013745 1537.54542065792
"473" 0.181818181818182 -1005.22839491793 0.386301454477011 0.0966129355669028 1457.88524133115
"474" 0.318181818181818 -996.408870098237 0.52655007912995 0.116467229282271 1165.34741474295
"475" 0.318181818181818 -1440.23880223888 0.386479813798904 0.0917604124066255 1464.30979843249
"476" 0.136363636363636 -882.762640892342 0.543005734310904 0.123232806525511 1110.27677770543
"477" 0.272727272727273 -1416.09370347963 0.434700523580691 0.099127669007314 1375.73262632529
"478" 0.227272727272727 -836.169712240271 0.607240141364495 0.139966404418711 990.113789378642
"479" 0.227272727272727 -1619.0986915676 0.374684293712871 0.0923457752384198 1516.19843339901
"480" 0.318181818181818 -1365.65132047058 0.546982528680134 0.118699846687284 1104.93771905283
"481" 0.227272727272727 -1412.62556667753 0.383624700861785 0.0919607282096185 1474.20015030743
"482" 0.363636363636364 -918.182015916029 0.594550173054163 0.13555499891408 1026.36184756431
"483" 0.0454545454545455 -1767.61999158559 0.264117480348302 0.0760331208622027 1726.58902764811
"484" 0.227272727272727 -1101.72416242716 0.424917792057863 0.0956075163036767 1380.48681806653
"485" 0.363636363636364 -884.070262187096 0.497515423629073 0.110954487345672 1207.85578359193
"486" 0.181818181818182 -1240.84816672195 0.343151170396932 0.0847420908034957 1565.30688110277
"487" 0.318181818181818 -1085.70306972928 0.489463664647037 0.108643002582342 1247.68092462184
"488" 0.227272727272727 -1486.8636579726 0.335569599903955 0.0835040720993276 1599.43680215484
"489" 0.409090909090909 -1181.56214060973 0.448039494151819 0.104378794080069 1311.03339400839
"490" 0.272727272727273 -1119.14363052195 0.441527113685778 0.10278609132511 1344.38883033274
"491" 0.454545454545455 -1073.06702645502 0.678555253145677 0.17030556296654 838.688878442929
"492" 0.181818181818182 -1094.39201448898 0.313885370324343 0.0833095374357699 1607.7811192806
"493" 0.227272727272727 -1097.61929079148 0.428489779204001 0.0971345775736156 1373.57314832625
"494" 0.318181818181818 -1066.61225696058 0.428222523677747 0.097002011940898 1364.22947388905
"495" 0.227272727272727 -1533.93945181824 0.431362038208234 0.100252501604877 1368.02557874713
"496" 0.227272727272727 -1812.01328084268 0.359383359711469 0.0900559462239317 1533.50119655908
"497" 0.227272727272727 -959.994973969736 0.449583761911766 0.104499087616897 1311.25036145475
"498" 0.272727272727273 -1561.53088733096 0.406800978237905 0.0985709823618022 1428.06218965866
"499" 0.181818181818182 -1589.81831578413 0.458967565463748 0.105034130543486 1321.79101286689
"500" 0.272727272727273 -1126.79366823626 0.420978396174584 0.0972351813267168 1382.64578860502
"501" 0.318181818181818 -803.223167145248 0.58480823977158 0.132321962318537 1030.40227378528
"502" 0.318181818181818 -796.489203317116 0.666820568602601 0.161225108667471 843.059445033781
"503" 0.227272727272727 -1109.00044660792 0.370564839190914 0.0914069467199301 1494.21596122711
"504" 0.227272727272727 -880.37193795009 0.449257403269225 0.103263423746846 1324.27691516033
"505" 0.318181818181818 -1080.11147422372 0.56904397069584 0.125856397211552 1080.76585517531
"506" 0.318181818181818 -1154.57549018259 0.591087427186847 0.13335999370678 1031.33400139186
"507" 0.227272727272727 -1492.72052128506 0.355419611096975 0.0857280927719605 1541.45718816099
"508" 0.227272727272727 -1192.07577285474 0.319172623888689 0.0842593722964136 1604.00928239409
"509" 0.272727272727273 -1139.80575314134 0.460567180596698 0.103348245862387 1313.38776258372
"510" 0.363636363636364 -992.792761868969 0.49906608265432 0.113971053477854 1220.18525277778
"511" 0.181818181818182 -1417.0008612335 0.30651243636893 0.0794752022928241 1654.42700303597
"512" 0.318181818181818 -1317.42894829175 0.471794642339256 0.105544086372803 1270.91010174573
"513" 0.181818181818182 -1322.28413617168 0.321512631538304 0.0836706898632756 1614.29918645499
"514" 0.318181818181818 -1321.86807611654 0.386577694741573 0.090781626705465 1473.74447973638
"515" 0.227272727272727 -1767.8423148564 0.364938940530693 0.0897239871130374 1529.15295702984
"516" 0.318181818181818 -757.424809384066 0.618482514155553 0.142216730106093 972.888382091443
"517" 0.181818181818182 -1690.75836117801 0.179800345059575 0.069977381363237 1879.52218147803
"518" 0.363636363636364 -711.697680189965 0.604894828419291 0.136321480231315 984.358276136161
"519" 0.363636363636364 -730.726669905662 0.552034533671697 0.124372236020516 1095.3380258739
"520" 0.272727272727273 -1225.77256333647 0.369110392204136 0.0882910423565232 1509.48942408147
"521" 0.272727272727273 -1079.13099673817 0.54210442092272 0.122252572415604 1135.67654284808
"522" 0.272727272727273 -1360.98905739589 0.344981545499401 0.0848668893805019 1547.68182674401
"523" 0.363636363636364 -994.371291437417 0.631773507641872 0.146813334055736 930.068408901442
"524" 0.272727272727273 -1580.89199439264 0.314375915200402 0.0808264331438613 1644.35233359165
"525" 0.454545454545455 -883.88572463825 0.580123880206659 0.125965386962837 1057.3334698119
"526" 0.227272727272727 -738.829235504648 0.530070008142573 0.119265237610776 1132.21026949065
"527" 0.272727272727273 -1949.42190425697 0.41033719176237 0.100017870229479 1416.66608122345
"528" 0.363636363636364 -756.24615645183 0.430947670967869 0.0988976745589646 1355.98859481299
"529" 0.227272727272727 -1755.67383763012 0.344905036953853 0.0854273279514312 1575.29571703882
"530" 0.227272727272727 -1766.36862795801 0.37925747135392 0.0883837755427195 1497.54964432063
"531" 0.318181818181818 -1170.42821606862 0.543317371665188 0.118652505297035 1137.4310927534
"532" 0.227272727272727 -1239.99082879089 0.301928107613019 0.0825618525386891 1639.60173304891
"533" 0.409090909090909 -648.70578060883 0.615478157902707 0.137785184808564 968.220366427745
"534" 0.318181818181818 -1027.44688226302 0.529278190270453 0.116404324717656 1160.69842755588
"535" 0.227272727272727 -1480.56698499592 0.344929685098109 0.0892562899678104 1571.96380857474
"536" 0.318181818181818 -1521.02918339143 0.358812149501761 0.0862325310933989 1530.45718881595
"537" 0.272727272727273 -704.700510064221 0.518765305758867 0.119655982588585 1167.49338232032
"538" 0.363636363636364 -1044.19662257782 0.411485013681787 0.0971094650948363 1419.45982670628
"539" 0.409090909090909 -934.932184763458 0.608197361829763 0.139645666366093 993.91775013716
"540" 0.181818181818182 -1285.76211001225 0.198028817784394 0.0717943016122257 1864.94834081583
"541" 0.272727272727273 -1062.35976668275 0.497684026217562 0.115019403873537 1218.65251059233
"542" 0.363636363636364 -1402.20212633337 0.501836432266645 0.113259508096764 1218.49850403348
"543" 0.181818181818182 -1246.88335476499 0.332474801159539 0.0845635508426158 1574.40875611439
"544" 0.272727272727273 -1012.909290086 0.53514356435396 0.118401139882031 1155.38477711359
"545" 0.272727272727273 -1080.3737201706 0.352905353316371 0.0899739489268545 1530.74062800463
"546" 0.272727272727273 -1168.93928767111 0.396303349015691 0.0933339665992615 1436.3612562774
"547" 0.363636363636364 -1234.72877865139 0.493377326791439 0.107834880336423 1244.90398940532
"548" 0.363636363636364 -979.191493813977 0.574667941751911 0.1305758282681 1051.03857426487
"549" 0.363636363636364 -1184.4662897803 0.560038606145419 0.130253280065924 1088.47195915662
"550" 0.227272727272727 -948.55523090028 0.436465805182404 0.100950322606044 1346.05961115408
"551" 0.181818181818182 -1241.6774793144 0.224977712180741 0.0733598264530565 1803.29207032364
"552" 0.318181818181818 -1228.80228727171 0.357941137609764 0.0885767519235088 1527.28234889852
"553" 0.227272727272727 -1476.44771373245 0.341770393770688 0.0872571761240787 1569.82788127633
"554" 0.272727272727273 -964.386711227208 0.492033131643357 0.111672815685931 1225.22943398845
"555" 0.181818181818182 -1197.88845852171 0.538890949845132 0.119724800258021 1137.63761001448
"556" 0.363636363636364 -726.187825927564 0.484888857430036 0.108796608166641 1230.40165767558
"557" 0.318181818181818 -2281.77164691309 0.346740358583936 0.0889689931491889 1542.03705892032
"558" 0.318181818181818 -1207.40664792085 0.379356529149749 0.0906062423459565 1469.22533797752
"559" 0.227272727272727 -1200.53383598075 0.317115056044932 0.0866216824755484 1576.44856405684
"560" 0.318181818181818 -691.875332123341 0.551782000008286 0.123103004934623 1107.57343962876
"561" 0.272727272727273 -1703.877338517 0.438676044299851 0.100971298805154 1361.96041008279
"562" 0.363636363636364 -1222.59125091488 0.43422992963716 0.095611800586707 1374.65192828529
"563" 0.272727272727273 -1066.14799952318 0.490269001087401 0.109242648948276 1249.44733164402
"564" 0.318181818181818 -1081.33716464999 0.49727000120465 0.112502250780317 1233.11759334944
"565" 0.227272727272727 -974.784531744723 0.339162948338791 0.0916820336564975 1556.58148598827
"566" 0.454545454545455 -737.462472716059 0.642222249112106 0.150198221276581 918.482169555198
"567" 0.363636363636364 -719.346255027405 0.567670795976718 0.125001119456056 1069.55896508015
"568" 0.454545454545455 -1246.57654736176 0.611128638829957 0.135904504166901 972.838047002722
"569" 0.272727272727273 -866.783899926307 0.613890489751296 0.146850631859356 972.213345104596
"570" 0.227272727272727 -2275.54260826894 0.34886385893245 0.0898538048509729 1557.37815634914
"571" 0.181818181818182 -2360.78047364467 0.233452088266741 0.0729994968640109 1819.25799226912
"572" 0.227272727272727 -1138.57396013307 0.472237392735233 0.104859555374951 1266.82056974982
"573" 0.227272727272727 -1037.57289649364 0.528170647717796 0.117708461047058 1147.6571432968
"574" 0.227272727272727 -2384.62193745002 0.340251478449557 0.0872654516566938 1584.90391742692
"575" 0.181818181818182 -1529.96489943943 0.346245223307208 0.0882658421218075 1551.92883992144
"576" 0.272727272727273 -1253.81060879418 0.47183152624436 0.105985063937073 1273.82502487197
"577" 0.318181818181818 -845.78344004924 0.545127277709465 0.119387123624918 1118.48695878425
"578" 0.0909090909090909 -1169.11157481369 0.275838174702312 0.0787601181577368 1693.5135590498
"579" 0.363636363636364 -882.454096646117 0.453702196462425 0.105708655607074 1303.87511008978
"580" 0.454545454545455 -1036.70380286783 0.588246707333023 0.129500713482362 1017.92706769571
"581" 0.136363636363636 -1186.27854836468 0.468343790050057 0.107471786172092 1289.19392859787
"582" 0.181818181818182 -1056.23127851542 0.336700209465206 0.0862174585031511 1568.68255803143
"583" 0.272727272727273 -1077.91940525215 0.531145774794355 0.116956556142361 1155.75544774622
"584" 0.272727272727273 -1113.58703512588 0.434003301667057 0.0998480058089334 1358.44108994736
"585" 0.363636363636364 -848.821764831958 0.55861652763998 0.122438892055581 1083.20783793079
"586" 0.409090909090909 -974.481044035264 0.674310016257468 0.159458682734789 842.585774971289
"587" 0.318181818181818 -1239.63308664899 0.396265507771365 0.0953339602607724 1451.10217560456
"588" 0.181818181818182 -1371.42098610508 0.362720710456805 0.0877111318193408 1506.21881679345
"589" 0.272727272727273 -1207.49729180854 0.516600728130456 0.112739233440359 1187.40939942822
"590" 0.318181818181818 -742.542579508129 0.497627285835668 0.113035310861265 1229.09690832269
"591" 0.272727272727273 -1646.7235002777 0.360429290128872 0.0889298961308593 1533.46937233129
"592" 0.136363636363636 -1249.01376872249 0.223000014183773 0.0730269533792055 1795.1111069822
"593" 0.409090909090909 -777.239369343823 0.569330463377757 0.129709355312699 1060.38678372043
"594" 0.272727272727273 -1132.53750316791 0.451770169030827 0.104876951012783 1318.01458763375
"595" 0.363636363636364 -1238.91955537182 0.504554869557977 0.110189081996422 1200.24987326469
"596" 0.227272727272727 -2453.72440987198 0.248806972828914 0.0780527861270397 1758.7425640614
"597" 0.227272727272727 -1862.47297472337 0.29997371258494 0.0809317423388601 1668.43051284098
"598" 0.318181818181818 -643.063125900926 0.60561854011445 0.135439889406855 991.757825346687
"599" 0.318181818181818 -892.963646549513 0.448820354050229 0.10070695274032 1323.97682564374
"600" 0.409090909090909 -1026.6234628777 0.432852775531967 0.0974851670408648 1362.01895350779
"601" 0.318181818181818 -1405.08160780661 0.387065962445385 0.0920514334535275 1455.72546094584
"602" 0.409090909090909 -1024.03276061817 0.489841731223576 0.108654322178475 1237.06130509877
"603" 0.409090909090909 -610.826034215201 0.649500251639984 0.151713848998223 895.563167350902
"604" 0.272727272727273 -1107.54659064092 0.531315585619982 0.117218320333941 1163.01071792905
"605" 0.227272727272727 -1547.01011627679 0.242031880029124 0.0766948620539358 1783.07919682206
"606" 0.227272727272727 -1179.39400149167 0.38808766492257 0.0905619340686007 1443.90647158844
"607" 0.318181818181818 -650.354301026131 0.488662923549504 0.108680184931573 1226.64194140681
"608" 0.272727272727273 -953.235922315578 0.437483358659308 0.103510093951936 1356.60568175955
"609" 0.318181818181818 -976.862052773079 0.49393886313103 0.107934121631595 1229.30478464221
"610" 0.318181818181818 -1308.77567348749 0.439503466007044 0.0987458956152827 1353.39383863157
"611" 0.272727272727273 -1498.9060867991 0.314874098112079 0.0847499957205492 1613.87185823801
"612" 0.272727272727273 -877.89541593747 0.499559045696909 0.108820334659014 1225.99777026982
"613" 0.409090909090909 -847.729002127801 0.526847156001772 0.118229023101715 1163.10986584547
"614" 0.272727272727273 -870.739929981654 0.423927003358065 0.103485049615506 1359.16207058198
"615" 0.227272727272727 -1381.06758604755 0.307284340834309 0.0841361531677574 1632.42497863106
"616" 0.181818181818182 -1376.26501245663 0.213142349157949 0.0731269940809439 1833.09027770523
"617" 0.181818181818182 -1188.28738259283 0.423632176540754 0.100119989922187 1382.430179182
"618" 0.318181818181818 -1078.30516456017 0.484038049721108 0.10864303520674 1251.90669766385
"619" 0.409090909090909 -649.78256057653 0.5799589416715 0.128983240855631 1032.68173644736
"620" 0.363636363636364 -1627.46197909885 0.368965175710447 0.0866362881185747 1527.67884968456
"621" 0.272727272727273 -1168.27280547677 0.465236494937321 0.101015228645476 1306.99774566563
"622" 0.272727272727273 -947.961716443386 0.507736802561071 0.116551696795384 1187.71621814219
"623" 0.136363636363636 -924.1409434784 0.428470061960688 0.097455735514878 1370.49032157772
"624" 0.363636363636364 -708.231395279878 0.616478187106619 0.144190801725001 965.899852320144
"625" 0.227272727272727 -1060.15141872723 0.544122203591815 0.122967240187951 1127.42677380216
"626" 0.318181818181818 -1013.57039235007 0.55262372406776 0.122103003953599 1115.35724987462
"627" 0.363636363636364 -994.491057549963 0.557358213728183 0.127800562257576 1090.62630601098
"628" 0.5 -534.967630280555 0.708286199824725 0.181664461153365 762.516502142046
"629" 0.136363636363636 -1441.81000217459 0.186547617722377 0.0690791196730228 1906.57054337395
"630" 0.318181818181818 -1123.35351074687 0.583513831491691 0.13076138193775 1053.07882272761
"631" 0.272727272727273 -1199.64030640448 0.408668401476945 0.0942372956447687 1430.72771319011
"632" 0.227272727272727 -1094.29491070513 0.415274680382994 0.0963657130873401 1406.60278445371
"633" 0.272727272727273 -1286.50151630145 0.483728692566754 0.107319552320231 1260.52085213057
"634" 0.272727272727273 -1153.31094416059 0.35178135229118 0.0873482847394808 1533.52357220474
"635" 0.363636363636364 -1043.16132755091 0.511641635113647 0.11138418934079 1202.08907182044
"636" 0.227272727272727 -1063.09641114149 0.40606578145585 0.0951753441529626 1414.23640328469
"637" 0.136363636363636 -2228.86611999847 0.222350215940191 0.0730497659423283 1838.56809020821
"638" 0.227272727272727 -1724.61325321467 0.347455769286923 0.0898772046546501 1560.67673594535
"639" 0.363636363636364 -780.519986833529 0.590341414175615 0.132004045636507 1033.74969657911
"640" 0.227272727272727 -1626.60658829644 0.311380447194887 0.0814222774350846 1650.61723486531
"641" 0.272727272727273 -1021.10965403474 0.381064734428963 0.0911369004300112 1469.29028607118
"642" 0.181818181818182 -1380.38865938363 0.320384444713986 0.0850097638115688 1594.74662050521
"643" 0.409090909090909 -859.823519125738 0.53920227797488 0.123163867430939 1127.75151542509
"644" 0.272727272727273 -1394.45016836205 0.432936403960528 0.0987825224974566 1378.05573555211
"645" 0.318181818181818 -721.165507722326 0.676560304680383 0.162052851005109 834.433180505526
"646" 0.272727272727273 -926.123342064271 0.521728371983583 0.113427398431119 1169.4329916053
"647" 0.318181818181818 -992.761579897434 0.456431026760957 0.103734029026853 1318.86128074899
"648" 0.272727272727273 -817.314237666792 0.496019404409123 0.107202642429978 1224.13474244322
"649" 0.318181818181818 -869.778959360695 0.569744655539359 0.133686425546167 1062.87084750355
"650" 0.227272727272727 -1605.88504343061 0.256475056633969 0.0758222875207472 1740.37037930017
"651" 0.227272727272727 -1192.24698747596 0.483378571073033 0.10958871738731 1265.02589653739
"652" 0.318181818181818 -866.371334574203 0.463557707287828 0.102881332911427 1289.0126531895
"653" 0.272727272727273 -1621.86857841689 0.416111670402323 0.0944661189506708 1396.20522267651
"654" 0.318181818181818 -904.811271747824 0.515816841671008 0.109825611255688 1193.29075301364
"655" 0.272727272727273 -1230.47054945105 0.509618564112081 0.115374880945966 1189.04403673655
"656" 0.318181818181818 -1471.99242906961 0.41016561731661 0.0987672591570469 1416.94173591993
"657" 0.227272727272727 -1136.73851313724 0.459966671690127 0.103939488407392 1312.51195266286
"658" 0.318181818181818 -883.882601212543 0.513540890449576 0.114743942704189 1178.81849759619
"659" 0.318181818181818 -1330.98596756287 0.36130518574632 0.0867821690746719 1512.60408616812
"660" 0.409090909090909 -976.022434109137 0.578006350699864 0.125724128303859 1047.00085498525
"661" 0.227272727272727 -1108.85647747767 0.457864251229119 0.107684550280957 1302.58388842437
"662" 0.318181818181818 -866.676547455153 0.350159917953351 0.0879729311444135 1523.86115259654
"663" 0.318181818181818 -896.760147678708 0.440780765455874 0.104335271922939 1349.23939306567
"664" 0.409090909090909 -1229.3496097785 0.615335898616133 0.135910220804608 985.395087979618
"665" 0.318181818181818 -1024.05127916282 0.344794926089602 0.089723082555618 1529.62676023226
"666" 0.409090909090909 -827.134377162538 0.556438534215783 0.119985071006704 1093.30224074139
"667" 0.181818181818182 -1362.10868612407 0.292243967238955 0.0807875969069719 1657.83062890592
"668" 0.227272727272727 -1625.7277016647 0.453167068028645 0.103052263259895 1330.69838564137
"669" 0.272727272727273 -1485.02797135323 0.267231102559372 0.0803272493088545 1750.61742497801
"670" 0.363636363636364 -896.89969113733 0.624237720908012 0.142841136088267 948.524792293331
"671" 0.272727272727273 -1082.10888731589 0.441432067966959 0.100735880516552 1336.20302755287
"672" 0.363636363636364 -1415.66096426734 0.372063306935507 0.088357605439582 1493.28682800821
"673" 0.227272727272727 -1045.05321471632 0.477283873151049 0.106616984065221 1262.04338947472
"674" 0.181818181818182 -1267.28904557121 0.284408722488723 0.0820554845324094 1670.03735398296
"675" 0.318181818181818 -1080.80938104577 0.44269791459553 0.101975263296713 1345.71568880861
"676" 0.181818181818182 -1367.53491042375 0.312212120780273 0.081588173490605 1628.56922974717
"677" 0.181818181818182 -1192.93069716202 0.324776268223574 0.0853018546964358 1604.05016335107
"678" 0.181818181818182 -717.603451853888 0.479275521616226 0.110325012748361 1256.37280604827
"679" 0.318181818181818 -1104.46700859625 0.406662238721596 0.0944016179432778 1427.69058308542
"680" 0.227272727272727 -1422.44044321373 0.38303801161694 0.09676954678788 1481.81087407798
"681" 0.227272727272727 -1047.92584809149 0.389560527786178 0.0911387763007102 1469.26959044042
"682" 0.318181818181818 -1531.0067146142 0.458472104600864 0.103725199967981 1313.88406704445
"683" 0.181818181818182 -1277.19182294033 0.466797631107606 0.105274887083164 1306.096122009
"684" 0.272727272727273 -994.117314568965 0.495177968368338 0.111399367949349 1218.14454616699
"685" 0.272727272727273 -874.875430675595 0.441061938732823 0.103551910593817 1330.08163645398
"686" 0.227272727272727 -1110.86578316051 0.429937482900502 0.0979060116898214 1370.57225283788
"687" 0.272727272727273 -966.272568868588 0.52360107152205 0.119250652409909 1162.75401060777
"688" 0.409090909090909 -749.549794313843 0.555930667265008 0.12216897607383 1094.89292022171
"689" 0.318181818181818 -1004.08209961628 0.489449212048221 0.110432020962367 1235.79681588807
"690" 0.318181818181818 -882.577322478369 0.550531139069668 0.1203685064088 1106.26064986814
"691" 0.272727272727273 -1224.66912222709 0.493660750815186 0.109505177825563 1237.46004243201
"692" 0.227272727272727 -1511.97424739562 0.539716238421519 0.117181718991216 1157.54950681996
"693" 0.318181818181818 -1175.24232575649 0.485502983022807 0.104518868842765 1253.40105430448
"694" 0.272727272727273 -1248.24216019403 0.451573482428978 0.104186775293035 1329.60573662488
"695" 0.318181818181818 -890.135807402267 0.571953341610688 0.130649710687938 1064.96613530573
"696" 0.272727272727273 -1571.19815439863 0.4124248510367 0.0945373069359838 1408.69142426776
"697" 0.272727272727273 -1141.04424468162 0.380409187748282 0.0919583782264704 1467.45262521177
"698" 0.227272727272727 -1195.40469593575 0.30277591032135 0.0817417193775622 1639.98051309055
"699" 0.272727272727273 -1601.07784868508 0.454032591667418 0.100738563939854 1330.00755529242
"700" 0.227272727272727 -875.719415246337 0.563085607105769 0.125915695243065 1087.44876985609
"701" 0.363636363636364 -1261.61604567445 0.410195174561746 0.093905712072676 1426.5177020035
"702" 0.272727272727273 -1367.34220712441 0.336442447913371 0.0862377632741616 1572.11190743874
"703" 0.181818181818182 -1001.90287062204 0.406995263983177 0.0933246407391792 1427.60239398335
"704" 0.318181818181818 -787.123220715594 0.465864690242411 0.105046270319684 1288.89095349283
"705" 0.272727272727273 -794.334231661933 0.607221392894044 0.138740910398276 983.433695458842
"706" 0.318181818181818 -753.545119297316 0.545552453603865 0.124576843125907 1124.66625863475
"707" 0.363636363636364 -985.795009108634 0.496078207221126 0.109567191454889 1212.55067642117
"708" 0.318181818181818 -998.209959763077 0.470444540079721 0.112130688044905 1289.40582752116
"709" 0.181818181818182 -1314.78473497205 0.383300021161613 0.0933324526885871 1488.59958118263
"710" 0.181818181818182 -1178.91831096969 0.36681129044466 0.09062837963006 1533.01835483257
"711" 0.409090909090909 -984.330893678143 0.47605453053774 0.10510812218306 1257.61515944474
"712" 0.318181818181818 -983.686594572745 0.5133017326579 0.112142905199167 1196.49750745881
"713" 0.136363636363636 -1300.48579313321 0.486993681496652 0.107206731597029 1259.36492286801
"714" 0.363636363636364 -1513.14132736411 0.585533446723303 0.13385031819119 1047.19269532628
"715" 0.318181818181818 -856.856344410499 0.56202699177249 0.125976460617059 1085.12708725401
"716" 0.181818181818182 -1735.5264955815 0.265546451775339 0.0811787827197418 1725.33835566827
"717" 0.318181818181818 -684.024342289818 0.592301203106956 0.131015738818631 1011.48891081427
"718" 0.318181818181818 -848.236765532796 0.487934125887997 0.109552024735874 1240.70446294099
"719" 0.318181818181818 -1142.64608986346 0.446049735422582 0.102146097441206 1342.27556936664
"720" 0.272727272727273 -1386.69000994695 0.405401579328638 0.0965763699725824 1438.01505141946
"721" 0.409090909090909 -888.388592714008 0.495167447433824 0.108762650611422 1222.49801751219
"722" 0.318181818181818 -1344.77889629068 0.42364304532766 0.0965190445853105 1389.10111408295
"723" 0.227272727272727 -1782.95908556094 0.252237464516321 0.077627026774044 1751.53747999484
"724" 0.318181818181818 -837.574283620193 0.591914751960871 0.130068682764398 1029.61582392399
"725" 0.227272727272727 -1366.54191608449 0.237252732156786 0.0760547633740534 1785.71841285756
"726" 0.318181818181818 -1766.27202499344 0.42349823831007 0.100380565332283 1390.04813784917
"727" 0.181818181818182 -1946.68803262474 0.321678219049562 0.084089124171329 1627.11380470473
"728" 0.318181818181818 -763.210130091912 0.570215539428778 0.129019050803729 1061.2672408313
"729" 0.272727272727273 -588.86199571154 0.590087365038271 0.133496565931691 1008.93168594978
"730" 0.181818181818182 -1953.44831835066 0.214290091691382 0.0706419618246978 1865.80398114081
"731" 0.227272727272727 -1241.53566341761 0.281083772032663 0.0801294156432144 1676.80786512329
"732" 0.181818181818182 -1260.7672458922 0.339167713475532 0.0878209796954233 1565.88711321803
"733" 0.363636363636364 -574.261462012246 0.700320842627942 0.177425396536283 790.027964149974
"734" 0.136363636363636 -1111.72910044176 0.333152119866439 0.0846492328245788 1571.59634006363
"735" 0.272727272727273 -1014.36047756335 0.427275146390096 0.100759957329489 1367.53174247821
"736" 0.318181818181818 -1046.5204571833 0.42640708898567 0.101058269619393 1374.17917568916
"737" 0.363636363636364 -859.60903663186 0.534251735477387 0.123183360591675 1147.60952799232
"738" 0.318181818181818 -612.366228681753 0.600793611677845 0.136506570342057 991.773902730097
"739" 0.363636363636364 -1004.32565333656 0.528328617937591 0.120246939070822 1148.64281042889
"740" 0.363636363636364 -1243.77975035488 0.468698437356628 0.105648105544374 1295.01436026675
"741" 0.318181818181818 -1219.8423136801 0.587720819336048 0.135080035646087 1039.39117727275
"742" 0.318181818181818 -1048.83835041478 0.508422072387533 0.113026820144447 1189.37812721474
"743" 0.181818181818182 -1492.63708673214 0.311564091001649 0.0843843729372697 1624.37013584585
"744" 0.227272727272727 -1209.61824220351 0.425083040085671 0.101933203411565 1384.50222638326
"745" 0.272727272727273 -928.733636194259 0.401201553989512 0.0952604271947817 1420.77067341174
"746" 0.181818181818182 -1477.36328538763 0.323836452874429 0.0821696149987932 1604.65606265817
"747" 0.272727272727273 -1269.61447619201 0.394749826972283 0.0944202381066316 1458.0714935499
"748" 0.318181818181818 -799.794592596957 0.539033708679876 0.120536150797822 1135.5710464385
"749" 0.272727272727273 -1141.21078153901 0.460037329958278 0.102492353039486 1294.82343130101
"750" 0.318181818181818 -839.991746567561 0.497281938259131 0.111666687160413 1227.61452169048
"751" 0.272727272727273 -1274.14928522885 0.30922776432117 0.0843072523270861 1627.31537634761
"752" 0.181818181818182 -995.324585846102 0.269472733333624 0.0789880238202793 1687.63629634015
"753" 0.227272727272727 -1309.08099579557 0.334349824051862 0.0849547029835862 1582.52992543163
"754" 0.272727272727273 -1220.4709530413 0.385632058460011 0.0920018875032363 1477.42908974014
"755" 0.227272727272727 -1269.51426412466 0.514528616810381 0.116714460136318 1195.48401195137
"756" 0.409090909090909 -959.482774579712 0.570323278888074 0.127469782697931 1073.32874966131
"757" 0.318181818181818 -693.562950201432 0.548351526678122 0.119797592025376 1104.77319286679
"758" 0.227272727272727 -918.714101172038 0.594573882112143 0.130979755726524 1026.90591506088
"759" 0.272727272727273 -1017.90609349754 0.571115606627813 0.126366044130502 1082.62628124788
"760" 0.454545454545455 -835.134971887102 0.633249929258132 0.147497988665551 931.254160632449
"761" 0.272727272727273 -1859.73451375007 0.406339417659765 0.0944552041602633 1443.92046251699
"762" 0.363636363636364 -612.856384214518 0.64104323385628 0.152515496720642 915.753931148921
"763" 0.363636363636364 -722.274507990732 0.593090747317406 0.13492841129497 1020.6545358232
"764" 0.272727272727273 -1187.22344893726 0.492166669658838 0.111564147527967 1238.9606465986
"765" 0.272727272727273 -1557.74843755315 0.363857104269505 0.0883429514067535 1516.35548377265
"766" 0.363636363636364 -1236.34161586643 0.421783334190132 0.098745184050874 1396.31613439975
"767" 0.409090909090909 -662.26751476849 0.620750969435227 0.143525186593285 939.277982045803
"768" 0.318181818181818 -963.753407099148 0.554051983229051 0.128989450449025 1103.87197802125
"769" 0.272727272727273 -1150.5958701797 0.409314864100007 0.0986907324069034 1407.42489254883
"770" 0.363636363636364 -896.527786319241 0.572848204806842 0.125536216097891 1080.19322418039
"771" 0.181818181818182 -1254.56047100118 0.299592220526709 0.0826611641287979 1633.48640437651
"772" 0.181818181818182 -1938.08798880609 0.430728293555539 0.0971407081484968 1377.47750614545
"773" 0.409090909090909 -493.218155303732 0.679166866417316 0.163465518459654 815.333068354381
"774" 0.363636363636364 -1157.08114166795 0.402790943068643 0.0972815045754114 1420.11974990907
"775" 0.227272727272727 -985.94881295668 0.514570933149078 0.114752603428966 1186.74881172581
"776" 0.272727272727273 -686.304302489715 0.611362967277721 0.14152099265748 977.652842742554
"777" 0.318181818181818 -961.822848703897 0.561169868441982 0.12837213382685 1094.47809621978
"778" 0.318181818181818 -679.656874684175 0.588881779526974 0.137734553297168 1022.44042602652
"779" 0.227272727272727 -980.553211952807 0.574096246717015 0.125303330503392 1068.84037548
"780" 0.181818181818182 -1526.46439624987 0.399391686227162 0.0952867680949871 1439.45254847489
"781" 0.181818181818182 -1175.32524821937 0.323031132851052 0.0839098681297269 1589.58670010504
"782" 0.227272727272727 -841.900327847124 0.510364649826186 0.11476831028127 1191.64465822823
"783" 0.318181818181818 -788.587596191671 0.43134581444956 0.101756413682089 1344.83163710886
"784" 0.318181818181818 -1180.83044274064 0.529535082376743 0.118542003709829 1164.56730861686
"785" 0.227272727272727 -1537.88914767507 0.462581552721138 0.101786018172962 1309.12308856153
"786" 0.181818181818182 -2115.17359837826 0.167955757733547 0.0683194401536209 1943.03891498197
"787" 0.363636363636364 -1124.86715464618 0.485779580705872 0.105439587299255 1247.64844800073
"788" 0.136363636363636 -1647.78966096956 0.266690811734062 0.076353116623362 1739.00215627755
"789" 0.318181818181818 -1440.97231227856 0.414029556990916 0.09599061124057 1412.71028639735
"790" 0.227272727272727 -1199.44886898999 0.425844645445033 0.0951894019991456 1375.68359487694
"791" 0.181818181818182 -1157.40704551742 0.307574186323429 0.0863879780102314 1635.21416164334
"792" 0.272727272727273 -1122.64370008022 0.482141288577824 0.106690273115588 1251.05989638417
"793" 0.318181818181818 -609.790868748068 0.608304306693357 0.140901324531923 981.571876886464
"794" 0.227272727272727 -1097.35632191657 0.530914425405217 0.115692902174761 1145.1483158099
"795" 0.227272727272727 -1449.34709921294 0.356981334823567 0.0910541604710238 1519.1476429488
"796" 0.181818181818182 -1176.65009606576 0.396215811488622 0.0951653528046991 1437.59709756253
"797" 0.272727272727273 -993.728279014938 0.513893377314911 0.112064472146737 1192.84516495403
"798" 0.227272727272727 -956.849000112643 0.460419966767335 0.106187754908602 1307.20618861537
"799" 0.136363636363636 -1438.21779542724 0.272934200338315 0.0782669225803591 1708.69222832822
"800" 0.227272727272727 -1162.02576914108 0.362980571840506 0.0877091793201912 1519.70536709096
"801" 0.5 -1036.25258527959 0.625123943240724 0.138949487237482 961.492043771967
"802" 0.272727272727273 -851.581275824447 0.55977445215703 0.123107295290585 1100.08916183357
"803" 0.227272727272727 -1195.97915941424 0.382015921032777 0.0914076152399164 1474.26619824384
"804" 0.272727272727273 -975.698614240391 0.422234126311802 0.0979515859962169 1381.88461800732
"805" 0.363636363636364 -916.838329006946 0.510799494972938 0.1142771258335 1199.68474061631
"806" 0.227272727272727 -1321.71854247176 0.28880349255064 0.0810913291006528 1676.68782665576
"807" 0.227272727272727 -1544.08971892257 0.334149491333312 0.0881706640465445 1574.91555934208
"808" 0.272727272727273 -1180.27405077738 0.316677675432354 0.0861709843879595 1599.08686835896
"809" 0.363636363636364 -1731.75563819506 0.439425355515111 0.0993619019774263 1383.59529837111
"810" 0.363636363636364 -729.786928286612 0.571804969444906 0.128203895718112 1066.02094766458
"811" 0.363636363636364 -1216.44428597187 0.457886732017017 0.101317796210814 1320.52395018851
"812" 0.227272727272727 -1146.9858890429 0.290024001844568 0.0804460059504664 1685.04068245646
"813" 0.227272727272727 -966.317379171912 0.444689828521811 0.101332110064913 1323.89919030697
"814" 0.272727272727273 -1599.37400878094 0.322490638904365 0.0863861932541672 1603.13133022684
"815" 0.272727272727273 -1369.89294033454 0.358981977807208 0.0917954517226187 1529.29781161363
"816" 0.272727272727273 -1558.70147591068 0.334155842668332 0.083687552287369 1589.65908907738
"817" 0.318181818181818 -833.76560844308 0.497311384976814 0.114139151148057 1212.18200368423
"818" 0.318181818181818 -731.018217077659 0.553716767491758 0.124878751126198 1097.05630923412
"819" 0.227272727272727 -937.359476350447 0.635568551226938 0.146454085188622 932.755965838512
"820" 0.136363636363636 -1065.07510145332 0.480899744324501 0.107076906357219 1242.46792129882
"821" 0.227272727272727 -1423.95580504094 0.406679579333537 0.0953580132517476 1434.18806641223
"822" 0.227272727272727 -1006.24892326857 0.494519514801486 0.110956820276908 1228.35714827285
"823" 0.318181818181818 -1626.09332835103 0.474726220584209 0.105592831638678 1278.01285540147
"824" 0.227272727272727 -1352.42063935239 0.326703294476658 0.0846263258784092 1592.53615631665
"825" 0.272727272727273 -1706.5838513536 0.284532282748119 0.0804110651393393 1667.962998586
"826" 0.181818181818182 -1428.87187086246 0.318423482738836 0.0858142883659008 1629.8958723756
"827" 0.272727272727273 -1155.02386620302 0.462403993374397 0.106592322002111 1291.04416078553
"828" 0.227272727272727 -1131.96983906466 0.329689631844929 0.0874168132219425 1561.80221168959
"829" 0.181818181818182 -1161.15709385938 0.540021977416608 0.118386465802508 1142.24026418705
"830" 0.272727272727273 -1029.51825472331 0.521075792230923 0.117186006317502 1175.1231563654
"831" 0.272727272727273 -810.941055845477 0.430332950513346 0.101389225509538 1359.44829963425
"832" 0.363636363636364 -1418.45000220167 0.438539708857691 0.103446585844973 1365.46931998846
"833" 0.227272727272727 -1056.50688006858 0.47123407692721 0.108186278235175 1279.34421394495
"834" 0.227272727272727 -1725.46062812184 0.244153093685135 0.0758435757172236 1780.11217910374
"835" 0.363636363636364 -1086.84904648664 0.491218959729312 0.107725273690713 1243.34077347671
"836" 0.318181818181818 -737.470931805271 0.617202996085882 0.142032905658436 979.414991075674
"837" 0.272727272727273 -1424.18285629434 0.364206849432488 0.089861521947856 1528.67219808555
"838" 0.227272727272727 -1513.61427123754 0.238366229955805 0.0777446688149233 1791.94642127334
"839" 0.181818181818182 -1030.06929153575 0.384813557826287 0.0921831929800874 1465.24491025871
"840" 0.272727272727273 -683.158055846381 0.536376929258605 0.115578177984192 1134.84138584051
"841" 0.363636363636364 -1083.3262247592 0.587345981336056 0.135999081929088 1037.92061446863
"842" 0.318181818181818 -988.462993762946 0.420508088266682 0.099958381345334 1397.18915018912
"843" 0.318181818181818 -852.350321557481 0.54665769021032 0.119188600236231 1107.82178156751
"844" 0.227272727272727 -712.278393817896 0.658828152489303 0.155068506082685 887.544974514912
"845" 0.136363636363636 -1163.59959252391 0.255358258957539 0.0779671479734582 1715.31771797995
"846" 0.227272727272727 -1049.66610012415 0.318203626938807 0.0857856231546513 1608.19516871132
"847" 0.227272727272727 -1853.04222487212 0.499565567767999 0.107746374853693 1232.00623681925
"848" 0.272727272727273 -1032.96274550832 0.462541553714668 0.10608689015234 1302.5040761341
"849" 0.318181818181818 -1456.64698297889 0.512838181783841 0.117873453516204 1191.4673302883
"850" 0.318181818181818 -1049.01776586629 0.507236263293013 0.114918986277216 1201.13940998251
"851" 0.363636363636364 -779.412416963708 0.610960780013311 0.144437750882877 972.92033290416
"852" 0.363636363636364 -855.522893492132 0.515583939362369 0.114333812941754 1181.35220818186
"853" 0.227272727272727 -1233.55039880256 0.38297818986906 0.0914827573738505 1479.68134011102
"854" 0.272727272727273 -711.933558843827 0.491396326000425 0.109406194249228 1220.18183700076
"855" 0.272727272727273 -1307.60313476616 0.326401339526394 0.0853608696681773 1594.32755868977
"856" 0.227272727272727 -1553.25940886006 0.401729432798419 0.097453746477853 1427.29458933151
"857" 0.363636363636364 -951.72507821237 0.555553802901484 0.124136030910776 1100.35255453226
"858" 0.363636363636364 -640.509867889029 0.608975472120361 0.134742063195387 980.938516464725
"859" 0.363636363636364 -1029.44541850243 0.537120598877546 0.117473055087732 1140.13747054091
"860" 0.181818181818182 -1216.5512109428 0.330290071936944 0.0838331751409365 1581.66683321401
"861" 0.227272727272727 -1385.73827092932 0.421674056369241 0.0991241503604269 1397.36861167008
"862" 0.318181818181818 -1411.77530300058 0.556411723609637 0.125691360312146 1104.38998298008
"863" 0.227272727272727 -1231.7109957741 0.318993031369503 0.0840128846244872 1585.42628307878
"864" 0.272727272727273 -1077.10416690934 0.373978098056796 0.0928569416422984 1496.7924018746
"865" 0.227272727272727 -1027.69227295796 0.400056348665222 0.0982874636772777 1444.04001624198
"866" 0.227272727272727 -1029.49583950795 0.294177441098065 0.0861162359081881 1649.06168345776
"867" 0.227272727272727 -991.633541383883 0.487854342847654 0.112861357961721 1240.71866117198
"868" 0.272727272727273 -1154.53109936796 0.553064870543985 0.125735211964569 1109.70688631715
"869" 0.409090909090909 -809.593848667086 0.574412959114576 0.131404887745761 1069.45302760059
"870" 0.227272727272727 -875.524386685812 0.57979450243482 0.130188913896369 1057.40772363382
"871" 0.272727272727273 -1125.98798241699 0.419512375757002 0.0958402077009917 1391.46237792856
"872" 0.318181818181818 -1185.51473477993 0.38302311069764 0.090857431576238 1489.4777399626
"873" 0.318181818181818 -1078.66881449902 0.589927888276798 0.132969050221787 1034.63835330318
"874" 0.272727272727273 -933.341488880458 0.484969952518052 0.109110065817362 1242.98984079058
"875" 0.409090909090909 -1145.33435809917 0.504984683272251 0.111938111538732 1211.28672571216
"876" 0.363636363636364 -924.021438752699 0.503861471631203 0.109176076021953 1203.35468830363
"877" 0.272727272727273 -1380.88335779443 0.357029949008962 0.087652698705292 1526.23163432747
"878" 0.318181818181818 -1364.21631292931 0.456514024963909 0.102064542577364 1331.96636601411
"879" 0.363636363636364 -597.523076718985 0.601807637970686 0.141279141028582 1001.2170095037
"880" 0.136363636363636 -1630.22596081844 0.323805891222148 0.085107451817714 1585.0182615791
"881" 0.363636363636364 -1029.00093231298 0.529457469670295 0.120769431130921 1157.96788209022
"882" 0.318181818181818 -896.1117774691 0.530687691855065 0.120399065899156 1148.50139116801
"883" 0.272727272727273 -1318.76114864107 0.334234186300388 0.0910610100834097 1575.67896533087
"884" 0.454545454545455 -579.523353320178 0.727999292217759 0.185227456055427 724.026427802036
"885" 0.318181818181818 -811.798726707103 0.564488756517129 0.126798953528674 1078.62275305014
"886" 0.318181818181818 -1130.88277042741 0.469658865133504 0.104444441702267 1288.64564346171
"887" 0.136363636363636 -1553.02448328857 0.291675167793703 0.0815324813164416 1670.18304469957
"888" 0.227272727272727 -1010.9761100757 0.506120608422984 0.111565088646924 1201.57739159724
"889" 0.227272727272727 -1667.58143644047 0.478346992253608 0.108290689742046 1284.26651378727
"890" 0.227272727272727 -1355.66295915866 0.3213887193764 0.0842232521528995 1604.40301217422
"891" 0.181818181818182 -1312.55487423925 0.456996629529428 0.102473970305446 1325.56691955839
"892" 0.318181818181818 -573.951951428667 0.666700749077344 0.154794871259068 863.031990961568
"893" 0.318181818181818 -920.871649032199 0.447736746005383 0.104820243909666 1330.33855866271
"894" 0.363636363636364 -1290.4997229762 0.36093734154319 0.0872559852195095 1516.48280679118
"895" 0.227272727272727 -1184.71476083553 0.424175228692515 0.0974810356799208 1378.9186046205
"896" 0.318181818181818 -882.990932215981 0.573448188672406 0.128745112570158 1049.63298294606
"897" 0.227272727272727 -1090.33025971835 0.507201213582928 0.11117091434733 1207.91198750678
"898" 0.363636363636364 -1000.57790554953 0.479687480311493 0.110900545345642 1265.27556145045
"899" 0.363636363636364 -1570.51017208205 0.396163248653041 0.0957695459245677 1438.0678949066
"900" 0.272727272727273 -916.907327047902 0.589817968580751 0.128388484169472 1032.85349087095
"901" 0.272727272727273 -1333.17580777185 0.416168592289609 0.0957170778403887 1413.05366042892
"902" 0.318181818181818 -1080.80836787152 0.438415750775528 0.0977670316887452 1351.74105359315
"903" 0.318181818181818 -1983.79648698684 0.330277762076252 0.083012170869726 1593.61528516245
"904" 0.181818181818182 -1076.27879353649 0.285579590033636 0.0793534072644299 1669.94349573035
"905" 0.272727272727273 -933.720795557998 0.409635870192581 0.0961247809275957 1423.46140573521
"906" 0.272727272727273 -1131.62829534818 0.52093100393434 0.11203444408632 1186.58862845836
"907" 0.272727272727273 -1577.32694989696 0.37897970456478 0.0921636330349675 1469.37335207895
"908" 0.318181818181818 -1508.27774249979 0.386472586927521 0.0897496841553794 1474.53568638745
"909" 0.318181818181818 -927.544990031384 0.481754754908862 0.107735679713352 1246.66044359908
"910" 0.272727272727273 -1298.63932089606 0.409071768954749 0.0967576641660447 1423.728425061
"911" 0.227272727272727 -1281.35232680647 0.361704300273155 0.0919629627462888 1509.70026015551
"912" 0.227272727272727 -1496.479898226 0.259141550083367 0.0756309576988523 1751.77177436617
"913" 0.272727272727273 -798.42032286237 0.550880104922962 0.120303960327532 1097.83682018013
"914" 0.136363636363636 -1565.87264102102 0.260409156263653 0.076246126615415 1734.7708446003
"915" 0.318181818181818 -1175.4538418119 0.481083434801697 0.105367523457553 1257.72050622616
"916" 0.363636363636364 -994.147603915716 0.576085803670554 0.126206168116882 1060.4978280473
"917" 0.318181818181818 -927.161779444458 0.43165942361504 0.0977219281952444 1355.55037744006
"918" 0.272727272727273 -683.487426086619 0.57622713426439 0.130283547307671 1043.54857090677
"919" 0.363636363636364 -945.490166487545 0.51341563787963 0.113316884545492 1194.5102141608
"920" 0.318181818181818 -1059.92869856331 0.451320246241364 0.10181152571888 1316.65312849113
"921" 0.363636363636364 -1155.51595192679 0.530301365334022 0.116423209017824 1157.41448503474
"922" 0.227272727272727 -1390.34228708227 0.318800422141434 0.0851605008242508 1614.82489014388
"923" 0.227272727272727 -1512.81594625322 0.382948308517151 0.0952512878992663 1468.62720466806
"924" 0.409090909090909 -762.385197866902 0.60273511949279 0.134719086837039 996.579689126217
"925" 0.272727272727273 -1427.18174657632 0.383649972781628 0.0892334868621968 1481.28230350525
"926" 0.272727272727273 -1473.53102776173 0.290052041577 0.0787493028153897 1683.82473698774
"927" 0.409090909090909 -1063.16176480795 0.504496918889338 0.117434306502844 1195.87683085506
"928" 0.318181818181818 -963.045534369085 0.520170638887732 0.11686111846158 1165.11887819406
"929" 0.409090909090909 -749.650384047344 0.544352212474948 0.121408018927383 1135.33180018819
"930" 0.181818181818182 -1593.32341732322 0.39031523406873 0.0910561616025801 1464.15539355177
"931" 0.272727272727273 -866.819710134454 0.56179934408493 0.130899530978102 1079.76950734791
"932" 0.318181818181818 -1179.31164683921 0.509977415517151 0.113855058577189 1216.70097389262
"933" 0.363636363636364 -793.286480468868 0.661671383190469 0.156651409929055 862.714726166497
"934" 0.318181818181818 -852.615802864712 0.443575677927241 0.101398174223195 1340.08810470616
"935" 0.272727272727273 -640.183045114688 0.608433753889787 0.143596484927977 989.980462669931
"936" 0.227272727272727 -998.990301507085 0.325620923340248 0.0855580926891922 1596.99111400511
"937" 0.181818181818182 -1465.68641383292 0.345200001379009 0.0890011857355079 1587.63059986332
"938" 0.363636363636364 -1277.29634530845 0.424496787656932 0.0965371755870322 1387.30390428428
"939" 0.318181818181818 -1104.82592239284 0.52296980315478 0.114703185745964 1172.2930289891
"940" 0.227272727272727 -1614.74645749237 0.277645383049007 0.0790434742980003 1703.51811313017
"941" 0.318181818181818 -846.171995124832 0.506671640997912 0.116101491228566 1211.28865670541
"942" 0.318181818181818 -1119.00902019079 0.423341277335119 0.0970696750452719 1382.09633243105
"943" 0.318181818181818 -1025.27593120119 0.462593584380076 0.10580955683111 1299.05813175454
"944" 0.227272727272727 -1340.0070027678 0.331414851390623 0.0833847813741918 1575.34473732311
"945" 0.272727272727273 -1669.07545136632 0.374907165189278 0.0904908039947931 1486.71338531002
"946" 0.272727272727273 -1606.85058276606 0.334695277733776 0.087710864853187 1580.52356554866
"947" 0.227272727272727 -1239.84712275075 0.468917655090717 0.106827663484475 1302.16855910837
"948" 0.181818181818182 -680.464924269367 0.389792146536838 0.0931151091356065 1442.78113029255
"949" 0.318181818181818 -1832.03723485914 0.500101170835038 0.110031390583385 1213.45987645872
"950" 0.318181818181818 -1010.91035772532 0.428779777341737 0.0987469260230404 1370.79793940333
"951" 0.318181818181818 -1106.09731679584 0.370729168656622 0.0902907787825452 1481.53107115062
"952" 0.272727272727273 -942.904165072892 0.603491958509463 0.132623987777173 1000.66984845927
"953" 0.272727272727273 -1349.65198284079 0.416158563804013 0.0976173057686167 1414.3532827446
"954" 0.272727272727273 -1004.02637594834 0.340429000906204 0.0862974477881619 1562.97376035687
"955" 0.227272727272727 -1035.05652916297 0.497390417138079 0.10839447064718 1244.86472728808
"956" 0.181818181818182 -1327.43372088415 0.257965876894357 0.0765102970152923 1737.04825822569
"957" 0.272727272727273 -1142.29314745528 0.449958299998199 0.100442466944434 1327.48270977684
"958" 0.409090909090909 -931.574776249378 0.465436105979184 0.103202451802202 1296.91515918123
"959" 0.272727272727273 -1911.00556968901 0.342495173965793 0.0859409119347745 1543.65772106559
"960" 0.272727272727273 -1356.13179057899 0.427490783422379 0.0966689695944179 1375.33547667254
"961" 0.5 -675.309539227819 0.616327839356947 0.140526437542966 964.003648214508
"962" 0.227272727272727 -975.241672172542 0.449998896100702 0.100834808028041 1311.96347172481
"963" 0.181818181818182 -1320.03136726831 0.3906401631395 0.0933492197872259 1462.78687524012
"964" 0.454545454545455 -752.801150856518 0.496917895411338 0.111084442360365 1222.72668620284
"965" 0.409090909090909 -1113.53775270329 0.480562578896779 0.108711579111076 1257.73413880179
"966" 0.409090909090909 -856.793717109032 0.626672201517641 0.143223475212895 960.426520990848
"967" 0.272727272727273 -1723.74054501381 0.43235794250387 0.0980061677388085 1370.93125175417
"968" 0.272727272727273 -1694.17582573594 0.27654708603494 0.0782355810554844 1707.71242133882
"969" 0.227272727272727 -1415.22931764824 0.38250902305964 0.0901206344987054 1490.98215945903
"970" 0.363636363636364 -1126.3121699884 0.510910134922985 0.109795508256493 1212.77698504736
"971" 0.272727272727273 -872.739333348918 0.367359787640336 0.0898506784016134 1479.30989078545
"972" 0.318181818181818 -826.077428920875 0.555461039465663 0.122095564896098 1105.77762137998
"973" 0.272727272727273 -1335.18798106665 0.460358104548785 0.105694365647517 1325.38765603306
"974" 0.318181818181818 -1268.73273070842 0.318604520645416 0.084090203231631 1593.23377628478
"975" 0.227272727272727 -1279.59297205327 0.376217506716449 0.091250382572453 1472.2352488038
"976" 0.181818181818182 -1511.42721726353 0.43861513055014 0.100059702754261 1340.29193896168
"977" 0.318181818181818 -783.708494411773 0.565820386710495 0.128425680986607 1061.64687033324
"978" 0.181818181818182 -1378.01686383094 0.340270315980965 0.0889636904708577 1592.5872959405
"979" 0.363636363636364 -862.184559800245 0.638069954779397 0.147447987076497 914.145570288063
"980" 0.136363636363636 -1709.61620260621 0.220548721142303 0.0730790042563674 1838.41551406112
"981" 0.0454545454545455 -1675.46719540794 0.0623642977047696 0.0609001218719575 2158.94753654207
"982" 0.136363636363636 -1559.52600176616 0.345032524501289 0.0864857236921485 1552.84696978561
"983" 0.181818181818182 -1544.36268736 0.275710361418447 0.0790873657686525 1718.67523241644
"984" 0.454545454545455 -652.249277943239 0.68749198055812 0.17170931944411 813.894849682786
"985" 0.272727272727273 -894.143339990403 0.600633922365891 0.1368679026134 1009.52381953195
"986" 0.409090909090909 -889.059865583905 0.536040312619499 0.116926950078788 1134.87429315515
"987" 0.409090909090909 -1357.98984982842 0.473977895633311 0.103339725579345 1274.95930728717
"988" 0.363636363636364 -935.021933432121 0.709933198224398 0.181047466665268 781.619136690488
"989" 0.363636363636364 -609.599748376352 0.596643845076207 0.134331023263317 993.488927948382
"990" 0.227272727272727 -1156.90459650003 0.409225026790593 0.0958717232316623 1424.08671267077
"991" 0.363636363636364 -1043.85357558523 0.592257097527603 0.134140573709114 1023.74029681528
"992" 0.272727272727273 -1534.23487037144 0.494615023109517 0.111350936723205 1257.45760991499
"993" 0.272727272727273 -795.276018389742 0.449332547258018 0.103985394936538 1329.30720068398
"994" 0.272727272727273 -785.503249505094 0.655974941576358 0.157111670153423 886.694564509718
"995" 0.272727272727273 -1524.32429054409 0.351901445921824 0.0866049369328474 1535.79187873709
"996" 0.227272727272727 -1006.06938438565 0.439590693030893 0.0981434788284598 1351.48450773979
"997" 0.272727272727273 -1275.97660542055 0.361838632801552 0.0896018797414008 1517.56176589018
"998" 0.363636363636364 -764.279794142693 0.529822898890192 0.117109532991774 1155.12601292697
"999" 0.363636363636364 -1164.85445778529 0.593249134235581 0.130898924743009 1032.75244775066
"1000" 0.318181818181818 -1529.35265856048 0.359486338333214 0.0869909535063238 1532.4646498934
