"SCI" "RCI" "GER" "MSM*" "MIG"
"1" 0.2 -477.947876167271 0.452438966268159 0.381328450446767 225.029723506588
"2" 0.3 -590.63028311422 0.467574972050926 0.392714755670475 218.494120894619
"3" 0.5 -407.973082947839 0.52482436518448 0.414422730363732 203.027202504226
"4" 0.3 -607.926084952261 0.445147139215536 0.369768130508109 233.529893021285
"5" 0.3 -542.073877310868 0.518393924836046 0.416466969537039 207.658110735281
"6" 0.4 -516.945151163594 0.410341739533858 0.333311915120583 236.601383987763
"7" 0.3 -615.696701672576 0.521664443189603 0.411374593492128 208.189357817294
"8" 0.3 -710.104920077382 0.57840435245896 0.418157819983594 203.832286972944
"9" 0.5 -486.478380691486 0.52267136324127 0.384494312213757 194.912022827216
"10" 0.2 -356.504329174569 0.342526084243279 0.335494886895308 250.90740587255
"11" 0.3 -476.09267221197 0.611190835054296 0.456857985403935 190.722539981827
"12" 0.4 -324.459834081552 0.584314298779895 0.454668428318802 190.02537520628
"13" 0.4 -484.882196763393 0.4776398097387 0.373178051583502 215.028891096259
"14" 0.2 -424.059654408419 0.180696285682203 0.282527170985542 276.292744047134
"15" 0.3 -507.229442054234 0.479828058035199 0.401934813691468 223.289764841096
"16" 0.1 -559.815853321676 0.227843385471912 0.288652156445333 279.567850171449
"17" 0.4 -292.788560091621 0.479050844344737 0.387142829620462 209.027252625385
"18" 0.3 -449.190954880127 0.51850018368207 0.422154913977878 209.294677375862
"19" 0.2 -953.300173001222 0.439158514089059 0.376352136030827 225.955289801736
"20" 0.4 -497.766200474433 0.50865308602754 0.397762147180506 221.04060896175
"21" 0.3 -478.11071780124 0.378746080727382 0.337304050178743 241.958395182095
"22" 0.3 -486.658872025914 0.431446374079814 0.358444556859824 226.996697218963
"23" 0.5 -484.69324696968 0.362276157575348 0.313172775038764 249.13891154618
"24" 0.2 -1398.6313518548 0.400826509574536 0.351840008920951 244.871892748419
"25" 0.3 -542.636231229231 0.22725245819698 0.274173549521943 280.112902683257
"26" 0.4 -544.318967349885 0.289300009699803 0.30212724786775 247.855046749893
"27" 0.3 -1162.48481330513 0.388160247729906 0.337811187581497 242.13400198915
"28" 0.5 -239.865212354682 0.471195537338161 0.380661897890746 214.834869249086
"29" 0.2 -610.552839588311 0.478006055343646 0.393930661160176 222.461936913007
"30" 0.5 -342.575056096835 0.648596158173556 0.50065743282358 173.362390576629
"31" 0.5 -486.401456403074 0.617910880932987 0.462439643560943 185.751032041097
"32" 0.2 -467.777373926882 0.208739750684632 0.286564544726967 274.783050957969
"33" 0.3 -370.038958896265 0.57356756960069 0.437526992790508 196.377813115371
"34" 0.3 -289.695972044648 0.403610399998954 0.335967208260359 227.747623087824
"35" 0.3 -634.189911499664 0.243108031305184 0.294425188590845 260.201305657374
"36" 0.3 -315.487753122704 0.497492447999954 0.402484313191948 211.956943020588
"37" 0.5 -327.825505759812 0.60691724099028 0.450279472147962 177.569250552626
"38" 0.4 -457.773305424639 0.546811780278636 0.416967983063734 208.542500096718
"39" 0.3 -458.7261999767 0.522704379962051 0.411868676798696 212.409414558751
"40" 0.3 -257.487612903792 0.352136530497736 0.333568662490579 237.365207435666
"41" 0.3 -899.930979770773 0.48411372236471 0.383540266306902 220.76276321359
"42" 0.3 -398.967777045344 0.517161574543801 0.419444330353093 208.541949393218
"43" 0.3 -872.05300977943 0.590194515564086 0.454484110178305 189.955041543622
"44" 0.2 -718.919923141613 0.556990288476769 0.445823200652289 193.490489140465
"45" 0.3 -930.045266250663 0.522561923756637 0.409588304224536 210.499684881945
"46" 0.3 -442.71492238259 0.455922016945069 0.363494135691367 209.483450336834
"47" 0.3 -599.716149195525 0.465480623622198 0.380040558768271 223.345774632287
"48" 0.4 -210.972362772276 0.589550507725654 0.445219356514066 181.673644045987
"49" 0.3 -379.742258720845 0.554471197262369 0.436173881732625 198.818479297534
"50" 0.4 -662.655973309226 0.447451170155003 0.377996251790181 228.437107655918
"51" 0.3 -659.636141477058 0.605116788440258 0.451924580211482 195.514155019238
"52" 0.3 -464.278439060599 0.481610491974504 0.384823524477738 222.033417684506
"53" 0.3 -425.027134273535 0.518185935391134 0.409457127625325 213.196300745322
"54" 0.3 -361.358034256545 0.497227470791413 0.423232750612996 213.380692413272
"55" 0.1 -471.3772707918 0.400034174766298 0.365121234424268 235.084846668663
"56" 0.3 -360.889661961251 0.493192343063408 0.393282947262933 206.018241717336
"57" 0.5 -439.489054256753 0.551438925234491 0.438850253890049 196.431593425269
"58" 0.3 -330.288927999661 0.313083779608438 0.305526350307041 251.395608458431
"59" 0.3 -987.056767408405 0.497500237858159 0.383775947992273 225.538986564754
"60" 0.3 -449.202999675537 0.404546681799136 0.33344792608718 233.004319640137
"61" 0.5 -322.779755723284 0.677807152075012 0.510286072646006 162.178696664213
"62" 0.3 -734.77192399902 0.423103380619034 0.351795077117962 223.892275065631
"63" 0.4 -415.12931533143 0.35826120688053 0.338820402443195 243.097939306418
"64" 0.3 -775.060712063682 0.347271159565057 0.317782728600182 246.551628996194
"65" 0.2 -373.537537635225 0.488973119836074 0.406058747933466 213.887576659294
"66" 0.3 -533.490962909187 0.520544492786407 0.40524221461479 213.352797370227
"67" 0.3 -558.473923865981 0.543089573764456 0.430247667924446 209.177725899299
"68" 0.5 -559.585479991757 0.560986711712752 0.431354261039966 207.228361253324
"69" 0.3 -378.049808216026 0.513336806488064 0.407651262141363 213.131435807133
"70" 0.3 -407.020992272674 0.528500158851094 0.413524243774225 214.112514617769
"71" 0.3 -425.663956337547 0.566533690629649 0.440604660997297 201.323432913399
"72" 0.5 -635.266922343727 0.477222904789051 0.373697541894563 207.12299929623
"73" 0.5 -1073.12823229939 0.472446305112043 0.379990807796434 218.712473489633
"74" 0.2 -543.090889611611 0.438158199724046 0.368465910096435 232.955495141991
"75" 0.4 -567.317880334376 0.448183190732454 0.376681695984877 227.196372126448
"76" 0.5 -460.05041854398 0.613268191579607 0.462509331098415 187.272147887009
"77" 0.3 -292.154482405948 0.383270235246747 0.350001403782692 228.055595029634
"78" 0.4 -596.468113623521 0.43995242707897 0.357320126638269 221.84529872614
"79" 0.4 -314.754376868584 0.750803780245464 0.573050326241077 149.942234753189
"80" 0.3 -620.336411593771 0.489471867489283 0.397522594452115 214.501095276955
"81" 0.3 -573.253548989086 0.597119750924267 0.450518089613616 189.020952247684
"82" 0.4 -571.364813124369 0.419988230484962 0.344770106235232 223.028933519074
"83" 0.3 -594.628475543806 0.351204358621752 0.323450022031066 239.624259571829
"84" 0.5 -520.894207436693 0.462135629868286 0.36114996012214 217.432217383264
"85" 0.3 -597.030315801886 0.542282016292947 0.412335383902391 202.974707856053
"86" 0.3 -661.359091916025 0.52031215277079 0.405180068086336 211.054293067837
"87" 0.3 -714.068254599796 0.513569440518347 0.413438512463037 211.256675953907
"88" 0.3 -491.850921738786 0.259754270440425 0.29146809214183 267.502292582965
"89" 0.4 -721.972074192078 0.556517303923166 0.431520950752204 204.210233871262
"90" 0.2 -365.465781761955 0.331123602211119 0.321202661539978 246.572019493566
"91" 0.4 -503.809784594636 0.645975170634153 0.49051789313557 176.089719016152
"92" 0.4 -649.440388293065 0.582228350029435 0.441540372667989 197.0731443749
"93" 0.3 -414.475189539026 0.516996279716283 0.418330961214841 208.675215751263
"94" 0.2 -351.112467811443 0.610885122744899 0.483370877728594 184.428038493311
"95" 0.3 -573.437790834988 0.41872973866142 0.340686798116855 229.17896937489
"96" 0.3 -554.930585982328 0.525658553359522 0.424541785840733 207.79644335744
"97" 0.3 -763.340509440235 0.467797003157142 0.379085925898197 221.705405279468
"98" 0.1 -799.578265076187 0.399767809197718 0.356702741754518 237.416898159548
"99" 0.4 -277.390245803868 0.5798424833134 0.449365068086628 194.795850614253
"100" 0.2 -543.451884490793 0.496429421003205 0.398348157668864 221.385927800578
"101" 0.3 -504.993972096819 0.29075936180636 0.315504194409808 251.435327345156
"102" 0.3 -397.426876798725 0.41495728713841 0.357286956424606 221.703341451902
"103" 0.2 -447.719655442194 0.125683799781494 0.253002875083595 303.275115074948
"104" 0.3 -265.867131046455 0.571115764896632 0.443883819987857 196.528971681516
"105" 0.3 -600.490748192199 0.400003004204257 0.340922021174251 238.350774049633
"106" 0.5 -281.313785474538 0.556536400905682 0.438015047911002 196.124909200533
"107" 0.3 -493.233256649312 0.335222570338719 0.30133723176399 252.812192998067
"108" 0.4 -483.557782306698 0.342268485542859 0.303107728425645 249.337488419218
"109" 0.4 -425.78985092794 0.368517615562757 0.311230969039556 244.018112729569
"110" 0.3 -341.96997924545 0.397631392245623 0.367855623530041 226.408550601527
"111" 0.3 -594.765100316671 0.474530139828193 0.38939483243181 225.211742114094
"112" 0.4 -568.339725438272 0.496266789439852 0.402217737798406 208.33133080238
"113" 0.1 -796.750992598075 0.251596571756645 0.302268525651836 272.372615453671
"114" 0.4 -431.525317286565 0.335058929322034 0.323797592553772 243.799397477894
"115" 0.4 -776.479117018138 0.302843345229673 0.290136927162259 262.267190887234
"116" 0.3 -627.195848857372 0.428422693292331 0.366222301051343 232.088391000875
"117" 0.4 -561.341907683233 0.499211696439966 0.395895396305635 215.728970502662
"118" 0.3 -361.227878533854 0.317103289277365 0.303337777219621 250.585015125745
"119" 0.3 -803.553668473534 0.474114239194445 0.386218674987506 224.475925087626
"120" 0.2 -453.687171919464 0.408176589011523 0.347949698929187 238.553723506299
"121" 0.3 -451.612904118771 0.238670682004242 0.299596246010551 265.954584860792
"122" 0.5 -467.124167059548 0.607994465025254 0.470546035993626 189.089753395445
"123" 0.3 -310.178507430695 0.502898597231879 0.400327566944209 214.066275779339
"124" 0.4 -645.348731881551 0.540568248898145 0.435408858913135 196.924426272823
"125" 0.2 -738.699554451194 0.424995375515437 0.370180918372263 243.160770854619
"126" 0.3 -380.733427976081 0.414578930688748 0.358215351891571 222.620554651245
"127" 0.4 -615.653404325856 0.527951589544429 0.414722552714936 205.878671724061
"128" 0.3 -454.942729892565 0.468282592992475 0.391529498304031 216.106053859102
"129" 0.2 -400.861068740646 0.480799000531057 0.388093283476574 211.452459678147
"130" 0.3 -1004.71100685952 0.467940377398352 0.373956321992626 232.686572531676
"131" 0.3 -438.802959250442 0.276363311559826 0.290734512158704 265.730303181778
"132" 0.3 -395.232624469955 0.542658957291967 0.42223929804957 204.373808744606
"133" 0.2 -1015.67600429167 0.482927415489392 0.389142084620398 225.993008111948
"134" 0.3 -490.746325903258 0.515160515660313 0.400535036212464 207.406262955954
"135" 0.4 -505.866010723563 0.496856442331986 0.405601676131628 216.402024336397
"136" 0.4 -382.768498836549 0.509132620202919 0.411418006533414 206.106437473204
"137" 0.3 -490.753320316249 0.481471255458334 0.395809276101717 221.507861726307
"138" 0.3 -396.994679189938 0.407429643644159 0.357934011037605 234.266312310346
"139" 0.2 -699.388781343174 0.42342769799583 0.357466980004687 242.123424867354
"140" 0.3 -409.648554052123 0.452925160116187 0.381605005903119 219.148608134193
"141" 0.3 -553.45805352058 0.481334427523606 0.391114569772645 224.718506226405
"142" 0.3 -336.507342590816 0.486000804389582 0.397210322106375 216.469210411478
"143" 0.3 -302.237442521512 0.420499582510546 0.362184224109577 223.654873440927
"144" 0.3 -665.402451834499 0.440078293429393 0.370762971113569 223.445746147893
"145" 0.2 -712.73254845861 0.457975851611409 0.374204879530646 232.024945918075
"146" 0.4 -309.850593051694 0.585833513539738 0.435198238688227 188.85771344176
"147" 0.1 -509.681897043193 0.383940880220449 0.348115840465188 246.535407571746
"148" 0.5 -415.381185969429 0.50517684672832 0.379691976788909 207.536085724095
"149" 0.5 -506.869876955061 0.562950440900772 0.444490803702152 199.674638978909
"150" 0.3 -533.547481170503 0.51081918116954 0.407194404148076 218.886960487729
"151" 0.2 -622.553808794798 0.261994736483801 0.298868421526095 264.135143451537
"152" 0.2 -405.047788939928 0.469767649676919 0.38353806865946 225.895128963627
"153" 0.2 -447.078537009936 0.170670011690413 0.256936796212293 292.113295248374
"154" 0.2 -709.156647933313 0.357769131467062 0.346407080313325 252.295385645865
"155" 0.4 -625.184584371705 0.573239532456933 0.433314445251409 198.412208187873
"156" 0.4 -970.30181073561 0.477085963288148 0.374698167938997 226.213283374575
"157" 0.4 -272.388787937836 0.502261479494614 0.390951299458643 203.664956166116
"158" 0.2 -549.914337134746 0.255942645520679 0.289284360163037 263.359429729562
"159" 0.4 -626.605406333181 0.451886060954905 0.351825933752201 219.26064411439
"160" 0.3 -476.909178029223 0.205066723006961 0.286733608201671 269.53395027387
"161" 0.3 -849.546300756278 0.55580409737445 0.430429776136539 208.061515969229
"162" 0.5 -230.119724997052 0.536489820841574 0.436303026054115 199.163172033876
"163" 0.3 -566.391085764871 0.512754538613988 0.405363153862638 212.906027979837
"164" 0.4 -274.444142495049 0.509814479097308 0.419241005903695 208.260930457329
"165" 0.3 -499.200863947854 0.576637419368158 0.442477210163274 193.86489664006
"166" 0.1 -702.861473943955 0.048982473323821 0.240723224629383 320.102366229855
"167" 0.4 -542.461335059511 0.507654753701242 0.376736512006121 211.346779822819
"168" 0.3 -350.831833824599 0.476580541388003 0.38774245455223 212.926805615765
"169" 0.4 -422.125751542486 0.507797096068327 0.413423734749334 210.071946277977
"170" 0.3 -547.878879367714 0.321408591651607 0.322231498823723 261.012874941807
"171" 0.2 -504.440827337072 0.473747489315227 0.39657431200303 217.053048430183
"172" 0.2 -509.049773591992 0.377535495820628 0.346095730730165 244.283475997909
"173" 0.2 -729.062371543959 0.474338133748887 0.388070242863955 226.524935892988
"174" 0.4 -382.411477871476 0.487590805202982 0.361098978663368 215.008726150063
"175" 0.3 -1746.60637946708 0.455427090221695 0.361028740628023 231.599982492691
"176" 0.4 -528.806708678007 0.59429103041832 0.46162167171662 192.535196384816
"177" 0.3 -420.177148208898 0.375168118187633 0.342114862451614 243.417383942539
"178" 0.2 -430.54832950975 0.463508999597863 0.396910552141956 221.650711649498
"179" 0.2 -531.433558745798 0.547995953111029 0.411370256406647 208.868180696238
"180" 0.3 -425.208843320864 0.549467194808935 0.433605292153272 198.880804446316
"181" 0.3 -625.441524007345 0.413866008233986 0.36172818677127 228.16854968925
"182" 0.5 -363.099249701651 0.491759808523172 0.402800173389257 212.915392119405
"183" 0.3 -411.328016594047 0.295303738856279 0.311063373038459 253.002839559824
"184" 0.3 -356.119369267833 0.283168837696608 0.312628624272305 256.630920770899
"185" 0.4 -305.231074472687 0.451886391544937 0.374563709952878 213.880785002788
"186" 0.4 -438.563351229434 0.567812849835744 0.446634280474208 195.731572260209
"187" 0.3 -299.406882262903 0.559023987440716 0.427642587507148 198.075915328935
"188" 0.3 -434.078447322579 0.482868350451542 0.401900549243827 213.884664450465
"189" 0.4 -411.829595975557 0.483533866256139 0.362643106276529 214.562529755775
"190" 0.3 -594.509347929614 0.434957676631044 0.344605325938546 222.525703921071
"191" 0.4 -294.905406078807 0.475826179947826 0.39183035514829 211.412450418673
"192" 0.5 -557.265026805438 0.432048079953232 0.34132830903181 232.909659289033
"193" 0.2 -664.850267147024 0.30157673502481 0.316061778112814 256.835694826702
"194" 0.3 -642.706389800738 0.360452783555309 0.326390295004047 233.709033354046
"195" 0.2 -563.718064644143 0.239195736983238 0.289440221044407 273.426508145877
"196" 0.4 -339.042616971084 0.536362957194951 0.4148377636392 204.400359787233
"197" 0.1 -1086.6560431356 0.211323783362545 0.285263273086693 288.158618160291
"198" 0.3 -844.802152726105 0.475075578614967 0.400539037165331 226.643344866852
"199" 0.3 -321.184214640031 0.245610388119549 0.301441527028753 263.785046963077
"200" 0.3 -474.61735559931 0.523911499265829 0.420196450930604 203.215571587426
"201" 0.3 -477.0127729072 0.544965875628579 0.450812861232939 199.157336248094
"202" 0.1 -1226.64411079298 0.334443652753553 0.326730478534737 268.81881268051
"203" 0.3 -407.944799319506 0.495003408892938 0.400418158080321 213.972198572508
"204" 0.3 -880.713209356117 0.427907432662716 0.350150114932023 227.875808918849
"205" 0.4 -626.378544391962 0.470005900356965 0.381819260410912 220.94991280619
"206" 0.2 -741.028169063249 0.192847101836692 0.280499347196261 276.631783127757
"207" 0.2 -815.32131628592 0.153770979482673 0.26253805339551 294.661856586197
"208" 0.4 -745.754956555371 0.485718647371241 0.391420825436849 222.08274320561
"209" 0.4 -531.466869525123 0.566426950061917 0.42692268810303 202.38339743298
"210" 0.2 -519.721931912504 0.367755621534877 0.33781074287985 253.18793762309
"211" 0.2 -382.159841128321 0.448335381855686 0.384504166378968 227.914655794259
"212" 0.2 -590.565110104184 0.44801422596759 0.382749932700882 222.789000242874
"213" 0.2 -1032.37753674929 0.197967359794585 0.276013717984662 287.738535438105
"214" 0.4 -297.844137391116 0.519398767213375 0.405395694889973 203.942545019132
"215" 0.3 -544.206832046052 0.571020116547562 0.454156893024869 194.260929304268
"216" 0.3 -346.915292468885 0.5067179057161 0.418505762185068 206.070558277001
"217" 0.4 -586.828903476726 0.461779889232923 0.371887662832238 218.617706028721
"218" 0.4 -453.805513006603 0.545671107668092 0.421897966558335 207.179378022603
"219" 0.4 -655.955302300409 0.522390359736039 0.402582691160188 215.443960062321
"220" 0.3 -613.409744619676 0.326510647578742 0.301099618175946 259.064168853154
"221" 0.3 -716.512855231664 0.238294347552013 0.289754688424029 279.84400903061
"222" 0.4 -556.633193046778 0.579766684300342 0.441167473163073 198.533523442079
"223" 0.3 -604.785620433617 0.402247723087507 0.353574869145157 235.622511325069
"224" 0.4 -829.003505429874 0.559579825769836 0.424879756341708 208.935222769366
"225" 0.2 -433.521869344924 0.46586606002203 0.390452396823581 226.591683939351
"226" 0.4 -592.240035235739 0.327325927883315 0.323210357826333 246.483647720804
"227" 0.3 -269.013363352304 0.546006823997985 0.43207363005475 199.085122514018
"228" 0.3 -940.219314887603 0.360450001919588 0.320702987534002 250.481823663739
"229" 0.4 -381.784778746414 0.302976645139691 0.292330057730973 260.483549591429
"230" 0.2 -778.524086431873 0.233450786998377 0.291778900035533 270.202061294182
"231" 0.3 -332.707324409391 0.517886591583664 0.423484226872618 202.343417945104
"232" 0.3 -470.340936274582 0.358078971046886 0.311002643362844 245.048471152293
"233" 0.2 -352.813480880736 0.501027568121177 0.415264995909024 207.234973554821
"234" 0.3 -860.795198356292 0.493114841638248 0.395177820998038 224.308872967227
"235" 0.4 -277.952792538953 0.44280755200977 0.358679277357113 210.869498945484
"236" 0.2 -619.289291327787 0.421715096881575 0.356489148523038 245.006567338742
"237" 0.3 -308.647274954424 0.619545432871935 0.48431719021787 181.593098249892
"238" 0.5 -405.421808113129 0.628281175694865 0.47253445591494 185.908590668044
"239" 0.4 -396.087674093299 0.484333996740878 0.386306594439605 224.201978197931
"240" 0.1 -305.213608353639 0.469727239810554 0.398322552821437 214.007430669628
"241" 0.5 -501.135114514766 0.570048817450678 0.433613205030842 191.270468551964
"242" 0.2 -308.205994074688 0.487519858150097 0.412142705025903 215.196904447093
"243" 0.4 -502.200332930335 0.66552979677618 0.502974980129636 171.120872008428
"244" 0.3 -315.84026588046 0.419627941239527 0.356596436728747 222.269141324647
"245" 0.4 -244.694963492574 0.485852406706216 0.370503592946603 205.940758840381
"246" 0.2 -845.561867331634 0.347886617118042 0.33161142026238 258.828941998263
"247" 0.3 -380.599296309054 0.417347292017915 0.362028379700854 232.270775637226
"248" 0.3 -774.488552771849 0.471101472502321 0.374626370760618 230.289509263742
"249" 0.3 -301.260855650084 0.550967090209532 0.437688047848583 199.0753230731
"250" 0.4 -470.821982147412 0.515317207864608 0.415112722038578 209.900444291807
"251" 0.5 -580.702652798772 0.534745826667196 0.393399876835215 195.550869911523
"252" 0.4 -603.548321612666 0.321315713056996 0.313176207911052 259.48469572674
"253" 0.2 -648.577776684775 0.485967380724243 0.39390945508207 216.576983966511
"254" 0.4 -456.841507020736 0.520705413023086 0.420320661330289 203.553640502901
"255" 0.3 -643.034904318296 0.389782095511675 0.340165372951248 242.79374215927
"256" 0.3 -548.55934757645 0.384887405435772 0.349257717113103 235.60695513085
"257" 0.5 -457.676938738189 0.548193117561691 0.417063026127064 196.757500979872
"258" 0.3 -481.050272047519 0.521683886936111 0.400516240309325 206.833542500059
"259" 0.4 -697.05799310428 0.532948711739267 0.419338895946403 208.257340172846
"260" 0.3 -417.90091536796 0.6141872576598 0.46154483959544 184.651275528022
"261" 0.3 -384.138588354793 0.495374244665494 0.37624429828463 212.518147710869
"262" 0.5 -1040.98151918724 0.552939839559889 0.414640385165622 207.596448580856
"263" 0.2 -749.319792746926 0.452808379534315 0.380075624056774 229.315089016757
"264" 0.3 -304.806049713404 0.371097346912473 0.346414789692802 242.50027905385
"265" 0.3 -322.056783323486 0.364408056724513 0.331789240294566 234.085389893968
"266" 0.2 -640.297815746205 0.204507201329699 0.284547473963645 272.043618016299
"267" 0.3 -438.479562371765 0.413986370789747 0.352469325210605 240.670770363705
"268" 0.3 -656.106518297512 0.391029051339461 0.341586285571508 223.363559564026
"269" 0.4 -274.449758667153 0.508437982081756 0.394067849606294 208.03761346302
"270" 0.3 -497.855024308068 0.37752871153233 0.328013716123739 242.256985623078
"271" 0.3 -947.963504204834 0.247959300275832 0.27914743518501 278.213701107921
"272" 0.4 -338.372311027386 0.638279681603089 0.481767916344543 187.096506576329
"273" 0.4 -434.84112582918 0.452054863190357 0.37293805260723 227.782267831177
"274" 0.3 -437.675681235461 0.675698728662019 0.514200437143959 175.164914579177
"275" 0.4 -320.189203495555 0.508588386330864 0.410452294723124 197.370276367622
"276" 0.4 -325.463379593125 0.680490143330669 0.528060248645639 164.66397490154
"277" 0.3 -516.981000651588 0.557453828638903 0.435715615958999 203.711246646428
"278" 0.4 -346.05456381996 0.556400893001801 0.421288399897709 201.106637362293
"279" 0.2 -289.533414849577 0.488602135467765 0.403890509482533 215.489187771571
"280" 0.3 -660.643883457001 0.379258810359509 0.337563808136258 235.983892716654
"281" 0.4 -321.945234143618 0.408848646116081 0.337328144686821 227.652100014989
"282" 0.3 -632.925889895454 0.47856882164169 0.387415898690754 221.507385478741
"283" 0.2 -439.455200310147 0.477311916551286 0.408077425092821 220.213918108325
"284" 0.3 -428.689330105307 0.519436588612445 0.405967217724273 214.779136425047
"285" 0.6 -478.613443337164 0.563211363162618 0.428607903483392 206.834450426507
"286" 0.3 -388.474443654505 0.507377910583747 0.406105325082701 212.902209597798
"287" 0.4 -262.766763246086 0.559704825352707 0.427543992297678 201.422682570685
"288" 0.5 -719.253299449997 0.389134250157092 0.34069418503082 241.841758547993
"289" 0.2 -974.762816802347 0.520717772602898 0.407458766516917 209.885749611571
"290" 0.4 -823.499280863247 0.530732939227439 0.395079354113474 219.717467969912
"291" 0.2 -390.362334632279 0.35360564919391 0.324267330336995 248.711324752648
"292" 0.3 -382.489057502758 0.661387712450752 0.497083355282249 177.483287805761
"293" 0.4 -609.861009427866 0.484623263855464 0.38473527579931 210.28329945039
"294" 0.4 -624.428348603982 0.494882085670248 0.394368231763507 212.351845205859
"295" 0.4 -553.581915550716 0.610194781341907 0.466582455198378 190.256952525647
"296" 0.4 -437.675461994706 0.578160061816978 0.444766828418696 197.550050084204
"297" 0.3 -518.750628941943 0.41327972704199 0.346112748527103 241.187116803462
"298" 0.4 -574.492117799846 0.602558923970862 0.451987856723033 191.570434365897
"299" 0.2 -597.701062385788 0.45005242867376 0.388880729411689 220.96439601189
"300" 0.2 -485.314946086739 0.526684181902066 0.411786950477106 215.166231359984
"301" 0.4 -264.810365170018 0.481109585154936 0.371076327194799 204.286166337389
"302" 0.5 -464.967868319088 0.508184274297441 0.412470567958789 210.153676191
"303" 0.4 -419.497247349502 0.493386119113077 0.392292835604912 222.570457763076
"304" 0.5 -219.591710229158 0.607539865946561 0.471412233218908 184.530751515636
"305" 0.4 -363.384588855162 0.617044591863201 0.453241882217329 188.863275134889
"306" 0.6 -723.531492542789 0.688063924595221 0.509816425014954 167.888384545795
"307" 0.2 -727.104018559243 0.516048596034155 0.39788405655325 216.036336966478
"308" 0.4 -452.708807877076 0.439271082103301 0.349400488972013 220.285808047969
"309" 0.3 -304.325158858399 0.400887860404418 0.337450168849194 233.266213351316
"310" 0.3 -625.97130262762 0.390807085447664 0.324301210151751 240.603422688157
"311" 0.4 -477.151901936028 0.54599374365306 0.412914274664148 213.29781441763
"312" 0.2 -797.332458047561 0.500408861101516 0.400562970740879 216.529839831069
"313" 0.3 -504.328138168506 0.54293456842678 0.42674597729697 205.558275395776
"314" 0.4 -398.721118995015 0.466969501486536 0.363871110399471 207.089803454806
"315" 0.4 -423.670644567002 0.533247304238558 0.416012017686281 202.849574997164
"316" 0.2 -348.428088359863 0.524917581549281 0.417376602138044 204.253747828216
"317" 0.3 -467.568632080745 0.470858667538124 0.389552512456119 225.362780472832
"318" 0.4 -487.561178074606 0.413306487973813 0.357851365285788 224.875825278698
"319" 0.4 -283.662125647081 0.532193822050377 0.433462616331611 202.633827769677
"320" 0.3 -488.148811996105 0.284794018910569 0.308882553395365 261.524403946092
"321" 0.4 -395.210366479196 0.669399941553001 0.507085926374563 168.845966781396
"322" 0.3 -593.215460899144 0.326592002877229 0.324044778851298 252.677406370155
"323" 0.3 -713.11641207574 0.490544569173461 0.388340045840923 220.345669789608
"324" 0.4 -470.225196725119 0.385843187368857 0.33094723085415 241.564210225749
"325" 0.4 -387.076020571536 0.508934634932217 0.405864804762494 209.484453032692
"326" 0.3 -687.926068714142 0.559292125200215 0.441425849552871 203.952018408538
"327" 0.5 -1568.79020551286 0.438227120769384 0.338813686586272 233.975046392023
"328" 0.3 -633.81353645692 0.576363622100199 0.442244930244311 193.575943158339
"329" 0.3 -715.774052088392 0.244484362147075 0.281873175042105 279.585939146932
"330" 0.4 -468.299537895378 0.537419452187106 0.410010016677042 207.865218008864
"331" 0.4 -202.528296868636 0.663848605131682 0.518617478087771 166.055389346881
"332" 0.3 -470.140987513214 0.539143242133226 0.425707882299668 200.54088759264
"333" 0.2 -342.38711444378 0.309729626605402 0.319841245083186 247.076608162592
"334" 0.4 -371.997907571275 0.584515348323068 0.442034276997604 187.931274598721
"335" 0.2 -571.215701624021 0.257494903618232 0.306290136827448 264.101758955596
"336" 0.4 -440.31252964146 0.503312886497477 0.378151880200983 208.531438713861
"337" 0.5 -351.08431397848 0.469410381561427 0.372643159228134 214.846622297717
"338" 0.2 -581.013399237654 0.49835329619501 0.401709462948562 215.784326408342
"339" 0.1 -1422.31436451763 0.08470702812105 0.247079376550696 312.149291501972
"340" 0.3 -601.80048595663 0.415709087875668 0.347387311992369 231.034400236257
"341" 0.4 -435.014543905849 0.572817111990306 0.438280421073135 189.942442760696
"342" 0.3 -435.868045482012 0.503727304288356 0.40847756939434 208.920551142562
"343" 0.3 -696.617266428802 0.572629246626751 0.446715801144773 191.401009327332
"344" 0.2 -846.208951748013 0.448906254025356 0.378516629289402 228.500398577573
"345" 0.3 -737.927776402315 0.554110495499768 0.441268669030234 199.964133867561
"346" 0.2 -647.561699767747 0.486081778545824 0.393564146799618 216.449934591143
"347" 0.2 -657.767831559873 0.541307828758988 0.436502640357149 201.511046965011
"348" 0.4 -915.42068205094 0.542502848350316 0.415747906491811 205.029302990069
"349" 0.3 -567.936498356377 0.499659172203933 0.415138512435467 212.064826655942
"350" 0.3 -636.517926765808 0.570018219876216 0.418631269399388 206.324701498309
"351" 0.4 -333.193860386382 0.488191896074704 0.398054998915383 209.039480318101
"352" 0.4 -227.678683851653 0.578370133547835 0.450174603553092 190.491265387326
"353" 0.1 -632.899548180166 0.0626268241437483 0.250233015192943 309.953391068331
"354" 0.3 -661.136069239275 0.493105526397078 0.399514823179541 217.129800185952
"355" 0.4 -298.512523094872 0.606456263633253 0.469951326032835 183.187536857496
"356" 0.3 -335.312493275509 0.352563554184789 0.329781098496261 243.768118951586
"357" 0.4 -431.20501243621 0.60079337079362 0.452175699436089 183.123636070844
"358" 0.5 -254.816760141176 0.604559073638222 0.457324742814965 177.86489840745
"359" 0.4 -327.444157005915 0.417041005542012 0.370698240643727 222.864794535739
"360" 0.3 -423.767668835926 0.367629931971001 0.318020778008149 243.22028916765
"361" 0.4 -337.527958830932 0.401831781616176 0.341378053743177 228.840189275816
"362" 0.3 -699.228583254165 0.489365580744682 0.371007617945515 217.314945850116
"363" 0.4 -501.092890165739 0.559985636456157 0.442761136785805 201.1361181626
"364" 0.5 -371.053795298964 0.581192055326545 0.437963871433301 194.360072122971
"365" 0.6 -271.580420885615 0.729118563111565 0.558799119855735 155.013612962281
"366" 0.4 -498.498659116804 0.424302613395416 0.352886075958542 222.139411651203
"367" 0.2 -505.284919366953 0.348330168774688 0.32144637876787 252.579563021748
"368" 0.4 -535.895888810353 0.627024611866312 0.462673438995164 174.920231388533
"369" 0.2 -609.437016522231 0.307234706942537 0.31475910363543 255.798800450563
"370" 0.4 -406.713020886298 0.468354896135095 0.378636616552343 210.538194406838
"371" 0.4 -425.058521423245 0.643997429398666 0.489781264191506 175.570141747617
"372" 0.2 -840.275440013147 0.373688316549681 0.343931159798909 246.134339901572
"373" 0.3 -309.991797325839 0.533141825448073 0.422541686866423 204.405237341505
"374" 0.4 -407.913286445692 0.551919258458684 0.435388100480679 204.288670712025
"375" 0.5 -657.098594321345 0.596969752674363 0.44639961389755 195.082317591854
"376" 0.3 -441.534490349972 0.632084126960753 0.462527613051966 187.457349093021
"377" 0.3 -1288.72627406063 0.498751899248791 0.388062421369496 222.829738191604
"378" 0.3 -489.714159358327 0.483759975019408 0.380059833826399 226.579285804853
"379" 0.3 -442.789733348389 0.441393677439906 0.372033097049939 219.421076377262
"380" 0.3 -404.102815468849 0.52345041883308 0.412315185361624 211.818963087858
"381" 0.2 -338.670999715081 0.355177120224967 0.342133441335274 239.143396655829
"382" 0.4 -443.069508908052 0.612954646186143 0.459436605010335 189.13705372829
"383" 0.3 -512.672846758414 0.505796015751923 0.398808872460664 215.894159359126
"384" 0.3 -825.364564913098 0.371197854867164 0.344525143929418 253.785967743574
"385" 0.5 -470.222372197067 0.596069570949266 0.455481102750592 192.194344581212
"386" 0.3 -349.839414102565 0.535571253342952 0.427531415842882 205.695535839256
"387" 0.3 -486.840320563135 0.538767915766168 0.410685511329145 216.985509323897
"388" 0.4 -276.128424597115 0.602665799363894 0.456522377527952 179.408861792916
"389" 0.4 -399.469069725813 0.498099924144761 0.39583563035576 197.207649651193
"390" 0.4 -546.246931665108 0.56715333504026 0.42599950644793 204.160271322262
"391" 0.2 -385.030544841999 0.547828255706007 0.427134885761292 204.411240721205
"392" 0.3 -365.507084158524 0.532364782896561 0.427372396095365 197.632345980164
"393" 0.3 -808.845157494353 0.500580303182364 0.397371912260453 217.810531636667
"394" 0.4 -526.15850256041 0.484210207486575 0.356374833460197 212.738188617108
"395" 0.3 -290.559802764412 0.391972136551845 0.345661987606826 228.601967319557
"396" 0.2 -426.829360888182 0.475924851102899 0.388744210106659 226.463190370109
"397" 0.3 -529.985711840908 0.534710885070882 0.414415338832499 207.600092677358
"398" 0.4 -518.176665321642 0.520585024263016 0.406625689651386 215.676824741727
"399" 0.3 -351.853319856355 0.455081094279841 0.346358747168268 222.467852700027
"400" 0.3 -440.22188129265 0.482054920861691 0.39666937199605 214.68865099079
"401" 0.3 -296.100821763891 0.518620309907231 0.392998153068406 195.226356823049
"402" 0.4 -457.057813800841 0.297776389209589 0.305228718992246 250.505262485761
"403" 0.3 -815.823765793594 0.506175588278209 0.410147822449035 208.283801230923
"404" 0.4 -370.072892243793 0.543753276739626 0.437365259300251 207.176135188774
"405" 0.3 -339.051952351768 0.559534474768409 0.447582360275111 192.343995299293
"406" 0.2 -438.48084816661 0.517150661267556 0.399888788998648 217.084166236506
"407" 0.4 -506.810677655756 0.501013818303834 0.409221470596532 207.089238252793
"408" 0.3 -502.289605144268 0.538949907473234 0.415121864318359 206.348221024447
"409" 0.2 -484.750677234758 0.435703163250232 0.374067005950068 233.513151188907
"410" 0.3 -996.560957114196 0.513842549550319 0.408603294876547 216.735314222639
"411" 0.4 -330.485407104157 0.448727501240467 0.365704085846599 214.001551010846
"412" 0.5 -381.072907443381 0.472518281627055 0.395039072959964 210.888605694976
"413" 0.3 -985.078836310012 0.514562378433755 0.397166674578644 219.020708166286
"414" 0.2 -1300.41207239915 0.227500312498919 0.284114783789664 286.35968341467
"415" 0.3 -441.077878325508 0.401957773995342 0.345398749556233 233.381678072182
"416" 0.5 -651.244090747561 0.534420807101141 0.409606878522364 194.573461543689
"417" 0.4 -267.876818688487 0.611039263975072 0.477665626965303 184.349265881912
"418" 0.2 -464.09858853941 0.461458249917801 0.397148871632007 224.701679643258
"419" 0.5 -367.236275883362 0.52239536437871 0.407165188490863 207.955473478776
"420" 0.4 -492.045923825617 0.502566405193381 0.407539142724291 208.574188278578
"421" 0.3 -544.442183611484 0.60921591253524 0.457982419881524 191.16099239341
"422" 0.4 -336.528402882178 0.677793892349601 0.516938005903048 167.956784327375
"423" 0.4 -268.694710586522 0.527562044927823 0.418710539760463 199.158304764922
"424" 0.3 -523.510708482351 0.385664610961513 0.337210908647282 238.834793068552
"425" 0.3 -524.501683807594 0.425712822206611 0.371246930002171 234.279151736856
"426" 0.6 -408.70150562841 0.581203004701305 0.439946085344139 187.074301068275
"427" 0.3 -617.143840321198 0.54188779675655 0.422012888770023 206.387147841966
"428" 0.3 -550.291887591772 0.475885513992197 0.382193203151752 223.43057311052
"429" 0.4 -573.17084624504 0.572128974885336 0.425570686705128 201.992045168714
"430" 0.2 -762.937076232178 0.3029243659217 0.31741784929569 256.161112812613
"431" 0.3 -346.981839177468 0.579439801848568 0.437880592032926 189.85775901115
"432" 0.3 -917.550763845588 0.321592871078153 0.309941984418988 252.553118671155
"433" 0.2 -595.520481632329 0.296372534065039 0.321262026320964 255.373989737374
"434" 0.4 -458.474718088823 0.451990289892575 0.363488308720485 212.111593164983
"435" 0.3 -1038.86796904552 0.540673117389055 0.413160137776409 212.403841956388
"436" 0.2 -408.856146853471 0.490915094826304 0.402527762231903 214.939649077784
"437" 0.2 -324.41808381338 0.464229354526414 0.402402963859129 215.493041500067
"438" 0.5 -231.632946707398 0.622243536505219 0.466403863988121 175.437984650419
"439" 0.2 -438.016685250733 0.373791135531476 0.355044854797135 245.177990214629
"440" 0.3 -506.075589831707 0.488415944880844 0.383229341623605 226.367801153632
"441" 0.4 -756.601515560827 0.535260510364172 0.408266958735616 212.209984633033
"442" 0.2 -507.303512285663 0.42887607082509 0.36963360204295 235.070360692688
"443" 0.3 -347.478308308299 0.356619329987944 0.333126542268586 240.937220028085
"444" 0.3 -605.49041136972 0.560743506975601 0.430213261501004 201.489969494576
"445" 0.4 -279.331171280261 0.357635693945747 0.329101894867801 239.37412518749
"446" 0.3 -632.725341965886 0.48923931654652 0.394996498888762 219.995843607448
"447" 0.2 -690.176170597908 0.29621088633834 0.296091366019316 258.427666576486
"448" 0.3 -603.77478172893 0.558679922750364 0.430832996371076 200.345002853442
"449" 0.4 -533.6506038236 0.311870418459224 0.308876702050531 262.781586557985
"450" 0.3 -368.323903326684 0.553739765526455 0.444278739901877 200.512112231092
"451" 0.4 -787.761174143907 0.419653639251169 0.334382150399193 232.769315040177
"452" 0.3 -399.391662197932 0.416149339022592 0.365184373154606 225.806012896197
"453" 0.3 -622.720561546856 0.416218587792856 0.355870635753014 236.419622904947
"454" 0.4 -323.722171251486 0.520362121375968 0.392236916661962 200.163518763334
"455" 0.4 -446.697173773083 0.536944251997802 0.42232250542661 201.674343889444
"456" 0.5 -372.423785213971 0.511760412685791 0.391196532946789 210.843598156408
"457" 0.4 -370.733266137728 0.529619325742617 0.410152879378059 204.617213346767
"458" 0.3 -373.620575124171 0.359926660126835 0.329797682935054 243.797961092359
"459" 0.3 -667.010545991675 0.525629628183237 0.41200335800831 211.208781202026
"460" 0.5 -269.945412964875 0.474420112216175 0.36780237400986 206.27689813918
"461" 0.4 -583.449146807329 0.517232403876676 0.413390699018491 211.204433394433
"462" 0.2 -887.138148675789 0.250936860543164 0.291492114595965 276.021333193984
"463" 0.2 -467.374808164932 0.215209249481068 0.28681241775187 279.593602469917
"464" 0.3 -327.247138351839 0.501227534469697 0.40613644879773 210.183774901191
"465" 0.3 -593.889575415364 0.486788691544322 0.398154967128238 215.089464824777
"466" 0.4 -889.804454028022 0.467196427172035 0.375920344960959 236.581539839627
"467" 0.4 -568.869211075411 0.505594229246422 0.394626701157151 207.280723656397
"468" 0.4 -542.80061962212 0.520727521496945 0.416713972023577 204.440176586858
"469" 0.4 -413.634276635541 0.412171032367971 0.337696603309869 223.783914700467
"470" 0.3 -439.572133111097 0.598131702540439 0.466076980405979 187.824416514109
"471" 0.4 -397.661174269233 0.531641735147982 0.420178838770592 202.74876898333
"472" 0.5 -301.554612499366 0.419101693474052 0.348876178112837 230.761791642802
"473" 0.4 -575.501857727795 0.399833885148457 0.334264575684387 242.205567368949
"474" 0.4 -409.997025205954 0.540527221233897 0.432441765323674 202.411465545972
"475" 0.3 -412.715589881995 0.513655843008693 0.417041482393278 213.522356322296
"476" 0.2 -575.642591770531 0.315335503886642 0.326489271095692 253.802491959194
"477" 0.4 -617.910864070329 0.50794992483906 0.40419187283473 219.341661440688
"478" 0.3 -295.063811801611 0.530218983474743 0.440593446228027 203.142160485308
"479" 0.3 -475.956130430467 0.570641286119846 0.42188856020198 203.804029928157
"480" 0.1 -607.208095127421 0.355817052048151 0.346846936741826 254.189798671319
"481" 0.4 -398.744257238682 0.416121751282895 0.371575500478688 227.130803519282
"482" 0.5 -400.854658233993 0.53285547573516 0.411521427072442 205.083390178122
"483" 0.3 -812.334017172899 0.349947910580517 0.327984502945678 252.635444081798
"484" 0.4 -365.950977452547 0.531444255742614 0.422657186057437 196.286459103236
"485" 0.4 -401.155559884975 0.496841858913879 0.412913234598694 213.370831648046
"486" 0.3 -445.083771617959 0.355033435093103 0.338970610891819 239.866951338225
"487" 0.5 -369.370330203839 0.567219200241166 0.43275564216977 189.158969191499
"488" 0.4 -880.589568134702 0.512169429721757 0.402580689217437 221.040189595427
"489" 0.3 -346.89009486314 0.51940813784296 0.413764411507537 202.744214466372
"490" 0.4 -678.29249727583 0.443539522124366 0.37179302542792 223.819360520272
"491" 0.3 -300.425877351742 0.209903768678026 0.276653538853997 272.74538334751
"492" 0.4 -1001.38485663342 0.531688572889061 0.392239094998554 217.400472710389
"493" 0.2 -389.027704967426 0.458586722919697 0.36885832735262 217.105639730548
"494" 0.3 -707.710221035399 0.432594087850063 0.3657734407181 219.197755536181
"495" 0.4 -320.991641301528 0.487473244109419 0.391178018342423 210.891777661997
"496" 0.3 -730.529591557413 0.461794038495778 0.367123087566579 237.409419424236
"497" 0.3 -970.234833412132 0.39114570526169 0.348509865874843 232.896599077666
"498" 0.3 -437.79888649961 0.336417491509034 0.322641917198063 242.96058183284
"499" 0.4 -447.94670054981 0.556219529016836 0.43270261361486 202.028602940538
"500" 0.3 -499.694645327225 0.492405164392619 0.394248897300978 222.571156534553
"501" 0.3 -539.819698634779 0.535086564116244 0.406359200917352 213.418934342572
"502" 0.3 -947.150730252208 0.513228554853524 0.405026070261706 212.35092879781
"503" 0.2 -740.472964962131 0.195782358285702 0.272472126951993 278.103066416332
"504" 0.3 -724.510705276967 0.448612117553871 0.371325134470434 239.61224258583
"505" 0.4 -733.005195131812 0.573528102209357 0.42907701886506 204.383227530047
"506" 0.3 -462.494342450008 0.543678794621232 0.429742916486886 202.157833095607
"507" 0.4 -661.401682405936 0.508215684762374 0.411810975837271 218.379449170087
"508" 0.5 -558.160063355739 0.605563410451766 0.449300956222337 185.841577330045
"509" 0.3 -472.859895410193 0.344814431759905 0.314153498210488 250.390167401628
"510" 0.4 -416.987959581722 0.4856478504724 0.399987799490026 215.618043634873
"511" 0.2 -820.221531287972 0.446687741522688 0.363206143066742 241.429813995473
"512" 0.5 -1017.83750862571 0.550505049919073 0.421105403865649 196.465950038214
"513" 0.4 -698.816999020397 0.542639456691744 0.418896422380057 208.361945358966
"514" 0.3 -861.028976982467 0.53403684653988 0.415612785599196 207.428001843579
"515" 0.1 -425.594568530251 0.465054432487264 0.393083739845938 216.596812596042
"516" 0.3 -267.802079202666 0.392946807594439 0.345818755594999 232.80518613263
"517" 0.3 -541.330789393169 0.532805929057376 0.414921737227719 206.050489825625
"518" 0.3 -694.497132066499 0.508615983747596 0.40710270817266 217.528679090166
"519" 0.3 -960.087916558045 0.513355884179185 0.386984082210778 222.126567234402
"520" 0.4 -459.635477215557 0.520612301551799 0.410820070026106 210.53672395926
"521" 0.4 -539.30934945503 0.465962425928079 0.384443916698877 220.319864416583
"522" 0.3 -567.108257962901 0.450759357427121 0.372292994786937 216.536325246138
"523" 0.4 -368.640175096985 0.583257537701384 0.450863714870434 196.64815455724
"524" 0.5 -1330.17043054623 0.449611990892891 0.35307682757242 226.409026232408
"525" 0.2 -542.988813872827 0.317183190438676 0.324761495154118 262.141890941835
"526" 0.3 -313.876487795034 0.496479447101117 0.401660086429689 213.989056381304
"527" 0.3 -448.991899543759 0.320856337360627 0.32040254674472 258.873938495778
"528" 0.5 -719.566241533838 0.40093601891335 0.349618563455423 232.429360884093
"529" 0.5 -394.914456386272 0.55675757283962 0.443921962410403 200.970613637324
"530" 0.2 -978.69802476648 0.434413116902988 0.367997855677782 238.086067659599
"531" 0.4 -624.189851048823 0.592800541329105 0.447430430402559 196.761249722936
"532" 0.3 -469.969617089874 0.500705507996656 0.409521728615473 211.150801859205
"533" 0.5 -571.069422188463 0.618699474007423 0.472542336015595 191.070865534763
"534" 0.2 -732.00760367057 0.478062128982853 0.384533389902843 225.599919546484
"535" 0.3 -1257.20049396956 0.530730101235621 0.410830074293169 213.32207601991
"536" 0.3 -528.645565884501 0.391225869024804 0.357173915899845 240.590938418345
"537" 0.4 -377.420938619219 0.651825997786198 0.492590295252495 173.226598025751
"538" 0.3 -473.653789686161 0.320446527308076 0.328934076008392 247.002734654136
"539" 0.4 -390.338936403471 0.561303482221889 0.44944555063095 195.256538882037
"540" 0.4 -542.59688512886 0.524428722976895 0.417075864900396 207.378265884817
"541" 0.3 -623.236840725076 0.464971975871913 0.381653856711214 228.953916012761
"542" 0.2 -539.782616903789 0.461216555523542 0.363156876003938 235.278138742899
"543" 0.4 -514.559219753127 0.412869701978902 0.344708441833438 222.496314474475
"544" 0.4 -362.168450405294 0.343598344162502 0.330714405241931 242.029344761828
"545" 0.3 -429.554580520275 0.540197573860178 0.43590245316978 202.900443010582
"546" 0.3 -537.289694950605 0.400129541676788 0.340515270128827 227.29801226011
"547" 0.4 -788.171723916301 0.514955739044833 0.407253106597838 213.206973642134
"548" 0.2 -427.82225089357 0.492891611031608 0.405588850584803 220.684163690121
"549" 0.3 -711.336332453445 0.503196827980299 0.399481898532567 218.670062829698
"550" 0.3 -555.524093048424 0.540055175399303 0.429036263094816 202.076337173409
"551" 0.3 -502.066406356274 0.501113273286134 0.412419441672569 206.897672809595
"552" 0.3 -362.328006177727 0.419019101658483 0.353929257613175 231.968500033794
"553" 0.3 -385.827436241692 0.530065125917827 0.421519401261631 205.023761718711
"554" 0.5 -336.995054792535 0.449420066085881 0.359330390111174 225.336566736954
"555" 0.2 -644.602769230715 0.457524228628367 0.371776940700983 228.996355003309
"556" 0.3 -505.936662864092 0.274811061707655 0.311906725855247 258.393617964247
"557" 0.5 -380.777311287913 0.655720922834756 0.489914317170225 181.438314307821
"558" 0.2 -445.501394601832 0.502188179521663 0.411552772267537 218.228443831182
"559" 0.4 -373.642356116055 0.718226097561101 0.541598602229652 159.233055972238
"560" 0.2 -715.845940373124 0.461731058294446 0.390587888622256 230.731325950488
"561" 0.2 -446.127549666665 0.317957136512613 0.311303436712918 256.410421430101
"562" 0.3 -691.845125417484 0.476324022104597 0.385930791531702 221.63769766184
"563" 0.4 -306.791663035179 0.592374507166908 0.450006944733406 184.85516138542
"564" 0.3 -604.45429115409 0.408059151981473 0.353682351326298 231.105913116951
"565" 0.4 -405.292517654487 0.423967001626915 0.343450761432434 223.41127824625
"566" 0.3 -1127.02034945152 0.341690163854527 0.332949969926875 254.41694341138
"567" 0.1 -473.89888282519 0.436619762935748 0.381019308979409 225.820310653737
"568" 0.3 -409.564760774076 0.549760140361591 0.426704808713304 203.101180499843
"569" 0.3 -471.166233343635 0.279975209987494 0.294549365787912 261.555489925328
"570" 0.3 -320.600320983982 0.522153854140612 0.420028093195027 203.806083232397
"571" 0.3 -296.848936757258 0.480168606185971 0.38653270133897 215.581778558893
"572" 0.3 -1152.35088549954 0.499159279783501 0.398799700869902 218.471057400662
"573" 0.4 -288.596890369937 0.583587407594885 0.431016429231756 187.0174854074
"574" 0.3 -277.660615289897 0.520021797414069 0.409249214162956 202.117630050988
"575" 0.4 -354.457937199873 0.614984376901242 0.474650155891357 177.10520539335
"576" 0.2 -646.043557419266 0.565150767458886 0.438179349661835 202.067181303003
"577" 0.4 -436.098346575382 0.667064619979835 0.498598010269982 171.683179849661
"578" 0.3 -540.379469292198 0.483596297492247 0.383683424299958 224.622642395413
"579" 0.1 -564.99931907934 0.154579547421612 0.274143070098938 281.796136687221
"580" 0.3 -501.365984150008 0.447872085317141 0.382788303552337 221.9082909167
"581" 0.3 -374.408755897733 0.374681256458107 0.333184655248646 233.661495881965
"582" 0.1 -423.839608146474 0.439274873120461 0.377395902189377 233.773436143715
"583" 0.3 -554.021844812662 0.481317212612425 0.388724202400199 227.186363616805
"584" 0.3 -336.569777769721 0.422518761713235 0.375272957490641 231.703793531451
"585" 0.4 -302.034979321904 0.555751836005536 0.442037397197487 195.243022318319
"586" 0.3 -402.887172137506 0.374587160323905 0.330786867829424 236.95910490619
"587" 0.4 -501.341721900263 0.579699313609078 0.438054811111488 197.98098197822
"588" 0.5 -314.052596553681 0.634446310106495 0.47874482664554 180.590219176016
"589" 0.4 -425.503017786848 0.352362087448832 0.316471095189051 245.89097937508
"590" 0.5 -286.849208945183 0.457293328543945 0.374321005717429 212.824633616889
"591" 0.4 -416.440246517448 0.575814751010855 0.436886970571491 202.767064755298
"592" 0.3 -622.402212818506 0.472582579854638 0.38257832048292 227.544105784902
"593" 0.2 -305.893129348581 0.544154954239645 0.431630501912722 198.34616847795
"594" 0.4 -587.622213567257 0.526266089803012 0.413203222282693 207.404223246239
"595" 0.2 -469.090867015446 0.503590029436581 0.402542324932981 211.885450774846
"596" 0.3 -648.555767975347 0.490996689668169 0.394015152428376 223.243359079738
"597" 0.2 -647.115624938788 0.389210028681353 0.351746932895433 242.802427199031
"598" 0.3 -673.837172973961 0.545772711289518 0.422671372339615 206.94176474466
"599" 0.5 -313.326737612005 0.483898912404381 0.375508812567887 205.075546782296
"600" 0.3 -571.131644850874 0.480183278090815 0.393042796835891 220.932154477835
"601" 0.2 -491.437674527285 0.358008242997287 0.343185175120214 246.923956917399
"602" 0.3 -315.006824723228 0.517484963749391 0.427654709484949 211.924927487038
"603" 0.2 -505.947101297944 0.337644100608162 0.318228348474357 257.781705248277
"604" 0.5 -468.714257056949 0.639895036582504 0.483782373700582 183.370147988233
"605" 0.3 -432.476217439742 0.300446290118199 0.301470633417401 260.086238324703
"606" 0.3 -453.249069019349 0.419650421322099 0.341405977858289 220.593404543577
"607" 0.2 -376.176655614968 0.178407901479474 0.272073115785428 278.32237573206
"608" 0.3 -251.049954983319 0.421767586075825 0.358645491311876 217.873087749388
"609" 0.3 -364.598639473991 0.504024373458255 0.411923837171793 210.594380095201
"610" 0.1 -623.894877454942 0.26330270443562 0.321011244243958 252.692417057841
"611" 0.3 -571.539566930136 0.487447477117471 0.405290969215167 215.054359217291
"612" 0.3 -268.965292294488 0.501684430004185 0.392426930782321 208.272382728816
"613" 0.6 -263.411231640373 0.68073039206637 0.510486825479006 167.083236047751
"614" 0.3 -420.131144815482 0.355685334523633 0.317967124406807 244.801454369305
"615" 0.5 -308.841289598062 0.512434584070292 0.390023677744333 209.727545116688
"616" 0.4 -272.004884178682 0.457330606593595 0.379038319799975 219.533452176559
"617" 0.4 -276.629821457227 0.669622104835338 0.501205968701839 162.746529348474
"618" 0.3 -319.668745670811 0.535952006657211 0.425173088924211 203.727564806426
"619" 0.3 -423.450473758028 0.509830517856504 0.399930070683778 202.415290673268
"620" 0.5 -294.201189290262 0.468378801742098 0.383120871916457 203.890308396807
"621" 0.2 -487.175267195425 0.434343045834311 0.370852821362123 239.823856332572
"622" 0.3 -543.988411284524 0.401838442423021 0.330557683814059 237.478224215857
"623" 0.4 -269.119185164993 0.558981568693788 0.437563192901371 198.248462296827
"624" 0.3 -521.679575352705 0.539318098570009 0.428755336480154 209.704175763163
"625" 0.4 -313.935080812775 0.480581641674445 0.396612371090697 213.872284004386
"626" 0.4 -313.422475006754 0.627772408758937 0.491200683526597 179.483203890938
"627" 0.3 -474.111196200021 0.328405541318991 0.314994160062756 243.370137859872
"628" 0.4 -527.509261825882 0.515279127255264 0.401959097240285 196.42422621557
"629" 0.4 -806.964354984881 0.584317441989621 0.442885915237994 195.047357704043
"630" 0.2 -1064.32936096454 0.360149661702499 0.340573906253369 253.301904648114
"631" 0.2 -391.751641254132 0.500155905916787 0.40850954398589 211.33272493232
"632" 0.5 -591.215422145975 0.570133733409263 0.435364617533025 197.426315447702
"633" 0.2 -348.109626705491 0.246946236280963 0.292780739639018 260.538615946164
"634" 0.4 -403.855700975868 0.522336956999638 0.404477047471674 211.811547806356
"635" 0.3 -1220.27526885245 0.369655246285959 0.337686009693027 251.154895495698
"636" 0.3 -558.743181836999 0.47858738083649 0.389835219712408 223.645682281596
"637" 0.3 -321.865873610135 0.400693648039218 0.358329148357202 230.403963465374
"638" 0.2 -770.779166417929 0.442668790810715 0.379285223640331 236.34109035762
"639" 0.2 -410.383793483324 0.483668138034779 0.389330494997196 220.333579945816
"640" 0.4 -365.999790945614 0.468522980743862 0.379422149837483 212.416448399117
"641" 0.4 -512.982587430811 0.567777991766383 0.437917381834873 201.666523922072
"642" 0.4 -380.35036719594 0.507777498486814 0.412184220776005 212.480637629558
"643" 0.4 -420.259432840318 0.422517039455419 0.343843322255329 237.119593095551
"644" 0.3 -353.673295779398 0.507335965896119 0.381504628676776 212.864655745411
"645" 0.3 -401.202711336439 0.561048155122297 0.440620112043642 198.606122569633
"646" 0.3 -593.418067442286 0.51145739280455 0.384986477156393 222.214662269624
"647" 0.4 -468.055459030248 0.514391754585686 0.403000761475998 218.078588750497
"648" 0.3 -655.89104993317 0.505909739776869 0.412498827045724 218.823142757574
"649" 0.3 -408.391299923409 0.51739279801866 0.405834878191062 211.567051678626
"650" 0.3 -382.560163601468 0.476667078467856 0.387890134975527 220.132532087537
"651" 0.3 -453.147250979481 0.419092817427662 0.370669183483961 225.663490122734
"652" 0.4 -476.061976671905 0.330086019408873 0.305725778999161 254.12816078702
"653" 0.2 -347.194437295277 0.534383611078755 0.416008385912732 206.637436722941
"654" 0.3 -263.259175388415 0.381610590797197 0.339466006716121 223.067776500857
"655" 0.3 -677.238567069595 0.613302877871605 0.466230146961026 184.917903546421
"656" 0.2 -862.560267825985 0.448399368945032 0.379590647593351 227.278595510037
"657" 0.2 -641.682561434058 0.501110422445331 0.410016121073552 217.176932581519
"658" 0.4 -264.785812552349 0.527558886931412 0.4205070392738 203.917656181864
"659" 0.3 -712.961057996293 0.2203907958651 0.268965789504071 288.243265319839
"660" 0.4 -543.739945365551 0.614128086746203 0.45916947010541 190.956041938299
"661" 0.3 -727.714744889684 0.597496579237633 0.448861033076341 197.062716432982
"662" 0.2 -631.840978488296 0.467775414124783 0.373647925874122 230.260682867607
"663" 0.4 -396.36813652229 0.399867599156197 0.327754926717547 232.442797741536
"664" 0.4 -444.814724567444 0.591207392267708 0.448504724849176 195.65819166834
"665" 0.3 -467.011776929831 0.479206653855839 0.387438884988738 227.085697219949
"666" 0.2 -1015.76660112484 0.47701768607908 0.39167472380535 222.893756484529
"667" 0.2 -495.12508500488 0.471733446095835 0.379255659591084 218.195629082066
"668" 0.5 -724.242659884498 0.604527457455805 0.438686011498514 184.921596835172
"669" 0.4 -610.644783838542 0.506823821748983 0.401351760123936 217.446025751349
"670" 0.2 -664.021456642293 0.424294174091836 0.354620694291403 218.824052751465
"671" 0.4 -342.970486728693 0.534906496075766 0.417972771036314 209.190300870328
"672" 0.4 -590.271490611793 0.546866500504687 0.426778808503831 200.59081278678
"673" 0.4 -863.757658932344 0.566775310087845 0.432998352156119 202.51781493457
"674" 0.3 -412.560804880922 0.401545936089892 0.340309965700862 238.071459691753
"675" 0.3 -574.002488787255 0.503374359828964 0.395772384242296 222.874895673296
"676" 0.2 -343.523824616692 0.541129529880185 0.43531530486755 202.990245924396
"677" 0.3 -346.463157890663 0.467566804099336 0.37958269713335 217.273140068678
"678" 0.3 -355.973507202846 0.399242027430436 0.356025744109285 232.805624012691
"679" 0.3 -368.403728718455 0.514914958207044 0.414520391763998 212.031744535142
"680" 0.3 -705.592040595658 0.477962054557237 0.386556450099189 224.962238897122
"681" 0.3 -800.718341006484 0.327262435033837 0.317334083571569 256.193658432248
"682" 0.4 -326.540041165384 0.436660101138089 0.372255870181118 230.902406418901
"683" 0.4 -454.124687155675 0.539637024544212 0.437165671941352 206.113827019604
"684" 0.3 -269.752366385 0.495994697630184 0.414009628079546 206.617547132452
"685" 0.4 -221.931310904709 0.528089913994266 0.412472058780986 193.130150273903
"686" 0.2 -401.501619935445 0.506809633961845 0.406811875377997 216.216610129238
"687" 0.4 -1027.67079756742 0.513496679923539 0.397237278214408 223.118709171223
"688" 0.3 -501.232807858156 0.323324031313017 0.328172402289431 243.163919727956
"689" 0.4 -606.242613641821 0.628245928651534 0.459163979379572 192.20508378379
"690" 0.2 -397.6476317681 0.238712638572713 0.288381683472414 279.914341426888
"691" 0.3 -707.756286198354 0.501197549981484 0.411710054334357 210.883401232902
"692" 0.4 -367.683578336995 0.466952676657956 0.350961852626587 217.360713690934
"693" 0.2 -689.916144409505 0.444060408300041 0.374500456946324 230.60897293651
"694" 0.2 -851.345672678811 0.457270431454431 0.386206287241864 221.982362553217
"695" 0.3 -615.150003297117 0.503894402204369 0.39451301179591 221.858863958549
"696" 0.4 -540.870564661898 0.538857617769143 0.422930935859637 197.316788607137
"697" 0.3 -549.244085351902 0.502101032864156 0.393425335167119 219.691215493423
"698" 0.3 -555.098636950689 0.512207076196081 0.405176343960142 215.452257733149
"699" 0.3 -749.300661818896 0.522797913503204 0.413993169859888 212.141223718016
"700" 0.3 -546.864518229754 0.505112554995404 0.402410479799102 214.313757401691
"701" 0.2 -383.407779819761 0.567147729803769 0.451473378057424 193.775124967173
"702" 0.3 -607.817532487402 0.229777802004389 0.276709962458127 272.708132554111
"703" 0.2 -415.412245090706 0.267455918249234 0.308387327570579 261.11323237048
"704" 0.3 -876.562501220491 0.468238456796651 0.376216923573229 227.186837209081
"705" 0.4 -389.316623921599 0.495830769228538 0.420051336403504 213.282851656224
"706" 0.4 -483.812068411132 0.506223704124631 0.39683884988698 200.066811187575
"707" 0.4 -296.603817060661 0.529610601147281 0.405511712680075 195.461485291529
"708" 0.3 -529.482524547878 0.367031992291286 0.322658740892411 240.500435171453
"709" 0.3 -239.090112821385 0.511184077377121 0.433892397894256 206.326320333402
"710" 0.3 -520.025059820755 0.493722288163208 0.387938827733372 221.49211561746
"711" 0.3 -535.371363053409 0.392881568878802 0.346829975651083 237.191546268631
"712" 0.5 -605.950887710352 0.566339945261424 0.438399447026937 202.946791485189
"713" 0.3 -399.076175498871 0.480760635243407 0.405203123594172 218.288616585098
"714" 0.4 -637.486139598461 0.56724643428516 0.440934701324794 198.988964432729
"715" 0.2 -431.963800642973 0.431440285438884 0.368531847110003 229.970220524496
"716" 0.4 -531.137514712365 0.554442902369303 0.404788472418599 196.311409772779
"717" 0.2 -558.595674311634 0.469581239166247 0.390035001109177 223.642480955957
"718" 0.4 -511.877390102034 0.379397820910299 0.330035111767879 229.888544965396
"719" 0.3 -650.707078477319 0.429516151612243 0.362146373740811 230.778274697405
"720" 0.3 -470.927303814052 0.425278451595528 0.373878280500493 222.156424460248
"721" 0.2 -440.501138203219 0.427605820312114 0.365998459049008 226.032400846416
"722" 0.2 -542.17289794061 0.521469545864451 0.39929117459446 219.013828846472
"723" 0.2 -687.495221832584 0.480756193149089 0.382079284204601 224.38751437787
"724" 0.4 -670.748522840185 0.384925603542708 0.328755198381736 240.114875300629
"725" 0.2 -695.707135013379 0.18774209032126 0.272081762478873 284.339754488869
"726" 0.3 -1109.70816006734 0.484076843577727 0.392849675633124 228.710204989444
"727" 0.3 -543.034011524133 0.460135967563838 0.369922481759889 231.982948926343
"728" 0.3 -403.824994825206 0.513250591309719 0.422824723286198 210.59553648537
"729" 0.1 -487.230161053347 0.330076300438658 0.340970210131667 246.76773279801
"730" 0.4 -993.953922482112 0.473779192152269 0.384926429612915 221.872150848606
"731" 0.2 -512.955115296075 0.438967429632061 0.37492664669506 225.084599921484
"732" 0.5 -491.22991088032 0.670385604589621 0.491987659433959 176.570612056297
"733" 0.2 -601.386449705705 0.146299736957395 0.274275312301331 292.669316852828
"734" 0.3 -505.736231309174 0.335900140501481 0.333237226532823 240.904643339589
"735" 0.4 -454.519265680965 0.525137371237753 0.412743343478878 210.576135722189
"736" 0.4 -278.266159398605 0.577187975582568 0.451752686098381 186.8927394184
"737" 0.3 -345.28499342664 0.553120610984559 0.437700633903698 199.969073062958
"738" 0.2 -578.719946592279 0.447926224549821 0.361173175239674 235.785697833174
"739" 0.3 -384.599975072355 0.435862201927842 0.366843981741241 222.501253938489
"740" 0.3 -541.519564595941 0.31598759274311 0.311764235404464 252.993246622104
"741" 0.3 -935.140680915733 0.475231422847579 0.393974895897917 226.782238013595
"742" 0.2 -542.655869908809 0.462104735715869 0.387761565676801 219.832123249923
"743" 0.2 -426.109627901418 0.52048096585083 0.411518360205992 210.976512770541
"744" 0.5 -583.170961818044 0.495410595083424 0.394218148331052 214.391115006045
"745" 0.3 -587.883206433641 0.501191717643498 0.394040625304457 217.15464878981
"746" 0.2 -550.845474544568 0.527810992829045 0.400260488193298 213.120787222814
"747" 0.4 -547.324743939823 0.552838026538115 0.415241915031568 212.981911649103
"748" 0.2 -351.175215351119 0.221251253237253 0.293332297928118 276.341847963245
"749" 0.5 -618.615413050116 0.608941698731189 0.444547580852147 187.250222166837
"750" 0.2 -361.319609210316 0.204845003103495 0.272409927077791 278.03190633289
"751" 0.4 -398.067700288491 0.651235228391218 0.49161679037466 179.11781432685
"752" 0.2 -807.137472585696 0.449590962959686 0.375192317141922 232.390055498146
"753" 0.4 -381.8052567325 0.498063681992868 0.38807650525675 204.407147780517
"754" 0.5 -437.550744251565 0.513448690400572 0.409672856144203 214.371484646248
"755" 0.3 -871.207281208881 0.462850708707885 0.369525449753093 232.297269894425
"756" 0.3 -556.385021725924 0.537846983149525 0.414702299661594 211.455517614679
"757" 0.4 -361.167119322619 0.265385460634316 0.296262374800328 256.190171238906
"758" 0.4 -329.967269083477 0.534756132178908 0.417329882361618 200.073907813998
"759" 0.3 -765.519462216137 0.338067295310229 0.319813238977946 244.735897781644
"760" 0.3 -455.578278871206 0.534897858574956 0.409697955680536 205.985758917802
"761" 0.2 -421.540725297848 0.434197825069126 0.362116619898618 236.173105700514
"762" 0.5 -596.190830516942 0.550165253667976 0.4066839577986 186.230242908336
"763" 0.4 -486.260959850682 0.587896200375752 0.451557300916188 195.03832971741
"764" 0.4 -241.551517685635 0.582904723696497 0.449285646195133 191.680176504962
"765" 0.4 -393.742567413467 0.450780322990066 0.39351177731454 214.235811455664
"766" 0.3 -442.778992141483 0.365245042834599 0.333692193123138 235.295227939263
"767" 0.2 -730.031672757901 0.456347537826089 0.381071723901891 227.949725321569
"768" 0.3 -421.29362410405 0.414876114736959 0.340151409644048 228.072981589301
"769" 0.3 -1042.1950949403 0.543470479758844 0.439086356476986 201.781537044598
"770" 0.3 -430.761015593934 0.335194950069582 0.331301172681899 242.643277531322
"771" 0.6 -685.727094261286 0.640910710380862 0.466905338390303 178.918235370279
"772" 0.3 -373.236661480632 0.484549570676348 0.391033334790311 219.035493079787
"773" 0.3 -672.824181486728 0.483284024399195 0.395218582860844 218.347305451366
"774" 0.3 -450.177719241768 0.572848049884028 0.449329766784163 192.630899236179
"775" 0.3 -284.354739273766 0.647692592896701 0.471158875404437 170.769992904318
"776" 0.3 -456.685925313754 0.534650918457533 0.397357535114761 205.732811693302
"777" 0.3 -488.331022852988 0.391476612210013 0.338557149402167 237.900298302909
"778" 0.3 -525.817926863484 0.496609477377093 0.390499651598721 220.138577775503
"779" 0.3 -428.059277255681 0.39813992167646 0.350302686360565 232.349132408751
"780" 0.4 -502.4110870056 0.438250469757482 0.370352089890928 222.796901230891
"781" 0.4 -340.950075592331 0.458970046974919 0.382936633847198 215.231800555773
"782" 0.5 -550.19061259479 0.644653685585946 0.47382998139772 178.743758534547
"783" 0.3 -634.211522173614 0.557645459422472 0.431854442080176 205.254836842828
"784" 0.3 -395.238493395069 0.486335630010105 0.400756336683924 212.265032097739
"785" 0.3 -553.338989393724 0.352269859199422 0.319911331756306 239.746138518085
"786" 0.2 -410.166459985026 0.613002545747754 0.472480068068117 188.138422059943
"787" 0.2 -739.501616517175 0.448430602395445 0.3702831024937 234.837495854776
"788" 0.2 -859.236864306463 0.301432099086715 0.2929675156341 264.029719624924
"789" 0.3 -503.673821741032 0.365891533937609 0.328024619843632 232.18714988695
"790" 0.3 -1529.35309964077 0.231871652346995 0.271423888986466 277.071824471042
"791" 0.4 -353.78209812828 0.550934776112436 0.422652808666614 203.988259940185
"792" 0.3 -823.126498394336 0.530131887947391 0.405631256043195 218.528127167164
"793" 0.4 -419.804080646318 0.654605670613478 0.483747962971564 179.403558568689
"794" 0.2 -552.818663236845 0.17868380985379 0.271916552339995 283.540300107747
"795" 0.1 -475.361616365043 0.440592076257401 0.386331913537158 234.339693840169
"796" 0.4 -986.603795271558 0.569160704957987 0.428594057551955 205.503058114569
"797" 0.2 -685.05000613501 0.448202472858224 0.372366638174111 237.577134918892
"798" 0.3 -498.622774607107 0.386769058650875 0.345053026221741 228.536278989701
"799" 0.4 -334.254943508197 0.494110397055639 0.396974688728337 205.345243039248
"800" 0.4 -422.852611553888 0.539700603223354 0.421996869664852 208.214338199785
"801" 0.4 -382.564088556483 0.547842561381964 0.430377228764724 202.651508992696
"802" 0.3 -734.647346881651 0.394730254627211 0.350538487187368 229.439271496814
"803" 0.3 -757.860649792152 0.607955852245946 0.454220000715265 188.364470838662
"804" 0.3 -522.382638587921 0.484142788174853 0.395099624657523 217.042231521565
"805" 0.3 -479.833036340829 0.164627694666287 0.260007167613743 287.381863146708
"806" 0.4 -339.042032114054 0.424114079738893 0.349549574192769 217.282937186761
"807" 0.4 -367.265666521236 0.443955225067067 0.366894205992547 230.479489464541
"808" 0.3 -634.691543906839 0.319244439143241 0.308740256221195 247.95952637549
"809" 0.5 -721.19166414393 0.348394855228961 0.306219548789118 246.810656365748
"810" 0.3 -666.423266825593 0.43259431256057 0.377353818913585 231.941485196324
"811" 0.3 -573.122669924572 0.317997198375765 0.317800410676516 262.148095636405
"812" 0.3 -638.594673263463 0.527457956339281 0.41026846254828 215.249609515099
"813" 0.3 -597.336352737914 0.480003582516812 0.384425086238146 228.539350962671
"814" 0.4 -728.486693911666 0.577407205830931 0.440949434948514 194.862698315028
"815" 0.3 -299.980810966051 0.374772147696294 0.333103810837514 242.847503242614
"816" 0.3 -688.599287256633 0.539574861561889 0.438017055093447 201.065166070531
"817" 0.4 -304.466194701109 0.50623738709599 0.390447878460214 207.518622838789
"818" 0.4 -429.039650484747 0.496603110524262 0.403542001509233 211.113655772102
"819" 0.3 -294.040720978952 0.309317321797208 0.304518071790427 252.230824820749
"820" 0.3 -733.042239192403 0.38116457922897 0.320463690730944 239.145752250426
"821" 0.3 -635.330900777037 0.223536569332403 0.282382321283783 278.046358289416
"822" 0.3 -573.795499536801 0.458143349119152 0.381144746172061 232.329121437063
"823" 0.4 -312.604686190729 0.605553956163107 0.471325068325876 181.861368079209
"824" 0.4 -469.880573614605 0.562722348586361 0.438259880344082 196.42887711565
"825" 0.5 -282.518993355167 0.635357495142482 0.482045172676294 177.734846379808
"826" 0.4 -377.038126886502 0.405535422422936 0.350257246459411 230.832230506991
"827" 0.3 -507.882438281751 0.499172468781997 0.39500465896412 217.438573155957
"828" 0.3 -413.110574280127 0.654651645341403 0.493344536742582 172.928530818224
"829" 0.5 -460.095385264861 0.521707010677734 0.394231142383479 201.672375033195
"830" 0.2 -324.427193169901 0.333181638783638 0.328802613857631 252.05698236424
"831" 0.4 -324.631501472898 0.559823437810323 0.437015021140617 200.057832045257
"832" 0.2 -538.120234978853 0.355895953457045 0.324502633761094 242.190120223598
"833" 0.4 -482.19712538731 0.511389425043254 0.391252802567077 212.393508199169
"834" 0.3 -431.288466444832 0.411126355947031 0.337870021406307 226.006194201331
"835" 0.3 -252.061886178216 0.532313839640811 0.429358927406861 197.101791994455
"836" 0.6 -212.565560879969 0.564414477892146 0.437597601304274 188.61574616224
"837" 0.4 -480.934368889844 0.497273926399875 0.382560370997524 211.996163180838
"838" 0.4 -730.28717672444 0.582583147075868 0.424543755172753 191.158771976372
"839" 0.3 -473.280914906369 0.547207033563934 0.427284129364986 205.821604133896
"840" 0.4 -416.836623598715 0.545896531486728 0.431636116206316 198.591451359857
"841" 0.4 -238.201247166098 0.548415809945106 0.434753621941803 198.604496234423
"842" 0.5 -477.526395080642 0.54960388229943 0.423835147023989 205.988689633589
"843" 0.3 -680.63908032396 0.371325747772417 0.316423442021941 254.064427855071
"844" 0.3 -657.32957072614 0.53057386013873 0.423549876535699 208.149904934932
"845" 0.3 -532.87068194423 0.404828777411532 0.361093898580961 232.159482186283
"846" 0.2 -301.773403762637 0.299671834326428 0.297104352019617 258.875725588584
"847" 0.4 -641.68948104318 0.405087074744627 0.368279933996832 233.242840047125
"848" 0.4 -470.767676501145 0.579558393221774 0.439535389456405 200.802872613505
"849" 0.3 -484.479814197604 0.496797173324248 0.38828549966726 220.877731111492
"850" 0.2 -249.307435911055 0.486847675568148 0.406709238540611 212.1847827431
"851" 0.3 -343.208305040487 0.50737310582556 0.414804547102057 210.973999043535
"852" 0.3 -400.125674501651 0.417189967775154 0.377982521737434 228.768733019358
"853" 0.3 -644.569153135346 0.251185478608294 0.295159470737382 268.312868828569
"854" 0.4 -568.575825565038 0.386442960694543 0.336997529288321 225.078665951015
"855" 0.4 -524.048358961023 0.577757975039496 0.430595817054643 197.680513834064
"856" 0.2 -488.856749336391 0.538259869980854 0.423625771080279 203.450511966157
"857" 0.3 -1250.96904122506 0.599026601260417 0.451533874970781 195.187791766869
"858" 0.5 -467.803758113979 0.59051776312755 0.444266197442311 198.742088267202
"859" 0.3 -410.490778042854 0.328258788911897 0.31338020633886 249.330511067533
"860" 0.3 -489.437400714166 0.263434414546142 0.296605034347258 260.108181590042
"861" 0.4 -1049.68143180916 0.38480939559513 0.328821009295562 248.468419346162
"862" 0.3 -910.99418713936 0.625565359533149 0.460053046230091 185.347685398944
"863" 0.3 -278.601580549325 0.441424336547466 0.357540032931769 211.972186747808
"864" 0.3 -365.296482487324 0.363917341018684 0.341278661812715 232.514341857452
"865" 0.2 -758.702861238456 0.484930816837819 0.397042134205455 216.997590059522
"866" 0.4 -412.871511461885 0.569847332897827 0.440266245980184 200.034591934364
"867" 0.4 -293.285624096192 0.575498307872191 0.444520460525374 193.123496906487
"868" 0.4 -315.26996238705 0.390559714157053 0.342056685247957 223.818218502481
"869" 0.3 -408.85459511454 0.573763027704664 0.438395819739589 194.805564437979
"870" 0.3 -525.239406534206 0.555479711904315 0.427530336936995 195.493893670607
"871" 0.4 -870.7985689227 0.584920409546242 0.438844561560143 195.955550277736
"872" 0.3 -342.6040239973 0.524810343541416 0.415910687560704 206.34064064872
"873" 0.5 -361.064125554509 0.581353296046625 0.440608100000406 195.24061564412
"874" 0.2 -699.110636011234 0.299596348788556 0.297147249487694 255.840366252698
"875" 0.3 -401.22958599522 0.51426589373205 0.409557127452268 209.487675025011
"876" 0.5 -642.424159638943 0.540919539084608 0.408897295192672 194.876433999632
"877" 0.2 -382.527714792234 0.144927983134693 0.265925491601632 286.727969620987
"878" 0.3 -602.532147334118 0.464156864308151 0.383264612799099 231.366516853962
"879" 0.3 -437.295113174777 0.201464745658105 0.281519120974354 275.223271989888
"880" 0.3 -289.334117774484 0.583509960473053 0.437564112373712 195.589006470423
"881" 0.2 -658.961768265422 0.52641011006269 0.412501266518021 207.960242316942
"882" 0.5 -213.227332109588 0.605730484887085 0.487348359780302 181.9788147309
"883" 0.3 -342.661996849177 0.421762876079477 0.379417313310757 223.222326366291
"884" 0.2 -529.240703483991 0.195688193981959 0.275107672190645 292.01724164939
"885" 0.3 -189.124738559033 0.388954759821756 0.34463994179105 227.981948302304
"886" 0.3 -612.447497692796 0.444114026942748 0.364813604428368 234.411082002982
"887" 0.2 -583.484904809272 0.549771658633379 0.428442389992334 200.9069719201
"888" 0.3 -760.661319555145 0.357087794658404 0.320538595651144 245.264625662006
"889" 0.4 -685.712439772047 0.591240877854792 0.441273400218687 187.648333936227
"890" 0.3 -327.983156453527 0.601314782475875 0.458765784881864 187.145432603299
"891" 0.2 -323.298921620748 0.551460158517292 0.424793558306985 200.415016377158
"892" 0.3 -741.317404606069 0.404923300547778 0.351414345860925 233.095509650614
"893" 0.4 -377.646524263417 0.402331437608151 0.342124691095516 225.884854348586
"894" 0.2 -655.077368583262 0.47936592748536 0.389292648599396 221.175809009667
"895" 0.2 -1109.52251408032 0.456040633695179 0.372738034892622 242.025966165056
"896" 0.4 -232.204236733893 0.567306445405112 0.453756236580888 199.134951788611
"897" 0.3 -975.036093844744 0.519295938493814 0.415527580643167 211.614178793854
"898" 0.4 -271.629047843859 0.533690922565311 0.436316100591855 197.404442586712
"899" 0.1 -343.224998084398 0.448446375121467 0.376500507561981 229.199281904153
"900" 0.3 -497.404838322438 0.359927178400843 0.322162187378734 234.7583668458
"901" 0.2 -905.419087417591 0.387431643230606 0.354379318705152 244.496412866386
"902" 0.3 -575.540690529757 0.321915424240456 0.321433702316842 246.385295711467
"903" 0.2 -489.894023191042 0.349681074050724 0.328077293912903 242.694324229956
"904" 0.2 -531.306293658539 0.430303013269645 0.373139004765065 228.490671769981
"905" 0.3 -506.153355624152 0.555378219753737 0.422698759406761 199.369362840024
"906" 0.3 -767.097966674026 0.371092546496915 0.342732923257742 244.455475777057
"907" 0.4 -319.065305293743 0.643391187394101 0.491836385242705 175.608029979095
"908" 0.3 -482.236474087716 0.41702618837469 0.35226989012807 232.285333488649
"909" 0.4 -581.744048169928 0.55299431735368 0.425073866112959 202.188418446165
"910" 0.3 -547.105005278538 0.469148907981443 0.381640071232764 217.410667613852
"911" 0.3 -621.003569389213 0.332163403252099 0.310229458136932 254.092830321714
"912" 0.2 -504.433364198535 0.374341492678452 0.342404156291146 247.474114494957
"913" 0.3 -569.904255952191 0.434080901043004 0.358295896001127 216.752021659315
"914" 0.3 -550.906049848433 0.480148750948863 0.389219107704303 228.591548473695
"915" 0.4 -368.004690616354 0.385539086121329 0.32417005247941 236.565321210353
"916" 0.4 -606.43962637364 0.567286607201843 0.418404274689222 204.099471724587
"917" 0.3 -892.359215446712 0.407275649824171 0.355954770068325 229.033073839671
"918" 0.4 -421.444229527046 0.380466471951676 0.334041609532884 231.886241148412
"919" 0.4 -311.803742718524 0.501109967791903 0.380536895249912 209.739476218712
"920" 0.4 -358.078673419854 0.464208337031236 0.374397044262096 214.245763448938
"921" 0.3 -367.461383771778 0.536751095689635 0.412530520626903 206.920490309931
"922" 0.2 -351.907064585074 0.395469087995554 0.355858900913495 232.557200504006
"923" 0.3 -915.041590448742 0.507172284416929 0.407968212782894 218.02777787853
"924" 0.3 -497.751689457581 0.458420440521038 0.358906488780461 214.262832526853
"925" 0.2 -933.216561327393 0.271021246791644 0.295815268484719 269.409654727713
"926" 0.4 -426.680993997475 0.548791446771193 0.406526781129225 194.394590027565
"927" 0.3 -700.075979650125 0.540656148126657 0.418657873785913 209.216065868265
"928" 0.1 -746.832004083356 0.158953444690792 0.277416942430751 279.702505275551
"929" 0.3 -541.46100062289 0.502312840311432 0.411141564985229 205.215047553745
"930" 0.4 -624.647520737116 0.51267682295284 0.410588865494799 209.12040212268
"931" 0.4 -366.354749984292 0.484296898979119 0.376691958657529 206.146667809226
"932" 0.3 -694.697914252163 0.452281992390411 0.390592792658652 222.053613934252
"933" 0.3 -363.04735025618 0.410878864273698 0.357417449692562 226.128137977999
"934" 0.1 -767.527319410913 0.487504561596015 0.389206319221509 224.246127431421
"935" 0.3 -426.330130447536 0.536079055146029 0.41727655518219 204.240481481049
"936" 0.3 -634.498413627584 0.552856939929549 0.409181250860193 209.528699733303
"937" 0.3 -458.926497049687 0.46073981889155 0.382129546811175 215.452629791652
"938" 0.4 -564.362145950442 0.609180727329653 0.446647409993418 193.571491851565
"939" 0.3 -617.337046419629 0.600353107111863 0.444942285016336 193.280045940443
"940" 0.4 -484.283105994315 0.589781223510744 0.451055032866398 196.381817957363
"941" 0.2 -536.119670726255 0.306785433045988 0.317787330402695 247.229687221497
"942" 0.4 -442.476811177518 0.523445988608615 0.40540473079398 199.275730325053
"943" 0.3 -713.561735942877 0.242780980836919 0.293933934937374 277.068361970391
"944" 0.2 -614.065557830455 0.28671201812335 0.300762192472009 263.025283604581
"945" 0.4 -426.181951302098 0.348452429316664 0.320946331978906 244.041127778003
"946" 0.2 -436.431547489143 0.310969586780723 0.294213791046062 259.752174159461
"947" 0.3 -576.155053877823 0.466311568265172 0.378725489001971 228.30165605112
"948" 0.4 -367.772430112475 0.573045193327514 0.447657213958092 195.10958130497
"949" 0.4 -504.420322219503 0.53321325358261 0.42419116557501 201.131274685021
"950" 0.4 -588.285421053374 0.342954203541979 0.313269012866837 243.326574548157
"951" 0.2 -556.971362647568 0.17630320720173 0.276357582939992 283.42684293732
"952" 0.4 -342.108731042275 0.546303265731961 0.419577401054572 200.068421853762
"953" 0.4 -242.975608683533 0.429262812145011 0.350528649985401 220.433154428271
"954" 0.4 -496.911861489433 0.523820177368282 0.428729998319424 208.865838822965
"955" 0.3 -434.386255658175 0.379268597708079 0.324345121702194 243.865680918773
"956" 0.4 -269.273985300126 0.6280733435207 0.475896213527827 181.80853531782
"957" 0.2 -1129.74017344096 0.452502247313444 0.374448463507762 232.545975935189
"958" 0.4 -309.515762631766 0.588604367357219 0.451186121706543 196.678436361444
"959" 0.3 -235.242680769549 0.490673050882947 0.408714354106476 202.785418055798
"960" 0.2 -666.92028875526 0.459878478105236 0.390375915627205 217.454731633435
"961" 0.2 -434.684929776376 0.656379519138162 0.509095592588247 172.801318828715
"962" 0.3 -413.058063112789 0.452421912825617 0.3703857518578 217.057323522018
"963" 0.4 -492.71121326386 0.582444302120411 0.431350360349556 200.490995490034
"964" 0.4 -495.935042485423 0.468256124134084 0.363846211631231 213.145431078812
"965" 0.3 -468.660558001676 0.427345253144955 0.362372191701026 225.951417412455
"966" 0.3 -476.239068738011 0.465422461400669 0.385528559795857 220.277493031379
"967" 0.2 -1011.47992799318 0.475938288482908 0.395015365161129 224.216238883794
"968" 0.2 -296.818786425106 0.620887128963813 0.47561561325566 176.055779325771
"969" 0.2 -805.335038371579 0.268547184607559 0.289050112033506 273.784436822636
"970" 0.2 -840.904691089293 0.182058029751705 0.27786007222477 293.429938503173
"971" 0.2 -745.594333723574 0.229855696500631 0.283318901861285 273.914561876161
"972" 0.4 -287.172609730337 0.387587041904706 0.342839044195381 237.426792507144
"973" 0.4 -382.904032508819 0.38951937028268 0.336017218440215 235.823310457137
"974" 0.3 -931.262699301157 0.396488239511412 0.34152563033145 246.670771864159
"975" 0.3 -445.347856099766 0.543483792306507 0.428173471960208 201.824933121153
"976" 0.3 -298.919462379671 0.527870979377928 0.419279554348144 202.759408503831
"977" 0.4 -351.611176223852 0.637667856951247 0.499254841465601 178.909390032184
"978" 0.3 -388.140186724375 0.506226296638426 0.375769674906517 214.409493604465
"979" 0.4 -370.108919780538 0.551956663902042 0.426536049218499 200.52897103501
"980" 0.4 -354.962125935287 0.45107570560967 0.363430597860325 226.324109113896
"981" 0.2 -676.382514291239 0.456762289696286 0.375151008411962 233.766226171697
"982" 0.2 -498.184115390378 0.490124598445517 0.397661934519026 217.750197108234
"983" 0.2 -431.071851142037 0.264089785277961 0.299025439892269 267.719017566
"984" 0.3 -374.24941112787 0.518244386252726 0.398930568713925 200.345650869617
"985" 0.4 -439.98449586565 0.437239207944333 0.339279054044221 229.400610306845
"986" 0.4 -297.265400865736 0.517186646349844 0.412846174020583 203.220954372561
"987" 0.3 -702.500620544641 0.377164332487378 0.329336673199286 242.332877721353
"988" 0.5 -498.751049765418 0.581065478144237 0.433820012572637 196.907967426465
"989" 0.4 -388.840156255954 0.543184886704164 0.421783577606041 197.691506507038
"990" 0.3 -423.931053478646 0.508736671169716 0.407999015303677 209.314485881799
"991" 0.2 -471.868422821078 0.404233801185076 0.344829916926319 230.678007184658
"992" 0.4 -544.393059246857 0.532624219904855 0.430158003417552 209.371937895562
"993" 0.4 -377.533717166699 0.324095115711041 0.309751076461995 250.63492562775
"994" 0.3 -499.640388247699 0.47988105550733 0.402313726468192 213.590792526277
"995" 0.3 -923.462901484424 0.299419620937621 0.316595807392345 261.487118566851
"996" 0.4 -590.567752474242 0.408287600584236 0.358845923332373 232.030544510386
"997" 0.4 -671.002040099043 0.498051732750478 0.394557973325561 217.216276104623
"998" 0.3 -601.676474124809 0.509023255913463 0.396405606806269 217.352259063264
"999" 0.3 -1294.71242632615 0.249446444021278 0.275729309693365 279.35771588501
"1000" 0.3 -376.701125644597 0.533851699739394 0.410155294739737 208.892313542198
