"SCI" "RCI" "GER" "MSM*" "MIG"
"1" 0.25 -2057.52620851872 0.46629557412807 0.172613170998499 544.691035305709
"2" 0.333333333333333 -2059.48994440192 0.34165000582162 0.148268811692663 640.96251184165
"3" 0.333333333333333 -1667.37086681717 0.319117113286914 0.144955102102251 659.492441108008
"4" 0.5 -1582.78374097127 0.530501411460543 0.199173408686798 482.369163200771
"5" 0.25 -2574.89475242004 0.220470337653842 0.129032203051017 740.76881305913
"6" 0.333333333333333 -1356.29174364123 0.40182941386857 0.160374440038636 587.370353900199
"7" 0.5 -1436.28370429869 0.518964714988283 0.195455067516161 490.039342486858
"8" 0.25 -2181.93935678829 0.277415163102765 0.137621122164667 695.53987986194
"9" 0.333333333333333 -2125.7878818457 0.354284106017697 0.152333370871946 634.191792916041
"10" 0.333333333333333 -2179.94760915802 0.328735337667472 0.151296493226512 658.66752502243
"11" 0.416666666666667 -1133.11525016133 0.491846771994179 0.186321997838148 516.98810680185
"12" 0.333333333333333 -1356.48277544689 0.346911177283931 0.148034025966531 638.443902607006
"13" 0.25 -1806.32179378135 0.319395673026383 0.14552598883114 663.984666720452
"14" 0.25 -2395.09575293573 0.308369007844275 0.145185774558439 676.049316850654
"15" 0.25 -1601.72855212225 0.439399205356765 0.17223672005742 562.657808566373
"16" 0.333333333333333 -1955.14685569506 0.326629538621847 0.145799077490701 656.100804807665
"17" 0.333333333333333 -2343.77611473068 0.36083762004537 0.155000718858356 635.205614001001
"18" 0.0833333333333333 -1299.09645543498 0.545600193827402 0.206141009153328 474.648989728675
"19" 0.416666666666667 -1487.89849381305 0.478983660574746 0.179953758249927 526.556593802478
"20" 0.166666666666667 -2787.64610443995 0.13183709659803 0.115592387356209 825.612941401079
"21" 0.25 -1479.11431060634 0.250606407536368 0.137682339075765 713.181810869346
"22" 0.25 -1326.7229307029 0.305866054073755 0.141787746841984 669.999559446191
"23" 0.25 -1808.79292073321 0.191428015235652 0.124539499233014 763.266417672159
"24" 0.25 -1397.86790677959 0.421054291141727 0.166290924051818 573.319501459017
"25" 0.25 -1534.91947183659 0.255980504603547 0.140558966555245 713.43112785765
"26" 0.333333333333333 -2214.33643549659 0.383568051949138 0.158773134643657 611.391897929087
"27" 0.416666666666667 -1248.57302591482 0.534777208206365 0.203445642226678 485.966120743728
"28" 0.25 -2371.95560424262 0.257538690619121 0.135867353155459 708.839327776246
"29" 0.25 -1994.02555814908 0.212583741963265 0.131859320426896 750.842996511026
"30" 0.416666666666667 -1692.66604562756 0.590893578075509 0.230091030036329 441.56848182152
"31" 0.333333333333333 -1281.35227504631 0.654541043891274 0.252694273626856 385.471467497316
"32" 0.25 -1662.52295665156 0.30038756846051 0.141179243319729 674.482019511144
"33" 0.166666666666667 -1337.87098757544 0.292029541483705 0.146642147538513 680.99011030756
"34" 0.333333333333333 -1940.08260483293 0.394691319517452 0.160744697502882 600.774434362305
"35" 0.166666666666667 -2154.58449845098 0.0651640382852436 0.109179831486951 872.332421103283
"36" 0.25 -2123.46461794742 0.24982448848644 0.137731679557231 720.837526028045
"37" 0.25 -1199.34631584273 0.597006860869715 0.230562988541577 433.874207724887
"38" 0.166666666666667 -2148.04888571287 0.241211310734375 0.133966874962399 731.633030824177
"39" 0.333333333333333 -2324.35655684736 0.483376502574787 0.18281856522668 521.054527347279
"40" 0.25 -2000.64830859165 0.234423441393786 0.130750502829232 729.591632100358
"41" 0.333333333333333 -1254.93146225027 0.527950425025457 0.203660924221017 486.721271215193
"42" 0.25 -2012.38686307946 0.242019782065103 0.13450308891908 722.389241177053
"43" 0.333333333333333 -1597.70487366505 0.30268620295877 0.146397699873513 675.621080022492
"44" 0.166666666666667 -2191.89262940245 0.269924849130471 0.139079609341449 712.399891260359
"45" 0.333333333333333 -1586.94337070414 0.48049836060253 0.187438349512234 531.161997990799
"46" 0.333333333333333 -2331.25409951455 0.328585580151003 0.152176274477983 655.918218778516
"47" 0.333333333333333 -1401.94927997682 0.448412436719652 0.173307576421193 557.339298575954
"48" 0.25 -1715.9050992751 0.332920376405774 0.148656644992758 645.292906436301
"49" 0.5 -1333.19057932056 0.581068215444785 0.214451730618647 444.288983682334
"50" 0.25 -2505.76196936715 0.235619856439738 0.132324366182418 732.77540009357
"51" 0.416666666666667 -1485.16605941545 0.480353692065701 0.188471985393001 530.815217278968
"52" 0.416666666666667 -1280.48538568522 0.537443266390803 0.203378072702234 477.233539456804
"53" 0.333333333333333 -1758.62650751404 0.307151299048532 0.145302214039228 671.584801276796
"54" 0.25 -2280.79047323668 0.23496296230583 0.13053538763773 733.187380525703
"55" 0.166666666666667 -1003.58530354982 0.508338720073088 0.1935331008071 500.461717405124
"56" 0.166666666666667 -1609.25444091057 0.255084102688034 0.133205325337221 703.569263009797
"57" 0.333333333333333 -2588.63513709448 0.308940331281632 0.140783991408146 675.961206972343
"58" 0.25 -1791.03700211537 0.210292878466673 0.125815536554147 749.680341933388
"59" 0.333333333333333 -1893.12548165639 0.327299118498889 0.150069526324464 647.505616929964
"60" 0.166666666666667 -1981.3003890614 0.207924778769169 0.128790249002292 745.216232011095
"61" 0.333333333333333 -804.558701899073 0.498568501861324 0.185981268697997 502.638917371933
"62" 0.5 -1341.67831938934 0.674808828921804 0.259932433337229 366.327490615472
"63" 0.333333333333333 -1444.4262074395 0.351589609539093 0.14988562536329 627.706545910891
"64" 0.333333333333333 -2250.68017579545 0.379009324993978 0.157375730054528 613.707352933497
"65" 0.0833333333333333 -3140.66946854728 0.0455709842846461 0.107602788082837 895.15628251792
"66" 0.333333333333333 -1376.40451704164 0.553025180323515 0.204701537122584 471.568743432197
"67" 0.416666666666667 -1340.70346626118 0.577596801880484 0.215944114415953 448.784710940952
"68" 0.333333333333333 -1190.18605498497 0.523334387277612 0.196974070653341 485.43322434451
"69" 0.333333333333333 -1667.13779719909 0.268815258378191 0.137906578192569 701.291278210282
"70" 0.25 -2707.52326262891 0.245561130131907 0.140277562466799 719.34989140199
"71" 0.25 -2422.82626034229 0.295115536915351 0.141500496986214 679.357295003859
"72" 0.166666666666667 -3329.09749838497 0.157211653617434 0.123870354509577 797.693476833799
"73" 0.0833333333333333 -3651.40713996627 0.0465647485346325 0.10870027800667 882.652174443915
"74" 0.416666666666667 -1089.79839369546 0.511543309800821 0.192183547581466 492.630209531402
"75" 0.166666666666667 -1935.56698384839 0.220875622262929 0.128065760892716 744.120478140889
"76" 0 -2447.15983170854 0.0009015707811314 0.103845352497158 922.063860436366
"77" 0.25 -2063.40397595243 0.26677566457214 0.138025042711018 699.386443294445
"78" 0.416666666666667 -1195.46233573637 0.627556641776407 0.248523245689341 407.350523550692
"79" 0.25 -955.881969630792 0.548343460354427 0.205677336902568 467.263381302729
"80" 0.333333333333333 -1947.23300062501 0.506632698138714 0.201356406543335 506.751690715598
"81" 0.333333333333333 -1924.79720352313 0.300039088187072 0.147112895771802 675.70059418499
"82" 0.0833333333333333 -2162.17457024672 0.0365736617425697 0.105849360603324 895.526820266806
"83" 0.416666666666667 -1919.54904482023 0.330093793745514 0.148583012662955 647.73253287673
"84" 0.25 -1745.70947158477 0.48376931922935 0.181039492369936 524.251718557673
"85" 0.25 -2995.88308379345 0.187836289074361 0.12628095934297 767.462402000348
"86" 0.5 -940.460715869791 0.679951362758474 0.263996941634629 361.466495295148
"87" 0.333333333333333 -740.919496818218 0.724268334690234 0.299414903198012 321.911371761514
"88" 0.25 -2182.52837298923 0.148573854035807 0.120180155190551 805.813578336267
"89" 0.416666666666667 -1447.66689250342 0.532647713745213 0.200449484712185 485.047183866543
"90" 0.166666666666667 -1970.77794308039 0.242441346708502 0.132663223794324 733.45065074726
"91" 0.25 -1593.87809407035 0.305170495145988 0.143427762255214 668.119493974443
"92" 0.25 -1083.59649409737 0.453147766557362 0.172593306820281 548.141164308391
"93" 0.333333333333333 -2232.36075716192 0.334621193681189 0.152163007225747 652.136482721823
"94" 0.25 -2304.46497808703 0.247389341259469 0.133514021571047 720.684516138467
"95" 0.25 -3294.01630689678 0.19908693832567 0.125934752939208 762.210706172627
"96" 0.25 -891.264087619519 0.658806331920268 0.258450852302277 375.389231355093
"97" 0.333333333333333 -1627.44644433726 0.656336174661478 0.250101463415835 383.234968937328
"98" 0.333333333333333 -1223.88011765243 0.721560926529812 0.297237759086204 327.398280082759
"99" 0.25 -2029.69475234396 0.60099912568364 0.230358579448914 431.752720090863
"100" 0.416666666666667 -1206.39971092304 0.590812403217579 0.21736116331778 434.385331973014
"101" 0.166666666666667 -2233.77402425983 0.393015476034622 0.16183531531368 603.465694783838
"102" 0.166666666666667 -2449.26130130082 0.23461452341425 0.136116527069492 740.223798389803
"103" 0.0833333333333333 -2021.15842483474 0.0497839356683348 0.11180810894512 884.964989227871
"104" 0.25 -2045.91988628139 0.362850772196489 0.155720446461232 623.664407527191
"105" 0.25 -2829.1540074189 0.159681634839435 0.122070398203968 792.858543706033
"106" 0.25 -2126.90408621231 0.227022342229988 0.125543094120753 744.268030364206
"107" 0.416666666666667 -2178.22544848109 0.329674231281582 0.147957723560282 652.954360009613
"108" 0.416666666666667 -1109.5285277118 0.593583166465937 0.223017162750818 430.264545866149
"109" 0.25 -1735.04236249247 0.556863752388465 0.209617799419461 461.670685642259
"110" 0.333333333333333 -1273.34464279124 0.576277574941725 0.212798565687136 446.420793495746
"111" 0.416666666666667 -1040.01448238804 0.570638184442734 0.213737057990816 450.05436668857
"112" 0.416666666666667 -1352.22141926476 0.607261565263455 0.227712788841376 421.420523242489
"113" 0.25 -1788.87461945279 0.28843281736529 0.13907423696289 682.822085463651
"114" 0.25 -1419.34337047365 0.483246741881308 0.180448442264041 523.209484464908
"115" 0.25 -1900.34092871459 0.309522432834569 0.14322637382934 667.359116056538
"116" 0.166666666666667 -1822.98614363311 0.23187996750106 0.135223300064167 730.560734484857
"117" 0.166666666666667 -1287.19576770619 0.512773993762456 0.199610228179836 500.781852179603
"118" 0.0833333333333333 -3178.34100942358 0.0928029769590695 0.11497373613062 853.953665073379
"119" 0.5 -1506.37482552976 0.515528989063319 0.197393439977806 502.074173960439
"120" 0.25 -1628.58148199634 0.411921607866686 0.169510958316382 582.430545155518
"121" 0.416666666666667 -1225.84793746554 0.512301411230512 0.196532721667059 503.114440078544
"122" 0.25 -1983.39787915505 0.275437335160692 0.140007847485869 698.829118254525
"123" 0.166666666666667 -1774.43048361101 0.365408721807787 0.158537348129959 616.164795364463
"124" 0.333333333333333 -1940.111324382 0.309158186118662 0.146767932778315 672.684043862415
"125" 0.416666666666667 -1832.14652474146 0.608548413147794 0.230258251836158 424.208871445013
"126" 0.416666666666667 -1992.78028472956 0.379021904993938 0.161027519013484 606.949830236915
"127" 0.25 -1852.85673334847 0.451906196198176 0.170851770206404 549.489316480211
"128" 0.25 -2596.77842830221 0.225388752135517 0.130553157321803 745.389819523599
"129" 0.0833333333333333 -2461.76888580485 0.201659196308346 0.127465273706225 754.550322074443
"130" 0.333333333333333 -2417.38194521713 0.277627835465539 0.137463206362244 697.548463321314
"131" 0.25 -1837.75349045941 0.422456047233087 0.169167828722037 569.918345572404
"132" 0.166666666666667 -1408.26586400148 0.491391098542062 0.193670701253111 515.310020412388
"133" 0.333333333333333 -974.561062901294 0.670682456402646 0.262081768984004 372.839004506776
"134" 0.333333333333333 -1729.76789512627 0.402678880917876 0.163655582682164 594.863749725721
"135" 0.5 -1821.31661987816 0.550658568953125 0.211921911228466 472.42829317858
"136" 0.166666666666667 -1335.22957100331 0.536803742618235 0.201632432208658 481.041414547036
"137" 0.25 -2058.18295259871 0.295760063237434 0.143969369117916 682.959927838226
"138" 0.333333333333333 -1626.92491764863 0.437862473403043 0.172843351258216 564.313038421818
"139" 0.166666666666667 -2266.18316753402 0.145852278694058 0.121359299736741 803.310914099263
"140" 0.416666666666667 -925.679607613638 0.669008072896278 0.255322765463233 370.931339278445
"141" 0.25 -1731.07284107106 0.224221185597285 0.132008789694582 735.318182987557
"142" 0.25 -1695.72171673259 0.268472912495583 0.135910082598189 699.994746247446
"143" 0.166666666666667 -2834.96449742174 0.0382283989625074 0.105276751325226 898.820876646391
"144" 0.333333333333333 -1469.38327300818 0.479734157299154 0.182944004554403 526.964406177169
"145" 0.333333333333333 -1815.12257256725 0.368993779046071 0.15533793999634 618.820869294903
"146" 0.5 -1288.46000312348 0.503345142693369 0.193194917531188 513.995891797519
"147" 0.25 -2808.96715058232 0.166994172967132 0.124460952644453 787.508852292341
"148" 0.5 -1207.44879133655 0.677336139605701 0.271056338725082 367.82477113083
"149" 0.25 -1414.10656541099 0.443486967036577 0.173215229440192 554.775909628556
"150" 0.416666666666667 -1206.73398380304 0.567228095225928 0.211692404863835 455.211963877059
"151" 0.333333333333333 -1128.92727815075 0.487638966307801 0.190382210686389 517.230889605195
"152" 0.333333333333333 -1955.45452597649 0.397068977806667 0.162896018530827 590.938503427198
"153" 0.166666666666667 -2045.75500403385 0.185029849412393 0.123448589026425 774.517019345029
"154" 0.416666666666667 -1279.02553169941 0.379364298248788 0.160439534196838 610.157228311012
"155" 0.333333333333333 -1434.68032307148 0.589460649059544 0.222619937635657 436.604860920971
"156" 0.25 -1615.33649138863 0.322605580335246 0.145674837082799 654.361057628528
"157" 0.333333333333333 -2180.51054286001 0.434069411063044 0.170150509948258 569.681799560879
"158" 0.166666666666667 -1411.37932557847 0.313804284688031 0.146134732568593 661.40135321659
"159" 0.166666666666667 -971.542780222551 0.63528468892799 0.243123288309029 399.250088411849
"160" 0.5 -1364.42228746628 0.614426075033095 0.230325220241956 420.794066861761
"161" 0.166666666666667 -3190.16257806337 0.0874580679413431 0.111907991872885 854.534781891666
"162" 0.5 -1230.79664615884 0.686117745102416 0.272700079008895 357.119273657934
"163" 0.333333333333333 -1105.51482433415 0.562435818831374 0.212262765690108 459.562419081642
"164" 0.166666666666667 -1942.96596990021 0.125088168524975 0.119908963722627 820.62706020528
"165" 0.333333333333333 -1548.71188384734 0.384569582943368 0.162083674967155 604.860770716448
"166" 0.333333333333333 -1112.84892150973 0.497566207343544 0.190362703856678 511.524288396002
"167" 0.25 -1726.46983547886 0.427422500362299 0.163393607739809 573.892039098102
"168" 0.416666666666667 -2150.81868289449 0.349951567592713 0.153079862617816 640.3194293926
"169" 0.25 -2234.95672210454 0.212910753166848 0.126837342035456 745.041877544322
"170" 0.25 -1357.03086541087 0.56332279743068 0.210701848056005 461.05230633847
"171" 0.333333333333333 -1919.03022391654 0.54719519332118 0.197483134359937 473.566330273869
"172" 0.25 -1736.45125812132 0.560610567303295 0.21200772351835 468.296902677696
"173" 0.416666666666667 -2646.14724557183 0.459853294946121 0.183681541064217 553.001187431417
"174" 0.333333333333333 -1515.57397138123 0.288460085551977 0.142920613815655 690.893353528623
"175" 0.416666666666667 -1508.95510852742 0.41026001839964 0.172011048820981 587.356714242534
"176" 0.333333333333333 -1638.19685697643 0.474992010291393 0.182056120799797 533.070025335951
"177" 0.0833333333333333 -2625.97658757285 0.0878823876563489 0.111922014057401 856.631720269285
"178" 0.25 -2744.66680410197 0.361245587786995 0.148690288324324 635.633171762154
"179" 0.25 -1694.1978470378 0.572533843454125 0.212452874380972 460.248622256005
"180" 0.416666666666667 -1701.45975751481 0.4957971274954 0.192599487779316 519.588351338124
"181" 0.0833333333333333 -2605.52296974273 0.0676790593739901 0.111544720062177 870.508363010967
"182" 0.25 -1923.29099604373 0.321873228966131 0.15150119977998 654.641970819957
"183" 0.166666666666667 -1892.0565312806 0.251697980643972 0.134319460518758 718.224010111857
"184" 0.25 -1571.39090344193 0.339251532728217 0.149389498372794 641.938430702104
"185" 0.333333333333333 -1468.84250331908 0.462396898927903 0.183463041548109 545.399548523384
"186" 0.333333333333333 -1718.90333221473 0.403594148314851 0.161107861017983 588.394134979462
"187" 0.166666666666667 -2228.64398173918 0.124193112950142 0.115534077806762 819.960683745658
"188" 0.5 -1309.30039562501 0.599299622061924 0.228391354160439 431.330722814519
"189" 0.416666666666667 -1200.97384786387 0.510373374523153 0.193630719452375 500.594356663362
"190" 0.333333333333333 -1044.87207883632 0.551381889057247 0.202523033721402 466.980806598975
"191" 0.333333333333333 -2331.45243982133 0.280518604854352 0.140096404465077 691.490442363848
"192" 0.166666666666667 -1881.76338866467 0.551441380162808 0.205976034444619 471.778462965391
"193" 0.583333333333333 -603.965922639053 0.851075544950043 0.438829042798993 220.305397887598
"194" 0.416666666666667 -1129.49891874437 0.586789876163115 0.222815859294018 439.413539848966
"195" 0.416666666666667 -1000.59871120845 0.584952659736696 0.219071385915161 439.64060889103
"196" 0.333333333333333 -1281.37214226717 0.462677452634547 0.178213727860751 535.522147308593
"197" 0.25 -1978.98324965248 0.286267485082486 0.140261197669007 681.006103924266
"198" 0.25 -1248.83704695524 0.338692375817465 0.15321761231329 637.478448229446
"199" 0.25 -1560.25911719341 0.295959366026237 0.143786554777614 676.792048434005
"200" 0.25 -3413.01704737892 0.199659290561124 0.124997700837658 772.726126989862
"201" 0.333333333333333 -1475.26999946825 0.506767963765316 0.190282639866009 506.755322802649
"202" 0.333333333333333 -2391.37817444804 0.27113318155741 0.137750854495884 703.073689422081
"203" 0.5 -1397.14380242553 0.628283849513873 0.238855263114149 408.172783271805
"204" 0.166666666666667 -1326.07435527961 0.376780730550481 0.157235538479575 611.523617357621
"205" 0.166666666666667 -1588.58088872916 0.287950811562211 0.141007700820457 688.90004842733
"206" 0.25 -1551.4933122057 0.521268485030834 0.193519693510056 490.161811739532
"207" 0.166666666666667 -2249.13705935348 0.210747146724919 0.129937387800343 754.15532060361
"208" 0.25 -1777.78309226627 0.305922621369198 0.144342117550728 670.0672751982
"209" 0.333333333333333 -890.232959650364 0.619222240992084 0.231881304819767 408.451472728513
"210" 0.25 -2396.06682849994 0.329904325490603 0.148721902051071 655.004184289649
"211" 0.333333333333333 -1540.78620480771 0.362264664197681 0.159679208523815 624.205654595024
"212" 0.166666666666667 -2230.77310834855 0.196739816081761 0.123863558173377 755.829185699998
"213" 0.25 -1159.07166992748 0.522401505492284 0.191794233427294 489.423469344853
"214" 0.25 -1420.67369253464 0.244423101011117 0.132244933755286 712.434654658264
"215" 0.416666666666667 -1101.57716546258 0.661388231359372 0.257713610050436 375.239730619663
"216" 0.25 -3374.54065861753 0.224551092042776 0.127162422874739 747.506780742272
"217" 0.333333333333333 -1729.76133053943 0.390089205893143 0.163378891571803 599.926404212788
"218" 0.25 -1924.17038935234 0.460398593495026 0.179290108684807 548.611877094395
"219" 0.333333333333333 -903.174954476284 0.735675135829165 0.297506739213832 314.738440858829
"220" 0.333333333333333 -1108.45707906288 0.636172355457306 0.242311509359782 399.937919534207
"221" 0.25 -2049.4814812206 0.345812608489144 0.148400722614828 634.902498138091
"222" 0.25 -1940.07405995313 0.268044845526662 0.137695070959233 710.118826949946
"223" 0.5 -1501.35484991752 0.459752125081205 0.17821218973629 548.87753400954
"224" 0.25 -2495.72226444412 0.156433800752757 0.120963907431204 793.309674558835
"225" 0.333333333333333 -1997.742593681 0.306106250581506 0.141502734825246 671.843886018032
"226" 0.333333333333333 -1515.99998528032 0.45611307481721 0.179753177583898 545.274774083169
"227" 0.25 -1628.09377658457 0.40701095444842 0.165844744485082 593.841545761609
"228" 0.0833333333333333 -2502.40083398471 0.358398772976297 0.150804431917225 634.408115779981
"229" 0.333333333333333 -1684.49598616668 0.379084186411117 0.158924322692855 614.232305478305
"230" 0.25 -2405.05637954543 0.413683987945118 0.169455534625168 589.879460973595
"231" 0.25 -1657.28572880155 0.322715420342423 0.148336976173869 656.461394099169
"232" 0.333333333333333 -836.976321747888 0.601198636767828 0.229707231223253 428.620083826687
"233" 0.166666666666667 -2741.90087733086 0.16091866655497 0.123848289837009 795.233167723077
"234" 0.25 -1182.91626421132 0.318792728524458 0.147396115367805 652.186998436949
"235" 0.333333333333333 -2216.1325630477 0.336213602019738 0.14788559232592 648.2772856422
"236" 0.25 -2877.37380324798 0.201859913943646 0.128921623113193 763.614264385472
"237" 0.333333333333333 -1430.55434634766 0.588189848826964 0.222826044489745 436.362637480884
"238" 0.416666666666667 -810.825906673881 0.762524825607838 0.332854253799687 294.845351025998
"239" 0.25 -2022.88158304442 0.181306958067091 0.12681805906956 782.670579812583
"240" 0.416666666666667 -1452.36542504805 0.489032549333685 0.182283882897897 517.882609754149
"241" 0.25 -1388.4726167685 0.521757746959819 0.19539782673702 487.539690762199
"242" 0.416666666666667 -1488.13516346551 0.581660756416675 0.218813911443102 448.055904200743
"243" 0.25 -2141.59657209503 0.257974046741621 0.140575752055832 715.546617186908
"244" 0.25 -1600.71921620021 0.384392927165146 0.159552177160152 603.222649401403
"245" 0.333333333333333 -1647.6191279611 0.392227340138524 0.162412229995862 599.344050223264
"246" 0.333333333333333 -1552.99218397669 0.521399893011702 0.195540660349375 491.541420463449
"247" 0.333333333333333 -1894.58856743026 0.322697799512509 0.146686574717446 655.995777706895
"248" 0.25 -2392.02715377006 0.326851480454649 0.148064413639004 657.883950835606
"249" 0.333333333333333 -1519.46846193663 0.538723230158092 0.201495762365482 480.61306885446
"250" 0.166666666666667 -1932.0923814066 0.21676250793732 0.127923879431804 741.634897714108
"251" 0.25 -1338.44042833201 0.335353262715699 0.148076897672874 644.999807958817
"252" 0.5 -1043.09866924958 0.607655432832718 0.222561028684834 419.013516379124
"253" 0.333333333333333 -2082.37216575383 0.378159009329481 0.157584894385353 614.139487109869
"254" 0.333333333333333 -1328.3183731706 0.475591783760355 0.179760445262913 525.813404774968
"255" 0.416666666666667 -1556.95617788817 0.418768134730838 0.164148272651667 573.34165423864
"256" 0.416666666666667 -2306.07108515539 0.400835004408654 0.158578443364685 596.039621438203
"257" 0.166666666666667 -2273.08985853905 0.142031043917349 0.116729688623831 806.574124734849
"258" 0.416666666666667 -1326.85497686538 0.541802597461388 0.203956151858607 471.636008543987
"259" 0.416666666666667 -1319.32877795549 0.514259299189382 0.196824543170491 503.344568046299
"260" 0.333333333333333 -2275.89124319313 0.3982691333791 0.16437359177496 594.09253213834
"261" 0.333333333333333 -1836.89441655047 0.377371860582159 0.15773678287317 609.9146898109
"262" 0.333333333333333 -2487.75690271943 0.338944261591535 0.150396358761037 644.488843593956
"263" 0.333333333333333 -1686.94725453901 0.480105599272405 0.181214088772252 529.576744065038
"264" 0.166666666666667 -2006.48052850866 0.237312523887777 0.134794236959316 739.221324529802
"265" 0.416666666666667 -2228.69895675476 0.385809605533866 0.158010056261003 608.61220698969
"266" 0.333333333333333 -731.607116449527 0.646160578711 0.245723729042075 387.667827365198
"267" 0.25 -3022.83111540254 0.218263637845628 0.131034366453204 748.284630697919
"268" 0.333333333333333 -1679.58325850179 0.506884630769904 0.191672879316346 510.211071748543
"269" 0.25 -1353.42435567191 0.637640220434383 0.243705540866088 396.049418294476
"270" 0.25 -1600.60161061898 0.33056754917387 0.153744752887428 647.451384531427
"271" 0.416666666666667 -1075.33220367921 0.698232611127666 0.280357935571356 346.063728803885
"272" 0.166666666666667 -1966.15913361129 0.208132484644743 0.126299290612766 755.194517355505
"273" 0.5 -872.379000653507 0.728561905209273 0.295289793595426 321.266376084159
"274" 0.333333333333333 -1476.54740153471 0.512393680119272 0.193005619412941 503.497207110142
"275" 0.25 -1065.69675736804 0.592668898889416 0.227003859389471 437.300912809861
"276" 0.333333333333333 -2401.04431073656 0.483792133163089 0.184884299681564 523.730459491652
"277" 0.166666666666667 -1915.95389388647 0.220883986716929 0.130674438699417 732.650909079844
"278" 0.25 -1744.77003292537 0.304549529526214 0.145401796578034 665.903756000428
"279" 0.166666666666667 -1908.08823370819 0.14972252233884 0.119085766760843 796.469809601316
"280" 0.333333333333333 -2275.94288971575 0.257018165676475 0.134853477612662 713.485096644308
"281" 0.333333333333333 -2179.81886964308 0.378259936425324 0.164078416915258 613.708345989976
"282" 0.0833333333333333 -2092.42312745529 0.221905869952096 0.127306871673005 736.624326678179
"283" 0.0833333333333333 -2140.78241511231 0.110586383286141 0.115782306120714 826.498635391844
"284" 0.25 -2255.26239752628 0.52213411076859 0.194957647285251 491.739531853236
"285" 0.333333333333333 -2014.51484565479 0.373481255791799 0.159293858961806 616.6229373493
"286" 0.333333333333333 -2287.9505717217 0.295745684558865 0.14026039019771 680.729954558262
"287" 0.25 -1739.70629545903 0.405477047754697 0.163659437187747 588.137955784728
"288" 0.25 -1881.44364191388 0.237793267790666 0.132436779984235 729.210646303208
"289" 0.25 -1553.90114193536 0.249451701325243 0.138180512523624 721.084153264528
"290" 0.0833333333333333 -1898.70261448156 0.350468626528423 0.152532725883011 634.037992708152
"291" 0.25 -1003.14310268084 0.474434762937008 0.182130299837665 529.821702279942
"292" 0.25 -1541.32558735086 0.389991286052725 0.156247870497616 604.719181717886
"293" 0.416666666666667 -1352.46971003466 0.529877333435029 0.200822759674958 487.704242083198
"294" 0.166666666666667 -1426.49050758412 0.400397158735362 0.16045819434341 595.884161489713
"295" 0.333333333333333 -1706.9961848204 0.467231946266067 0.181133116539453 543.128502974799
"296" 0.25 -1532.17180854952 0.242519907660148 0.137205666534561 722.254806436133
"297" 0.25 -1799.41225759957 0.2801819221116 0.137359800526703 683.564114496741
"298" 0.416666666666667 -929.788200817522 0.505629564580269 0.191808437179815 496.055292078154
"299" 0.25 -1859.17878324697 0.271744059127764 0.138861385175888 692.508464062098
"300" 0.0833333333333333 -1879.12548367311 0.0875968404160766 0.112839296168897 859.117456496577
"301" 0.25 -3075.1727469512 0.273663637083121 0.142277470385352 712.763155579055
"302" 0.25 -1829.63464252595 0.19126684608299 0.129126773066851 755.40184344009
"303" 0.25 -1337.65721885107 0.325083967809486 0.14986808246276 654.712126588961
"304" 0.0833333333333333 -2194.79873512991 0.050125742969055 0.109836831348 878.252961826511
"305" 0.416666666666667 -1480.57629092344 0.431851174316513 0.17090144553126 563.749030233244
"306" 0.416666666666667 -1306.83550868631 0.631518530375496 0.237144485302335 402.411459005112
"307" 0.25 -1108.21414836182 0.684347850971302 0.26410135191393 357.63338603999
"308" 0.25 -2023.65087012804 0.256175210760345 0.139966848835727 716.689739636146
"309" 0.5 -1746.32518370054 0.546912451585804 0.207126042729594 475.098576941458
"310" 0.333333333333333 -1944.04144229351 0.551646087510752 0.207700463207141 471.86837703269
"311" 0.416666666666667 -1211.76966360164 0.579474096376958 0.215079136172809 442.313702809555
"312" 0.333333333333333 -2564.3086942184 0.334602598132815 0.152226158624633 648.623265157919
"313" 0.333333333333333 -1557.08818083433 0.298756228264957 0.138012026669975 680.881476197159
"314" 0.166666666666667 -2634.87486554825 0.19885577332193 0.125234108433429 754.857904642983
"315" 0.166666666666667 -3393.64627065932 0.17235016623529 0.125052185224783 786.988035455858
"316" 0.416666666666667 -2169.54782322736 0.429146901587574 0.167492941096252 574.40211588603
"317" 0.333333333333333 -1126.93566234943 0.599153786515512 0.222969214090281 427.871163664013
"318" 0.333333333333333 -1166.51116337307 0.620984708359276 0.238123371813932 411.224248542055
"319" 0.166666666666667 -1830.59457664328 0.436689216180509 0.166094973104775 568.709927255451
"320" 0.333333333333333 -3594.36721513241 0.394792333427301 0.163483755150109 605.384386001085
"321" 0.333333333333333 -1468.90358874152 0.574722909407011 0.217769301152794 446.382879345212
"322" 0.333333333333333 -1279.27289178992 0.499475882787891 0.191494577347166 512.300331460964
"323" 0.25 -2304.94146187798 0.361472358465204 0.15323200929497 625.389461610047
"324" 0.0833333333333333 -1769.78441096082 0.445284074286949 0.176736768666942 555.378843646892
"325" 0.25 -2552.98998794168 0.270398072877462 0.139226315545335 698.703082412062
"326" 0.25 -1637.40846449896 0.231491215726924 0.135539683999025 732.881919241836
"327" 0.25 -1810.61193387764 0.226247350402467 0.13429814936309 731.964124972303
"328" 0.333333333333333 -1006.98827343509 0.582778316017431 0.21816776727043 439.387766074087
"329" 0.25 -2293.3175901816 0.208021619366501 0.128510084158889 750.978064847295
"330" 0.333333333333333 -2094.25311387878 0.272502575014718 0.136919571121056 694.796506938944
"331" 0.25 -2928.27510284953 0.248437812218338 0.134400144861506 732.604440713814
"332" 0.25 -1614.55904379719 0.290092499247787 0.143690300800365 688.977846400719
"333" 0.333333333333333 -972.263682275143 0.671124477461542 0.26371939012378 371.22866035155
"334" 0.333333333333333 -1616.95181594483 0.443139213428246 0.171783334386132 555.198400203534
"335" 0.25 -2517.85299451787 0.268472256212246 0.140284052886188 701.502406953997
"336" 0.333333333333333 -1594.42344888321 0.379742605740891 0.158323504819453 610.666217037011
"337" 0.25 -2372.18280203952 0.19608057671557 0.126841423083915 760.768494119006
"338" 0.25 -1951.19142618782 0.314764130713814 0.145578206564626 654.425506293867
"339" 0.166666666666667 -1710.58086121637 0.209633031925627 0.127584533117136 743.707117743953
"340" 0.25 -2553.9742525252 0.309964729834255 0.143916180394005 668.016454352113
"341" 0.25 -3049.09153499926 0.311040231133176 0.142896066512394 667.192117065983
"342" 0.25 -1964.18589304725 0.372783552598887 0.15695293853025 615.377322697057
"343" 0.416666666666667 -1395.79277494064 0.477848964845935 0.184648191689246 533.830793909635
"344" 0.166666666666667 -2591.93685346364 0.142208505461948 0.121381108549211 810.735591109586
"345" 0.333333333333333 -3447.93479722794 0.322263047674681 0.147404575826206 657.865900816931
"346" 0.333333333333333 -803.418358623101 0.676459170544064 0.27002475770391 364.171776929125
"347" 0.333333333333333 -1471.87258990988 0.463170806660869 0.173992875334698 537.176391913928
"348" 0.0833333333333333 -2288.15707851224 0.0456558711772257 0.107100457014745 881.676194373868
"349" 0.333333333333333 -1201.46045644903 0.317837857779814 0.144921920062184 656.167867589952
"350" 0.333333333333333 -1813.79943214653 0.341367432407912 0.149089595658688 649.682343033259
"351" 0.166666666666667 -2120.69452935085 0.124796344701521 0.116913537886541 813.328459602338
"352" 0.166666666666667 -1520.42542710283 0.32999620636462 0.148178916503899 656.548560386105
"353" 0.166666666666667 -1573.66538602407 0.243200102724914 0.135125299234943 724.193735970883
"354" 0.333333333333333 -1424.32166888123 0.588400457628258 0.2221157618616 434.964909611642
"355" 0.333333333333333 -1813.55082548031 0.361644204580658 0.153277087144742 623.499105004454
"356" 0.333333333333333 -1688.32069079747 0.255780623142519 0.137726439519829 713.839678239753
"357" 0.25 -1399.4791228135 0.251963366985109 0.13383282088127 711.880024980055
"358" 0.25 -1607.6603022007 0.18710967655321 0.12651343191606 763.055114972196
"359" 0.333333333333333 -1299.68588867076 0.574747063828875 0.21519620809419 440.750683015748
"360" 0.25 -1723.32392205365 0.242779305930862 0.137568621091821 726.018703192961
"361" 0.5 -1609.80339864691 0.599795052187184 0.220020181793803 430.22630800209
"362" 0.166666666666667 -2312.66931100744 0.274896557595821 0.136500820153662 702.576362403506
"363" 0.25 -1958.33862116413 0.314007337224659 0.142902174295548 667.565698555135
"364" 0.25 -2226.65548818104 0.239835474266466 0.133387683043115 729.201185954246
"365" 0.25 -2032.88345098671 0.57159086966584 0.210474545500522 452.103609159402
"366" 0.0833333333333333 -2435.70334584851 0.0742244052533406 0.11572688652992 863.541838884703
"367" 0.416666666666667 -1702.72952257513 0.411560507792833 0.169720391318017 582.051007369556
"368" 0.166666666666667 -1282.95622631987 0.317435300510417 0.149127767301691 660.798228199221
"369" 0.333333333333333 -1379.90767559128 0.50145411070719 0.189604328790693 514.218098498811
"370" 0.416666666666667 -1111.47202044013 0.48153594775439 0.180866125364546 523.714458389022
"371" 0.166666666666667 -1393.88481096567 0.289998435600769 0.140495318774231 677.355355616636
"372" 0.25 -1672.60092235673 0.320724107267438 0.14430492824779 659.136816840642
"373" 0.25 -1377.55489022535 0.310801589423464 0.143796777276033 662.829604039062
"374" 0.333333333333333 -1227.12887360434 0.570913909383516 0.213718160107495 455.553390652477
"375" 0.25 -3172.83412159095 0.197502086718474 0.127844992956092 769.946595583786
"376" 0.5 -1264.19152837374 0.465081846678059 0.181029351225526 539.602733583283
"377" 0.333333333333333 -1708.32061159157 0.406848719630679 0.166104578303601 594.432504414115
"378" 0.25 -2395.46347588605 0.250375603546513 0.139855959801736 713.293624501047
"379" 0.25 -1716.61641057079 0.405833893211393 0.159861164987406 592.174677854707
"380" 0.333333333333333 -1574.79574634751 0.341279823794476 0.154164977950203 641.213234260935
"381" 0.333333333333333 -966.178864773368 0.577459512670785 0.215974141350727 443.280732357642
"382" 0.333333333333333 -1543.95884395898 0.343551321101239 0.155635624304148 638.834852456604
"383" 0.25 -1673.47284387433 0.310091207139774 0.145393198009832 661.978758453298
"384" 0.416666666666667 -794.380407752747 0.640860326677732 0.249706452300933 392.021243010182
"385" 0.25 -1574.21333514898 0.168400930848126 0.123092874754585 771.65142893584
"386" 0.25 -2636.68749808207 0.21378295122393 0.128924061844296 749.320685786125
"387" 0.0833333333333333 -1986.82735046764 0.16564660103897 0.124037969198147 781.633813614817
"388" 0.416666666666667 -763.574579076968 0.744899407293878 0.315390754965791 309.973697653529
"389" 0.416666666666667 -1171.7112213829 0.527546607447632 0.201837850123551 488.984290391929
"390" 0.25 -2608.10312932 0.401235520536774 0.163510342270136 599.779643946537
"391" 0.416666666666667 -2362.40502378976 0.499578802753671 0.188921183431507 506.28190357436
"392" 0.5 -1870.11306007316 0.51990523419023 0.19264688942178 496.566483731195
"393" 0.333333333333333 -1499.29709347336 0.348401169838166 0.150480168623453 640.789033703366
"394" 0.25 -2431.52251544878 0.24031279118928 0.13361994900344 721.668023982877
"395" 0.25 -2183.35564489309 0.390599032631452 0.165318901574177 609.109019816038
"396" 0.5 -757.839794843408 0.667091050091452 0.259410624127479 367.360635791277
"397" 0.25 -1779.7154756554 0.463775964897725 0.173862406738046 536.362624052889
"398" 0.333333333333333 -1701.53137443807 0.385405783478381 0.159421371517305 599.895599752828
"399" 0.166666666666667 -2807.64804049004 0.1506132781656 0.115912335439047 811.559721191064
"400" 0.166666666666667 -2418.94110033382 0.125877195839546 0.117466442227874 826.063856906933
"401" 0.0833333333333333 -1779.18669145433 0.0630441205652593 0.109893152125147 858.169491471932
"402" 0.333333333333333 -1226.20182336743 0.651209743583054 0.252778614204477 387.595538019436
"403" 0.25 -3184.55924398165 0.290645158308529 0.137319936123364 685.307994138403
"404" 0.25 -1572.89840255736 0.518691050132795 0.197238714584093 496.11707165048
"405" 0.416666666666667 -840.784555424806 0.735301048815823 0.304711078771166 316.780187535775
"406" 0.333333333333333 -2085.61578484481 0.322468312915715 0.147738706511983 653.02325864858
"407" 0.166666666666667 -2176.09154544589 0.170672136339822 0.125357568314549 784.337101758528
"408" 0.333333333333333 -2563.83575203851 0.276185011730929 0.135582304149997 700.342606306798
"409" 0.25 -1637.48804164439 0.433338644689166 0.170803675770017 569.616865107999
"410" 0.166666666666667 -1500.92500062561 0.371439849310055 0.155739038552685 618.430498203705
"411" 0.0833333333333333 -1584.03091459972 0.232277190415291 0.133681131445298 731.309013696085
"412" 0.333333333333333 -2189.45983707064 0.294471748466319 0.14478762501495 682.421331779636
"413" 0.166666666666667 -2072.79446339765 0.249152514452402 0.136664151946716 723.426206200011
"414" 0.333333333333333 -1395.83917639681 0.328352949269146 0.147509117122044 646.861935027572
"415" 0.25 -2023.02756744257 0.240836941931389 0.135069210929889 725.238065988361
"416" 0.0833333333333333 -2151.35651237425 0.0723386482008351 0.109915942875014 861.643424504879
"417" 0.25 -1647.03869560796 0.331219257310058 0.147486168349957 642.966570646246
"418" 0.25 -2544.34918323975 0.306629537515013 0.141990101257337 673.238249627757
"419" 0.25 -2869.7269437532 0.324794460691695 0.145830991664278 659.798841428058
"420" 0.416666666666667 -1024.44020522761 0.589618650625193 0.230178884263687 437.294797696592
"421" 0.5 -1040.31379386624 0.589797094421773 0.229093067499849 436.536173971882
"422" 0.333333333333333 -1479.3911269285 0.41496297590533 0.169853944577341 583.441033782275
"423" 0.25 -1534.35762661598 0.358730688048209 0.151425241818889 619.728604015568
"424" 0.416666666666667 -1851.82156429531 0.540122096372945 0.200469231463795 481.339283323335
"425" 0.166666666666667 -2380.79994665175 0.150848166270557 0.119782738475702 798.389730818477
"426" 0.333333333333333 -1565.72667641418 0.425769587507072 0.170106236830523 569.339120954345
"427" 0.333333333333333 -1960.57138149108 0.368508402015933 0.158624374197047 623.069002192607
"428" 0.25 -1919.38879187333 0.143914631000237 0.120764509319088 800.263989389711
"429" 0.25 -1714.77581645101 0.399500193044164 0.163262722545631 588.956595164607
"430" 0.333333333333333 -1712.44591112665 0.30802007330547 0.148328842547161 668.585948004876
"431" 0.25 -2476.81463310535 0.247816879150898 0.13659216287371 716.722846894618
"432" 0.333333333333333 -1540.42532609619 0.376698016620086 0.157778844044823 613.580726272287
"433" 0.333333333333333 -1039.23859770096 0.654870017110889 0.249678873434637 378.848318398837
"434" 0.166666666666667 -2266.50896396697 0.179194860383967 0.12412346670331 781.435525707179
"435" 0.166666666666667 -1884.97588523696 0.164942769697975 0.123675584516466 785.656709730113
"436" 0.25 -1161.27815720748 0.538518488464331 0.202181324301001 476.071937205922
"437" 0.333333333333333 -831.876085562795 0.601332991934 0.226895628071733 425.998958237446
"438" 0.166666666666667 -1973.0383661614 0.193695000393603 0.127084155256473 756.406509534409
"439" 0.333333333333333 -1216.39598569793 0.60949964661334 0.23416048558992 421.622154697659
"440" 0.416666666666667 -2550.24097995233 0.399631272976842 0.162931482385928 597.683010215359
"441" 0.333333333333333 -2188.30771076006 0.428356172733562 0.163571585620141 573.497107714601
"442" 0.416666666666667 -1545.67921686378 0.500908004408541 0.18736751165102 509.590768549335
"443" 0.333333333333333 -1297.82759203167 0.319016174729574 0.144142125103193 660.06891193504
"444" 0.166666666666667 -3580.85029980481 0.177474209361007 0.126603573361492 783.336131796404
"445" 0.333333333333333 -1005.78905607148 0.653377976003678 0.247076967989287 386.772676776373
"446" 0.25 -2491.61469600415 0.294903597862373 0.142199798187018 690.569530476094
"447" 0.333333333333333 -1403.3752082051 0.451481991873091 0.177627278662407 545.295768534206
"448" 0.25 -1571.15081946389 0.258653819114853 0.138353901907071 702.892380093713
"449" 0.166666666666667 -3919.27215017955 0.188429983427944 0.12691228546358 783.521917375131
"450" 0.5 -994.720783570207 0.550979481952385 0.210104724491268 472.375043658144
"451" 0.333333333333333 -2284.50279335279 0.291238256245995 0.140212847814915 688.396138307685
"452" 0.333333333333333 -1569.80040786469 0.325456019525632 0.146737289793055 652.425385297556
"453" 0.0833333333333333 -2111.53933840583 0.0947779818281977 0.113579958121279 847.841336897668
"454" 0.333333333333333 -1366.716141872 0.526896242302639 0.194677198836835 488.533503907407
"455" 0.416666666666667 -1986.41696551769 0.403276449867917 0.158210035312164 597.448548417212
"456" 0.416666666666667 -1843.20377808374 0.416338782057674 0.16479171612183 585.311346620275
"457" 0.0833333333333333 -1892.76952867079 0.20547683612487 0.126773128501102 761.813546435442
"458" 0.333333333333333 -1461.62633218832 0.269899808320152 0.138065084931159 699.558878797363
"459" 0.25 -2089.21253885773 0.227767448061075 0.128984619982914 729.83502344219
"460" 0.333333333333333 -1699.92233238419 0.524902459542454 0.201888237912575 498.030549575295
"461" 0.166666666666667 -1660.62437403668 0.241847087954392 0.134697771305206 718.064397941623
"462" 0.25 -2558.74812771503 0.278836547563854 0.143547698886969 695.674411086319
"463" 0.416666666666667 -1269.09742058884 0.499094422777957 0.190084285112814 513.754022536241
"464" 0.0833333333333333 -2104.64181205232 0.0408202132374829 0.107298728230556 888.338875493477
"465" 0.25 -2039.31428297269 0.34071593738738 0.147049363060565 643.808416648279
"466" 0.166666666666667 -2095.85257763705 0.305739300138627 0.143817985483073 677.834838658664
"467" 0.25 -2875.43381449642 0.292718167409073 0.139577406539418 689.85000934212
"468" 0.333333333333333 -1669.03781710264 0.245751438040926 0.135939075889776 720.077905693045
"469" 0.333333333333333 -1709.56506273005 0.390063757722935 0.160581101651918 604.437824240886
"470" 0.333333333333333 -1142.2275335075 0.409326313723732 0.166289201463896 580.398945068521
"471" 0.25 -1765.70158112824 0.340228481920618 0.15143891537799 646.681948903459
"472" 0.25 -2727.53620667735 0.268421060899593 0.138797065476942 702.935168868234
"473" 0.333333333333333 -843.31181210065 0.758596026236402 0.326565856476969 298.505111889122
"474" 0.25 -1794.78970054221 0.261359409574413 0.141582837721758 710.060778817139
"475" 0.25 -1691.13353482465 0.461574255188077 0.178343570909927 544.612518534041
"476" 0.5 -1543.59077363344 0.536885401198327 0.198643136021477 479.024894145131
"477" 0.166666666666667 -1364.82512987104 0.480294444798209 0.182121603890793 528.710708171805
"478" 0.416666666666667 -1426.5232829286 0.525120892187279 0.194582574112039 488.960081987712
"479" 0.166666666666667 -2431.82335168131 0.175509488585284 0.127504314636798 784.098499605968
"480" 0.25 -2692.66301536997 0.304027298074321 0.140222724835094 674.194666722743
"481" 0.333333333333333 -1375.20880234325 0.55316479810484 0.205112164754149 464.242628879705
"482" 0.416666666666667 -1036.61548021322 0.614016104435096 0.230521473358848 413.402297520614
"483" 0.166666666666667 -2000.04678275612 0.225094569647734 0.127452393899512 744.275352566014
"484" 0.333333333333333 -1295.35668732032 0.577690462888654 0.218544357329816 443.266076602088
"485" 0.0833333333333333 -1932.80973367024 0.0957214401187424 0.113804030796552 832.869793606061
"486" 0.25 -2238.86827693212 0.212049370096528 0.128682679621196 747.426062257495
"487" 0.416666666666667 -1234.09515477053 0.628899017136113 0.245641708918305 406.65309438738
"488" 0.25 -870.259986026402 0.578043092497292 0.218426561244128 444.029701246647
"489" 0.25 -1840.03961889196 0.347174967207991 0.152036276462289 639.977146480582
"490" 0.333333333333333 -2013.95766261325 0.228849518727317 0.130796047465665 731.615013139322
"491" 0.333333333333333 -2105.43067897778 0.3187373956876 0.146732360246176 661.946106393426
"492" 0.166666666666667 -2857.39899276057 0.242262378219708 0.132494479491207 721.797255733912
"493" 0.166666666666667 -2119.82479864686 0.183176313065394 0.122588929125663 768.063728766027
"494" 0.25 -1700.55993936557 0.39831899856487 0.165887599055405 591.662754226965
"495" 0.416666666666667 -1522.15577584092 0.444248609729545 0.176284993209454 560.975602089358
"496" 0.25 -1178.90448093347 0.547764015364175 0.213469553115427 473.389073799597
"497" 0.25 -2821.75774864115 0.294312429613918 0.139993692408384 695.591046914738
"498" 0.333333333333333 -1226.54204074605 0.447998419415395 0.179322726868962 552.252019655216
"499" 0.166666666666667 -1898.87746297839 0.397767033935662 0.159083304458698 601.121149757854
"500" 0.333333333333333 -1378.39749749227 0.368219023250535 0.154139601358179 618.241922844877
"501" 0.25 -1945.58175169423 0.523200997814925 0.192979620035768 491.803118330054
"502" 0.25 -2519.35882082373 0.298459691137881 0.144697819145681 677.001215971145
"503" 0.333333333333333 -2337.75957750564 0.332798955891054 0.147508224306246 655.279520783015
"504" 0.25 -1086.96042575941 0.702086569396123 0.278626220459337 345.940974915796
"505" 0.416666666666667 -1235.74696715136 0.417006760146918 0.169489233806813 579.475151404878
"506" 0.333333333333333 -1018.37425772408 0.534697667587343 0.204353562004632 482.949566118466
"507" 0.25 -2186.40909223028 0.215887303646864 0.130795698834371 755.858272341825
"508" 0.416666666666667 -1931.88369308848 0.377547398000528 0.159426792750493 612.616975281201
"509" 0.166666666666667 -2383.55282631622 0.0962672822404927 0.114707924186214 845.441303664493
"510" 0.333333333333333 -1482.82741742746 0.378745314946515 0.156291091655226 608.041508709663
"511" 0.166666666666667 -1418.86927549824 0.164313151947743 0.12460060454472 781.473778529046
"512" 0.166666666666667 -3672.34270922785 0.116776280864856 0.121385443497875 833.926361851906
"513" 0.166666666666667 -2316.44908140249 0.309348741291245 0.148977104933206 673.12745314776
"514" 0.0833333333333333 -3197.80375119645 0.0870117638782044 0.118332130818531 841.660677014897
"515" 0.416666666666667 -1814.98750488981 0.326463735006531 0.143715527951731 660.850507516856
"516" 0.0833333333333333 -3470.24651117809 0.0502903455079847 0.107821330955074 878.852233463014
"517" 0.416666666666667 -1003.79426444871 0.60485813598882 0.230023889357212 423.692822912941
"518" 0.416666666666667 -1052.63223470147 0.683786575397958 0.271444333959111 359.149184642476
"519" 0.416666666666667 -1155.40627100935 0.499586569369791 0.187873682596144 512.921688843891
"520" 0.25 -2085.32501516121 0.204145329922579 0.125910241432202 754.421226925333
"521" 0.416666666666667 -1625.04469753269 0.375451134935218 0.157957096347781 611.157261185883
"522" 0.25 -1150.55847973025 0.539826080535063 0.198550418313422 482.19255753092
"523" 0.25 -3156.8745373719 0.273154945195726 0.135787651883934 704.265327902115
"524" 0.166666666666667 -2873.21267501715 0.0734543502271066 0.110658631660309 865.39749657067
"525" 0.25 -1883.64432562037 0.373796444900308 0.159676216669257 614.403499568743
"526" 0.25 -2380.72080804226 0.273252341438791 0.138021716796931 703.725264953496
"527" 0.333333333333333 -1849.68948329267 0.319417897984438 0.143141213318512 663.396074671065
"528" 0.25 -1236.21112965452 0.536772268338466 0.202246017067658 478.455788426707
"529" 0.333333333333333 -2363.31699484437 0.310512356450308 0.145734039751924 669.801010354492
"530" 0.25 -1864.91625199661 0.33228263237179 0.148056166213303 648.556105875759
"531" 0.25 -1313.81565761178 0.323086386896161 0.148384464747515 658.20319241574
"532" 0.25 -2802.43278498582 0.178285647824179 0.119701881221503 782.080194841861
"533" 0.333333333333333 -1381.43666532013 0.363750979508428 0.155289823821603 620.79407066952
"534" 0.0833333333333333 -3943.68226775452 0.155117691395801 0.120285515290225 815.108902731165
"535" 0.25 -1587.84662853132 0.242913029904426 0.133986495681246 719.890770285786
"536" 0.333333333333333 -1064.93258739548 0.400098811118754 0.163517858788081 583.615984711866
"537" 0.25 -1475.38329213124 0.459806238796564 0.172233497902035 550.688095529657
"538" 0.416666666666667 -877.43094248896 0.429596780326126 0.166973173127546 562.355831604381
"539" 0.416666666666667 -711.035364947365 0.747869699607484 0.320943760150885 304.277545499988
"540" 0.25 -1724.02298998809 0.407153711047198 0.169331203655135 592.02605422528
"541" 0.166666666666667 -2473.26043769395 0.149896440010264 0.120642072582179 791.355675810971
"542" 0.25 -1971.64145796489 0.403924767446574 0.159879044211585 585.304702565633
"543" 0.5 -934.240328657851 0.667936988845797 0.255370205372867 372.984414049913
"544" 0.333333333333333 -1707.70072696868 0.380353268025513 0.157626020345277 615.201767968852
"545" 0.5 -2176.01040216386 0.60030905901476 0.224607683951733 438.664285551664
"546" 0.166666666666667 -2595.6036798921 0.174487105896772 0.121394947399511 788.468027438666
"547" 0.416666666666667 -1356.71300731311 0.409096254545515 0.163141883395519 587.020533125289
"548" 0.416666666666667 -1839.49865233092 0.353108352950529 0.15297843581837 628.185780980694
"549" 0.25 -2864.20824595446 0.228707999647427 0.128133954125123 737.970890608593
"550" 0.166666666666667 -2727.48479776057 0.226175374464892 0.130331610712864 738.221311354032
"551" 0.333333333333333 -1899.03494946901 0.401183929674575 0.162961518348415 594.034884312563
"552" 0.166666666666667 -1632.95543032082 0.308453581858664 0.147556354932221 668.377357529243
"553" 0.25 -1582.128570204 0.482331797623624 0.18271968233402 527.223337232228
"554" 0.333333333333333 -2560.78300923429 0.36699836145751 0.154665255059058 625.101786566316
"555" 0 -3618.05775626049 0.0390655828994612 0.108430802968502 909.886205628864
"556" 0.0833333333333333 -1736.52392850458 0.374998815085899 0.155986395747375 611.536956519331
"557" 0.166666666666667 -2249.13247425167 0.14584583638102 0.121965981346723 795.92481897187
"558" 0.416666666666667 -1486.1740579328 0.363905265134631 0.15717585798545 623.191649107635
"559" 0.25 -1632.21687635945 0.283160310505045 0.140072448937201 692.991193829896
"560" 0.25 -2465.1953794559 0.261536628905267 0.133934081738321 717.51644588355
"561" 0.416666666666667 -1846.44343876055 0.347676347974439 0.150876066240984 632.756401195284
"562" 0.25 -2461.14874182077 0.2394793967277 0.134420318571647 732.121648995811
"563" 0.25 -2157.66659559075 0.416296427056348 0.172934613168931 588.177567539481
"564" 0.166666666666667 -3450.87064883968 0.206220009519665 0.128350440818388 757.752791975183
"565" 0.0833333333333333 -2082.68399265456 0.0975225996969989 0.115293419020298 843.261998689524
"566" 0.416666666666667 -810.099304819737 0.587286093805002 0.217393783650949 435.47851562358
"567" 0.333333333333333 -1370.10507143051 0.442695460396553 0.175100612034878 560.356807553791
"568" 0.5 -1701.7969509396 0.572972504055933 0.220811094916723 451.290600619838
"569" 0.333333333333333 -2213.54866734175 0.256357428646772 0.130846646997625 720.965246242075
"570" 0.416666666666667 -1330.71099262414 0.452153700146787 0.183553626374068 552.112725458131
"571" 0.416666666666667 -1492.48666657356 0.524441445809297 0.197109483336999 491.22878009011
"572" 0.416666666666667 -1319.25019771165 0.491590110008687 0.185013378170775 516.331246067118
"573" 0.166666666666667 -3007.89732393302 0.138950605790132 0.119748274811829 811.772227701102
"574" 0.333333333333333 -1797.00317553235 0.458363876453416 0.183899661028981 546.098357468122
"575" 0.25 -1698.21522746902 0.439501944319169 0.171030659161198 559.232440921501
"576" 0.333333333333333 -1060.41047390849 0.534317687718667 0.200791328579825 479.606749677635
"577" 0.25 -1796.2371188274 0.277225897392517 0.136829067714055 699.251512097218
"578" 0.166666666666667 -3286.79859941569 0.134549944986129 0.116638553844537 827.549711404112
"579" 0.25 -1099.79875765103 0.478681502699285 0.184137380812607 527.557125304872
"580" 0.333333333333333 -1028.74194066355 0.550116878259426 0.205258376984809 465.799577633175
"581" 0.25 -1929.67324869457 0.310555221314109 0.147408670527525 673.972992104362
"582" 0.333333333333333 -1954.16357988813 0.390534148360436 0.16277982356423 602.279011726892
"583" 0.333333333333333 -1176.70051876078 0.544026677836017 0.204521603498369 474.33912503859
"584" 0.25 -2659.05038139483 0.2356103387231 0.134768226989604 728.789128179592
"585" 0.333333333333333 -1329.66692142564 0.597652939775565 0.222681066300827 433.344635307346
"586" 0.416666666666667 -1019.18218316481 0.408335379308232 0.164832470715259 579.910937497276
"587" 0.25 -2519.0300889235 0.205767076436692 0.128758454640203 759.487351642945
"588" 0.25 -1083.2387947334 0.505409604981059 0.193624890979247 505.089158369205
"589" 0.25 -2069.50250644666 0.277571376763672 0.136663833122595 687.639519429766
"590" 0.333333333333333 -1287.22557365788 0.519627547395586 0.19867791085759 497.515820805449
"591" 0.333333333333333 -1938.49098286952 0.370712481227684 0.157060589958011 623.575280606956
"592" 0.25 -2205.58511744325 0.464621764509661 0.184148038940567 550.412134721992
"593" 0.5 -1213.07313912155 0.645251855440398 0.242159318049925 387.770555722574
"594" 0.25 -1682.4191300548 0.526771133127296 0.200340775356288 492.61340596641
"595" 0.166666666666667 -4074.47261634073 0.135467428200675 0.117316827914645 808.193210611935
"596" 0.25 -2101.70272323529 0.492763438712551 0.183622397737009 518.997564400919
"597" 0.333333333333333 -1097.81973813701 0.425701446772241 0.172147923992729 572.807027516118
"598" 0.166666666666667 -1907.22102545366 0.198986728497864 0.126234605550399 763.028926193738
"599" 0.416666666666667 -1867.66141079498 0.349899435249019 0.151027056440056 632.640992233297
"600" 0.25 -1292.52662821926 0.426596646958838 0.170537352583107 574.194091932173
"601" 0.25 -2001.56949384049 0.381416369547767 0.156901802851012 610.571204049722
"602" 0.333333333333333 -2759.94660870446 0.292839406019917 0.144292200784603 688.21019047692
"603" 0.25 -1024.92922392506 0.724222537557393 0.300322734072729 327.982644060371
"604" 0.25 -1807.64190235768 0.311592893950219 0.144789831036751 666.55852644681
"605" 0.166666666666667 -1848.87251641461 0.416852834284706 0.163218912544018 587.435445846571
"606" 0.166666666666667 -1835.86908663022 0.326772657345606 0.145798700943826 645.637305108202
"607" 0.166666666666667 -2215.64382352926 0.201810932479949 0.12969087644584 760.471622143663
"608" 0.166666666666667 -1654.43312247014 0.393169432901179 0.160359727092348 609.623229728593
"609" 0.166666666666667 -2019.39935356013 0.14160036767642 0.12299990364992 812.123023758363
"610" 0.333333333333333 -1136.28009267078 0.481315672238616 0.178174038258064 524.162064858433
"611" 0.25 -1972.59220972303 0.239198049178449 0.132209329965027 728.872686658124
"612" 0.25 -1685.4928148084 0.366050306793065 0.154890162431121 619.735453472729
"613" 0.416666666666667 -1525.48627372074 0.449454623026599 0.172467979481569 547.784070365527
"614" 0.416666666666667 -1108.8572207501 0.402012523642503 0.163179735907223 592.26558239311
"615" 0.25 -2408.97039198161 0.234689101290085 0.13062382730179 738.733461447107
"616" 0.333333333333333 -1182.81323490046 0.416826577330062 0.168504637891805 575.569930912624
"617" 0.416666666666667 -1295.6981918323 0.540864471141588 0.209199782688141 484.574535806128
"618" 0.333333333333333 -1622.75815732995 0.492256446564167 0.190311556468618 515.973172223382
"619" 0.416666666666667 -1487.15894436317 0.397055039251346 0.159121830002734 591.763178525935
"620" 0.25 -1761.44902183273 0.393907087885856 0.161120169071648 596.824788535014
"621" 0.333333333333333 -2014.13454897501 0.387122099623272 0.15619684156675 608.28916614838
"622" 0.333333333333333 -1924.04819110675 0.355902309454731 0.150565406963958 629.594971630769
"623" 0.333333333333333 -1456.99547486708 0.355702324072926 0.155534125350243 623.306555596483
"624" 0.25 -1976.01497152434 0.394694459536295 0.159931315087911 592.094175658492
"625" 0.333333333333333 -1176.02290905132 0.588194337060495 0.218771446493856 437.807287813513
"626" 0.333333333333333 -1648.0566343519 0.410901918166686 0.162904855544243 587.829642005707
"627" 0.333333333333333 -1300.21246396528 0.510402381887534 0.196925358334444 502.385436313995
"628" 0.333333333333333 -1813.40974218811 0.562066766730079 0.206298273534114 463.959724060073
"629" 0.416666666666667 -1462.44351653038 0.587931700929562 0.219429167224017 440.92134833578
"630" 0.416666666666667 -1314.02507145384 0.482232713353268 0.184279959528986 525.959277940774
"631" 0.416666666666667 -2266.35680064863 0.519299784417833 0.19284275087523 503.328336716979
"632" 0.333333333333333 -879.720945844337 0.619850122586005 0.245603111345799 417.307952792174
"633" 0.0833333333333333 -1910.4369393403 0.0764742130684121 0.111437806121653 852.232409710204
"634" 0.25 -1376.2279305601 0.447010714387163 0.180009014632902 557.834015656077
"635" 0.333333333333333 -2215.92031200673 0.399236411747296 0.163709527954006 596.244840529654
"636" 0.166666666666667 -1629.16851841503 0.38138658944799 0.158066964024519 607.513835952012
"637" 0.5 -1606.74620234828 0.597938512278665 0.221672442205076 430.386862623692
"638" 0.333333333333333 -1721.42510062392 0.487717684732781 0.18944833845178 517.442793974653
"639" 0.0833333333333333 -2392.01450146051 0.119868239005494 0.116982159034615 821.968665034045
"640" 0.25 -1163.10371361752 0.735016268769094 0.305380094903625 319.374079433107
"641" 0.416666666666667 -1829.1263575821 0.439141851347371 0.177723018148197 570.834197357507
"642" 0.333333333333333 -1511.35274995486 0.321316850701921 0.15236962595381 656.286511358735
"643" 0.5 -1698.733541649 0.512508269789684 0.190606358121069 503.120186165231
"644" 0.25 -1413.22887430052 0.31005490703546 0.146027024176883 664.466277725808
"645" 0.333333333333333 -1275.72421116722 0.504592141958575 0.187363205406391 509.063518303214
"646" 0.416666666666667 -1794.24120454069 0.461009161708249 0.177483445362666 549.185319110192
"647" 0.416666666666667 -2127.54096363835 0.451340333907768 0.177495856333372 556.351791419741
"648" 0.166666666666667 -3847.85933785367 0.172049406984608 0.121843972647498 787.257536037639
"649" 0.416666666666667 -1252.30842582188 0.51892268158099 0.189318682652061 493.34745555548
"650" 0.5 -1688.04268484024 0.597313805728638 0.217442293538789 430.267798197782
"651" 0.25 -1883.35367484137 0.452918821988557 0.179787095426003 544.520078088949
"652" 0.416666666666667 -1046.27575088007 0.51277730143774 0.196276062902025 496.738265520963
"653" 0.333333333333333 -1209.97545672221 0.383127620763455 0.155427012596806 605.693878586823
"654" 0.333333333333333 -2616.37744865922 0.282286276849669 0.140474610810619 695.626491827262
"655" 0.333333333333333 -1103.14396481833 0.538430344541821 0.200473674823323 472.301235344005
"656" 0.416666666666667 -1111.80636905784 0.474905896292162 0.179753160655757 522.76623936228
"657" 0.333333333333333 -2329.76307409304 0.250883718399515 0.136729118051532 710.560214429931
"658" 0.166666666666667 -1994.46964680747 0.236874426900242 0.131799356704407 726.549048572639
"659" 0.166666666666667 -1979.98516585027 0.0686829148625514 0.111044823398332 865.882593688998
"660" 0.333333333333333 -1705.52985702698 0.365784221422832 0.161896592990493 615.940556738246
"661" 0.25 -1212.66349468755 0.441062913227732 0.171890139080164 558.758188742562
"662" 0.25 -1607.52899521968 0.318194604890191 0.150506624010228 661.976959865843
"663" 0.333333333333333 -3041.02835914423 0.368910719793537 0.155753957968715 624.263529272238
"664" 0.25 -2083.24007246521 0.238849608044793 0.130165886642291 732.207931231032
"665" 0.333333333333333 -1396.32703586645 0.530763428764636 0.198394249334697 481.408782106778
"666" 0.416666666666667 -1938.09890966323 0.320153494369079 0.145890081705208 656.77369682123
"667" 0.25 -1797.54953064081 0.25269713012072 0.135601935375403 712.728971798439
"668" 0.25 -1664.59971993272 0.442026662368777 0.175368757245679 559.6506083966
"669" 0.416666666666667 -1909.38324064094 0.359744825754857 0.155730082874134 627.915238875616
"670" 0.333333333333333 -2890.7674771493 0.350457950579176 0.147611801188002 638.414908609563
"671" 0.0833333333333333 -2471.76623530983 0.0461443656257903 0.106157270316063 880.316377125494
"672" 0.416666666666667 -1187.19959391553 0.670811591272128 0.262092003572901 366.586364541622
"673" 0.25 -2654.25241958267 0.168684265225695 0.120164571989135 790.642682335409
"674" 0.333333333333333 -1705.15234655725 0.390766585620607 0.157720531744433 596.5353200529
"675" 0.166666666666667 -2065.95909350846 0.198735218789583 0.128505779459302 765.655858858814
"676" 0.25 -2543.83985111889 0.197252559028389 0.126066830204648 771.591137195635
"677" 0.333333333333333 -1254.01049686501 0.624450251069619 0.234876719637351 407.28527989483
"678" 0.25 -1688.10911586735 0.253287781255266 0.138599078645609 707.081081243954
"679" 0.333333333333333 -1309.554589556 0.366294684237734 0.156752730030094 615.273386090295
"680" 0.416666666666667 -1486.83549116217 0.415369269722044 0.170147596471417 583.295769973821
"681" 0.333333333333333 -1658.96619874937 0.343008717650221 0.153556010606247 634.96869259656
"682" 0.333333333333333 -2127.55688530396 0.376623417657844 0.154040540981189 614.214837915637
"683" 0.333333333333333 -2748.33938078326 0.26196010961504 0.134720074369107 714.850338519318
"684" 0.166666666666667 -1949.94742748689 0.296934036070946 0.145451647530004 687.211543404847
"685" 0.25 -1311.52370114734 0.363463640731371 0.159778968490387 625.944392210338
"686" 0.25 -1900.36526968761 0.319760917706564 0.147184627603929 657.106196324993
"687" 0.166666666666667 -1889.23114532471 0.180926017447619 0.124249037537985 776.356962233177
"688" 0.25 -1907.64902772137 0.517928844715495 0.194339405141874 506.397892025439
"689" 0.166666666666667 -1111.37070285319 0.491221773514503 0.187400939812616 514.654219907103
"690" 0.25 -2116.15703805082 0.219632925487343 0.128532536878757 739.570590526867
"691" 0.25 -1254.17185987434 0.498780957197432 0.189319851296366 514.897963058902
"692" 0.416666666666667 -3084.43088772254 0.389978654229995 0.159626391125503 607.175234725932
"693" 0.25 -1544.15914648352 0.205512733634506 0.127264898495393 755.275106803514
"694" 0.333333333333333 -1716.49326711451 0.236690085003407 0.131383675191889 723.174803235382
"695" 0.333333333333333 -1858.0153044711 0.469256505141873 0.179722881435711 534.563860970154
"696" 0.25 -1313.58579722262 0.379403053076457 0.161340956071551 607.60992160053
"697" 0.0833333333333333 -2334.39985974569 0.276281753471596 0.137255043992471 693.267932497501
"698" 0.333333333333333 -2354.47801666661 0.367064865125579 0.156074910848729 628.130642547365
"699" 0.166666666666667 -2184.72516349861 0.369952972428519 0.154457657494931 626.762727598637
"700" 0.333333333333333 -1376.44873200343 0.58620593051884 0.226383775293691 440.504386773729
"701" 0.416666666666667 -1721.71775568296 0.476380314833388 0.177270991118673 526.944043568452
"702" 0.416666666666667 -1023.08538290824 0.621922070156745 0.243314668483853 408.103322469466
"703" 0.333333333333333 -1162.9841593374 0.298688745199778 0.142082622032037 669.552681660513
"704" 0.333333333333333 -1173.65168101973 0.668112192549366 0.267611704441593 375.315155245434
"705" 0.0833333333333333 -2527.78299407374 0.0426699741796521 0.10797305519717 885.463856088743
"706" 0.333333333333333 -1231.67846851782 0.519468555782207 0.194833472267056 493.400542610954
"707" 0.166666666666667 -2607.28107854669 0.135176469717301 0.117983014672134 819.356299872976
"708" 0.25 -2785.94479143888 0.310288490171387 0.144123492757662 670.689611580246
"709" 0.333333333333333 -1725.29385339634 0.402846163021954 0.162140256722875 587.954558676924
"710" 0.166666666666667 -3120.46075308554 0.214017501592972 0.125642019438055 754.499269240443
"711" 0.25 -1379.84745409559 0.486192424035677 0.181427752846625 524.555876147398
"712" 0.25 -2115.73498291121 0.23593689636537 0.129782443019989 726.367478410341
"713" 0.333333333333333 -1287.77565070876 0.446978684513214 0.17554271635006 548.327556152944
"714" 0.25 -2190.38752412632 0.192093659914009 0.124872791684632 760.681136859884
"715" 0.333333333333333 -2221.11069036454 0.343270238475122 0.153442283976923 642.886661032355
"716" 0.25 -1745.4854328882 0.564190477418156 0.217165986338305 458.598104607035
"717" 0.25 -2621.58035022063 0.261773310770419 0.140625137146704 721.321907428908
"718" 0.25 -1671.7150239324 0.402985031476522 0.165979221332054 586.237014894164
"719" 0.333333333333333 -1775.98924892337 0.411516698824003 0.168399657615659 588.382665933552
"720" 0.166666666666667 -2331.11947665457 0.186846559695354 0.125343374938924 776.077486668387
"721" 0.166666666666667 -2357.47196792906 0.168286117675801 0.120761421792 781.469553773478
"722" 0.333333333333333 -1602.19575281435 0.404564089873873 0.166465600047167 588.500953217829
"723" 0.333333333333333 -1529.37125308449 0.723702888871961 0.300346319249678 326.009832209395
"724" 0.333333333333333 -1210.08074213187 0.546661975991287 0.207557295730336 473.113763681264
"725" 0.333333333333333 -2079.28385103869 0.345938709280799 0.152525306956438 638.884204062005
"726" 0.166666666666667 -1865.0130019525 0.336643415460402 0.157678271367382 648.241795652849
"727" 0.25 -1494.87423082055 0.251177061816151 0.140084194070352 713.060045980429
"728" 0.25 -1417.7138047293 0.33166883051166 0.148694895065311 646.575475303549
"729" 0.5 -1672.43551322976 0.608314530618538 0.225313281235128 427.04813727322
"730" 0.333333333333333 -1844.37502753125 0.296981437619184 0.142670928090855 679.610493345233
"731" 0.166666666666667 -2232.89067083484 0.0996101732427426 0.114651604547017 857.908896021917
"732" 0.416666666666667 -1478.66823305899 0.49347654379329 0.190333323134434 519.869577461341
"733" 0.25 -1580.18839755359 0.382212939549174 0.155884316443267 608.372848869977
"734" 0.416666666666667 -1402.26164805816 0.392468653706696 0.165748190881557 597.43134172752
"735" 0.25 -2408.51244673799 0.224102141387824 0.132257389884589 744.871350273653
"736" 0.25 -2550.38871063244 0.246774144934586 0.136662767320088 729.265325721121
"737" 0.333333333333333 -1760.2777355507 0.460821134141727 0.178791502739321 543.218424551166
"738" 0.416666666666667 -1299.25851774095 0.567945661603889 0.209364335794161 457.028619101713
"739" 0.166666666666667 -2052.90974066514 0.215199904861954 0.12670471100363 744.208752054791
"740" 0.333333333333333 -1678.57020098098 0.263216237365949 0.13656819424332 697.79888696326
"741" 0.25 -1362.01871308963 0.342056026957783 0.149422445837971 635.518766550883
"742" 0.333333333333333 -2443.40525837457 0.262260195642229 0.136899150866415 710.602542135562
"743" 0.25 -973.241391508401 0.684687547718533 0.277828590996535 359.621451120637
"744" 0.25 -2488.41634788223 0.306477004204237 0.14394297578534 678.637963470188
"745" 0.25 -1904.89508089771 0.329849129429838 0.149445393123682 652.404429961229
"746" 0.25 -1499.80118274226 0.19933264481178 0.123750919653863 755.56145943068
"747" 0.416666666666667 -1527.54562350253 0.641867951588271 0.244381697247489 391.371476617875
"748" 0.416666666666667 -1049.63166117769 0.608242268506137 0.234485658666103 416.872758360067
"749" 0.25 -1535.17720849735 0.246124651431569 0.138040981023544 715.570602042391
"750" 0.25 -1646.98843422923 0.396929452955805 0.166643433914548 595.577362878201
"751" 0.416666666666667 -1272.9763514317 0.681303160430588 0.266403702154473 363.358109187218
"752" 0.25 -1675.36171620773 0.192071128454006 0.127249910825893 765.703061331669
"753" 0.416666666666667 -876.956449813477 0.642969065382838 0.247553497967323 391.00290929107
"754" 0.25 -1661.12209755476 0.390471885171547 0.155876716023154 602.379602903197
"755" 0.166666666666667 -1298.58165974698 0.55221195658828 0.209512512670597 467.333897127886
"756" 0.166666666666667 -1697.56867091313 0.140250549355382 0.118671139907978 800.931220675004
"757" 0.166666666666667 -2031.48776639763 0.406742853558481 0.165731774956084 591.383211946418
"758" 0.166666666666667 -2270.02691790393 0.137146802217703 0.11944817893836 811.104129176517
"759" 0.25 -1518.39237284906 0.489839012960409 0.18913008635166 517.066616392834
"760" 0.333333333333333 -1446.5259336881 0.536837886922563 0.199165392099477 475.757112903241
"761" 0.0833333333333333 -2706.06199450903 0.106950971253266 0.113703579236619 841.289722196921
"762" 0.25 -1965.79069586752 0.160346083607278 0.120745401889531 790.083466744609
"763" 0.333333333333333 -1668.51129920802 0.588602842071657 0.220043545464061 438.027083589346
"764" 0.166666666666667 -2417.5058085947 0.15945893286396 0.122760159054899 794.633702134877
"765" 0.25 -1461.59323795225 0.554288375860887 0.203967908572494 467.388370861113
"766" 0.333333333333333 -912.617799878324 0.577493155877647 0.222378127663118 445.041095485888
"767" 0.166666666666667 -2110.94012155871 0.149538747622494 0.121342020383378 802.452033239999
"768" 0.166666666666667 -2461.5397497906 0.269063216582826 0.143576326148291 703.17809394307
"769" 0.25 -4280.94257241513 0.254910359292259 0.137777868942768 723.341854729154
"770" 0.166666666666667 -2336.39460409178 0.158461717820453 0.124489116953676 799.710905746208
"771" 0.333333333333333 -1254.933948898 0.387182959970614 0.164821642431401 600.599465839285
"772" 0.25 -3082.07195037603 0.220693094071579 0.128421054209596 751.354313220666
"773" 0.166666666666667 -2604.2789826945 0.1493493372069 0.121668038041119 802.554067975027
"774" 0.25 -1545.43530377807 0.46771097759558 0.177497484398239 540.369635819132
"775" 0.166666666666667 -1619.20090084572 0.141630707862789 0.118390521695012 801.279350548983
"776" 0.25 -2461.10850342847 0.326132262945361 0.148754582289641 661.783118578861
"777" 0.25 -1760.1744157887 0.21651461546281 0.127421878185155 739.488385628327
"778" 0.25 -2280.96846417604 0.334816835342077 0.150893514132981 653.046852724021
"779" 0.333333333333333 -2037.10906382569 0.490939662039929 0.188580435886418 520.279175816872
"780" 0.333333333333333 -2604.90501240735 0.256976650699057 0.136103496219028 714.487912529055
"781" 0.25 -1833.05412580542 0.406705259043378 0.16265963464466 594.636604009057
"782" 0.333333333333333 -2235.90353900655 0.334222852718728 0.147343785920728 642.771601465601
"783" 0.333333333333333 -1784.3452485896 0.48625834163055 0.180833154825975 518.633499421761
"784" 0.416666666666667 -1302.56175353166 0.575283467745336 0.22253567394057 449.576743877586
"785" 0.25 -1802.04923656461 0.489378756321568 0.18054776580269 520.566122248513
"786" 0.416666666666667 -2120.85118892268 0.41999045760152 0.16587537832354 582.17463674231
"787" 0.166666666666667 -1936.05810854951 0.209616333722413 0.1268304189459 750.595440801745
"788" 0.333333333333333 -1584.60013011672 0.444786265680075 0.180293761140419 560.002153152414
"789" 0.416666666666667 -1697.71971052468 0.351968791983735 0.153118284324143 632.42489743589
"790" 0.25 -1272.26179341289 0.467808161923559 0.179500610446953 534.39139582559
"791" 0.416666666666667 -1501.41590943957 0.579075873248098 0.216127375541062 450.59769491367
"792" 0.333333333333333 -1395.06357647337 0.402329263107524 0.16613465761554 587.344068496302
"793" 0.25 -2499.59597202522 0.285899672299738 0.137010980261294 691.030656730221
"794" 0.416666666666667 -1718.91826695811 0.496692070047214 0.188130134750916 511.362883039238
"795" 0.166666666666667 -1375.49718018058 0.549203296703138 0.200770414940567 467.10532625569
"796" 0.333333333333333 -1686.59107011454 0.520990349465928 0.196688048495234 495.284528818331
"797" 0.25 -948.40836552126 0.562467580025736 0.213926351478989 457.925066499435
"798" 0.333333333333333 -1957.05705654008 0.255576159503255 0.131344842458203 719.758726327517
"799" 0.333333333333333 -2365.62878997887 0.240008386689875 0.129436620754493 725.305056390911
"800" 0.333333333333333 -2915.7743618896 0.334203727158761 0.152082514249507 660.17684395127
"801" 0.25 -2229.51270729777 0.26976962759914 0.136997182998817 699.658927426045
"802" 0.166666666666667 -1960.51974909498 0.159901326396136 0.123775315382934 794.482733421074
"803" 0.25 -1215.8000182695 0.541125822393288 0.202413430473064 474.604023940326
"804" 0.25 -1780.30436916033 0.224480910794636 0.129866829295776 735.114898341661
"805" 0.333333333333333 -2652.05081223005 0.257401092872003 0.135128669664599 716.133528755885
"806" 0.5 -1166.66293316279 0.438572748409193 0.169921563567738 558.62796160318
"807" 0.166666666666667 -1679.31723766857 0.172336745965342 0.123641803973648 786.94076865036
"808" 0.25 -1812.172604393 0.249529110670746 0.135196706149796 706.393437243859
"809" 0.0833333333333333 -2100.33728655235 0.273809399630385 0.139451558919692 688.491794852936
"810" 0.333333333333333 -1124.99220748414 0.683351819776915 0.271379624086735 356.495468295715
"811" 0.25 -1472.46975488281 0.407099438389064 0.170741102950793 583.821602357598
"812" 0.166666666666667 -2033.19940641031 0.113429856031343 0.116668755887855 832.15324246774
"813" 0.333333333333333 -1329.52496245244 0.322488029839137 0.14606040469918 654.802211574605
"814" 0.25 -1738.96105817473 0.368264111507492 0.158015517051423 615.348512549722
"815" 0.333333333333333 -1531.15647206123 0.581859909778319 0.217512581058572 446.449133207742
"816" 0.333333333333333 -1077.23608367122 0.653567122636728 0.247796360502981 383.483901072061
"817" 0.25 -2491.4851620007 0.233481962705478 0.130948639671681 743.979402629309
"818" 0.333333333333333 -1981.53587317165 0.33552072935318 0.146190518969867 647.0042538943
"819" 0.25 -2381.25383157311 0.308281750547091 0.140975520405679 661.382629920915
"820" 0.333333333333333 -1894.14507642242 0.3348089313164 0.144952558022357 642.271766068111
"821" 0.416666666666667 -1360.54056072649 0.520932869080634 0.194112132321847 492.654175231187
"822" 0.25 -1900.53602500018 0.214658481199458 0.132814443324731 753.525996471662
"823" 0.25 -2151.42394199476 0.242068438907295 0.134804334568796 720.912123721233
"824" 0.416666666666667 -1826.09935729392 0.504888333360435 0.190530011691139 512.213522027666
"825" 0.25 -2081.68808347593 0.257403679271399 0.133366388567361 716.54113959875
"826" 0.333333333333333 -1965.45399239067 0.352724195784882 0.15225304795158 641.964704911644
"827" 0.333333333333333 -1173.97802228681 0.415775793212992 0.16356786971963 575.067737385561
"828" 0.333333333333333 -2392.3012781243 0.383963408684882 0.157382451676919 605.63926971294
"829" 0.166666666666667 -2289.20295388764 0.283041257838934 0.135841948184822 695.569891023822
"830" 0.333333333333333 -1703.3364472216 0.430769030717582 0.169609525535559 567.905861093081
"831" 0.333333333333333 -1856.91756637796 0.447462126020204 0.179984723113081 559.780646807375
"832" 0.166666666666667 -2638.80259477653 0.225824968111107 0.128190590692492 740.900740951276
"833" 0.416666666666667 -836.556228171793 0.60767355722306 0.23143937361687 415.20992648704
"834" 0.333333333333333 -1663.40307398946 0.413540130789914 0.167108814461002 578.49639669701
"835" 0.25 -1033.22104797269 0.634720752485174 0.247774306323399 400.174727624585
"836" 0.25 -2220.86156683509 0.483337646779161 0.1779118180962 530.252242756286
"837" 0.166666666666667 -1872.83280673706 0.44631253433525 0.171248710228277 557.104461912601
"838" 0.416666666666667 -1360.2974906013 0.57426261349883 0.208406971845382 450.359798034397
"839" 0.25 -1392.75778857304 0.3117583723749 0.141261797441871 667.520947900671
"840" 0.333333333333333 -1950.25728958104 0.331367779205465 0.145825670538096 656.957591733406
"841" 0.166666666666667 -2254.90391443563 0.279898826988523 0.138669389283965 698.244238425512
"842" 0.25 -2050.4266163151 0.40929193430992 0.16406981579671 590.787347140466
"843" 0.333333333333333 -1534.78411330762 0.398988499440544 0.16260939497959 590.458711116575
"844" 0.25 -1413.15024529507 0.464406088339468 0.179092552457659 537.796099976753
"845" 0.416666666666667 -1673.99306063182 0.537590508979151 0.198733180281093 479.484495034092
"846" 0.25 -2132.31395647677 0.341569010836731 0.153183656946969 644.636451063585
"847" 0.5 -1240.91041987092 0.498686405794882 0.187192926263301 504.255214826413
"848" 0.25 -4502.34303674841 0.197629620101261 0.127415080868495 771.046017444739
"849" 0.333333333333333 -889.41143445055 0.711988932072078 0.287637302225021 333.370389134204
"850" 0.333333333333333 -3282.48292979412 0.422124509172066 0.171560505079569 581.255526213348
"851" 0.416666666666667 -1351.37779079285 0.546150169730267 0.204929727564187 473.367791607208
"852" 0.333333333333333 -1450.29019583688 0.286312620471807 0.137661263654121 678.645523384446
"853" 0.25 -1976.54267469951 0.319566553137852 0.147149782649603 664.348904763744
"854" 0.333333333333333 -2039.59816508871 0.288079309746399 0.146850501696828 690.511986924778
"855" 0.333333333333333 -1966.49802814283 0.361135337068722 0.153597353645557 623.209131192486
"856" 0.333333333333333 -1341.23326605339 0.490141786007593 0.191319040004167 519.947787250392
"857" 0.583333333333333 -1089.94738784294 0.585722626542543 0.222591558063279 438.208551370632
"858" 0.333333333333333 -1436.35582794136 0.53544512001261 0.198986635548898 481.434764620988
"859" 0.166666666666667 -2442.64190269512 0.128494464407737 0.114112938377664 819.195087984344
"860" 0.333333333333333 -1404.77517774082 0.529502658383002 0.197647228873833 487.026975074713
"861" 0.0833333333333333 -3163.59186371223 0.0710622334789887 0.109646532815203 878.257655490306
"862" 0.25 -1686.76765480515 0.401000236660123 0.160837978513715 595.838008599286
"863" 0.416666666666667 -1472.91748215365 0.524034182958424 0.192858492338029 487.172623095801
"864" 0.333333333333333 -2123.73452093081 0.355668740676549 0.156609588774808 629.41756732543
"865" 0.25 -1519.69015062251 0.249014037748035 0.136958824190098 707.208477395913
"866" 0.166666666666667 -1453.09389316131 0.393297382016092 0.160675422134886 591.061355139711
"867" 0.166666666666667 -2343.29943707783 0.255785074627028 0.13952702922857 713.961451233365
"868" 0.333333333333333 -2136.22667893704 0.418728410039634 0.16675745826608 574.910085117328
"869" 0.416666666666667 -933.848813046864 0.56453295093976 0.214247427703461 453.094700368866
"870" 0.166666666666667 -3404.9832872924 0.141221507994315 0.118883065734559 810.102599394973
"871" 0.416666666666667 -1045.96481517408 0.63181785246909 0.241845806859378 402.928028947488
"872" 0.25 -1731.10003084406 0.2340404878094 0.137002058575164 726.897571119433
"873" 0.166666666666667 -3343.32166530668 0.187716668596699 0.122380104747304 769.819755258458
"874" 0.333333333333333 -1631.22816345407 0.365198251275103 0.156767142562257 620.489533773134
"875" 0.166666666666667 -2662.6572679686 0.137694825908691 0.116629231195726 814.987109059561
"876" 0.25 -2312.4031770321 0.454183105566417 0.180022629190173 555.192080581025
"877" 0.333333333333333 -1736.63141714126 0.475473383467628 0.181264757017929 537.386963901506
"878" 0.333333333333333 -2717.59562474809 0.356276927037542 0.154433575598649 631.419275595178
"879" 0.25 -2506.82180348647 0.249012784522908 0.138175029732842 716.875333893835
"880" 0.25 -1555.95713029657 0.507471700536129 0.195923978882239 512.017196176853
"881" 0.25 -1462.32209937498 0.483656705865026 0.180090662531202 528.133878909308
"882" 0.25 -1661.44058470828 0.467157958357926 0.180788173771215 543.671445446997
"883" 0.416666666666667 -2075.47694137584 0.329859317832205 0.146291609834995 656.41311751022
"884" 0.416666666666667 -1547.37749494017 0.451866408606606 0.174883056349714 546.57064480104
"885" 0.25 -1490.66070108951 0.241749678285241 0.133488131827051 717.331180604897
"886" 0.333333333333333 -1753.249474161 0.497321439962076 0.188827803025085 514.619290860603
"887" 0.25 -1945.76561283287 0.23758470976288 0.12835138334112 725.641959679755
"888" 0.25 -2478.38450186951 0.270803627419753 0.139556567833297 703.283225766872
"889" 0.416666666666667 -1018.07252838467 0.555481854626239 0.209212351314892 468.147422142187
"890" 0.166666666666667 -1750.8843454158 0.185923575763523 0.126404069741158 767.999491863418
"891" 0.416666666666667 -1938.20885715165 0.591812199848651 0.221073861613336 436.020612174482
"892" 0.25 -2631.3875662244 0.154540400480906 0.11813545975562 795.54107996216
"893" 0.25 -2432.13698105697 0.473356242475531 0.181905173990178 537.439491994376
"894" 0.166666666666667 -2618.62297680092 0.0904635863302218 0.112500719352655 836.397616233188
"895" 0.416666666666667 -1946.1722528394 0.35347508606162 0.152566007411706 632.068957039341
"896" 0.0833333333333333 -5893.6977582496 0.0444102378812653 0.10789016949076 890.671912416211
"897" 0.25 -2048.99250808925 0.540115580824787 0.200534901077642 479.31556648463
"898" 0.166666666666667 -2421.97136433146 0.240990411738442 0.134105699085685 716.884804561525
"899" 0.333333333333333 -1899.83488318 0.302463871489658 0.143208421328605 669.6872569161
"900" 0.333333333333333 -1983.68196175948 0.36697545019317 0.161036011443665 624.135901428619
"901" 0.25 -2118.30473308594 0.251456408949049 0.136518444555747 715.257564733527
"902" 0.333333333333333 -1881.46750767547 0.460414598746861 0.17478620849024 543.03639709875
"903" 0.0833333333333333 -1870.71107985881 0.188769519078983 0.123901077579961 762.690834109183
"904" 0.416666666666667 -1956.03697721339 0.526056654668391 0.202134424319068 496.144866561261
"905" 0.583333333333333 -550.349172133523 0.722157753730423 0.296830717102467 324.319326894498
"906" 0.333333333333333 -1657.21496209078 0.528069512751589 0.201325950524816 490.724335886561
"907" 0.416666666666667 -1298.79118746206 0.581561114131642 0.222280374923044 444.312226977432
"908" 0.25 -1713.91893868988 0.464117399080843 0.177394242950008 547.185880523804
"909" 0.166666666666667 -1847.39410094146 0.14400444935293 0.120032751448082 805.738319072011
"910" 0.0833333333333333 -3062.34238619138 0.0931838774660644 0.113626808367824 845.844463240937
"911" 0.5 -1067.07041588553 0.567182544269201 0.212735149106448 454.343834936968
"912" 0.333333333333333 -2905.97221376148 0.281686408920474 0.141783977241523 699.681932666432
"913" 0.416666666666667 -1029.52129134604 0.626265277054639 0.2439905199002 407.769810333755
"914" 0.416666666666667 -1534.20552014452 0.566946501435209 0.213267333672806 458.307454361301
"915" 0.333333333333333 -1640.82380566442 0.340459658464774 0.146247396479525 639.181058425224
"916" 0.416666666666667 -1312.46943083487 0.410626696620178 0.168794197896929 577.458540488756
"917" 0.333333333333333 -2335.31927016462 0.396356506230563 0.159735338441149 603.195290032239
"918" 0.416666666666667 -2989.84164311426 0.410370538020172 0.162902369470803 590.121619285783
"919" 0.333333333333333 -1725.71611340383 0.514017940542345 0.186099193601449 501.453700363706
"920" 0.166666666666667 -2110.3654850354 0.308938908965994 0.145699583259151 668.005352867115
"921" 0.166666666666667 -1627.33286227207 0.194457831155307 0.124109427640892 768.955131291086
"922" 0.25 -1992.99232531014 0.435603789281074 0.168818579875021 565.453752935515
"923" 0.333333333333333 -1555.5853312052 0.490013404080956 0.189428670795091 518.782813366479
"924" 0.25 -2395.50702764278 0.317132740023698 0.14795909249235 662.515835709823
"925" 0.25 -1404.13176145021 0.34617329997757 0.151273962779888 637.821294235531
"926" 0.333333333333333 -1773.50526092617 0.394783656997492 0.165234921542831 599.704094466381
"927" 0.416666666666667 -1708.27464919981 0.489431546854667 0.182347281654243 521.942153969919
"928" 0.333333333333333 -1931.48468607011 0.388875053371053 0.164123436324522 604.825965091377
"929" 0.166666666666667 -2279.38780818721 0.221495910582502 0.131369607510939 737.19406900641
"930" 0.25 -1158.55192423106 0.466666244747276 0.182649263781609 536.089864275372
"931" 0.166666666666667 -1161.60080105521 0.534106096122774 0.199615856018803 476.695771020115
"932" 0.25 -1394.198085551 0.408973475908027 0.162860384578929 581.193422603351
"933" 0.333333333333333 -1206.23178569878 0.501250556892719 0.185382865220404 508.157092051464
"934" 0.25 -1958.47628341007 0.21062354915285 0.133054741415826 754.32580781125
"935" 0.25 -1456.18502342647 0.271502261250895 0.137479173141759 694.607579732966
"936" 0.333333333333333 -1806.0746571385 0.423855931813 0.165336989629786 576.898779452243
"937" 0.333333333333333 -1688.00380819643 0.407776322010685 0.166290237235092 585.611852636212
"938" 0.416666666666667 -1361.57247267015 0.440586126253179 0.17431195930227 559.005532044591
"939" 0.333333333333333 -1118.57661193468 0.50816971378598 0.196562525120102 500.71016525873
"940" 0.416666666666667 -842.021993899616 0.566905391541261 0.21128700450374 454.043858700525
"941" 0.333333333333333 -1532.48799666804 0.484101681911913 0.187385659022292 523.896384405717
"942" 0.333333333333333 -1978.77222500698 0.327452011177992 0.144166657109727 656.521820643824
"943" 0.416666666666667 -741.856658416843 0.681129765251236 0.269391238470266 360.948333138134
"944" 0.333333333333333 -2374.01178251446 0.30764413456661 0.144239766508569 663.128396736295
"945" 0.25 -2078.41020555073 0.245869362289849 0.132581182509142 724.545937084849
"946" 0.166666666666667 -2239.1639118388 0.232256041562673 0.132948842907873 729.271705502272
"947" 0.25 -2444.55281355346 0.346987445047274 0.151304813282589 639.647860080796
"948" 0.25 -1674.89911726336 0.377076686229124 0.155262613652062 610.999448184692
"949" 0.0833333333333333 -4098.60028974405 0.0524671569991004 0.108633075937026 879.14304161279
"950" 0.333333333333333 -1056.15434093484 0.63688093118271 0.246432120108302 400.702894709911
"951" 0.333333333333333 -2009.3629741067 0.353289678427849 0.156080880550933 630.467810190143
"952" 0.333333333333333 -1766.70921747851 0.359128559136055 0.15488501411391 623.551588302059
"953" 0.333333333333333 -1640.09315642547 0.486646660915247 0.186077123812421 524.069182133023
"954" 0.25 -1364.10996081869 0.398730162616582 0.164012215688351 593.284022459364
"955" 0.25 -1746.02179252106 0.282801588250566 0.144889247974517 688.622605522792
"956" 0.416666666666667 -1167.39979638585 0.616429029721044 0.22890306661265 415.312151000556
"957" 0.333333333333333 -1475.08604787217 0.56470166896929 0.213340518433186 460.646038258006
"958" 0.333333333333333 -1547.9724279377 0.397291005824994 0.16352881548484 597.136868624785
"959" 0.25 -1766.08127698115 0.229621863291264 0.130863844237572 731.915419205208
"960" 0.333333333333333 -2384.96357525922 0.289669854864585 0.138427273974334 682.976821867004
"961" 0.166666666666667 -2358.38046526317 0.0838606742838132 0.113710133255518 854.747013179469
"962" 0.416666666666667 -1109.56210373019 0.543953149875357 0.209856911028017 478.558976207883
"963" 0.583333333333333 -734.459483981968 0.689808958565284 0.272085059626096 351.18679229368
"964" 0.416666666666667 -1442.28783204765 0.448725500180837 0.172046673774022 554.569516328443
"965" 0.416666666666667 -1109.83760914491 0.481764322133256 0.182928007817143 522.053299644636
"966" 0.25 -1830.32930708141 0.336205835235254 0.149129106765838 646.431595797138
"967" 0.333333333333333 -1594.70534004073 0.432583954409289 0.175774099616994 575.842113287351
"968" 0.416666666666667 -914.957546618493 0.584594908851322 0.219756912008928 433.901296074456
"969" 0.25 -2284.06654173081 0.29218963540922 0.141496902881301 679.752896939754
"970" 0.416666666666667 -1944.13980634456 0.62976615284196 0.240005504316399 402.508791079605
"971" 0.333333333333333 -2731.05439116494 0.352940694850285 0.150384294069651 642.643219684297
"972" 0.166666666666667 -2857.47048133194 0.21413644186374 0.128168451767254 756.792269306211
"973" 0.166666666666667 -2397.66213672388 0.125054348437191 0.117676369383839 818.323844336276
"974" 0.25 -1175.8895093054 0.509268373245319 0.195149448928352 502.469597777911
"975" 0.25 -2795.91614750714 0.276955249789678 0.134567905121921 697.950943215727
"976" 0.333333333333333 -2028.10820784938 0.368651220313584 0.155100503657736 619.223606103379
"977" 0.416666666666667 -1527.09943281966 0.578933033108796 0.211956525924328 447.49513137883
"978" 0.416666666666667 -1182.27477482916 0.547730692076346 0.19834875126676 471.121680909232
"979" 0.333333333333333 -2347.38347999804 0.441491080105701 0.179293224637295 566.136425326276
"980" 0.333333333333333 -1855.15548673022 0.369371380149202 0.152987875192237 621.423934922787
"981" 0.25 -2842.11124874318 0.313931407033478 0.144368127289996 671.648626621696
"982" 0.25 -1458.19352785989 0.573916708355947 0.216629705698581 448.545146071562
"983" 0.25 -1602.05658357162 0.185403033582863 0.124255262948368 767.126014947379
"984" 0.333333333333333 -1951.82810616707 0.314242724070297 0.146704884685903 666.214204219053
"985" 0.25 -2001.40736287416 0.28935579349934 0.139377024136719 685.754897323041
"986" 0.0833333333333333 -2926.85611148243 0.087913368505075 0.110836213444278 850.492199841677
"987" 0.333333333333333 -3438.03407377428 0.307165553743168 0.141490317227336 672.031481797062
"988" 0.333333333333333 -1258.65321532588 0.285617459379081 0.146454742249298 685.2739932155
"989" 0.416666666666667 -1390.19279318701 0.462766188253752 0.171828634639118 543.402320960537
"990" 0.25 -1700.6988688937 0.214129257789247 0.127148223252233 744.787335107103
"991" 0.333333333333333 -1658.24013400982 0.428805643513412 0.172351546196046 575.486031392263
"992" 0.333333333333333 -2931.34771723338 0.334303322516041 0.145865192126246 650.210755171906
"993" 0.166666666666667 -1880.62994609611 0.190832622876417 0.125357191299866 764.631552582979
"994" 0.25 -1822.13489576523 0.40710086261472 0.164442917402315 582.275572832348
"995" 0.25 -1944.31997038398 0.405265997648857 0.159178675612436 590.78882624798
"996" 0.25 -1622.37417102729 0.288716945574226 0.140844789966549 685.297695825924
"997" 0.0833333333333333 -3357.15152206666 0.0424623851320398 0.108024693568995 889.459407233214
"998" 0.166666666666667 -1635.07096283349 0.460776530728349 0.175184668493749 548.291211040784
"999" 0.333333333333333 -1426.24415626742 0.41331741708154 0.173538968832798 584.847767985403
"1000" 0.25 -1643.11862319397 0.309968933953982 0.145821748157363 662.407510872511
