"SCI" "RCI" "GER" "MSM*" "MIG"
"1" 0.2 -1201.18884318227 0.246900416762709 0.172064677483193 497.872861875307
"2" 0.3 -1544.02454195157 0.296518760690649 0.180116337283301 481.260339196608
"3" 0.2 -1026.26226742246 0.235693433990756 0.16483254611441 503.470919206312
"4" 0.1 -1275.22248739116 0.15045037284659 0.164140914789873 548.983666622134
"5" 0.1 -1531.97287207343 0.338338182095842 0.207158188189195 452.492636534467
"6" 0.1 -1180.45954430635 0.243556983393243 0.182246987570368 502.709785553436
"7" 0.3 -2137.21332113011 0.376241801162498 0.202311322398381 433.918754937954
"8" 0.3 -1197.84603642159 0.301360581090199 0.192701653059305 477.380140602936
"9" 0.2 -1320.96932249005 0.226366307217523 0.169435660323811 514.735080731798
"10" 0.2 -1342.19303381121 0.358158210538314 0.20522113743326 441.240867259754
"11" 0.1 -821.452140536035 0.405661351752658 0.206610276983736 413.417239716926
"12" 0.5 -1585.9614193543 0.549166506703172 0.252056216102378 339.047044644728
"13" 0.3 -919.25402698748 0.448142473648693 0.240242738176729 390.001567325254
"14" 0.2 -1047.36138424307 0.264916110560969 0.179035411613048 488.486924934012
"15" 0.4 -926.647390046821 0.571087994458582 0.276014205766038 327.211279585748
"16" 0.3 -738.491088785153 0.549665669710759 0.255876731694973 331.617580056253
"17" 0.2 -1226.62484905385 0.290700852125863 0.183548759793679 475.882599528767
"18" 0.3 -2157.06136504253 0.430710799416859 0.23501399794965 410.139802900108
"19" 0.1 -1194.3045699589 0.0912475468038834 0.147656745453074 573.29518607036
"20" 0.3 -840.321708052731 0.416162845677892 0.206793632132446 404.800421219021
"21" 0.2 -1386.78676880679 0.27328811037605 0.170359156666456 478.869141560188
"22" 0.2 -2304.4228608924 0.361115117522981 0.211887276932161 449.71710983638
"23" 0.4 -945.310241746179 0.549688296570985 0.254952477065017 330.133864312768
"24" 0.2 -2241.63436574689 0.315901737040185 0.191129253008113 467.940471571791
"25" 0.2 -924.76149476971 0.227940949006473 0.171560212332214 502.795217971658
"26" 0.1 -2322.45303911476 0.204467599916881 0.16055581333753 533.241010315134
"27" 0.2 -1065.3776424906 0.323643904620436 0.199847878441736 458.513622609342
"28" 0.3 -1539.82019736333 0.371369222821168 0.202320702323344 433.733364775179
"29" 0.3 -1291.33570965037 0.458792024104667 0.235488186775099 390.527045924356
"30" 0.3 -1370.68967284848 0.27500984719747 0.175868557831658 483.04827792088
"31" 0.2 -1253.89787436715 0.303074627155365 0.20128208702224 474.247884478355
"32" 0.4 -2072.29231115227 0.500216733929441 0.261605151470792 371.901754146267
"33" 0.1 -1423.87454246757 0.210353468383393 0.175135289338826 532.682207799479
"34" 0.4 -781.509755374445 0.322889160659954 0.187517039012592 450.584965778398
"35" 0.4 -1424.21403370943 0.424665620678661 0.212923801034579 408.773271016513
"36" 0.4 -908.463875433463 0.55145325462683 0.272152192134468 335.565016279288
"37" 0.3 -1923.43247932697 0.302546373526951 0.184359892542455 477.744179397647
"38" 0.2 -1063.45809687533 0.303132617890495 0.188421418602827 468.003528075444
"39" 0.1 -1632.1182510962 0.13212704968306 0.157678638077814 563.909352819307
"40" 0.4 -703.03120220515 0.502407868823669 0.237640796301273 359.378973883383
"41" 0.2 -999.954102177508 0.219339662130691 0.175391590097783 513.749675874342
"42" 0.3 -1624.66058942256 0.268091286850584 0.173959745514858 488.994132463087
"43" 0.2 -1160.48951684169 0.210544106222253 0.178383497763524 520.218580537779
"44" 0.3 -801.796604397594 0.284138985321499 0.182252044278477 473.735900476668
"45" 0.4 -1185.97634147747 0.375501866874281 0.20107116822897 431.72676644905
"46" 0.2 -3083.58326540176 0.339355701720733 0.18894891588915 463.731419330079
"47" 0.3 -864.873043278697 0.232559046506452 0.166059657601456 497.615941954043
"48" 0.2 -1749.39674617848 0.249758612005817 0.167442217284188 505.263686852986
"49" 0.3 -1181.24075707574 0.365047940668632 0.187508437363237 433.225743593671
"50" 0.2 -940.40190301012 0.462421766513705 0.225489655743863 385.207436661469
"51" 0.3 -1471.14086676797 0.300251332292985 0.173763288988805 472.993328810192
"52" 0.3 -1694.64496779113 0.395543380785118 0.216410074824201 426.555477386767
"53" 0.2 -1835.31776834226 0.123479956570213 0.150803321693864 564.213540266541
"54" 0.3 -1989.1452354344 0.354975530628889 0.195633508862629 448.755547463265
"55" 0.3 -1960.75780259959 0.280905456930849 0.1798573256048 485.785602007166
"56" 0.3 -956.199335717999 0.292206479890875 0.195501666765708 478.876474915303
"57" 0.3 -1039.07685956194 0.4445445060216 0.2275491002048 392.360981628897
"58" 0.3 -898.96764633568 0.333407614804026 0.20486363463545 455.638086589647
"59" 0.3 -2052.63042891588 0.294691115343992 0.179782264161507 470.051339180931
"60" 0.3 -962.23702968756 0.260126948392715 0.174308458016245 494.282042025156
"61" 0.3 -895.21866413762 0.595781463064432 0.296797889307528 315.863758662152
"62" 0.3 -936.574546298386 0.379322405927911 0.201813534900291 425.879900377148
"63" 0.5 -1316.26520764644 0.509520657080238 0.253033115331416 365.645854005555
"64" 0.3 -901.077813281454 0.433177255492176 0.218292885012454 398.995134102127
"65" 0.2 -1409.01429395498 0.202894280737274 0.163113059273679 523.511392448004
"66" 0.1 -1305.34529240783 0.347657334690362 0.198375530962305 450.469971863392
"67" 0.4 -1472.0772291794 0.461328460049413 0.229511678978056 387.285451157906
"68" 0.2 -2210.18160440805 0.233282012369585 0.170890224633426 511.850933170603
"69" 0.2 -1479.50381736856 0.262943926185644 0.187082236955485 502.538078302709
"70" 0.2 -1267.24898284124 0.486801453308283 0.232526113599281 372.875189227737
"71" 0.2 -860.717587722442 0.294137213003273 0.191277847400934 467.348902323218
"72" 0.3 -1433.83280976492 0.353147375557139 0.200105172819328 442.580145975636
"73" 0.3 -2125.96008647275 0.372504842005573 0.217843540154036 442.597310282756
"74" 0.3 -2076.17955259642 0.395027953821731 0.225884785399767 429.066706157385
"75" 0.3 -1311.08221324695 0.260342074672652 0.172897626992858 486.04241821799
"76" 0.3 -994.890881504828 0.511341147944994 0.25763162698442 359.257371261485
"77" 0.3 -1301.35477588083 0.363234264042425 0.205717883748331 447.314570076775
"78" 0.2 -2484.02723802221 0.121233909628181 0.151897517688196 570.615691210909
"79" 0.3 -1650.91422601382 0.418335016272211 0.217380934065186 409.155788530188
"80" 0.4 -2030.39912843293 0.259193343814186 0.173464316518687 500.578138814808
"81" 0.3 -3734.66568321401 0.2942646214294 0.187053285155388 477.13307166338
"82" 0 -2824.27688543042 0.131889205326577 0.15612471091746 582.688673428751
"83" 0.4 -1080.33986868403 0.534126048171139 0.265477757365214 349.568236417859
"84" 0.3 -2995.76415421735 0.257354442490833 0.167115576163643 510.519125354225
"85" 0.3 -1119.30567010755 0.38040275596651 0.192935525286406 423.380026274913
"86" 0.2 -2046.99113162049 0.214468062087119 0.163107311873132 524.008526593978
"87" 0.2 -655.812870742302 0.521423842484871 0.237890331326033 347.278056370691
"88" 0.4 -1840.08563826115 0.416571428325994 0.232295529977561 421.614655810914
"89" 0.5 -2307.33692530398 0.527035164898686 0.24247408455366 353.775150749583
"90" 0.3 -1409.04578195603 0.339456714816992 0.191902971821902 453.940570843769
"91" 0.4 -1924.67832755903 0.291685409327756 0.171583418821259 475.562762498472
"92" 0.3 -1694.65908540899 0.495519246462542 0.248612587238131 374.882743916723
"93" 0.5 -816.116909229605 0.706031934627419 0.353179204399567 251.59393941788
"94" 0.3 -1066.68284815383 0.355051462833535 0.207602417032899 441.898185537828
"95" 0.4 -1059.85272720865 0.488653692541782 0.234196364819327 369.702626320636
"96" 0.4 -2004.45930662973 0.567883490525194 0.294792516250502 336.676843243349
"97" 0.2 -2264.43892445236 0.261301143548159 0.174281817797231 499.65271569523
"98" 0.3 -1187.93288572894 0.289557222575439 0.185515846612606 481.246477442188
"99" 0.2 -1777.235122217 0.273652441392494 0.180868478656199 507.980580709951
"100" 0.3 -1425.84248872174 0.526487543933583 0.243724646013629 350.818585013389
"101" 0.4 -546.848759942376 0.63541683010882 0.293958503610024 285.050712912018
"102" 0 -1706.3387353386 0.0343185720466724 0.136631554757919 620.83013175702
"103" 0.3 -1675.59545373447 0.5123914341665 0.25081866417319 362.895111720911
"104" 0.4 -1020.75313857523 0.455873298244561 0.231680767672508 390.501430361883
"105" 0.4 -1329.74609247233 0.42699394875317 0.213499640534463 397.216630255138
"106" 0.3 -921.159935777078 0.334502282084242 0.186698006715835 454.178909501345
"107" 0.2 -2536.91233356508 0.266923352881414 0.180771954396589 489.241881575503
"108" 0.5 -778.483593538063 0.555640311616435 0.251744175600257 331.528991910163
"109" 0.2 -2290.80306202047 0.179026376201823 0.162741032595076 546.727849946194
"110" 0.1 -1650.14729786142 0.210913678505678 0.165587230092319 533.283936592171
"111" 0.1 -1259.63483673556 0.145573323682135 0.150807605228369 552.824654692651
"112" 0.2 -1965.31432372789 0.174335779428805 0.160640475568792 547.530238306427
"113" 0.5 -1675.78560107834 0.509875747069531 0.249845771273878 367.508250058105
"114" 0.2 -2178.25340218247 0.330962740478347 0.201495047233713 461.731744220858
"115" 0.3 -1142.05224164778 0.340379910016412 0.199459504855491 448.917053141794
"116" 0.2 -1213.07552885581 0.30374077542864 0.184297233659369 464.922321926931
"117" 0.2 -1158.90311161922 0.287707731227655 0.174508660579583 475.11349746173
"118" 0.2 -1418.73074476731 0.145040424475695 0.152451246940699 556.374508087919
"119" 0.2 -1055.83695716045 0.141179384418385 0.153372661818785 547.031771040869
"120" 0.4 -1524.28289298011 0.458778287810204 0.234332143822876 388.102441108758
"121" 0.4 -1604.46720657428 0.288784046108596 0.186773221441939 487.937251678016
"122" 0.2 -1788.3051937712 0.290206656568099 0.191468214637667 487.793739020161
"123" 0.3 -1421.69451834424 0.46162998196889 0.246244953240859 397.255495240088
"124" 0.3 -899.181275132075 0.33008101909624 0.192854030983151 456.154211896511
"125" 0.5 -930.494636674642 0.384908124489709 0.196294488046469 422.039894471378
"126" 0.1 -1667.17184486168 0.0512277420226177 0.138104397986365 602.381601193031
"127" 0.2 -1119.48136897766 0.267566767272427 0.172321361142792 491.83094741127
"128" 0.4 -1135.40399206611 0.528804324428075 0.253012814854335 342.805462987258
"129" 0.3 -796.998652024319 0.396908499077794 0.206898409869947 419.294503220623
"130" 0.2 -1415.07239292058 0.369415727733216 0.205221093849948 434.334962033192
"131" 0.4 -782.949993234176 0.55410528386886 0.25801424311682 331.481682804411
"132" 0.1 -1628.17355922475 0.145227061030427 0.162795173891192 552.648659738442
"133" 0.4 -982.367608655009 0.413580464066146 0.211909885583805 406.474163751071
"134" 0.3 -1152.58316787364 0.45732470808085 0.239005410751932 390.013825737329
"135" 0.3 -1148.08003892698 0.257691197958372 0.175922294116045 497.910164533053
"136" 0.2 -1972.13468048048 0.257064015734724 0.168773345412601 505.639447191402
"137" 0.4 -1316.48770283408 0.431256270398649 0.230951914046106 404.858003920424
"138" 0.1 -2239.17242327483 0.135801583232485 0.15756305148947 559.376138206408
"139" 0.3 -1654.65540225913 0.303548644086458 0.196907905285536 473.447106821952
"140" 0.2 -1061.2931881465 0.355302362280604 0.209673961474215 441.791624382245
"141" 0.3 -1638.39519648691 0.328035234113725 0.197528243925371 461.129683044159
"142" 0.3 -2368.12482933019 0.298367369216251 0.191448444641443 489.319607453309
"143" 0.3 -1268.18917368322 0.315957089795843 0.190369889571819 461.004068665649
"144" 0.3 -989.262098101544 0.373275728066839 0.192538082440412 434.735088963409
"145" 0.2 -1219.23276141659 0.335807295716155 0.18765197085346 460.808182057687
"146" 0.2 -1800.62230874248 0.368807437946741 0.216732677435696 440.298644190794
"147" 0.2 -1104.56860200314 0.313342732417962 0.187680875203338 467.665479520119
"148" 0.2 -1701.08308563125 0.275383374580871 0.187122547140713 483.952350176033
"149" 0.1 -1104.91223363918 0.237599389677587 0.182857266807665 509.426847282413
"150" 0.4 -1308.13348264796 0.509641486251987 0.250746662053673 363.724289385649
"151" 0.3 -1129.6593140205 0.48543533365683 0.251157647705533 376.073359163979
"152" 0.2 -1261.27201518371 0.248606354066354 0.167956924698802 499.540743309728
"153" 0.3 -996.793199393706 0.344302526949408 0.190931048909262 450.086968292915
"154" 0.2 -1815.87801238594 0.212358082623552 0.161079072148086 521.978511618499
"155" 0.4 -899.389125812813 0.446596137952077 0.235846707939483 403.107415035202
"156" 0.3 -827.872673336809 0.613394627801694 0.286863127388746 300.844793214367
"157" 0.1 -1447.03676369187 0.145338134514244 0.154293935900303 549.081793014847
"158" 0.2 -1031.50251911929 0.309146171509855 0.189727158964791 461.394248137835
"159" 0.3 -1449.42184827791 0.348091022922538 0.191059116848798 448.912179817488
"160" 0.3 -1042.17571977048 0.301145682440366 0.181021870842149 468.110799496747
"161" 0.2 -2799.20209316154 0.344006965374057 0.210847223591176 470.055940182747
"162" 0.2 -1676.66748228297 0.218596543916297 0.166717638634047 521.140397088756
"163" 0.2 -999.986623457136 0.45861295138311 0.220221582635925 383.327861659806
"164" 0.3 -1108.19195962871 0.283985169477997 0.183799303331664 482.158125390578
"165" 0.4 -1830.12741551642 0.372678582754586 0.212636435834852 445.078388776842
"166" 0.2 -1478.67961636401 0.101188972813707 0.142179871641563 582.889337810462
"167" 0.4 -995.328916906588 0.508376820090768 0.233543228485735 360.69150480734
"168" 0.2 -1029.45649681631 0.34447154455119 0.190344912751796 454.622736487009
"169" 0.3 -1066.9476321305 0.596999755888823 0.294152107878171 311.97675496998
"170" 0.2 -905.053796939883 0.272373376964619 0.171675911938356 484.167806663353
"171" 0.4 -1217.75038904774 0.423650440933406 0.216291985423406 405.499975944713
"172" 0.3 -1784.30490989944 0.455127537898415 0.241049166377941 394.260537744111
"173" 0.3 -1296.36569695156 0.307093906991061 0.191004014609947 469.832823105792
"174" 0.4 -2159.51069280188 0.32456185366533 0.196820099426766 473.994939399837
"175" 0.2 -1151.24571634143 0.178260880596688 0.156737183763819 540.551240932138
"176" 0.2 -1238.21867122692 0.391511688020422 0.226456323543813 436.060413897585
"177" 0.2 -1026.61306241166 0.408500850937098 0.217491914872714 411.271263771693
"178" 0.4 -1233.28612050936 0.456477904029016 0.238713476923281 393.825641147117
"179" 0.3 -1200.68020948031 0.323149365380785 0.178596763918679 461.087355620924
"180" 0.3 -831.573988015581 0.384642729604758 0.203933424793656 420.648812820169
"181" 0.3 -2040.35048817982 0.332531174134825 0.207749178901418 461.919701239956
"182" 0.2 -1953.38527882678 0.244953366700174 0.180230784755399 507.83268642372
"183" 0.1 -1287.90087801028 0.174692908331935 0.168513290580904 541.628044454004
"184" 0.1 -1946.33411012111 0.200571729398665 0.171589789684354 538.788586308912
"185" 0.4 -1537.76222742064 0.301858082030699 0.17640425294872 482.353503994714
"186" 0.3 -1165.40549080226 0.437898657653742 0.211490512157488 398.282544166399
"187" 0.3 -1094.92738211088 0.400044987421389 0.206256810696059 411.578758312001
"188" 0.2 -1555.28900405503 0.214074886010068 0.168671570586324 526.509233262185
"189" 0.3 -1201.01836407681 0.338639205170875 0.188540409656246 449.720284355763
"190" 0.1 -1593.67548784462 0.11454740400862 0.14529711651237 566.895323882066
"191" 0.3 -1268.14450550855 0.414793583376958 0.217756697985415 405.773691136695
"192" 0.4 -2213.38057028008 0.420264087145901 0.223019309703459 410.564302657906
"193" 0.2 -1002.92528946289 0.296997295734653 0.174555238257458 471.786300905894
"194" 0.1 -1765.25441610578 0.135535334421478 0.146307254324058 561.981242312237
"195" 0.2 -1402.96904751058 0.118283146964364 0.14753621268423 571.725212222308
"196" 0.5 -870.424522667301 0.56217286000374 0.267182021999288 337.164659865084
"197" 0.3 -1288.46423410854 0.321636637659082 0.194431173278772 461.420325138378
"198" 0.3 -977.09183794071 0.374520021332417 0.200088074664775 423.842635619931
"199" 0.3 -1721.07770575196 0.224597378925825 0.166127534523752 514.518299459002
"200" 0.2 -1148.72067709484 0.284732813338526 0.180620572996866 473.48462449986
"201" 0.3 -1412.36649821216 0.311529415947511 0.179676768314784 462.255341163478
"202" 0.2 -1631.14919226865 0.0902952994499951 0.142902704575264 583.617673102585
"203" 0.3 -1000.44213067542 0.447391273589597 0.225117424912534 396.675864398328
"204" 0.3 -1209.33035946627 0.447391599220807 0.212500937642467 388.977343704035
"205" 0.4 -1271.53663505988 0.461547059146834 0.223206202169442 380.72109141768
"206" 0.5 -752.9277868901 0.497313895813712 0.266193491521463 367.74043680989
"207" 0.3 -1509.34638995944 0.293500514346116 0.180557390369997 474.560866839981
"208" 0.3 -2024.26228068889 0.347881756108635 0.196695011420712 447.551037251717
"209" 0.2 -2042.53780158498 0.200000798353678 0.171550178307656 522.93882955187
"210" 0.5 -1163.06580916925 0.377184871004171 0.201365723131426 420.64269455655
"211" 0.1 -1883.6721686732 0.107750730286766 0.149094293763258 578.711447713301
"212" 0.2 -2092.06222811736 0.240473831473659 0.178433681394678 507.76449023532
"213" 0.2 -1814.86972442848 0.146560089304107 0.150108133331305 559.915452745173
"214" 0.2 -885.676638812569 0.254575326198404 0.171997410164749 488.862035543863
"215" 0.2 -1191.13311953361 0.219395198187629 0.172562924913513 516.764344737015
"216" 0.2 -1209.02174524613 0.243396215912769 0.184490008205807 511.984376074386
"217" 0.3 -2113.00872279601 0.334295580572793 0.182976398547324 458.495316464917
"218" 0.3 -1118.38228421492 0.415074990192582 0.21854225287805 410.713097446281
"219" 0.4 -771.310553379613 0.5453778222236 0.252919701423966 334.185672395513
"220" 0.3 -827.668472334177 0.381269278732092 0.199908802663521 426.260485757073
"221" 0.3 -1047.96058624954 0.233717759270629 0.165219054092547 502.534521241719
"222" 0.5 -1694.69963462182 0.467466635358915 0.225141146294567 386.039402924304
"223" 0.3 -997.714993323627 0.332375861162416 0.188307210735691 451.234237694047
"224" 0.3 -2178.51027190791 0.22630079676174 0.164422192966053 512.019062280732
"225" 0.3 -983.888190909109 0.250425766398843 0.167017040031339 490.691132590338
"226" 0.2 -2197.6550161838 0.184901161197877 0.158073731842632 540.61998549101
"227" 0.4 -1344.1736820103 0.53507742204572 0.259551758605546 343.297953540266
"228" 0.4 -1450.76665401777 0.467278312455441 0.253043180205312 393.010108591081
"229" 0.3 -1676.25494091347 0.389452834797536 0.212165997624607 434.884504952503
"230" 0.2 -1582.26047902588 0.203953732192892 0.170834334259394 536.330687336717
"231" 0.4 -990.668325644986 0.554581542103417 0.277309807473858 340.933452287933
"232" 0.3 -1349.50630757828 0.381424057024309 0.203746916126775 428.110631611953
"233" 0.3 -2340.3708129288 0.411808108311796 0.21808385699898 415.550194533263
"234" 0.1 -1381.82379582676 0.2550831935087 0.185050275745161 501.527749497506
"235" 0.1 -2004.07991413276 0.311641762379291 0.191474727675523 469.48428505023
"236" 0.2 -1718.31220079012 0.265846274843843 0.186685718970556 498.428374937731
"237" 0.2 -1439.37934115583 0.260395607929824 0.172069085178169 492.932005741531
"238" 0.4 -738.828892168453 0.586318567338744 0.269272366123829 317.953335257571
"239" 0.2 -1931.14618897147 0.401218611618593 0.210930156528741 424.973672285462
"240" 0.3 -982.206916947473 0.384762596948797 0.20375203442577 422.926373167452
"241" 0.5 -1312.7852287523 0.560522127306509 0.262468121319968 329.491771920258
"242" 0.3 -1561.01543592613 0.403536295877838 0.206831152677534 422.040872326866
"243" 0.3 -1038.43627016638 0.339089619853416 0.201049559865282 453.968930684147
"244" 0.2 -1684.21339697526 0.157274667095009 0.154136723500078 560.333129042247
"245" 0.3 -1312.22812757648 0.328877626735384 0.190189739675516 463.203841510704
"246" 0.3 -1352.99070712941 0.396523936101562 0.224290133639191 428.202662646957
"247" 0.2 -1950.56097002929 0.0982272475411792 0.146991252740488 575.866466225947
"248" 0.3 -1121.67120632662 0.413511104368861 0.219087579505006 409.930825934061
"249" 0.3 -1334.62274298354 0.390132620789465 0.221384158252398 431.002700251672
"250" 0.2 -1096.29104730653 0.364068979930894 0.209344501990352 437.543756499623
"251" 0.1 -1437.13425136559 0.108666291502063 0.152256040298044 581.471970087032
"252" 0.2 -1033.91744587599 0.422230009407295 0.227649348170167 409.038408925464
"253" 0.2 -2071.47755568332 0.147078215692206 0.148503970162409 562.704892224213
"254" 0.3 -1110.0064434834 0.403298568771028 0.216565161187962 419.45539263
"255" 0.2 -1454.20962589662 0.193829197795212 0.168356794975193 525.232046879747
"256" 0.2 -2119.43241024515 0.221134726414909 0.173653887574268 524.370793933207
"257" 0.1 -2398.26360488582 0.226541700005256 0.175526349067823 517.61973045148
"258" 0.3 -1355.17193474551 0.485162545483116 0.237614391941747 375.729064033644
"259" 0.5 -859.355892770758 0.51813251598244 0.241076595573391 353.174641117873
"260" 0.4 -1218.79547429263 0.548431204098265 0.277033312606879 340.167951362284
"261" 0.2 -2342.57131497541 0.304306823984899 0.189552014449916 485.704201116697
"262" 0.2 -2192.06978544907 0.158742883693686 0.149678412041723 557.826873812983
"263" 0.2 -1385.4516507901 0.238249928385253 0.163154402719986 509.995210527643
"264" 0.2 -1761.58491575539 0.201981847913038 0.169758500876403 524.382496622901
"265" 0.4 -861.734287631601 0.670407297326453 0.334570136472146 270.071308626921
"266" 0.5 -1341.46437017858 0.49974728594437 0.236215608251478 365.094323801256
"267" 0.3 -1847.35988706831 0.247124794544912 0.169390600992199 505.195189072627
"268" 0.3 -1417.37569732473 0.165297973026026 0.159127314269547 542.077647221251
"269" 0.3 -1149.55349650589 0.271564450732466 0.179241902660368 491.182550286118
"270" 0.4 -1502.51789895889 0.334279294837266 0.198219340750851 452.319857765469
"271" 0.2 -1678.29134372563 0.256141991912056 0.177143295640851 501.545201435834
"272" 0.2 -1716.72404430709 0.279820313248037 0.196182054816569 488.772404447843
"273" 0.2 -2733.43064898924 0.445378343862823 0.246730937253344 399.221643306257
"274" 0.3 -1470.33455761084 0.433950527918646 0.222681281523086 409.544880556597
"275" 0.3 -1193.93381006294 0.377549978947683 0.206329730622174 431.950450246618
"276" 0.3 -2449.69085658437 0.386974359594036 0.214782402950474 431.504824126791
"277" 0.3 -1383.63816006638 0.330683537822562 0.183446605644902 456.626419732091
"278" 0.3 -1184.18150547192 0.313288454905541 0.178909769394121 467.854390436004
"279" 0.3 -707.660924929333 0.549120962625218 0.255474798185525 334.209814196324
"280" 0.2 -1206.14461726853 0.415864628416168 0.223477800642946 409.938457257275
"281" 0.3 -1538.10176120649 0.294198397135088 0.188307920833041 480.435449752514
"282" 0.2 -1378.32501866276 0.161093830626701 0.152026767856692 549.805737483639
"283" 0.2 -1457.35561280474 0.29851113312528 0.190084601226107 480.423748804291
"284" 0.2 -1572.75396843193 0.200374934996445 0.160538863075881 531.059314141169
"285" 0.4 -1539.83130388645 0.244270029772503 0.175246909357358 511.159353487007
"286" 0.3 -1701.51682218324 0.138198226915256 0.150756691372943 553.009210153716
"287" 0.3 -2428.54166132324 0.329498309296503 0.184655923542997 464.510073978896
"288" 0.3 -1223.6756948156 0.389034224697265 0.222004905984341 429.461155774887
"289" 0.1 -1708.05366623783 0.204936743647849 0.168864964788026 523.955471855439
"290" 0.4 -1063.60418796455 0.483970237776939 0.238316331036675 372.691920519727
"291" 0.3 -1241.33842177652 0.25308992112802 0.171729775523251 499.036420488954
"292" 0.2 -1559.63895907418 0.202964840151689 0.171132741854438 538.374945330923
"293" 0.3 -1543.55936878442 0.265040199202153 0.175646566439442 493.469018485504
"294" 0.2 -1557.70003391254 0.211210856278289 0.158345037374574 510.245722886904
"295" 0.3 -901.081135746671 0.287123249930788 0.181391123531173 476.295013591603
"296" 0.4 -1259.48266578814 0.514296741504367 0.252129573846662 363.583129065454
"297" 0.1 -2295.39876957703 0.282572464962034 0.19315361787707 500.48994422057
"298" 0.2 -1443.18481075371 0.291620548479901 0.175014031397297 475.455925223022
"299" 0.3 -1553.0792562373 0.312424663204293 0.187545625018845 473.166695548338
"300" 0.2 -1940.24942516771 0.128353147706879 0.147332277027949 569.660951069733
"301" 0.2 -1380.33732772798 0.176255799220966 0.164535033110038 536.599977351551
"302" 0.1 -1084.586025127 0.303498623472263 0.190835013076076 463.102867392248
"303" 0.4 -739.551178534886 0.408241686971156 0.200095067869031 408.22300108046
"304" 0.1 -1208.95715701262 0.247289253143072 0.183053817370846 506.645349412898
"305" 0.2 -1471.6362301076 0.231818991925333 0.16591175289701 509.119374476087
"306" 0.3 -1376.85096494357 0.167950438036447 0.154849636422204 539.60131338177
"307" 0.2 -2468.18718968816 0.261605903772287 0.178654305911294 497.745278726248
"308" 0.3 -1275.11902849888 0.339605436690135 0.193430994914745 454.835495980852
"309" 0.3 -2270.84737583979 0.321490849258649 0.190367633701516 477.309591441334
"310" 0.3 -1631.95487479706 0.341254441592681 0.186573577952299 448.21088610678
"311" 0.2 -1378.37734175652 0.283797666928934 0.184449666021725 489.519946890904
"312" 0.1 -1716.05532218421 0.0842120164600535 0.139113996157006 591.50543204851
"313" 0.3 -1107.87315967223 0.263391417357776 0.179414904983125 486.457803367917
"314" 0.2 -1172.05638220557 0.359736445214201 0.200122548924772 440.052889749331
"315" 0.1 -1714.88573514376 0.216903540634015 0.166530493823742 525.355394704677
"316" 0.3 -1302.75171204408 0.320230567092291 0.180320713851539 461.151329517858
"317" 0.2 -992.95261697743 0.375580762522107 0.197455596778629 430.519250012448
"318" 0.2 -1649.2608241046 0.300942969999079 0.179865117256973 468.276271775225
"319" 0.4 -1480.85378600474 0.553359446536355 0.270614582098878 341.6484875484
"320" 0.4 -1318.59235138875 0.469094136110539 0.226088203074927 380.27466063587
"321" 0.1 -1335.34738867717 0.115092829312472 0.149374486211957 575.004532197118
"322" 0.3 -941.903674258493 0.375365257621625 0.199403483949739 427.541446198628
"323" 0.2 -1301.7757688026 0.208946500736346 0.159429780859098 516.292827267428
"324" 0.3 -2277.99572810555 0.274035462646629 0.184976237491967 501.408681332762
"325" 0.3 -1424.13540252022 0.292772613443518 0.19076044137993 476.534545307711
"326" 0.2 -1456.06806448056 0.117686116883767 0.153022989980296 565.452595503933
"327" 0.4 -2432.87782572588 0.231017339118765 0.160044761237797 514.643528306286
"328" 0.4 -1444.9610400337 0.417165260134518 0.222377482360092 405.427684641553
"329" 0.2 -1314.39251772224 0.358424115252535 0.208673425725844 442.124788086377
"330" 0.3 -904.496860981881 0.226360781229005 0.171829189617293 499.885618284345
"331" 0.4 -1631.00576511324 0.257498541594082 0.175188011361717 486.016413334175
"332" 0.2 -959.687188440164 0.183621552131853 0.156050066381026 529.62162438971
"333" 0.4 -1231.3818871801 0.535462041239479 0.273315584291504 351.839417632208
"334" 0.2 -1549.36143783682 0.18106926213184 0.163276463459509 542.748549017888
"335" 0.1 -1654.53589525246 0.102516767997694 0.148737622382442 584.225174601493
"336" 0.3 -2308.9853842857 0.297673761090619 0.188050666146821 486.527863800216
"337" 0.2 -1253.86172026826 0.290386363918451 0.180220885017303 482.769380706479
"338" 0.2 -935.961537076537 0.331683660673645 0.190290139000543 451.732689279106
"339" 0.3 -1263.82656695028 0.233562513763566 0.164352308945152 493.978127822317
"340" 0.5 -1451.10552018287 0.41732086459129 0.216841209703978 409.413027274562
"341" 0.3 -1284.09787976889 0.404136014647455 0.221360878062397 419.267023028121
"342" 0.3 -503.63560654615 0.589766316213971 0.285128108891167 308.73723558788
"343" 0.1 -1644.61350212152 0.096973515952631 0.142602885806159 586.360598667844
"344" 0.2 -1306.48416460347 0.310766123180267 0.194425107224981 471.877228237682
"345" 0.3 -2308.98764200031 0.296962409415957 0.180732155178418 479.213588503259
"346" 0.2 -2725.41413097466 0.42025927210301 0.224730788684161 412.565937919887
"347" 0.4 -697.186333063857 0.563886081283002 0.272074559084223 327.59521350638
"348" 0.3 -1363.72527027502 0.474007894348405 0.235411178274769 379.369412604994
"349" 0.2 -1284.0330687564 0.268962668023136 0.17984340331653 495.075445946446
"350" 0.2 -1747.8809673666 0.327327447367046 0.200972590406545 460.195138585174
"351" 0.4 -919.106314140996 0.550779365171033 0.282429535254355 342.298971574362
"352" 0.3 -1811.54415671865 0.395174025658131 0.214829467044421 427.695435553405
"353" 0.2 -1149.24080799006 0.0919963599637064 0.142319825339859 576.954408712965
"354" 0.4 -1460.00491578627 0.381524265104087 0.20823204105834 427.591564140481
"355" 0.1 -1530.60035842532 0.295298061148279 0.183462946724205 480.941304115197
"356" 0.3 -2571.69736057002 0.456245916692367 0.21836276512404 392.770744492116
"357" 0.3 -1356.29377831855 0.28251214877088 0.194177379295901 485.510198763595
"358" 0.3 -1960.3478862464 0.438252695471763 0.228658778555568 406.39657152046
"359" 0.1 -1408.48160663294 0.17668127193916 0.1574223100942 542.022109372385
"360" 0.3 -1655.70625336948 0.335628318120109 0.189776191792772 454.671218366607
"361" 0.3 -1530.89085050535 0.324613790359189 0.198195983339656 463.602138941104
"362" 0.3 -2321.99995019591 0.342711643946686 0.200183438028917 461.710233376525
"363" 0.3 -941.327064978837 0.367232476784675 0.198223111414873 435.713934191133
"364" 0.2 -2285.13514171132 0.305058622142087 0.197466569691012 480.110780251415
"365" 0.3 -1341.45328947195 0.251105247804987 0.172774676327515 494.927531237644
"366" 0.2 -1393.84886636452 0.232709955172094 0.17052777854627 506.462995138725
"367" 0.3 -1319.06359490029 0.409428467950575 0.205988343302145 407.221180304899
"368" 0.2 -971.415341752843 0.351244911507438 0.198274972378555 452.766773943801
"369" 0.1 -1584.90277778486 0.0494711558273997 0.137617135016259 607.464948925059
"370" 0.2 -1620.27173085764 0.24337047430129 0.175287842638938 511.771192195481
"371" 0.2 -1350.82183220076 0.456269613407344 0.227865375142472 389.023480590354
"372" 0.1 -1581.91978414268 0.396522276027402 0.228494880559945 432.510429884012
"373" 0.4 -970.778978383358 0.614550040983876 0.293291293028701 299.951142942039
"374" 0.3 -1566.9979693018 0.206982170084221 0.167722818645113 534.61756060638
"375" 0.3 -3483.10412342409 0.213652923575544 0.160168562019686 512.182006044299
"376" 0.4 -1007.27864398571 0.491012866570566 0.233493565243023 369.692831432964
"377" 0.3 -805.896714489466 0.34927445124249 0.196100951299788 443.643176059001
"378" 0.5 -1000.87662526222 0.490235752538154 0.258704441395225 375.296402462781
"379" 0.1 -2103.29404678608 0.256903945590615 0.183385212088574 514.169445767175
"380" 0.2 -1551.43346389464 0.208820153424705 0.163523643147768 518.268955267621
"381" 0.2 -1309.07901535446 0.129744019268219 0.153112125391927 558.317852853825
"382" 0.2 -1699.14340881967 0.350282228994177 0.20651503272353 455.785356882156
"383" 0.4 -1042.59904552119 0.475678711065006 0.237063360483915 376.96939991914
"384" 0.4 -1186.46029426417 0.555773915693693 0.274647234540803 335.755150690051
"385" 0.2 -1739.29467305674 0.322693578020016 0.194272309220199 467.468238987338
"386" 0.4 -1077.96192987517 0.453320396773843 0.213925135699832 397.069662969408
"387" 0.4 -1526.96922317725 0.396638285429672 0.200980202884695 413.105412923349
"388" 0.3 -1093.5269731683 0.231397921392974 0.177538048813568 515.365691890312
"389" 0.3 -1272.39355201557 0.303858840620704 0.185910343358722 478.133506868829
"390" 0.3 -884.168182846058 0.486953227493351 0.23177657170631 371.060584434557
"391" 0.4 -804.112206578306 0.562839432156054 0.270513769075245 328.055244975404
"392" 0.3 -1360.23467190237 0.492887548876001 0.260383343575777 372.429918146252
"393" 0.2 -1355.5150256153 0.346800211620079 0.194467422571196 447.676345727681
"394" 0.3 -1789.52819868392 0.401247001408649 0.214359744408632 419.825059746276
"395" 0.3 -1904.62581040457 0.380571396109609 0.201537783110499 430.840620729926
"396" 0.2 -2427.93599774712 0.36384820321372 0.204224772122752 454.32497268762
"397" 0.3 -1368.99791567415 0.307106715252902 0.197822018541953 478.105722563681
"398" 0.5 -970.887447534785 0.506678191166762 0.243948436109299 356.57240150522
"399" 0.3 -1051.31657597687 0.150735450145282 0.152856568346737 548.194301775773
"400" 0.2 -2235.22233854798 0.281270648657659 0.19226331719975 498.345084635285
"401" 0.1 -1421.23251551866 0.127953994331436 0.148605380672013 551.785053187651
"402" 0.3 -1384.45174343573 0.347541876008717 0.187699061053433 447.984216041877
"403" 0.4 -2180.52494038463 0.295694728593907 0.176091121023392 474.29440284461
"404" 0.1 -1584.73982765171 0.0651444902645064 0.1400370377003 593.759875283034
"405" 0.3 -1592.83066019914 0.158147812944014 0.153913034018603 556.241533889605
"406" 0.4 -1396.27596470351 0.369378178221166 0.189536655419078 441.949970424303
"407" 0.3 -2113.58718165492 0.298994622534468 0.196077354288878 488.292910329113
"408" 0.2 -1772.72802855496 0.115788375213621 0.147457750938947 575.215107254498
"409" 0.3 -769.014052412425 0.562537984142874 0.260505755128056 319.570485868929
"410" 0.3 -1661.31572763529 0.443225841778687 0.213542011717927 398.928309739046
"411" 0.3 -1119.94696456202 0.464797826220128 0.224091380508377 379.493065482937
"412" 0.3 -1705.01968805385 0.30495519019338 0.188316097581964 471.360121828178
"413" 0.1 -1526.80993425177 0.192753938372353 0.165922609224214 537.284733385434
"414" 0.3 -1188.86264103078 0.337283732342048 0.196701197093839 462.682283393377
"415" 0.2 -917.842949496103 0.370042965076373 0.211895930361914 432.581570197388
"416" 0.4 -1084.47346911272 0.414859058546303 0.221655036676221 411.459053710753
"417" 0.2 -1841.48522189707 0.215828904344588 0.162980353609284 523.05464585098
"418" 0.5 -1639.54292928767 0.531985867362472 0.252422426386798 354.238653763605
"419" 0.2 -1256.07392161053 0.13626066867662 0.148791251601493 557.394464425536
"420" 0.3 -1218.16749985777 0.377198595439613 0.19563523133483 423.88951888985
"421" 0.1 -1063.02971328765 0.362465219236804 0.204232007467973 440.350562863194
"422" 0.3 -1438.32768375139 0.297103923156783 0.183976453943786 468.805210539396
"423" 0.1 -1304.09665023406 0.194661107475153 0.171528543801377 531.382441765964
"424" 0.1 -1924.57468254238 0.215229241972959 0.166274247663221 524.557465374337
"425" 0.1 -1289.16759788852 0.230566168074494 0.180089919893511 507.544112160353
"426" 0.1 -1121.96126236102 0.296925862115215 0.189741091479598 472.911095066329
"427" 0.2 -1521.49837369031 0.202819363328245 0.165446678056676 527.92924490371
"428" 0.2 -1259.87635864138 0.268064109374226 0.170851206954284 484.456745522798
"429" 0.2 -1488.42535518878 0.272385272562023 0.169808065198902 489.230735578817
"430" 0.2 -1362.30167082469 0.436856151679283 0.224859163577913 403.43473425789
"431" 0.3 -1002.08962537041 0.373830469913013 0.211828360077402 433.659814904525
"432" 0.5 -811.734031450817 0.475793254251525 0.232813777656356 372.573899447327
"433" 0.2 -2739.84996407303 0.369052680058303 0.205721024725873 443.488915449106
"434" 0.4 -931.283026675888 0.570023726173552 0.281758004214518 330.607768590679
"435" 0.3 -971.887357931162 0.470976911352518 0.230916381523218 382.288977109853
"436" 0.3 -1303.87792418039 0.446959291399142 0.217433624937547 391.438970529996
"437" 0.4 -999.960998235663 0.384095626728014 0.197421134348344 413.755614076096
"438" 0.1 -1277.40440651564 0.184178157166724 0.162831508010788 531.678695728809
"439" 0.3 -1139.58099770075 0.518218597469797 0.251903209719566 354.444826744239
"440" 0.2 -1495.9822784435 0.230039183903794 0.172585962442786 516.214932128224
"441" 0.4 -1382.23105081948 0.385806871985503 0.205194017906085 418.764556012536
"442" 0.2 -1345.52886097596 0.367700898585435 0.213029621610086 444.861925409799
"443" 0.3 -2193.13254839907 0.434671033768183 0.231654903807174 410.660222273059
"444" 0.3 -2210.63706680436 0.363889487660755 0.196521529603504 445.479606241044
"445" 0.3 -740.403748413889 0.375541186762478 0.195697098759885 427.628815106179
"446" 0.3 -909.969697151237 0.441904786637571 0.23035394425698 397.63003865303
"447" 0.3 -1212.85140533593 0.484151010536637 0.239568649688782 376.06776954409
"448" 0.1 -1641.44630666068 0.227513618535453 0.175259748616376 528.926536656586
"449" 0.2 -2374.27462756191 0.23124720862254 0.171898120878559 519.93783532894
"450" 0.3 -1844.17688406626 0.291527176887567 0.181126338936194 490.038700557884
"451" 0.3 -2248.97863512232 0.175499615030244 0.158347189958651 545.758232220228
"452" 0.4 -940.132331347269 0.420555271648044 0.203936627037301 400.548096249462
"453" 0.3 -1819.93271882635 0.358650176317006 0.196098081921892 439.406520339132
"454" 0.2 -1078.48785529969 0.271225893278097 0.171536174691893 483.97879147223
"455" 0.2 -1031.2302693547 0.393459243081054 0.221852130672647 425.020502461582
"456" 0.3 -922.980967831419 0.552111968711227 0.256433994600346 327.639410039738
"457" 0.3 -1408.0434175759 0.335495214080589 0.199056487674299 458.265049961279
"458" 0.2 -2353.33864257233 0.184270030711494 0.153602209732491 538.960793536087
"459" 0.4 -1512.03224437694 0.488172525076777 0.248168272323016 376.827564652637
"460" 0.4 -1640.80522124862 0.429154039374 0.213137689432004 407.783998646734
"461" 0.3 -2389.7440620978 0.230383925481421 0.161615506250837 510.847970204114
"462" 0.3 -1037.70469784662 0.437586411639297 0.225727739125292 399.84292208862
"463" 0.3 -1316.67310641057 0.388492615537754 0.201205558943981 425.582492855401
"464" 0.2 -1113.51605505182 0.316447541732409 0.193838850833403 471.742350211574
"465" 0.2 -2410.80292702624 0.259765043437535 0.168162200956001 503.676062141573
"466" 0.3 -1332.62577541046 0.325135678079647 0.186841766102004 460.995846172315
"467" 0.2 -1648.76991033359 0.290901948459794 0.185466240963972 479.907578903705
"468" 0.3 -813.385618571221 0.383514631607468 0.200482184485737 428.342783821968
"469" 0.3 -1007.04973222422 0.422795712386925 0.213715112775601 402.904356237792
"470" 0.3 -808.185524602388 0.399438491143491 0.207711558244813 417.970103113791
"471" 0.1 -2945.92966944018 0.229128713194105 0.177608989336179 525.1469087793
"472" 0.4 -957.680718501095 0.549604520536915 0.268650845095245 332.450357550054
"473" 0.2 -2407.74248315401 0.291160491235096 0.185109510480378 498.745196116327
"474" 0.2 -829.57853905569 0.247011741369958 0.17597758186743 492.735925358778
"475" 0.1 -1550.1675632266 0.353085311528608 0.209500861685238 448.945765744583
"476" 0.1 -1435.61024585506 0.0928899741288322 0.146554886440367 585.667308074264
"477" 0.4 -1533.55022613635 0.392716393619912 0.205306539859477 418.872097870347
"478" 0.3 -1375.73287393496 0.372721492432889 0.203013929192737 441.841572402741
"479" 0.2 -1568.68462504664 0.157030967724242 0.158354474576581 549.703788912548
"480" 0 -1973.64562683193 0.0347162609683519 0.136528383180267 620.541609299516
"481" 0.1 -1309.10538876653 0.124804449449019 0.149862601237442 564.309584780559
"482" 0.4 -624.660635303977 0.767191898646671 0.421195663300265 222.880824358952
"483" 0.2 -1117.73153605744 0.348380744710025 0.185204700054701 441.645884475508
"484" 0.4 -1336.65168152313 0.417471583207052 0.214084170538346 409.6603011541
"485" 0.3 -1604.98750466432 0.276671180064649 0.180204360113875 493.954876625049
"486" 0.2 -1846.68574528095 0.35261915151667 0.194834050021748 438.41042205652
"487" 0.3 -1755.51958772447 0.445280243713862 0.225662109555471 395.128686864702
"488" 0.2 -2346.43300581013 0.322342153784587 0.194925086294916 465.903963436917
"489" 0.2 -2080.66649637326 0.149112456481456 0.157596162106119 556.540394406812
"490" 0.2 -1799.90588267006 0.526127999400955 0.268603727587102 362.072210741844
"491" 0.3 -1389.0435110846 0.263218872319324 0.171575216002362 495.328738545347
"492" 0.2 -1637.21404893609 0.29011430894987 0.181066807258895 478.18962586283
"493" 0.2 -1225.28685644995 0.186795034779606 0.163247118006477 528.464930961256
"494" 0.2 -1245.2191614377 0.134898809736275 0.154749734813757 560.555074806598
"495" 0.3 -1651.12172895886 0.461528023108172 0.237432005253634 390.85310656412
"496" 0.1 -731.952073428426 0.446151233467495 0.221820831607261 387.589216771354
"497" 0.4 -1412.45786381526 0.408871626612838 0.197122737093764 415.9854431136
"498" 0 -1313.07833087381 0.0864217602239234 0.149906156975299 583.285433534093
"499" 0.4 -960.131390832806 0.39410328591339 0.213015572755076 424.153178455401
"500" 0.1 -2219.35207447119 0.192702695678894 0.171641560125889 535.735870806223
"501" 0.2 -1547.46912029115 0.273277863612417 0.178296326228754 495.611571742958
"502" 0.2 -2003.6982576747 0.299989681133197 0.187785351166435 475.665966833318
"503" 0.3 -1437.38455048206 0.423088860514116 0.225563767864841 414.514888341979
"504" 0.2 -1826.96795204656 0.598063764371332 0.304604298880305 320.685833092728
"505" 0.2 -1322.90537790143 0.177520811523242 0.160972856203331 536.994345486427
"506" 0.3 -1308.74904631807 0.376274534207677 0.219185282622989 442.86035256919
"507" 0.2 -1323.08309721429 0.277005763916034 0.183221174025449 482.141883360455
"508" 0.3 -1950.7138352761 0.374058536683703 0.212284881324885 436.263986506299
"509" 0.3 -1138.58065555278 0.408519986214856 0.203289807265738 408.060344653181
"510" 0.3 -1347.89168537841 0.413967199830241 0.215380168557569 411.967301110188
"511" 0.1 -1818.13705694256 0.197078283481891 0.160669555334573 530.409494735848
"512" 0.4 -1310.13894557814 0.498222807520549 0.252032896229976 370.897654365995
"513" 0.2 -1388.60587239371 0.169752473285972 0.155429142633634 547.693493842639
"514" 0.3 -1365.5320690344 0.292066847002827 0.184299245108753 477.39759686043
"515" 0.2 -1088.63281422697 0.44353773187604 0.233781368150033 401.345709869675
"516" 0.4 -1605.63367357385 0.326675839728002 0.184889992049522 454.209129477991
"517" 0.4 -1017.08011039045 0.420918623551369 0.21985288189997 408.829327087058
"518" 0.3 -1026.23486328702 0.244510194543261 0.166663183651103 499.663167936285
"519" 0.2 -1660.87101473382 0.312247285469589 0.180978397221735 470.358132147573
"520" 0.4 -2153.36195285981 0.370981942716507 0.193116355099062 430.86427421819
"521" 0.1 -1427.17901507088 0.139617230161411 0.155592369413294 552.069835919177
"522" 0.4 -1334.46667148909 0.487132395425324 0.25598401576382 378.803969241739
"523" 0.3 -1028.32641319446 0.555478425269473 0.281514221995628 338.65796664468
"524" 0.2 -1128.10008556528 0.345636990304712 0.197438333700499 451.716816850442
"525" 0.4 -1305.23868595756 0.465192611492563 0.243326276016604 386.145803509094
"526" 0.5 -1262.23793511528 0.593048935791961 0.294428456394044 314.117402453104
"527" 0.3 -1482.23863877239 0.369260287270053 0.212255613050326 433.981276727559
"528" 0.3 -1243.20210352601 0.326964219183659 0.197138014973161 463.081375938894
"529" 0.3 -1302.37274023789 0.333565143990966 0.183282784109607 450.798403058588
"530" 0.1 -831.449887550811 0.317285374381864 0.186641147460381 453.888757672217
"531" 0.4 -706.03650519417 0.575100885322508 0.281396655964876 324.83858668013
"532" 0.4 -1443.95035188111 0.417894109302444 0.229433458041038 416.72614723712
"533" 0.2 -1802.50256713244 0.126281532388277 0.148548704728633 563.717105754852
"534" 0.3 -936.900763945419 0.233164880774998 0.166019678849773 503.3778491028
"535" 0.2 -1173.666257244 0.367926411351208 0.198630792758175 430.432290456274
"536" 0.3 -889.077356886112 0.368727277494218 0.202681059779109 425.890362862025
"537" 0.2 -1724.93195025199 0.309963090997064 0.180158484308636 465.50208065206
"538" 0.4 -2147.45418282342 0.278537971988887 0.177835460538764 476.078312665019
"539" 0.2 -980.064017386745 0.323799261098311 0.193658359866054 460.174521237218
"540" 0.2 -1804.80166482648 0.183951893178892 0.156590251622201 540.370908573743
"541" 0.2 -1344.43123321033 0.430062190107925 0.231591684226195 408.866349853764
"542" 0.3 -872.45833932865 0.408509033840578 0.208938358087743 410.181229934297
"543" 0.3 -1099.16859814826 0.454714617721655 0.238959055619446 393.365875769367
"544" 0.1 -1544.97164974025 0.273845891343786 0.187401124535461 494.642676013943
"545" 0.2 -2685.80227782328 0.137618848043139 0.153922680153845 567.727391695059
"546" 0.2 -1235.07078003593 0.346215175252424 0.20474981750845 449.641297092177
"547" 0.2 -1992.97147600234 0.224177894693542 0.167168959624533 509.102142392935
"548" 0.2 -1412.95891428356 0.175772817216954 0.16471388482871 534.961547243723
"549" 0.4 -605.155741454399 0.537960928579031 0.24932954234894 334.209130880644
"550" 0.1 -2160.56877972106 0.139881557686688 0.15788446627596 566.649710175453
"551" 0.3 -1359.9336514738 0.365710055500826 0.200803493149413 433.857277970438
"552" 0.2 -845.311630606389 0.604563836009552 0.292672764423313 310.731625979776
"553" 0.2 -1156.04893331344 0.185559183336477 0.160256069981239 523.252452602047
"554" 0.3 -1341.50220910789 0.293017574692081 0.181326279055911 476.950300336417
"555" 0.4 -612.936583821438 0.436529860258375 0.222570376286903 397.037632609571
"556" 0.1 -1916.39160054116 0.162215401173635 0.158640397061516 553.33622812663
"557" 0.3 -1462.87967961657 0.453926444888599 0.243521301629837 400.286225223774
"558" 0.3 -1003.11084488275 0.190759160197047 0.165498369408303 530.600465044635
"559" 0.4 -1522.16941655472 0.404357914770644 0.218290115257257 431.227094482491
"560" 0.2 -1066.1761963102 0.233128540521236 0.177336380783287 513.733000358469
"561" 0.2 -1464.58044569897 0.217614524898605 0.160026729566476 522.906065352436
"562" 0.3 -1478.28925634101 0.565219066426236 0.27440653217364 338.415663885605
"563" 0.3 -2264.5883446293 0.354153462866039 0.192196185073047 446.193466706597
"564" 0.3 -936.393987125291 0.535189448803868 0.251384535857181 336.669411995297
"565" 0.3 -1012.70790052752 0.43246546746097 0.21086926802954 404.437353897688
"566" 0.2 -1994.26872211158 0.375182186817106 0.21081827563593 436.366175686088
"567" 0.3 -2011.08795460645 0.20216388198037 0.160282447689662 537.306469294429
"568" 0.3 -1128.03206894773 0.53373218338696 0.262597261571894 350.027197262263
"569" 0.4 -1889.64889894716 0.39069004443275 0.221330493247493 433.605560777758
"570" 0.4 -1217.1204219189 0.281547175390116 0.180646956930408 476.840082108057
"571" 0.3 -845.288968314012 0.362626072246631 0.190342321217007 435.429789933481
"572" 0.2 -1491.48908100771 0.163892829527322 0.159228115045111 546.56050736795
"573" 0.2 -2061.04104831723 0.341843866992453 0.207164042257 454.244241446571
"574" 0.3 -1739.62351096488 0.368057449536319 0.202168575700841 437.280889048972
"575" 0.4 -1385.72568235451 0.604462014963591 0.287120754836937 307.66155632525
"576" 0.1 -2712.75056650282 0.111720111101826 0.147575615500657 589.101549196539
"577" 0.6 -443.711269006764 0.802350914279802 0.446374943724719 197.61295253004
"578" 0.4 -1542.28533928627 0.333908358336723 0.184445657948255 453.132016584394
"579" 0.2 -1157.02343486758 0.187873418414509 0.168221010906533 528.061400687764
"580" 0.5 -701.491190359591 0.462282460135461 0.226072618675182 375.660467440202
"581" 0.3 -1545.58397288642 0.371543486913114 0.215133961826959 437.776061159307
"582" 0.3 -1229.4195964259 0.318928557009699 0.189274102118669 466.151663982158
"583" 0.3 -1418.54234823112 0.373443279446616 0.218419352871312 446.478068835645
"584" 0.2 -2841.15378953419 0.217281488278014 0.171754116627524 531.808999467467
"585" 0.3 -1297.86370185983 0.479782689875023 0.242403032257098 382.393573252615
"586" 0.4 -2682.90609913065 0.383512122023033 0.202075707614145 433.169636026537
"587" 0.3 -1755.4196960142 0.338846868743721 0.203471259785999 455.908503686907
"588" 0.2 -1351.58294889051 0.256716671295537 0.180851899242811 498.842013771338
"589" 0.2 -928.629020776672 0.229326205508712 0.16819744944216 505.886445178103
"590" 0.4 -670.145825325831 0.568882943832542 0.29286948420821 333.96742130263
"591" 0.2 -1162.22982821156 0.22845439582636 0.177298974339586 508.393888406716
"592" 0.4 -1085.69944198293 0.432909294322842 0.212947798183011 397.932679629426
"593" 0.2 -1028.44873567665 0.300731607166406 0.174801465971231 471.166138686477
"594" 0.2 -1523.00078867465 0.269058441230679 0.193278499131949 492.949109319307
"595" 0.3 -978.771409005584 0.478558737282627 0.245883087088101 374.049528808042
"596" 0.1 -3664.04424045902 0.200838029721622 0.165637933291455 537.014942454279
"597" 0.3 -1357.04902564666 0.387976481972974 0.198030128775859 428.2093161472
"598" 0.3 -1277.95169509119 0.290391361924985 0.184631597303886 471.938341598627
"599" 0.2 -1124.91922633141 0.20610811889752 0.162437231372986 520.961866030211
"600" 0.3 -943.873336189946 0.308457319718886 0.195720488673975 470.865464629382
"601" 0.4 -1209.86077780274 0.379712806705533 0.209292928026354 432.911655130391
"602" 0.3 -843.603476159304 0.370130050740249 0.195349647318601 426.168164661671
"603" 0.2 -1544.21525540558 0.341569299477082 0.204449744509135 455.691581576844
"604" 0.4 -1005.27151033819 0.447396666149265 0.232421516383039 395.844208787067
"605" 0.2 -1417.90881465258 0.398568590425271 0.21532202179126 420.220474011749
"606" 0.3 -1323.15614069153 0.386059130958117 0.215870326827587 434.63727301006
"607" 0.3 -1056.01460691116 0.378744975401407 0.201218828218158 429.011486844767
"608" 0.5 -813.825949917756 0.485374853513478 0.229865646082554 366.167895569233
"609" 0.1 -1472.9735924398 0.286722279419262 0.1900830554553 480.225417544379
"610" 0.4 -707.918361554805 0.489053624016024 0.226146610753417 365.722580581298
"611" 0.3 -2250.94773175467 0.2958526516969 0.182428693128273 474.007328975753
"612" 0.2 -919.111952792223 0.33315566235135 0.196662361080276 454.147122600928
"613" 0.3 -1827.68532546448 0.424478815129736 0.211512000621149 407.408683741919
"614" 0.2 -1499.82294451098 0.219388038297999 0.164735178101776 522.818066594868
"615" 0.1 -1438.02975725843 0.0426665685147183 0.133125237516913 613.62151831737
"616" 0.1 -1773.45731529962 0.253984352311992 0.177323638645794 504.874285653215
"617" 0.4 -1066.71733786508 0.194089360929208 0.158093422644608 526.334110823437
"618" 0.1 -1243.2841240333 0.272774141217447 0.190320593503548 496.795566162339
"619" 0.4 -1468.72814739872 0.316166974860468 0.188297449930893 459.208176240628
"620" 0.2 -1590.15271127321 0.146798614432647 0.156645449593562 556.627750904167
"621" 0.3 -925.158645590023 0.283851385488602 0.183653488046168 477.120308833115
"622" 0.2 -1309.10987830221 0.214967673995119 0.16543988940816 519.667780558958
"623" 0.3 -1215.39866783062 0.398430682923102 0.21027347800426 409.476797453035
"624" 0.2 -1093.82679866151 0.314430939376794 0.18372695247286 457.72125277879
"625" 0.2 -2638.73056984178 0.177035621873942 0.161860681830287 536.609763071006
"626" 0.3 -1319.52876823826 0.409253001967795 0.233037937435037 417.824720344879
"627" 0.3 -1173.40181902308 0.274890616494196 0.176344718646127 479.928614332166
"628" 0.2 -1625.88092344846 0.181225325035793 0.161629721683076 540.309801914403
"629" 0.1 -1970.08434064077 0.170382253189092 0.158053096841249 544.350666841627
"630" 0.2 -1845.57769892376 0.323698318144499 0.191556803373981 458.753587448932
"631" 0.2 -1112.6761055519 0.269356413542715 0.172394309663067 494.267824842681
"632" 0.3 -861.270637763764 0.459655277966426 0.220504244490559 383.30541328535
"633" 0.2 -1407.88991815993 0.216501446451683 0.165923010609925 523.347283690754
"634" 0.2 -1068.81580216841 0.236514740361089 0.167727518496204 513.062898704086
"635" 0.2 -1439.44738242544 0.368161198683135 0.213664447330728 443.590931750264
"636" 0.1 -3101.5572196805 0.228910331461144 0.180944043573136 512.610062234716
"637" 0.2 -1241.84261385131 0.217532786076538 0.176435304237466 511.681446074632
"638" 0.3 -1583.73049980249 0.267597058005708 0.179973359015524 488.079190562451
"639" 0.3 -929.181259383405 0.406745199847008 0.232891893363421 420.266522780098
"640" 0.3 -1369.57427821339 0.370737269575553 0.205190225440199 425.087748979814
"641" 0.2 -1516.66906868776 0.194433256221689 0.164784295355494 541.701133474559
"642" 0.4 -999.386425340943 0.376505561888599 0.21097607457761 435.055968989828
"643" 0.3 -1164.32401850638 0.562126519782077 0.271294468906464 335.691705719021
"644" 0.3 -1863.25670165921 0.422239392576385 0.209441023129472 413.700143305587
"645" 0.4 -1311.63574679065 0.416044683622777 0.209612729795537 411.61417610751
"646" 0.3 -1654.13294679915 0.355085366497668 0.190338130980228 439.511717976725
"647" 0.3 -1676.70861448761 0.340637985022264 0.203857679509909 456.733905262209
"648" 0.3 -1224.25184039834 0.38652375810747 0.203695154748332 421.175969654853
"649" 0.2 -2255.64155044097 0.270699151885872 0.185243559917747 490.402336679441
"650" 0.2 -1675.89953552391 0.14463845810883 0.15530617122017 559.499808284955
"651" 0.3 -1825.2328842754 0.368083620345483 0.211038060736538 447.098145960297
"652" 0.5 -574.547514283881 0.667567117040369 0.314471266979414 270.556230157691
"653" 0.2 -782.59566593486 0.405906891848192 0.203938176444374 414.479349148595
"654" 0.2 -1338.47768099314 0.275192927194328 0.17362391976946 478.39253659826
"655" 0.1 -1381.17907628757 0.101345052765206 0.152109422959552 573.649868776722
"656" 0.2 -1206.58129373856 0.208568211414179 0.170611606106042 523.555800515031
"657" 0.3 -1397.96155499746 0.307427736242275 0.193588432146068 471.195306076794
"658" 0.3 -1692.15032567058 0.41119829363967 0.221528541848812 417.556300189386
"659" 0.2 -1220.10093811364 0.188128660818531 0.1579757553248 530.216402386373
"660" 0.2 -1456.41734096818 0.363879821478189 0.198045750161447 433.709651435181
"661" 0.3 -1429.80015256254 0.401144119696226 0.210330553613832 420.294039150653
"662" 0.2 -1522.31513428025 0.308143307821401 0.201717825387546 481.919836117693
"663" 0.4 -1492.51373601199 0.403535686470914 0.207991585657618 414.569155381452
"664" 0.3 -1077.45759385467 0.222389421433537 0.172787826556745 512.062982892059
"665" 0.2 -1432.27996317855 0.215994226881631 0.169240316884626 519.749011191116
"666" 0.2 -1135.21165616003 0.224133146625326 0.176729344486015 508.200197008648
"667" 0.4 -1184.96044495185 0.374635799140526 0.195151218816196 433.135026426008
"668" 0.4 -979.829741402305 0.430613382240188 0.220625764822548 398.99539570272
"669" 0.2 -1035.0924234365 0.270773148966631 0.18519507712535 488.869140605077
"670" 0.1 -1415.47784942543 0.164970416305072 0.163622594633377 549.462353694742
"671" 0.3 -1863.89872736919 0.312275747086657 0.188430486912725 468.932948106411
"672" 0.2 -2040.09432995388 0.392617383769626 0.225019294255995 434.564098634254
"673" 0.2 -1857.07451952064 0.248383196293067 0.175433110546452 508.979995694207
"674" 0.2 -849.507472303887 0.397238341596665 0.199578336958612 412.536484068891
"675" 0.3 -931.195717850545 0.409820799182891 0.223691087894162 416.994743642514
"676" 0.3 -1205.92412072695 0.313841364767426 0.192116427400751 468.482577535324
"677" 0.1 -1788.07180247214 0.0497079128027241 0.135689205410245 607.224084737429
"678" 0.3 -2664.44324022019 0.452859772428374 0.233762648723005 396.688484444383
"679" 0.3 -1208.29968200443 0.26206336690045 0.169507971197498 486.468289733597
"680" 0.2 -1608.46693376641 0.303553800508285 0.191275779402515 478.522092838958
"681" 0.4 -1407.16342181569 0.422818968257744 0.210264261839526 395.882801422414
"682" 0.2 -1695.86938578132 0.2275089507606 0.163831170437817 517.731346416352
"683" 0.2 -1602.46711852777 0.136134176729734 0.148035027301386 560.298387932018
"684" 0.3 -2304.97060489914 0.45428070504371 0.240941635075131 393.666477916006
"685" 0.1 -1282.7596504836 0.238187831477511 0.179320316002105 508.797053974331
"686" 0.2 -1728.17476505855 0.172137759853622 0.160366745642177 538.773384419247
"687" 0.1 -1932.89630980959 0.145022481991611 0.159078040335941 559.769518166762
"688" 0.2 -789.23104483612 0.574548280334838 0.2556338746568 320.266700152855
"689" 0.4 -772.376367813104 0.546919945935054 0.25642994413157 333.305378114583
"690" 0.3 -748.114637597205 0.462739092481746 0.221988122453352 379.329952798362
"691" 0.2 -1309.79401001917 0.184326615711191 0.16803417121162 542.545190788468
"692" 0.2 -1365.02404422639 0.319430935856441 0.186459776791232 463.208548988972
"693" 0.4 -1300.4820392738 0.18914389953805 0.157849134831955 537.714620483527
"694" 0.2 -1315.87933880379 0.193629524474085 0.157546937301214 534.607176000625
"695" 0.4 -1224.76835910449 0.448747445489797 0.235222121758318 402.296196850713
"696" 0.3 -1088.60904646474 0.234767591937749 0.166557406042903 504.360890528674
"697" 0.4 -1800.7208855641 0.346782810862831 0.210349598696721 459.27897032256
"698" 0.2 -1339.72547159104 0.297152965221639 0.175067624370912 477.589925682077
"699" 0.2 -1605.70740505739 0.218220957653255 0.164698666393062 519.001966141474
"700" 0.1 -2580.14948989649 0.192384999792138 0.16844254919854 539.953230287335
"701" 0.1 -1573.34403748347 0.171161333124571 0.16233130282387 545.544811840737
"702" 0.2 -1819.33810777806 0.370866943417266 0.217288479567216 449.348683448162
"703" 0.3 -2774.09037162243 0.156565168899633 0.156677055077275 547.421559932688
"704" 0.3 -1473.22183455696 0.241488543251669 0.176032986118151 506.457103240094
"705" 0.2 -1176.22240551162 0.31131466489278 0.182498828857219 467.02148080735
"706" 0.3 -1677.39644410812 0.196694874355536 0.164835776635935 524.28690462599
"707" 0.3 -3188.78981456284 0.173226830002266 0.153974444520874 543.860657196178
"708" 0.4 -1600.55666024073 0.288421761921935 0.176536900735528 487.475458835811
"709" 0.4 -1161.28505224083 0.371768049228122 0.19862789278747 439.177434338732
"710" 0.6 -864.112662694007 0.687146723573067 0.350775574069508 263.924590913081
"711" 0.5 -1095.77789173897 0.583115904751655 0.27443452773781 324.396809664427
"712" 0.2 -1447.38304839242 0.1860916427748 0.15632105166669 539.398584033374
"713" 0.4 -2579.22396541138 0.488200161532266 0.238234711190281 378.383741714198
"714" 0.1 -1486.17945792496 0.276554411555439 0.185623367786005 490.94386073069
"715" 0.1 -3187.88571425558 0.240999132513721 0.184227451426303 523.682730679703
"716" 0.2 -1757.56591611411 0.398822517059838 0.213865466457471 430.399812963715
"717" 0.1 -1735.44325030785 0.319774951730017 0.194985934862225 475.034416404243
"718" 0.3 -2172.6833442705 0.402259970534328 0.217995999535114 431.374308110292
"719" 0.4 -1153.09069983706 0.42269405955599 0.202039820874442 410.323973980744
"720" 0.2 -1520.60871218534 0.0821115761832499 0.140833898313447 585.185839215966
"721" 0.3 -1277.06972694125 0.574923875616626 0.266361880631235 321.987603707982
"722" 0.5 -1230.67126025979 0.483868128552314 0.233637495313199 376.247360321605
"723" 0.5 -1987.62393748775 0.488683386592902 0.226916981301232 372.825407034496
"724" 0.3 -2455.73828181004 0.448735979389196 0.238840252216906 400.59677738861
"725" 0.3 -1255.96631463969 0.32244533752512 0.203204089182522 466.112965772534
"726" 0.4 -1361.19989797115 0.455840177522079 0.238194876308061 394.740077476334
"727" 0.6 -845.505536878186 0.748766851659882 0.395627762841436 227.197315839853
"728" 0.1 -1953.24385498133 0.146561610730616 0.158233512589484 555.664937685644
"729" 0.2 -1317.54502254722 0.34607689123327 0.184008080274265 449.215224605158
"730" 0.4 -1076.54742816741 0.452956537566449 0.226929934268859 392.671513056057
"731" 0.4 -1136.07849398888 0.392354049176703 0.206386440615034 425.906977238809
"732" 0.1 -3105.33750470999 0.272247304051915 0.184484271450645 489.279795673024
"733" 0.3 -1149.12584516466 0.398006418539645 0.219842748997553 424.735161316118
"734" 0.2 -1494.81263086706 0.299898230231364 0.193137725521637 470.191037104142
"735" 0.2 -1013.28043259819 0.324254353873944 0.209167286986798 462.536693548365
"736" 0.2 -1466.61595096433 0.329165998556581 0.195156393789282 463.437483495134
"737" 0.2 -1518.02706664011 0.229083625070756 0.172319058316787 502.38137638977
"738" 0.3 -1720.80998685021 0.446577919541039 0.211599652610128 395.026650742537
"739" 0.3 -783.612772137901 0.365537048260245 0.199524107907996 434.732469724196
"740" 0.2 -1517.64248861161 0.295519342248213 0.178632791803913 468.422633022557
"741" 0.4 -2448.42941157744 0.543361250275698 0.265158635281442 348.059013675847
"742" 0.4 -2400.51445839037 0.43091151138272 0.212699546790202 408.296614253984
"743" 0.2 -1240.48723297715 0.354954891251497 0.186445952572434 439.296322424854
"744" 0.2 -1540.19586182089 0.369602827463727 0.199600134743952 440.722829976517
"745" 0.2 -1067.38568120581 0.353721537867513 0.194781190771024 445.647392032503
"746" 0.3 -1637.03852197035 0.398171378472273 0.22489384959703 430.385035244797
"747" 0.3 -1708.51341708683 0.425785753527324 0.21314467684926 404.590490909345
"748" 0.3 -1333.61214355989 0.303374841767007 0.190529254492811 469.029790981789
"749" 0.1 -1139.24383829451 0.132579858661637 0.152173654831343 551.927438362686
"750" 0.3 -1780.68716381461 0.507783238759147 0.261916734145303 367.496436815893
"751" 0.3 -2019.37940366563 0.223196073885982 0.168727818221825 525.002037157188
"752" 0.4 -842.176278553198 0.366874179655637 0.206644443501433 436.355423133331
"753" 0.3 -1386.42361684691 0.353802319767463 0.198992442067222 441.58573097053
"754" 0.3 -1175.75040532033 0.267038471620214 0.175540980312732 489.335800058045
"755" 0.2 -1419.51869901506 0.197388395645112 0.159406269900746 529.787373003317
"756" 0.2 -1615.5632381192 0.347902562628151 0.206580686917798 449.654724889172
"757" 0.3 -1737.29512608848 0.421186611345608 0.235702960866279 414.220180460194
"758" 0.3 -1742.40818410576 0.449466425213546 0.238086641334663 401.047611308238
"759" 0.5 -637.202160351748 0.670864385259475 0.324290320798112 268.494679029402
"760" 0 -1241.50847182838 0.164219818400369 0.167888825293893 550.677286349302
"761" 0.1 -1292.2232526781 0.276228367253156 0.174434943913717 479.122047954679
"762" 0.2 -1495.74298472418 0.426522654043914 0.230008169890974 418.668528399481
"763" 0.3 -2607.59398398593 0.373272068451525 0.197609888077853 433.152556822852
"764" 0.2 -1872.67756324945 0.244400385727053 0.176576475369408 515.115306615522
"765" 0.4 -1833.45962790186 0.417638841247249 0.232440606951202 415.551164730848
"766" 0.4 -1330.0783385605 0.463095074825141 0.241258832678324 397.352419246663
"767" 0.3 -1606.92524990391 0.323556000480731 0.201108436476261 472.862281069032
"768" 0.3 -1789.96094741085 0.36639064525099 0.219224830940809 444.790609372954
"769" 0.3 -1741.02831941131 0.336237540228682 0.201947252945279 467.264190689644
"770" 0.3 -1807.41485137308 0.484715754404608 0.254625169169465 387.331174572848
"771" 0.3 -1091.50497590737 0.211849958315961 0.16103624472005 518.775312726095
"772" 0.3 -2106.59782401626 0.474424688169309 0.234051318450651 383.288348505709
"773" 0.2 -1994.00599872107 0.267587537192455 0.180927317183691 500.146851468249
"774" 0.3 -1504.39850957503 0.246316126121215 0.169116761047385 495.504002988711
"775" 0.3 -1294.67715086661 0.375507688512488 0.22169065005876 442.080299326021
"776" 0.2 -1056.65893565433 0.342900474463517 0.194143881498559 442.123871059539
"777" 0.3 -932.666345963912 0.334449842989226 0.185033900173228 449.795391484117
"778" 0.3 -1052.1598676642 0.467723727647137 0.226871791824259 384.998418167757
"779" 0.2 -1408.32984996869 0.198385030777644 0.161675873878296 521.873628979318
"780" 0.2 -2598.13349975362 0.384564373529905 0.204401686030473 443.431650966802
"781" 0.4 -1099.68845522128 0.280843123214813 0.177695074549414 479.653395707812
"782" 0.4 -732.155561478315 0.463038708662831 0.228578137163255 381.443271829016
"783" 0.3 -1670.78460492664 0.25449991057358 0.182217471371212 492.900258680759
"784" 0.5 -1326.97414602804 0.510015099177186 0.237141372054662 364.808563173441
"785" 0.4 -1153.44423993336 0.426853578005585 0.210906690329558 402.179428750626
"786" 0.2 -1573.31778494265 0.201274435015 0.164276931626379 526.233246079821
"787" 0.2 -823.656398405858 0.376462266139354 0.194780877885688 423.342074429041
"788" 0.3 -2035.98712236847 0.21342152846574 0.1698541316125 524.786955533321
"789" 0.4 -1715.59166892891 0.389410194920236 0.205427131250646 425.324020050208
"790" 0.1 -1879.81409428327 0.0824205194505264 0.145562300972548 588.707030274428
"791" 0.3 -1332.06581196799 0.360573301823532 0.201078676708661 447.00243511061
"792" 0.3 -1351.18621324676 0.281556946755113 0.189093657338098 490.461562411764
"793" 0.4 -1090.86949983339 0.45151495456021 0.227319501710226 390.300665414613
"794" 0.2 -1189.81745567053 0.249017531696074 0.168423178719934 497.871333893577
"795" 0.4 -1005.17213254206 0.406893595961262 0.215729668385923 417.716831388245
"796" 0.3 -1131.52041902763 0.249381205518519 0.182805557909804 505.638709690748
"797" 0.1 -1766.8485435172 0.0875264325152126 0.144287919684307 583.564724845072
"798" 0.3 -2307.5289669243 0.345515085916964 0.202275543538837 454.030806864568
"799" 0.5 -946.022923161934 0.52724555394688 0.260103067215144 348.225263365235
"800" 0.2 -1872.73839564765 0.223964371549216 0.1652846258915 517.257657576697
"801" 0.4 -1200.00576265915 0.455895994123896 0.227528805308916 383.852983082589
"802" 0.3 -1259.78418078908 0.416406007973241 0.221930807987869 411.796356923063
"803" 0.3 -1378.54921254807 0.423600117142328 0.216167810513744 411.764934432113
"804" 0.2 -1091.57738991259 0.542961220192803 0.257459798284692 336.078238229407
"805" 0.2 -1385.20863853324 0.242138102653157 0.169479262841676 493.695721938692
"806" 0.2 -1289.69620852802 0.450882219479987 0.248523857506451 403.335514074273
"807" 0.2 -969.686437164415 0.429441331677627 0.226495542577977 399.402204146499
"808" 0.1 -2931.71321236656 0.246177162086969 0.173654992265103 512.230222430932
"809" 0.3 -1574.22865599251 0.231344869230898 0.165268819716754 514.593849814467
"810" 0.1 -2083.46590954158 0.317398291659982 0.20458660441991 466.789191758728
"811" 0.3 -1126.32974185624 0.265912092018489 0.171242235430752 490.27716562201
"812" 0.3 -2356.91534086622 0.540988055580138 0.27647120801256 346.790966936175
"813" 0.3 -1320.08016268824 0.183163198016547 0.157576339660752 544.194322749041
"814" 0.2 -1835.44185548729 0.335292917556472 0.197357728577583 467.819723329581
"815" 0.3 -1700.22671339311 0.54479694988616 0.24554469551057 333.10536738859
"816" 0.4 -994.682901455153 0.545655571131117 0.26043419404626 343.700111521881
"817" 0.2 -1667.90059039628 0.187399496679269 0.157252174102036 532.858732579525
"818" 0.1 -1464.37900103938 0.34422792639343 0.210838181406774 454.204294380126
"819" 0.2 -1311.9044674038 0.338778671482054 0.1976831632791 457.642853993515
"820" 0.3 -692.615704815615 0.448677258961678 0.217842794291423 385.421038159106
"821" 0.3 -1541.67286085991 0.412513898658241 0.214083622007866 424.162596647546
"822" 0.1 -1276.15595853099 0.229146248898738 0.171004629255929 513.155139553109
"823" 0.3 -841.332900869759 0.315826780419721 0.181016203082467 461.474806512089
"824" 0.2 -1679.96546006465 0.222030822581985 0.162053030478593 507.846637978191
"825" 0.3 -838.479173980547 0.334959644149843 0.182944874992574 453.370641867826
"826" 0.4 -1107.06368986606 0.505669484053257 0.2440883896606 362.741096842985
"827" 0.3 -1315.35390099929 0.325555285899962 0.1894825467121 464.949892464762
"828" 0.3 -942.585656883099 0.401882904373315 0.220435758011659 421.164720495048
"829" 0.2 -1688.11936364173 0.221131493603878 0.164409740795775 518.968908002845
"830" 0.3 -767.682216264027 0.497916605632667 0.244182046124352 361.37878301718
"831" 0.3 -1943.80276308419 0.361043296856333 0.198209254727519 434.172429594607
"832" 0.3 -1108.68618311908 0.360209657040565 0.197540391393156 443.913118419082
"833" 0.5 -1411.97605259093 0.562998493527834 0.255700238279284 327.716991962378
"834" 0.4 -795.176996664416 0.853027075924674 0.547565804592795 182.219264966955
"835" 0.3 -1296.23093372601 0.413888567741789 0.219854547177827 416.401597503675
"836" 0.1 -1537.43811323854 0.258974758517083 0.178181020545033 491.248556237924
"837" 0.3 -1044.3815980017 0.36909184427742 0.192399391477867 427.056953037654
"838" 0.4 -990.31868883716 0.617273482408836 0.291654349398123 300.451353766297
"839" 0.3 -1318.90945169395 0.482671717610881 0.236380855834159 377.389353405282
"840" 0.2 -2467.53576051898 0.236489967099434 0.175337967851862 502.545760217335
"841" 0.2 -1772.48238640447 0.348140795453027 0.199431026785542 455.283571167193
"842" 0.5 -1651.09113389884 0.594180381970079 0.278168774877079 315.418364012235
"843" 0.2 -1140.19668240006 0.278687728456939 0.183166897013456 477.805749110153
"844" 0.5 -690.037000990351 0.52189943128842 0.245868373149465 344.911170682025
"845" 0.4 -954.110608868925 0.32616830788191 0.182803334625637 459.058302377961
"846" 0.3 -1033.82184466376 0.181854579737837 0.161121384654114 532.143513251508
"847" 0.3 -900.918941595017 0.444087644106306 0.222174938639588 394.962360763394
"848" 0.3 -2179.86975993712 0.315203827705481 0.184414035156398 478.418963536955
"849" 0.2 -1196.85399383258 0.289604374643951 0.182145383929929 483.516682254041
"850" 0.2 -1496.99137082959 0.224209717929907 0.160752354312547 527.436501835296
"851" 0.3 -1545.90536160397 0.390417197673783 0.196015974370552 425.575340378762
"852" 0.1 -1546.2651193378 0.0939263310157864 0.148358362615803 580.114443538799
"853" 0.2 -1629.85275734422 0.201432050191193 0.167775922396107 538.930995760115
"854" 0.4 -602.54690829462 0.537306538145969 0.253428484032995 337.797851994068
"855" 0.2 -1456.69981517055 0.345011679006581 0.197545485463039 450.468292602887
"856" 0.2 -1270.77187876798 0.382438006658769 0.20800075759874 427.424030018214
"857" 0.3 -2000.41283916655 0.244377706225489 0.168516371176711 505.399376172142
"858" 0.2 -1618.85104555907 0.251772324364825 0.174037975394706 497.277307236351
"859" 0.2 -1576.85860728376 0.170686435804394 0.160331576494863 545.993558655656
"860" 0.2 -1497.3315198174 0.157505719333055 0.15681236426237 556.231586679535
"861" 0.3 -954.018230987878 0.297815907794967 0.178121572363697 469.031555644383
"862" 0 -1265.37343054321 0.128622185153504 0.158628724582708 571.176738681142
"863" 0.3 -1054.58539716884 0.362316483326036 0.201960089090866 435.992912917282
"864" 0.2 -1294.86313585507 0.0897499094876658 0.141120591201787 585.701463835265
"865" 0.2 -1299.84987938991 0.267207429902462 0.182386853417992 487.929057104315
"866" 0.2 -1518.3422506432 0.210538443620849 0.166408698627354 522.694159192301
"867" 0.3 -910.497628322402 0.349589036615455 0.205989390355885 448.659700397076
"868" 0.4 -1618.16188188581 0.338184044448273 0.200257253302081 460.675393245835
"869" 0.3 -831.334911642942 0.553165868002071 0.273679753006744 339.960010626097
"870" 0.2 -1232.38233903628 0.19176915171826 0.169583873296875 534.039101757666
"871" 0.3 -1230.50628673062 0.341652461744741 0.191385837018385 454.47695389509
"872" 0.1 -1881.02634678624 0.0978278316553891 0.145431457388679 582.374042704236
"873" 0.1 -2088.56653558533 0.0528021753993655 0.135089315843424 615.754420369983
"874" 0.3 -1560.35987866026 0.255310516184212 0.171303004716165 497.166051994213
"875" 0.2 -1414.91592629488 0.314518616520791 0.194877262989098 464.25707994466
"876" 0.2 -1048.3729480843 0.368291609477021 0.209732580683684 440.272804205876
"877" 0.2 -1874.46819968143 0.478832164509527 0.240336919431982 378.512558281156
"878" 0.3 -2188.78736350895 0.218381401140428 0.162722308667209 521.359545615725
"879" 0.3 -1055.72267454272 0.367989377325984 0.219049347484708 433.637562358254
"880" 0.3 -1054.93129033347 0.352686424156665 0.203181789419718 445.051022668788
"881" 0.3 -1308.30091681058 0.290272168557124 0.184813734298514 476.041227173945
"882" 0.3 -896.978287818549 0.282542463547616 0.175049120567144 480.327177471127
"883" 0.1 -1229.5041090588 0.0394721959494966 0.133856699420299 616.080866987321
"884" 0.4 -802.139573034938 0.568202958179852 0.272459372805415 327.768444003025
"885" 0.2 -1148.01208969958 0.313129655443682 0.185485522032829 463.767697632995
"886" 0.4 -1526.40601068954 0.582894878148147 0.27882490115064 322.924477575487
"887" 0.1 -1308.64556444049 0.105436741660568 0.145637277669928 572.757057810961
"888" 0.2 -1324.98450613926 0.384597224205099 0.213458699608074 427.806923316286
"889" 0.2 -1377.91385065886 0.26616947445353 0.171368225210291 487.399881974619
"890" 0.4 -734.817627313275 0.408328093707172 0.206799927295237 402.536018220871
"891" 0.1 -1573.49465386316 0.283465791699405 0.192802356907906 484.865511031707
"892" 0.3 -2412.3469793997 0.530366477962124 0.262605689574277 353.298850000864
"893" 0.4 -874.627313851648 0.432575171343746 0.209626997472339 392.30158307726
"894" 0.2 -1520.99687769673 0.394179559789033 0.20051752305024 416.268583688848
"895" 0.2 -1410.67157521039 0.243129016599592 0.170985570614308 504.773471459928
"896" 0.3 -1402.51714657025 0.39532107359625 0.205160864584183 419.792435847083
"897" 0.3 -1301.07909987265 0.309192390525853 0.184934448918287 470.838077350382
"898" 0.2 -1969.54243891051 0.0877274989581736 0.141095388066039 593.758575648675
"899" 0.3 -787.756466827235 0.475228541726738 0.23025533997839 371.14900940923
"900" 0.2 -2854.29458005444 0.276970953935822 0.191455835936019 506.325890580462
"901" 0.2 -1905.60135093111 0.11147544755685 0.146969695171952 590.014390950208
"902" 0.3 -1322.84415064226 0.419967143732519 0.212249280925445 401.839144069375
"903" 0.4 -937.137731554977 0.510686061501034 0.250912036431263 354.970899948073
"904" 0.2 -2631.62802247447 0.144085020114182 0.150451202025628 572.672771857362
"905" 0.3 -1754.45668211533 0.389070279375955 0.210897126446557 443.944839315133
"906" 0.2 -1915.7230369918 0.283619588884785 0.180545262856732 483.862778266943
"907" 0.3 -1528.56251553889 0.430602482836873 0.212240378390569 396.547247069753
"908" 0.4 -1078.20329162267 0.431477846783863 0.209213715426777 399.12574717229
"909" 0.3 -1362.03669721474 0.366569858620684 0.205009545763177 442.713910884475
"910" 0.2 -1084.77479790917 0.35661486805017 0.195240644426361 438.503502534644
"911" 0.4 -1107.73472212111 0.543732642649773 0.263102032362489 340.482488444084
"912" 0.3 -853.006398308856 0.478235598644127 0.227957637968198 371.641804482297
"913" 0.3 -1363.68046526884 0.446668096108889 0.216706570133603 391.787671584385
"914" 0.4 -1327.46616946607 0.360525642878452 0.192579265047785 438.224985216023
"915" 0.3 -748.831055876465 0.521663836750099 0.241358042578951 344.925158717651
"916" 0.3 -1028.55847392483 0.404513564623994 0.205935643817568 408.750764772317
"917" 0.3 -1190.84199962899 0.340973595851344 0.199468201530928 457.119542246177
"918" 0.3 -1123.85643083182 0.322969779670375 0.190480223283707 458.464580622269
"919" 0.2 -1845.0355240309 0.319715081997505 0.202454373037485 478.45818542836
"920" 0.4 -592.797978856747 0.780712364091268 0.414284214504343 208.10011455375
"921" 0.2 -1080.92771154417 0.261277565362479 0.166984000388968 485.129264080895
"922" 0.3 -833.498110800965 0.556356324729907 0.276682203185667 334.353996987245
"923" 0.3 -2163.70561761376 0.301769908376611 0.182468926411253 473.933154116487
"924" 0.2 -1163.40391644207 0.435712196880987 0.226342211040111 410.402191080356
"925" 0.4 -1951.73231320876 0.405872058353382 0.214005628834892 423.692183555337
"926" 0.2 -2176.6047037783 0.231338991927443 0.171753367835185 511.339540574595
"927" 0.3 -812.343993029184 0.474720143895819 0.233104089593859 371.880416104628
"928" 0.4 -1225.06872061209 0.450221556251847 0.224655566520354 387.781018443219
"929" 0.2 -1301.21827456832 0.413162305934934 0.220229300004712 412.938850747387
"930" 0.4 -1844.66567198601 0.591695007641416 0.296107137463384 310.556114596967
"931" 0.3 -1317.1292355275 0.286441215252606 0.184980946617352 476.2012288837
"932" 0.1 -1468.0832895542 0.25165140480467 0.18175933083129 500.487926392057
"933" 0.2 -1517.1236954073 0.33534188320494 0.197948232437456 454.94039989115
"934" 0.5 -1013.40135159097 0.490667860863814 0.236624672425458 367.006536736363
"935" 0.2 -1102.90833181701 0.411353437830357 0.22420718305787 417.226639791748
"936" 0.3 -1027.11546524868 0.411203868030074 0.225819709548964 422.43694689478
"937" 0.1 -997.820608485453 0.198206863807683 0.163737227031696 525.862309882192
"938" 0.2 -1052.08127197883 0.607929673606604 0.284101245200001 306.211189170349
"939" 0.3 -1665.06637049049 0.423943989274062 0.205564282340742 399.09316736138
"940" 0.4 -916.962129522133 0.617047598357178 0.27845290682711 295.146337627072
"941" 0.3 -2293.28542691796 0.408293397467163 0.215232512025675 422.522001793375
"942" 0.2 -1027.79015950984 0.415014318091565 0.22401840896921 416.948206906333
"943" 0.3 -2106.3964946552 0.414956191639563 0.227482001528559 425.998743349365
"944" 0.4 -837.784880598973 0.416058562387384 0.219158367697365 407.26976341717
"945" 0.3 -1270.97891431865 0.45731666665681 0.226644695106813 386.317700034308
"946" 0.2 -2030.53687477451 0.317263207854544 0.18988289906568 466.170389788183
"947" 0.1 -1196.80307373067 0.229334195980762 0.181109295582359 520.962673897704
"948" 0.4 -1823.49220763138 0.346113573927832 0.199654693339725 452.956052225053
"949" 0.2 -1586.26987903201 0.236181922270351 0.174225528317615 513.96250764702
"950" 0.1 -1876.23958074949 0.199510235774408 0.169217384092085 530.828359898802
"951" 0.2 -941.848880101616 0.426369345726704 0.210492468073743 399.660799781268
"952" 0.2 -1797.97773991506 0.259492516622878 0.18840188773754 511.471977597959
"953" 0.4 -1430.74975225025 0.325547435740886 0.182474795685778 466.307994580315
"954" 0.1 -1402.07800057544 0.214646364547324 0.175016038544252 520.762042945083
"955" 0.4 -1305.91643281736 0.270533972847444 0.174793963929752 480.825278737512
"956" 0.3 -1248.21704233331 0.260108156025938 0.186066028392972 499.751743186568
"957" 0.1 -1462.2313668771 0.268485956595695 0.180897063940497 500.745240695274
"958" 0.3 -1960.25384582616 0.263581763889312 0.17093924460236 494.660270168735
"959" 0.4 -849.045012008794 0.48516528224257 0.228629403469829 360.818425499264
"960" 0.2 -2162.21119362336 0.2464505570532 0.184855972978865 518.683607264541
"961" 0.3 -1344.46862647545 0.169434986936362 0.156890000727796 539.809668505285
"962" 0.2 -1795.18426649895 0.191431395549195 0.154403458516741 529.720110189628
"963" 0.4 -902.303704314222 0.425776090239219 0.212122071641305 402.751342046089
"964" 0.3 -1555.19897031757 0.450560223175415 0.239742874945748 396.8234130457
"965" 0.2 -1454.4181494173 0.343618486942714 0.193529059753902 460.146377503749
"966" 0.2 -1624.4928843256 0.274283398993283 0.171649227115007 488.441499802312
"967" 0.1 -1087.68703203541 0.130907197326551 0.154233702672454 566.124978242384
"968" 0.2 -1254.98917547584 0.334815252670419 0.193878371108539 457.937650853065
"969" 0.3 -2192.2586319579 0.242097057291694 0.169517332998225 506.477237105055
"970" 0.2 -1742.41677055074 0.18647295221228 0.16643455018348 546.934014602474
"971" 0.2 -2151.04503881651 0.284395299594722 0.196575059378365 493.211520087649
"972" 0.2 -1523.44397132755 0.165158328906837 0.156865063468848 549.679709318823
"973" 0.2 -1348.91008002848 0.608339607472867 0.294551990612439 308.400667187162
"974" 0.3 -1228.54104246929 0.406752884377278 0.203164068094359 423.868766239844
"975" 0.3 -994.689821826959 0.374748872728249 0.201898843844724 428.911018335016
"976" 0.2 -1326.27011394636 0.204651314240257 0.172374608979763 520.084864835395
"977" 0.3 -1598.09618445289 0.299476891253295 0.186214929683955 481.989647001803
"978" 0.2 -1388.83658603631 0.322684422875161 0.18447253662514 450.99420447296
"979" 0.4 -2395.31010816786 0.359076985240053 0.208502890055342 450.631742645102
"980" 0.3 -1078.84919855 0.318425415640714 0.198598657989717 461.110396242491
"981" 0.4 -1708.31442854423 0.43758134457323 0.234012124954314 411.890291189519
"982" 0.2 -1769.1444356041 0.258684435464474 0.179366156675054 494.993959194922
"983" 0.1 -1350.58121190867 0.251512721811546 0.179402316150049 502.197883913468
"984" 0.2 -874.182260860394 0.426634251016749 0.230237280759214 404.567800341591
"985" 0.2 -2555.21270651657 0.208559001866813 0.168078989793195 529.768383359702
"986" 0.3 -1027.596620179 0.345629594275191 0.20438922625475 451.210617397085
"987" 0.1 -1600.57738531645 0.13474808865219 0.146167302132276 571.417364526475
"988" 0.1 -1916.08715550527 0.309537527482107 0.179152666199676 475.754458978663
"989" 0.3 -1271.72852001673 0.292677545489981 0.199282377259667 480.613463590422
"990" 0.1 -1391.89016928646 0.287141502524015 0.193862404721279 495.154219168457
"991" 0.4 -1618.79518872478 0.427556118764069 0.207499050626711 401.389178904004
"992" 0.3 -1595.88284637262 0.282834641863346 0.176791046067907 479.486024738324
"993" 0.4 -1011.24334931404 0.446674400885202 0.22013323147455 394.726591087477
"994" 0.2 -1885.29631575565 0.0937490644207177 0.143373279542445 578.075542710449
"995" 0.1 -1833.80393057439 0.180612108620849 0.163567556606183 545.484742289465
"996" 0.2 -1270.99339366035 0.227359012941596 0.16674965760804 501.501040956972
"997" 0.2 -1635.67578364482 0.319435502231526 0.194963551272408 471.066161944545
"998" 0.2 -2346.95864125358 0.19275727124829 0.163165505577159 544.410680675821
"999" 0.3 -980.110608590132 0.482536625049123 0.235469200749142 369.128992801446
"1000" 0.2 -2752.89566521768 0.269598648857646 0.192453917389869 497.338181164814
