"SRL" "MIG" "GMax" "GMin" "SCI" "RCI" "GER" "MSM*"
"1" 69.99 302.8 378.7 86.7 0.777777777777778 -332.633233319046 0.259931506849315 0.286327608982827
"2" 69.99 209.4 378.7 86.7 0.555555555555556 -199.185597942563 0.579794520547945 0.41404011461318
"3" 69.99 273.6 378.7 86.7 0.666666666666667 -290.912987569653 0.359931506849315 0.316885964912281
"4" 69.99 273.8 378.7 86.7 0.777777777777778 -291.198742677525 0.359246575342466 0.316654492330168
"5" 69.99 224.4 378.7 86.7 0.555555555555556 -220.617231033005 0.528424657534247 0.386363636363636
"6" 69.99 251.6 378.7 86.7 0.666666666666667 -259.479925703672 0.43527397260274 0.344594594594595
"7" 69.99 273.6 378.7 86.7 0.666666666666667 -290.912987569653 0.359931506849315 0.316885964912281
"8" 69.99 268.6 378.7 86.7 0.777777777777778 -283.769109872839 0.377054794520548 0.322784810126582
"9" 69.99 246.4 378.7 86.7 0.444444444444444 -252.050292898986 0.453082191780822 0.351866883116883
"10" 69.99 223.8 378.7 86.7 0.555555555555556 -219.759965709387 0.530479452054795 0.387399463806971
"11" 69.99 243.8 378.7 86.7 0.666666666666667 -248.335476496642 0.461986301369863 0.355619360131255
"12" 69.99 268.6 378.7 86.7 0.777777777777778 -283.769109872839 0.377054794520548 0.322784810126582
"13" 69.99 172.1 378.7 86.7 0.333333333333333 -145.892270324332 0.707534246575343 0.503776873910517
"14" 69.99 236.2 378.7 86.7 0.555555555555556 -237.476782397485 0.488013698630137 0.367061812023709
"15" 69.99 219.6 378.7 86.7 0.666666666666667 -213.759108444063 0.54486301369863 0.394808743169399
"16" 69.99 256 378.7 86.7 0.777777777777778 -265.766538076868 0.420205479452055 0.338671875
"17" 69.99 221.6 378.7 86.7 0.555555555555556 -216.616659522789 0.538013698630137 0.391245487364621
"18" 69.99 252 378.7 86.7 0.666666666666667 -260.051435919417 0.433904109589041 0.344047619047619
"19" 69.99 252.8 378.7 86.7 0.666666666666667 -261.194456350907 0.431164383561644 0.342958860759494
"20" 69.99 265.8 378.7 86.7 0.666666666666667 -279.768538362623 0.386643835616438 0.326185101580135
"21" 69.99 302.8 378.7 86.7 0.777777777777778 -332.633233319046 0.259931506849315 0.286327608982827
"22" 69.99 209.2 378.7 86.7 0.555555555555556 -198.899842834691 0.580479452054795 0.414435946462715
"23" 69.99 252.8 378.7 86.7 0.666666666666667 -261.194456350907 0.431164383561644 0.342958860759494
"24" 69.99 282.8 378.7 86.7 0.666666666666667 -304.05772253179 0.328424657534247 0.306577086280057
"25" 69.99 308.6 378.7 86.7 0.777777777777778 -340.92013144735 0.240068493150685 0.280946208684381
"26" 69.99 257 378.7 86.7 0.555555555555556 -267.195313616231 0.416780821917808 0.337354085603113
"27" 69.99 230.8 378.7 86.7 0.555555555555556 -229.761394484926 0.506506849315069 0.375649913344887
"28" 69.99 265.8 378.7 86.7 0.666666666666667 -279.768538362623 0.386643835616438 0.326185101580135
"29" 69.99 216.2 378.7 86.7 0.444444444444444 -208.90127161023 0.556506849315069 0.401017576318224
"30" 69.99 260 378.7 86.7 0.666666666666667 -271.481640234319 0.406506849315069 0.333461538461538
"31" 69.99 215.4 378.7 86.7 0.555555555555556 -207.75825117874 0.559246575342466 0.402506963788301
"32" 69.99 297 378.7 86.7 0.777777777777778 -324.346335190741 0.279794520547945 0.291919191919192
"33" 69.99 320.2 378.7 86.7 0.888888888888889 -357.493927703958 0.200342465753425 0.270768269831355
"34" 69.99 277 378.7 86.7 0.666666666666667 -295.770824403486 0.348287671232877 0.312996389891697
"35" 69.99 252.8 378.7 86.7 0.666666666666667 -261.194456350907 0.431164383561644 0.342958860759494
"36" 69.99 180.2 378.7 86.7 0.444444444444444 -157.46535219317 0.679794520547945 0.481132075471698
"37" 69.99 212 378.7 86.7 0.555555555555556 -202.900414344906 0.570890410958904 0.408962264150943
"38" 69.99 282.8 378.7 86.7 0.666666666666667 -304.05772253179 0.328424657534247 0.306577086280057
"39" 69.99 258.8 378.7 86.7 0.666666666666667 -269.767109587084 0.410616438356165 0.335007727975271
"40" 69.99 224.5 378.7 86.7 0.555555555555556 -220.760108586941 0.528082191780822 0.38619153674833
"41" 69.99 257 378.7 86.7 0.666666666666667 -267.195313616231 0.416780821917808 0.337354085603113
"42" 69.99 172.8 378.7 86.7 0.444444444444444 -146.892413201886 0.70513698630137 0.501736111111111
"43" 69.99 188 378.7 86.7 0.444444444444444 -168.6098014002 0.653082191780822 0.461170212765957
"44" 69.99 185.9 378.7 86.7 0.666666666666667 -165.609372767538 0.66027397260274 0.466379774072082
"45" 69.99 217.4 378.7 86.7 0.666666666666667 -210.615802257465 0.552397260273973 0.398804047838086
"46" 69.99 252.2 378.7 86.7 0.555555555555556 -260.33719102729 0.433219178082192 0.343774781919112
"47" 69.99 220.5 378.7 86.7 0.666666666666667 -215.04500642949 0.541780821917808 0.393197278911565
"48" 69.99 211.2 378.7 86.7 0.666666666666667 -201.757393913416 0.573630136986301 0.410511363636364
"49" 69.99 246.2 378.7 86.7 0.666666666666667 -251.764537791113 0.453767123287671 0.352152721364744
"50" 69.99 217 378.7 86.7 0.777777777777778 -210.04429204172 0.553767123287671 0.399539170506912
"51" 69.99 206.2 378.7 86.7 0.555555555555556 -194.613516216602 0.590753424657534 0.420465567410281
"52" 69.99 207 378.7 86.7 0.555555555555556 -195.756536648093 0.588013698630137 0.418840579710145
"53" 69.99 272.8 378.7 86.7 0.666666666666667 -289.769967138163 0.362671232876712 0.317815249266862
"54" 69.99 282 378.7 86.7 0.666666666666667 -302.9147021003 0.331164383561644 0.307446808510638
"55" 69.99 133.4 378.7 86.7 0.444444444444444 -90.5986569509929 0.840068493150685 0.64992503748126
"56" 69.99 257.8 378.7 86.7 0.777777777777778 -268.338334047721 0.414041095890411 0.336307214895268
"57" 69.99 242.8 378.7 86.7 0.777777777777778 -246.90670095728 0.46541095890411 0.357084019769357
"58" 69.99 235.2 378.7 86.7 0.666666666666667 -236.048006858123 0.491438356164384 0.368622448979592
"59" 69.99 277 378.7 86.7 0.666666666666667 -295.770824403486 0.348287671232877 0.312996389891697
"60" 69.99 223.8 378.7 86.7 0.555555555555556 -219.759965709387 0.530479452054795 0.387399463806971
"61" 69.99 201.2 378.7 86.7 0.666666666666667 -187.469638519789 0.607876712328767 0.430914512922465
"62" 69.99 209.4 378.7 86.7 0.555555555555556 -199.185597942563 0.579794520547945 0.41404011461318
"63" 69.99 302.8 378.7 86.7 0.777777777777778 -332.633233319046 0.259931506849315 0.286327608982827
"64" 69.99 215.6 378.7 86.7 0.666666666666667 -208.044006286612 0.558561643835616 0.402133580705009
"65" 69.99 257.8 378.7 86.7 0.777777777777778 -268.338334047721 0.414041095890411 0.336307214895268
"66" 69.99 273 378.7 86.7 0.666666666666667 -290.055722246035 0.361986301369863 0.317582417582418
"67" 69.99 320.2 378.7 86.7 0.888888888888889 -357.493927703958 0.200342465753425 0.270768269831355
"68" 69.99 174 378.7 86.7 0.666666666666667 -148.606943849121 0.701027397260274 0.498275862068966
"69" 69.99 231.4 378.7 86.7 0.555555555555556 -230.618659808544 0.504452054794521 0.374675885911841
"70" 69.99 302.8 378.7 86.7 0.777777777777778 -332.633233319046 0.259931506849315 0.286327608982827
"71" 69.99 257 378.7 86.7 0.666666666666667 -267.195313616231 0.416780821917808 0.337354085603113
"72" 69.99 249.6 378.7 86.7 0.666666666666667 -256.622374624946 0.442123287671233 0.347355769230769
"73" 69.99 217.8 378.7 86.7 0.555555555555556 -211.18731247321 0.551027397260274 0.398071625344353
"74" 69.99 226.2 378.7 86.7 0.555555555555556 -223.189027003858 0.522260273972603 0.383289124668435
"75" 69.99 194.6 378.7 86.7 0.555555555555556 -178.039719959994 0.630479452054795 0.445529290853032
"76" 69.99 320.2 378.7 86.7 0.888888888888889 -357.493927703958 0.200342465753425 0.270768269831355
"77" 69.99 177.6 378.7 86.7 0.555555555555556 -153.750535790827 0.688698630136986 0.488175675675676
"78" 69.99 229.6 378.7 86.7 0.555555555555556 -228.046863837691 0.510616438356165 0.377613240418119
"79" 69.99 203.6 378.7 86.7 0.444444444444444 -190.898699814259 0.599657534246575 0.425834970530452
"80" 69.99 278.6 378.7 86.7 0.777777777777778 -298.056865266467 0.342808219178082 0.311198851399856
"81" 69.99 277 378.7 86.7 0.666666666666667 -295.770824403486 0.348287671232877 0.312996389891697
"82" 69.99 251.6 378.7 86.7 0.666666666666667 -259.479925703672 0.43527397260274 0.344594594594595
"83" 69.99 262 378.7 86.7 0.555555555555556 -274.339191313045 0.399657534246575 0.330916030534351
"84" 69.99 250.2 378.7 86.7 0.666666666666667 -257.479639948564 0.440068493150685 0.34652278177458
"85" 69.99 251.4 378.7 86.7 0.555555555555556 -259.194170595799 0.435958904109589 0.344868735083532
"86" 69.99 282.8 378.7 86.7 0.666666666666667 -304.05772253179 0.328424657534247 0.306577086280057
"87" 69.99 225.4 378.7 86.7 0.666666666666667 -222.046006572367 0.525 0.384649511978705
"88" 69.99 257.8 378.7 86.7 0.777777777777778 -268.338334047721 0.414041095890411 0.336307214895268
"89" 69.99 257.8 378.7 86.7 0.777777777777778 -268.338334047721 0.414041095890411 0.336307214895268
"90" 69.99 302.8 378.7 86.7 0.777777777777778 -332.633233319046 0.259931506849315 0.286327608982827
"91" 69.99 261.4 378.7 86.7 0.555555555555556 -273.481925989427 0.401712328767123 0.331675592960979
"92" 69.99 199 378.7 86.7 0.444444444444444 -184.32633233319 0.61541095890411 0.435678391959799
"93" 69.99 232 378.7 86.7 0.666666666666667 -231.475925132162 0.502397260273973 0.373706896551724
"94" 69.99 204 378.7 86.7 0.555555555555556 -191.470210030004 0.598287671232877 0.425
"95" 69.99 281.4 378.7 86.7 0.666666666666667 -302.057436776682 0.333219178082192 0.308102345415778
"96" 69.99 277.4 378.7 86.7 0.777777777777778 -296.342334619231 0.346917808219178 0.312545061283345
"97" 69.99 320.2 378.7 86.7 0.888888888888889 -357.493927703958 0.200342465753425 0.270768269831355
"98" 69.99 288.6 378.7 86.7 0.666666666666667 -312.344620660094 0.308561643835616 0.3004158004158
"99" 69.99 196 378.7 86.7 0.555555555555556 -180.040005715102 0.625684931506849 0.44234693877551
"100" 69.99 195.2 378.7 86.7 0.333333333333333 -178.896985283612 0.628424657534247 0.444159836065574
"101" 69.99 257.8 378.7 86.7 0.777777777777778 -268.338334047721 0.414041095890411 0.336307214895268
"102" 69.99 217.4 378.7 86.7 0.666666666666667 -210.615802257465 0.552397260273973 0.398804047838086
"103" 69.99 267.8 378.7 86.7 0.555555555555556 -282.626089441349 0.379794520547945 0.323749066467513
"104" 69.99 302.8 378.7 86.7 0.777777777777778 -332.633233319046 0.259931506849315 0.286327608982827
"105" 69.99 228.4 378.7 86.7 0.555555555555556 -226.332333190456 0.51472602739726 0.379597197898424
"106" 69.99 220.6 378.7 86.7 0.444444444444444 -215.187883983426 0.541438356164384 0.393019038984587
"107" 69.99 221.4 378.7 86.7 0.666666666666667 -216.330904414916 0.538698630136986 0.39159891598916
"108" 69.99 265.4 378.7 86.7 0.666666666666667 -279.197028146878 0.388013698630137 0.326676714393369
"109" 69.99 257.8 378.7 86.7 0.777777777777778 -268.338334047721 0.414041095890411 0.336307214895268
"110" 69.99 221.4 378.7 86.7 0.666666666666667 -216.330904414916 0.538698630136986 0.39159891598916
"111" 69.99 278 378.7 86.7 0.666666666666667 -297.199599942849 0.34486301369863 0.311870503597122
"112" 69.99 271.2 378.7 86.7 0.666666666666667 -287.483926275182 0.368150684931507 0.319690265486726
"113" 69.99 237 378.7 86.7 0.777777777777778 -238.619802828976 0.48527397260274 0.365822784810127
"114" 69.99 262 378.7 86.7 0.555555555555556 -274.339191313045 0.399657534246575 0.330916030534351
"115" 69.99 193.4 378.7 86.7 0.444444444444444 -176.325189312759 0.634589041095891 0.448293691830403
"116" 69.99 242.8 378.7 86.7 0.777777777777778 -246.90670095728 0.46541095890411 0.357084019769357
"117" 69.99 246.2 378.7 86.7 0.666666666666667 -251.764537791113 0.453767123287671 0.352152721364744
"118" 69.99 247 378.7 86.7 0.555555555555556 -252.907558222603 0.451027397260274 0.351012145748988
"119" 69.99 244.4 378.7 86.7 0.666666666666667 -249.19274182026 0.459931506849315 0.354746317512275
"120" 69.99 278.6 378.7 86.7 0.777777777777778 -298.056865266467 0.342808219178082 0.311198851399856
"121" 69.99 247 378.7 86.7 0.555555555555556 -252.907558222603 0.451027397260274 0.351012145748988
"122" 69.99 212 378.7 86.7 0.555555555555556 -202.900414344906 0.570890410958904 0.408962264150943
"123" 69.99 237 378.7 86.7 0.666666666666667 -238.619802828976 0.48527397260274 0.365822784810127
"124" 69.99 242.8 378.7 86.7 0.777777777777778 -246.90670095728 0.46541095890411 0.357084019769357
"125" 69.99 302.8 378.7 86.7 0.777777777777778 -332.633233319046 0.259931506849315 0.286327608982827
"126" 69.99 210.6 378.7 86.7 0.555555555555556 -200.900128589799 0.575684931506849 0.411680911680912
"127" 69.99 222.6 378.7 86.7 0.555555555555556 -218.045435062152 0.534589041095891 0.389487870619946
"128" 69.99 234.6 378.7 86.7 0.666666666666667 -235.190741534505 0.493493150684932 0.369565217391304
"129" 69.99 251.2 378.7 86.7 0.666666666666667 -258.908415487927 0.436643835616438 0.345143312101911
"130" 69.99 273 378.7 86.7 0.666666666666667 -290.055722246035 0.361986301369863 0.317582417582418
"131" 69.99 294.4 378.7 86.7 0.777777777777778 -320.631518788398 0.288698630136986 0.294497282608696
"132" 69.99 252.2 378.7 86.7 0.555555555555556 -260.33719102729 0.433219178082192 0.343774781919112
"133" 69.99 320.2 378.7 86.7 0.888888888888889 -357.493927703958 0.200342465753425 0.270768269831355
"134" 69.99 220 378.7 86.7 0.555555555555556 -214.330618659808 0.543493150684932 0.394090909090909
"135" 69.99 242.8 378.7 86.7 0.777777777777778 -246.90670095728 0.46541095890411 0.357084019769357
"136" 69.99 246.2 378.7 86.7 0.666666666666667 -251.764537791113 0.453767123287671 0.352152721364744
"137" 69.99 282.8 378.7 86.7 0.666666666666667 -304.05772253179 0.328424657534247 0.306577086280057
"138" 69.99 278.6 378.7 86.7 0.777777777777778 -298.056865266467 0.342808219178082 0.311198851399856
"139" 69.99 168.4 378.7 86.7 0.555555555555556 -140.60580082869 0.720205479452055 0.514845605700713
"140" 69.99 224.8 378.7 86.7 0.555555555555556 -221.18874124875 0.527054794520548 0.38567615658363
"141" 69.99 320.2 378.7 86.7 0.888888888888889 -357.493927703958 0.200342465753425 0.270768269831355
"142" 69.99 256.6 378.7 86.7 0.666666666666667 -266.623803400486 0.418150684931507 0.337879968823071
"143" 69.99 228.8 378.7 86.7 0.666666666666667 -226.903843406201 0.513356164383562 0.378933566433567
"144" 69.99 282 378.7 86.7 0.666666666666667 -302.9147021003 0.331164383561644 0.307446808510638
"145" 69.99 278.6 378.7 86.7 0.777777777777778 -298.056865266467 0.342808219178082 0.311198851399856
"146" 69.99 232 378.7 86.7 0.666666666666667 -231.475925132162 0.502397260273973 0.373706896551724
"147" 69.99 158.4 378.7 86.7 0.333333333333333 -126.318045435062 0.754452054794521 0.547348484848485
"148" 69.99 208.4 378.7 86.7 0.555555555555556 -197.7568224032 0.583219178082192 0.416026871401152
"149" 69.99 281.4 378.7 86.7 0.666666666666667 -302.057436776682 0.333219178082192 0.308102345415778
"150" 69.99 264 378.7 86.7 0.666666666666667 -277.19674239177 0.392808219178083 0.328409090909091
"151" 69.99 278 378.7 86.7 0.666666666666667 -297.199599942849 0.34486301369863 0.311870503597122
"152" 69.99 256 378.7 86.7 0.777777777777778 -265.766538076868 0.420205479452055 0.338671875
"153" 69.99 235.2 378.7 86.7 0.666666666666667 -236.048006858123 0.491438356164384 0.368622448979592
"154" 69.99 220.4 378.7 86.7 0.555555555555556 -214.902128875554 0.542123287671233 0.393375680580762
"155" 69.99 219.2 378.7 86.7 0.444444444444444 -213.187598228318 0.546232876712329 0.395529197080292
"156" 69.99 242.8 378.7 86.7 0.777777777777778 -246.90670095728 0.46541095890411 0.357084019769357
"157" 69.99 243.8 378.7 86.7 0.666666666666667 -248.335476496642 0.461986301369863 0.355619360131255
"158" 69.99 251.6 378.7 86.7 0.666666666666667 -259.479925703672 0.43527397260274 0.344594594594595
"159" 69.99 302.8 378.7 86.7 0.777777777777778 -332.633233319046 0.259931506849315 0.286327608982827
"160" 69.99 240 378.7 86.7 0.666666666666667 -242.906129447064 0.475 0.36125
"161" 69.99 212.1 378.7 86.7 0.666666666666667 -203.043291898843 0.570547945205479 0.408769448373409
"162" 69.99 278.6 378.7 86.7 0.777777777777778 -298.056865266467 0.342808219178082 0.311198851399856
"163" 69.99 257.8 378.7 86.7 0.777777777777778 -268.338334047721 0.414041095890411 0.336307214895268
"164" 69.99 251.6 378.7 86.7 0.666666666666667 -259.479925703672 0.43527397260274 0.344594594594595
"165" 69.99 246.4 378.7 86.7 0.444444444444444 -252.050292898986 0.453082191780822 0.351866883116883
"166" 69.99 245.6 378.7 86.7 0.555555555555556 -250.907272467495 0.455821917808219 0.353013029315961
"167" 69.99 308.6 378.7 86.7 0.777777777777778 -340.92013144735 0.240068493150685 0.280946208684381
"168" 69.99 302.8 378.7 86.7 0.777777777777778 -332.633233319046 0.259931506849315 0.286327608982827
"169" 69.99 221.4 378.7 86.7 0.666666666666667 -216.330904414916 0.538698630136986 0.39159891598916
"170" 69.99 256 378.7 86.7 0.777777777777778 -265.766538076868 0.420205479452055 0.338671875
"171" 69.99 257.8 378.7 86.7 0.777777777777778 -268.338334047721 0.414041095890411 0.336307214895268
"172" 69.99 287.2 378.7 86.7 0.666666666666667 -310.344334904986 0.313356164383562 0.301880222841226
"173" 69.99 242.8 378.7 86.7 0.777777777777778 -246.90670095728 0.46541095890411 0.357084019769357
"174" 69.99 258.2 378.7 86.7 0.666666666666667 -268.909844263466 0.412671232876712 0.335786212238575
"175" 69.99 235.4 378.7 86.7 0.555555555555556 -236.333761965995 0.490753424657534 0.368309260832625
"176" 69.99 158.4 378.7 86.7 0.555555555555556 -126.318045435062 0.754452054794521 0.547348484848485
"177" 69.99 237 378.7 86.7 0.666666666666667 -238.619802828976 0.48527397260274 0.365822784810127
"178" 69.99 265.4 378.7 86.7 0.666666666666667 -279.197028146878 0.388013698630137 0.326676714393369
"179" 69.99 242.8 378.7 86.7 0.777777777777778 -246.90670095728 0.46541095890411 0.357084019769357
"180" 69.99 195 378.7 86.7 0.555555555555556 -178.611230175739 0.629109589041096 0.444615384615385
"181" 69.99 208.8 378.7 86.7 0.666666666666667 -198.328332618946 0.581849315068493 0.415229885057471
"182" 69.99 230.6 378.7 86.7 0.555555555555556 -229.475639377054 0.507191780821918 0.375975715524718
"183" 69.99 247.8 378.7 86.7 0.666666666666667 -254.050578654093 0.448287671232877 0.349878934624697
"184" 69.99 209.8 378.7 86.7 0.555555555555556 -199.757108158308 0.578424657534247 0.413250714966635
"185" 69.99 261.2 378.7 86.7 0.666666666666667 -273.196170881554 0.402397260273973 0.331929555895865
"186" 69.99 281.4 378.7 86.7 0.666666666666667 -302.057436776682 0.333219178082192 0.308102345415778
"187" 69.99 240.4 378.7 86.7 0.666666666666667 -243.477639662809 0.473630136986302 0.360648918469218
"188" 69.99 237 378.7 86.7 0.777777777777778 -238.619802828976 0.48527397260274 0.365822784810127
"189" 69.99 247.2 378.7 86.7 0.666666666666667 -253.193313330476 0.450342465753425 0.350728155339806
"190" 69.99 227 378.7 86.7 0.666666666666667 -224.332047435348 0.519520547945206 0.381938325991189
"191" 69.99 245 378.7 86.7 0.555555555555556 -250.050007143878 0.457876712328767 0.353877551020408
"192" 69.99 308.6 378.7 86.7 0.777777777777778 -340.92013144735 0.240068493150685 0.280946208684381
"193" 69.99 237 378.7 86.7 0.777777777777778 -238.619802828976 0.48527397260274 0.365822784810127
"194" 69.99 194 378.7 86.7 0.444444444444444 -177.182454636377 0.632534246575343 0.446907216494845
"195" 69.99 214.2 378.7 86.7 0.555555555555556 -206.043720531504 0.563356164383562 0.404761904761905
"196" 69.99 258.8 378.7 86.7 0.666666666666667 -269.767109587084 0.410616438356165 0.335007727975271
"197" 69.99 201.2 378.7 86.7 0.666666666666667 -187.469638519789 0.607876712328767 0.430914512922465
"198" 69.99 271.2 378.7 86.7 0.666666666666667 -287.483926275182 0.368150684931507 0.319690265486726
"199" 69.99 247.8 378.7 86.7 0.666666666666667 -254.050578654093 0.448287671232877 0.349878934624697
"200" 69.99 188.4 378.7 86.7 0.555555555555556 -169.181311615945 0.651712328767123 0.460191082802548
"201" 69.99 261.2 378.7 86.7 0.666666666666667 -273.196170881554 0.402397260273973 0.331929555895865
"202" 69.99 231.2 378.7 86.7 0.666666666666667 -230.332904700671 0.50513698630137 0.375
"203" 69.99 217.4 378.7 86.7 0.666666666666667 -210.615802257465 0.552397260273973 0.398804047838086
"204" 69.99 272.8 378.7 86.7 0.666666666666667 -289.769967138163 0.362671232876712 0.317815249266862
"205" 69.99 227 378.7 86.7 0.666666666666667 -224.332047435348 0.519520547945206 0.381938325991189
"206" 69.99 266.4 378.7 86.7 0.555555555555556 -280.625803686241 0.38458904109589 0.32545045045045
"207" 69.99 256 378.7 86.7 0.777777777777778 -265.766538076868 0.420205479452055 0.338671875
"208" 69.99 238.6 378.7 86.7 0.666666666666667 -240.905843691956 0.479794520547945 0.363369656328583
"209" 69.99 252 378.7 86.7 0.666666666666667 -260.051435919417 0.433904109589041 0.344047619047619
"210" 69.99 308.6 378.7 86.7 0.777777777777778 -340.92013144735 0.240068493150685 0.280946208684381
"211" 69.99 257.8 378.7 86.7 0.777777777777778 -268.338334047721 0.414041095890411 0.336307214895268
"212" 69.99 314.4 378.7 86.7 0.777777777777778 -349.207029575654 0.220205479452055 0.275763358778626
"213" 69.99 281.4 378.7 86.7 0.666666666666667 -302.057436776682 0.333219178082192 0.308102345415778
"214" 69.99 225.4 378.7 86.7 0.666666666666667 -222.046006572367 0.525 0.384649511978705
"215" 69.99 256 378.7 86.7 0.777777777777778 -265.766538076868 0.420205479452055 0.338671875
"216" 69.99 256 378.7 86.7 0.777777777777778 -265.766538076868 0.420205479452055 0.338671875
"217" 69.99 278.6 378.7 86.7 0.777777777777778 -298.056865266467 0.342808219178082 0.311198851399856
"218" 69.99 188.2 378.7 86.7 0.444444444444444 -168.895556508073 0.652397260273973 0.460680127523911
"219" 69.99 245.8 378.7 86.7 0.555555555555556 -251.193027575368 0.45513698630137 0.352725793327909
"220" 69.99 229.8 378.7 86.7 0.555555555555556 -228.332618945564 0.509931506849315 0.377284595300261
"221" 69.99 264 378.7 86.7 0.666666666666667 -277.19674239177 0.392808219178083 0.328409090909091
"222" 69.99 229.4 378.7 86.7 0.555555555555556 -227.761108729819 0.511301369863014 0.37794245858762
"223" 69.99 257.8 378.7 86.7 0.777777777777778 -268.338334047721 0.414041095890411 0.336307214895268
"224" 69.99 175.8 378.7 86.7 0.555555555555556 -151.178739819974 0.69486301369863 0.493174061433447
"225" 69.99 257.4 378.7 86.7 0.666666666666667 -267.766823831976 0.41541095890411 0.336829836829837
"226" 69.99 200.6 378.7 86.7 0.444444444444444 -186.612373196171 0.609931506849315 0.432203389830508
"227" 69.99 219.6 378.7 86.7 0.666666666666667 -213.759108444063 0.54486301369863 0.394808743169399
"228" 69.99 302.8 378.7 86.7 0.777777777777778 -332.633233319046 0.259931506849315 0.286327608982827
"229" 69.99 247.2 378.7 86.7 0.666666666666667 -253.193313330476 0.450342465753425 0.350728155339806
"230" 69.99 242.5 378.7 86.7 0.666666666666667 -246.478068295471 0.466438356164384 0.357525773195876
"231" 69.99 228.4 378.7 86.7 0.555555555555556 -226.332333190456 0.51472602739726 0.379597197898424
"232" 69.99 293 378.7 86.7 0.666666666666667 -318.631233033291 0.293493150684931 0.295904436860068
"233" 69.99 239.6 378.7 86.7 0.666666666666667 -242.334619231319 0.476369863013699 0.361853088480801
"234" 69.99 220.4 378.7 86.7 0.555555555555556 -214.902128875554 0.542123287671233 0.393375680580762
"235" 69.99 271.6 378.7 86.7 0.666666666666667 -288.055436490927 0.366780821917808 0.319219440353461
"236" 69.99 210.6 378.7 86.7 0.555555555555556 -200.900128589799 0.575684931506849 0.411680911680912
"237" 69.99 248.4 378.7 86.7 0.666666666666667 -254.907843977711 0.446232876712329 0.349033816425121
"238" 69.99 174.8 378.7 86.7 0.444444444444444 -149.749964280611 0.698287671232877 0.495995423340961
"239" 69.99 261.2 378.7 86.7 0.666666666666667 -273.196170881554 0.402397260273973 0.331929555895865
"240" 69.99 241.2 378.7 86.7 0.555555555555556 -244.620660094299 0.470890410958904 0.359452736318408
"241" 69.99 221.4 378.7 86.7 0.666666666666667 -216.330904414916 0.538698630136986 0.39159891598916
"242" 69.99 184.6 378.7 86.7 0.555555555555556 -163.751964566367 0.66472602739726 0.469664138678223
"243" 69.99 287.2 378.7 86.7 0.666666666666667 -310.344334904986 0.313356164383562 0.301880222841226
"244" 69.99 230.6 378.7 86.7 0.555555555555556 -229.475639377054 0.507191780821918 0.375975715524718
"245" 69.99 215 378.7 86.7 0.666666666666667 -207.186740962995 0.560616438356164 0.403255813953488
"246" 69.99 198.8 378.7 86.7 0.444444444444444 -184.040577225318 0.616095890410959 0.436116700201207
"247" 69.99 308.6 378.7 86.7 0.777777777777778 -340.92013144735 0.240068493150685 0.280946208684381
"248" 69.99 230.8 378.7 86.7 0.555555555555556 -229.761394484926 0.506506849315069 0.375649913344887
"249" 69.99 201.2 378.7 86.7 0.666666666666667 -187.469638519789 0.607876712328767 0.430914512922465
"250" 69.99 230.2 378.7 86.7 0.666666666666667 -228.904129161309 0.508561643835616 0.376629018245004
"251" 69.99 235.6 378.7 86.7 0.444444444444444 -236.619517073868 0.490068493150685 0.367996604414261
"252" 69.99 219.6 378.7 86.7 0.555555555555556 -213.759108444063 0.54486301369863 0.394808743169399
"253" 69.99 183.2 378.7 86.7 0.444444444444444 -161.751678811259 0.669520547945206 0.47325327510917
"254" 69.99 249.6 378.7 86.7 0.666666666666667 -256.622374624946 0.442123287671233 0.347355769230769
"255" 69.99 224.4 378.7 86.7 0.555555555555556 -220.617231033005 0.528424657534247 0.386363636363636
"256" 69.99 245.4 378.7 86.7 0.555555555555556 -250.621517359623 0.456506849315069 0.353300733496333
"257" 69.99 163.4 378.7 86.7 0.444444444444444 -133.461923131876 0.737328767123288 0.530599755201958
"258" 69.99 252.8 378.7 86.7 0.666666666666667 -261.194456350907 0.431164383561644 0.342958860759494
"259" 69.99 302.8 378.7 86.7 0.777777777777778 -332.633233319046 0.259931506849315 0.286327608982827
"260" 69.99 261.2 378.7 86.7 0.666666666666667 -273.196170881554 0.402397260273973 0.331929555895865
"261" 69.99 257.8 378.7 86.7 0.777777777777778 -268.338334047721 0.414041095890411 0.336307214895268
"262" 69.99 237 378.7 86.7 0.666666666666667 -238.619802828976 0.48527397260274 0.365822784810127
"263" 69.99 247 378.7 86.7 0.555555555555556 -252.907558222603 0.451027397260274 0.351012145748988
"264" 69.99 233.4 378.7 86.7 0.555555555555556 -233.47621088727 0.497602739726028 0.37146529562982
"265" 69.99 190.3 378.7 86.7 0.555555555555556 -171.895985140734 0.645205479452055 0.455596426694693
"266" 69.99 267.2 378.7 86.7 0.555555555555556 -281.768824117731 0.381849315068493 0.324476047904192
"267" 69.99 170.4 378.7 86.7 0.666666666666667 -143.463351907415 0.713356164383562 0.508802816901408
"268" 69.99 213.8 378.7 86.7 0.666666666666667 -205.472210315759 0.564726027397261 0.405519176800748
"269" 69.99 251.2 378.7 86.7 0.666666666666667 -258.908415487927 0.436643835616438 0.345143312101911
"270" 69.99 235.6 378.7 86.7 0.555555555555556 -236.619517073868 0.490068493150685 0.367996604414261
"271" 69.99 221.7 378.7 86.7 0.666666666666667 -216.759537076725 0.537671232876712 0.39106901217862
"272" 69.99 277 378.7 86.7 0.666666666666667 -295.770824403486 0.348287671232877 0.312996389891697
"273" 69.99 192 378.7 86.7 0.444444444444444 -174.324903557651 0.639383561643836 0.4515625
"274" 69.99 198.2 378.7 86.7 0.555555555555556 -183.1833119017 0.618150684931507 0.437436932391524
"275" 69.99 241.4 378.7 86.7 0.555555555555556 -244.906415202172 0.470205479452055 0.359154929577465
"276" 69.99 209.5 378.7 86.7 0.444444444444444 -199.328475496499 0.579452054794521 0.413842482100239
"277" 69.99 227 378.7 86.7 0.666666666666667 -224.332047435348 0.519520547945206 0.381938325991189
"278" 69.99 195.9 378.7 86.7 0.555555555555556 -179.897128161166 0.626027397260274 0.442572741194487
"279" 69.99 247 378.7 86.7 0.555555555555556 -252.907558222603 0.451027397260274 0.351012145748988
"280" 69.99 173.8 378.7 86.7 0.333333333333333 -148.321188741249 0.701712328767123 0.498849252013809
"281" 69.99 224.2 378.7 86.7 0.555555555555556 -220.331475925132 0.529109589041096 0.386708296164139
"282" 69.99 256 378.7 86.7 0.777777777777778 -265.766538076868 0.420205479452055 0.338671875
"283" 69.99 297 378.7 86.7 0.777777777777778 -324.346335190741 0.279794520547945 0.291919191919192
"284" 69.99 272.8 378.7 86.7 0.666666666666667 -289.769967138163 0.362671232876712 0.317815249266862
"285" 69.99 251.2 378.7 86.7 0.666666666666667 -258.908415487927 0.436643835616438 0.345143312101911
"286" 69.99 236 378.7 86.7 0.555555555555556 -237.191027289613 0.488698630136986 0.367372881355932
"287" 69.99 257.2 378.7 86.7 0.666666666666667 -267.481068724103 0.416095890410959 0.337091757387247
"288" 69.99 205.8 378.7 86.7 0.555555555555556 -194.042006000857 0.592123287671233 0.421282798833819
"289" 69.99 200.4 378.7 86.7 0.555555555555556 -186.326618088298 0.610616438356164 0.432634730538922
"290" 69.99 272.8 378.7 86.7 0.666666666666667 -289.769967138163 0.362671232876712 0.317815249266862
"291" 69.99 257.8 378.7 86.7 0.777777777777778 -268.338334047721 0.414041095890411 0.336307214895268
"292" 69.99 250.8 378.7 86.7 0.555555555555556 -258.336905272182 0.438013698630137 0.345693779904306
"293" 69.99 273 378.7 86.7 0.666666666666667 -290.055722246035 0.361986301369863 0.317582417582418
"294" 69.99 320.2 378.7 86.7 0.888888888888889 -357.493927703958 0.200342465753425 0.270768269831355
"295" 69.99 150.4 378.7 86.7 0.555555555555556 -114.88784112016 0.781849315068493 0.576462765957447
"296" 69.99 272.8 378.7 86.7 0.666666666666667 -289.769967138163 0.362671232876712 0.317815249266862
"297" 69.99 237 378.7 86.7 0.555555555555556 -238.619802828976 0.48527397260274 0.365822784810127
"298" 69.99 291.2 378.7 86.7 0.777777777777778 -316.059437062437 0.299657534246575 0.297733516483516
"299" 69.99 242.8 378.7 86.7 0.777777777777778 -246.90670095728 0.46541095890411 0.357084019769357
"300" 69.99 227.4 378.7 86.7 0.666666666666667 -224.903557651093 0.518150684931507 0.381266490765171
"301" 69.99 198.8 378.7 86.7 0.555555555555556 -184.040577225318 0.616095890410959 0.436116700201207
"302" 69.99 247.8 378.7 86.7 0.666666666666667 -254.050578654093 0.448287671232877 0.349878934624697
"303" 69.99 220 378.7 86.7 0.555555555555556 -214.330618659809 0.543493150684932 0.394090909090909
"304" 69.99 205.9 378.7 86.7 0.444444444444444 -194.184883554794 0.591780821917808 0.421078193297717
"305" 69.99 210.8 378.7 86.7 0.444444444444444 -201.185883697671 0.575 0.411290322580645
"306" 69.99 205 378.7 86.7 0.444444444444444 -192.898985569367 0.59486301369863 0.422926829268293
"307" 69.99 302.8 378.7 86.7 0.777777777777778 -332.633233319046 0.259931506849315 0.286327608982827
"308" 69.99 298.8 378.7 86.7 0.777777777777778 -326.918131161594 0.273630136986301 0.290160642570281
"309" 69.99 236.1 378.7 86.7 0.555555555555556 -237.333904843549 0.488356164383562 0.367217280813215
"310" 69.99 262.8 378.7 86.7 0.666666666666667 -275.482211744535 0.396917808219178 0.329908675799087
"311" 69.99 257.2 378.7 86.7 0.666666666666667 -267.481068724103 0.416095890410959 0.337091757387247
"312" 69.99 271.6 378.7 86.7 0.666666666666667 -288.055436490927 0.366780821917808 0.319219440353461
"313" 69.99 225.9 378.7 86.7 0.555555555555556 -222.760394342049 0.523287671232877 0.383798140770252
"314" 69.99 257.8 378.7 86.7 0.777777777777778 -268.338334047721 0.414041095890411 0.336307214895268
"315" 69.99 245.8 378.7 86.7 0.666666666666667 -251.193027575368 0.45513698630137 0.352725793327909
"316" 69.99 287.8 378.7 86.7 0.666666666666667 -311.201600228604 0.311301369863014 0.301250868658791
"317" 69.99 257.2 378.7 86.7 0.666666666666667 -267.481068724103 0.416095890410959 0.337091757387247
"318" 69.99 261.4 378.7 86.7 0.555555555555556 -273.481925989427 0.401712328767123 0.331675592960979
"319" 69.99 294.4 378.7 86.7 0.777777777777778 -320.631518788398 0.288698630136986 0.294497282608696
"320" 69.99 262 378.7 86.7 0.555555555555556 -274.339191313045 0.399657534246575 0.330916030534351
"321" 69.99 257.2 378.7 86.7 0.666666666666667 -267.481068724103 0.416095890410959 0.337091757387247
"322" 69.99 188.2 378.7 86.7 0.444444444444444 -168.895556508073 0.652397260273973 0.460680127523911
"323" 69.99 298.8 378.7 86.7 0.777777777777778 -326.918131161594 0.273630136986301 0.290160642570281
"324" 69.99 238.6 378.7 86.7 0.666666666666667 -240.905843691956 0.479794520547945 0.363369656328583
"325" 69.99 302.8 378.7 86.7 0.777777777777778 -332.633233319046 0.259931506849315 0.286327608982827
"326" 69.99 260 378.7 86.7 0.666666666666667 -271.481640234319 0.406506849315069 0.333461538461538
"327" 69.99 258.2 378.7 86.7 0.666666666666667 -268.909844263466 0.412671232876712 0.335786212238575
"328" 69.99 287.2 378.7 86.7 0.666666666666667 -310.344334904986 0.313356164383562 0.301880222841226
"329" 69.99 183.6 378.7 86.7 0.333333333333333 -162.323189027004 0.668150684931507 0.472222222222222
"330" 69.99 302.8 378.7 86.7 0.777777777777778 -332.633233319046 0.259931506849315 0.286327608982827
"331" 69.99 308.6 378.7 86.7 0.777777777777778 -340.92013144735 0.240068493150685 0.280946208684381
"332" 69.99 210.4 378.7 86.7 0.555555555555556 -200.614373481926 0.576369863013699 0.412072243346008
"333" 69.99 273.6 378.7 86.7 0.666666666666667 -290.912987569653 0.359931506849315 0.316885964912281
"334" 69.99 228.8 378.7 86.7 0.666666666666667 -226.903843406201 0.513356164383562 0.378933566433567
"335" 69.99 212 378.7 86.7 0.555555555555556 -202.900414344906 0.570890410958904 0.408962264150943
"336" 69.99 257.8 378.7 86.7 0.777777777777778 -268.338334047721 0.414041095890411 0.336307214895268
"337" 69.99 252 378.7 86.7 0.666666666666667 -260.051435919417 0.433904109589041 0.344047619047619
"338" 69.99 245 378.7 86.7 0.555555555555556 -250.050007143878 0.457876712328767 0.353877551020408
"339" 69.99 225.6 378.7 86.7 0.444444444444444 -222.33176168024 0.524315068493151 0.384308510638298
"340" 69.99 203.4 378.7 86.7 0.555555555555556 -190.612944706387 0.600342465753425 0.426253687315634
"341" 69.99 212 378.7 86.7 0.555555555555556 -202.900414344906 0.570890410958904 0.408962264150943
"342" 69.99 210 378.7 86.7 0.555555555555556 -200.042863266181 0.577739726027397 0.412857142857143
"343" 69.99 252 378.7 86.7 0.666666666666667 -260.051435919417 0.433904109589041 0.344047619047619
"344" 69.99 234.6 378.7 86.7 0.666666666666667 -235.190741534505 0.493493150684932 0.369565217391304
"345" 69.99 269 378.7 86.7 0.777777777777778 -284.340620088584 0.375684931506849 0.322304832713755
"346" 69.99 251.6 378.7 86.7 0.666666666666667 -259.479925703672 0.43527397260274 0.344594594594595
"347" 69.99 252.8 378.7 86.7 0.666666666666667 -261.194456350907 0.431164383561644 0.342958860759494
"348" 69.99 257 378.7 86.7 0.555555555555556 -267.195313616231 0.416780821917808 0.337354085603113
"349" 69.99 217.4 378.7 86.7 0.666666666666667 -210.615802257465 0.552397260273973 0.398804047838086
"350" 69.99 234.6 378.7 86.7 0.666666666666667 -235.190741534505 0.493493150684932 0.369565217391304
"351" 69.99 213.8 378.7 86.7 0.666666666666667 -205.472210315759 0.564726027397261 0.405519176800748
"352" 69.99 279.6 378.7 86.7 0.777777777777778 -299.485640805829 0.339383561643836 0.310085836909871
"353" 69.99 297 378.7 86.7 0.777777777777778 -324.346335190741 0.279794520547945 0.291919191919192
"354" 69.99 193.2 378.7 86.7 0.444444444444444 -176.039434204886 0.63527397260274 0.448757763975155
"355" 69.99 277.4 378.7 86.7 0.777777777777778 -296.342334619231 0.346917808219178 0.312545061283345
"356" 69.99 237 378.7 86.7 0.777777777777778 -238.619802828976 0.48527397260274 0.365822784810127
"357" 69.99 252.8 378.7 86.7 0.666666666666667 -261.194456350907 0.431164383561644 0.342958860759494
"358" 69.99 205.4 378.7 86.7 0.666666666666667 -193.470495785112 0.593493150684932 0.422103213242454
"359" 69.99 242.8 378.7 86.7 0.777777777777778 -246.90670095728 0.46541095890411 0.357084019769357
"360" 69.99 302.8 378.7 86.7 0.777777777777778 -332.633233319046 0.259931506849315 0.286327608982827
"361" 69.99 257.8 378.7 86.7 0.777777777777778 -268.338334047721 0.414041095890411 0.336307214895268
"362" 69.99 222 378.7 86.7 0.555555555555556 -217.188169738534 0.536643835616438 0.39054054054054
"363" 69.99 277.4 378.7 86.7 0.777777777777778 -296.342334619231 0.346917808219178 0.312545061283345
"364" 69.99 230.3 378.7 86.7 0.555555555555556 -229.047006715245 0.508219178082192 0.376465479808945
"365" 69.99 247 378.7 86.7 0.555555555555556 -252.907558222603 0.451027397260274 0.351012145748988
"366" 69.99 196.6 378.7 86.7 0.444444444444444 -180.89727103872 0.623630136986301 0.440996948118006
"367" 69.99 277 378.7 86.7 0.666666666666667 -295.770824403486 0.348287671232877 0.312996389891697
"368" 69.99 196 378.7 86.7 0.555555555555556 -180.040005715102 0.625684931506849 0.44234693877551
"369" 69.99 218.6 378.7 86.7 0.555555555555556 -212.330332904701 0.548287671232877 0.396614821591949
"370" 69.99 187.6 378.7 86.7 0.444444444444444 -168.038291184455 0.654452054794521 0.462153518123667
"371" 69.99 228.8 378.7 86.7 0.666666666666667 -226.903843406201 0.513356164383562 0.378933566433567
"372" 69.99 232.8 378.7 86.7 0.666666666666667 -232.618945563652 0.499657534246575 0.372422680412371
"373" 69.99 196 378.7 86.7 0.555555555555556 -180.040005715102 0.625684931506849 0.44234693877551
"374" 69.99 257.8 378.7 86.7 0.777777777777778 -268.338334047721 0.414041095890411 0.336307214895268
"375" 69.99 233.8 378.7 86.7 0.666666666666667 -234.047721103015 0.496232876712329 0.370829769033362
"376" 69.99 196.2 378.7 86.7 0.666666666666667 -180.325760822975 0.625 0.441896024464832
"377" 69.99 234.6 378.7 86.7 0.666666666666667 -235.190741534505 0.493493150684932 0.369565217391304
"378" 69.99 241.2 378.7 86.7 0.555555555555556 -244.620660094299 0.470890410958904 0.359452736318408
"379" 69.99 258.8 378.7 86.7 0.666666666666667 -269.767109587084 0.410616438356165 0.335007727975271
"380" 69.99 204 378.7 86.7 0.555555555555556 -191.470210030004 0.598287671232877 0.425
"381" 69.99 267.8 378.7 86.7 0.555555555555556 -282.626089441349 0.379794520547945 0.323749066467513
"382" 69.99 242 378.7 86.7 0.555555555555556 -245.763680525789 0.468150684931507 0.358264462809917
"383" 69.99 242.8 378.7 86.7 0.777777777777778 -246.90670095728 0.46541095890411 0.357084019769357
"384" 69.99 241.4 378.7 86.7 0.555555555555556 -244.906415202172 0.470205479452055 0.359154929577465
"385" 69.99 247.6 378.7 86.7 0.666666666666667 -253.764823546221 0.448972602739726 0.35016155088853
"386" 69.99 159.6 378.7 86.7 0.666666666666667 -128.032576082297 0.750342465753425 0.543233082706767
"387" 69.99 250.2 378.7 86.7 0.666666666666667 -257.479639948564 0.440068493150685 0.34652278177458
"388" 69.99 302.8 378.7 86.7 0.777777777777778 -332.633233319046 0.259931506849315 0.286327608982827
"389" 69.99 189 378.7 86.7 0.444444444444444 -170.038576939563 0.649657534246575 0.458730158730159
"390" 69.99 190.3 378.7 86.7 0.555555555555556 -171.895985140734 0.645205479452055 0.455596426694693
"391" 69.99 237.5 378.7 86.7 0.666666666666667 -239.334190598657 0.483561643835616 0.365052631578947
"392" 69.99 263.2 378.7 86.7 0.666666666666667 -276.05372196028 0.39554794520548 0.329407294832827
"393" 69.99 256.6 378.7 86.7 0.666666666666667 -266.623803400486 0.418150684931507 0.337879968823071
"394" 69.99 320.2 378.7 86.7 0.888888888888889 -357.493927703958 0.200342465753425 0.270768269831355
"395" 69.99 245.8 378.7 86.7 0.555555555555556 -251.193027575368 0.45513698630137 0.352725793327909
"396" 69.99 282.8 378.7 86.7 0.666666666666667 -304.05772253179 0.328424657534247 0.306577086280057
"397" 69.99 256.2 378.7 86.7 0.555555555555556 -266.052293184741 0.419520547945206 0.338407494145199
"398" 69.99 214.6 378.7 86.7 0.555555555555556 -206.61523074725 0.561986301369863 0.404007455731594
"399" 69.99 252.2 378.7 86.7 0.555555555555556 -260.33719102729 0.433219178082192 0.343774781919112
"400" 69.99 231.2 378.7 86.7 0.555555555555556 -230.332904700671 0.50513698630137 0.375
"401" 69.99 256.6 378.7 86.7 0.666666666666667 -266.623803400486 0.418150684931507 0.337879968823071
"402" 69.99 261.2 378.7 86.7 0.666666666666667 -273.196170881554 0.402397260273973 0.331929555895865
"403" 69.99 294.4 378.7 86.7 0.777777777777778 -320.631518788398 0.288698630136986 0.294497282608696
"404" 69.99 239.2 378.7 86.7 0.555555555555556 -241.763109015574 0.477739726027397 0.362458193979933
"405" 69.99 200.8 378.7 86.7 0.555555555555556 -186.898128304043 0.609246575342466 0.431772908366534
"406" 69.99 277 378.7 86.7 0.666666666666667 -295.770824403486 0.348287671232877 0.312996389891697
"407" 69.99 242.8 378.7 86.7 0.777777777777778 -246.90670095728 0.46541095890411 0.357084019769357
"408" 69.99 198.8 378.7 86.7 0.555555555555556 -184.040577225318 0.616095890410959 0.436116700201207
"409" 69.99 221.6 378.7 86.7 0.555555555555556 -216.616659522789 0.538013698630137 0.391245487364621
"410" 69.99 277 378.7 86.7 0.666666666666667 -295.770824403486 0.348287671232877 0.312996389891697
"411" 69.99 273.8 378.7 86.7 0.777777777777778 -291.198742677525 0.359246575342466 0.316654492330168
"412" 69.99 206.2 378.7 86.7 0.666666666666667 -194.613516216602 0.590753424657534 0.420465567410281
"413" 69.99 261.2 378.7 86.7 0.666666666666667 -273.196170881554 0.402397260273973 0.331929555895865
"414" 69.99 234.6 378.7 86.7 0.777777777777778 -235.190741534505 0.493493150684931 0.369565217391304
"415" 69.99 216.2 378.7 86.7 0.555555555555556 -208.90127161023 0.556506849315069 0.401017576318224
"416" 69.99 205.6 378.7 86.7 0.555555555555556 -193.756250892985 0.592808219178082 0.421692607003891
"417" 69.99 240.4 378.7 86.7 0.666666666666667 -243.477639662809 0.473630136986302 0.360648918469218
"418" 69.99 212.8 378.7 86.7 0.555555555555556 -204.043434776397 0.568150684931507 0.407424812030075
"419" 69.99 227.6 378.7 86.7 0.555555555555556 -225.189312758965 0.517465753424658 0.380931458699473
"420" 69.99 302.8 378.7 86.7 0.777777777777778 -332.633233319046 0.259931506849315 0.286327608982827
"421" 69.99 222 378.7 86.7 0.666666666666667 -217.188169738534 0.536643835616438 0.39054054054054
"422" 69.99 252 378.7 86.7 0.666666666666667 -260.051435919417 0.433904109589041 0.344047619047619
"423" 69.99 232 378.7 86.7 0.666666666666667 -231.475925132162 0.502397260273973 0.373706896551724
"424" 69.99 257.8 378.7 86.7 0.777777777777778 -268.338334047721 0.414041095890411 0.336307214895268
"425" 69.99 245.6 378.7 86.7 0.555555555555556 -250.907272467495 0.455821917808219 0.353013029315961
"426" 69.99 244.4 378.7 86.7 0.666666666666667 -249.19274182026 0.459931506849315 0.354746317512275
"427" 69.99 226.4 378.7 86.7 0.555555555555556 -223.47478211173 0.521575342465753 0.382950530035336
"428" 69.99 245.8 378.7 86.7 0.666666666666667 -251.193027575368 0.45513698630137 0.352725793327909
"429" 69.99 294.4 378.7 86.7 0.777777777777778 -320.631518788398 0.288698630136986 0.294497282608696
"430" 69.99 242.8 378.7 86.7 0.777777777777778 -246.90670095728 0.46541095890411 0.357084019769357
"431" 69.99 257.2 378.7 86.7 0.666666666666667 -267.481068724103 0.416095890410959 0.337091757387247
"432" 69.99 272.8 378.7 86.7 0.666666666666667 -289.769967138163 0.362671232876712 0.317815249266862
"433" 69.99 247.8 378.7 86.7 0.666666666666667 -254.050578654093 0.448287671232877 0.349878934624697
"434" 69.99 257.4 378.7 86.7 0.666666666666667 -267.766823831976 0.41541095890411 0.336829836829837
"435" 69.99 278 378.7 86.7 0.666666666666667 -297.199599942849 0.34486301369863 0.311870503597122
"436" 69.99 308.6 378.7 86.7 0.777777777777778 -340.92013144735 0.240068493150685 0.280946208684381
"437" 69.99 164.9 378.7 86.7 0.444444444444444 -135.60508644092 0.732191780821918 0.525773195876289
"438" 69.99 142.4 378.7 86.7 0.555555555555556 -103.457636805258 0.809246575342466 0.608848314606741
"439" 69.99 187.6 378.7 86.7 0.444444444444444 -168.038291184455 0.654452054794521 0.462153518123667
"440" 69.99 273.6 378.7 86.7 0.666666666666667 -290.912987569653 0.359931506849315 0.316885964912281
"441" 69.99 193.6 378.7 86.7 0.666666666666667 -176.610944420632 0.633904109589041 0.447830578512397
"442" 69.99 272.8 378.7 86.7 0.666666666666667 -289.769967138163 0.362671232876712 0.317815249266862
"443" 69.99 217 378.7 86.7 0.777777777777778 -210.04429204172 0.553767123287671 0.399539170506912
"444" 69.99 277 378.7 86.7 0.666666666666667 -295.770824403486 0.348287671232877 0.312996389891697
"445" 69.99 257.5 378.7 86.7 0.666666666666667 -267.909701385912 0.415068493150685 0.336699029126214
"446" 69.99 297 378.7 86.7 0.777777777777778 -324.346335190741 0.279794520547945 0.291919191919192
"447" 69.99 211.6 378.7 86.7 0.555555555555556 -202.328904129161 0.572260273972603 0.409735349716446
"448" 69.99 217 378.7 86.7 0.666666666666667 -210.04429204172 0.553767123287671 0.399539170506912
"449" 69.99 196.2 378.7 86.7 0.666666666666667 -180.325760822975 0.625 0.441896024464832
"450" 69.99 195.3 378.7 86.7 0.444444444444444 -179.039862837548 0.628082191780822 0.443932411674347
"451" 69.99 208.8 378.7 86.7 0.555555555555556 -198.328332618945 0.581849315068493 0.415229885057471
"452" 69.99 256 378.7 86.7 0.777777777777778 -265.766538076868 0.420205479452055 0.338671875
"453" 69.99 308.6 378.7 86.7 0.777777777777778 -340.92013144735 0.240068493150685 0.280946208684381
"454" 69.99 302.8 378.7 86.7 0.777777777777778 -332.633233319046 0.259931506849315 0.286327608982827
"455" 69.99 240.4 378.7 86.7 0.666666666666667 -243.477639662809 0.473630136986302 0.360648918469218
"456" 69.99 245.8 378.7 86.7 0.555555555555556 -251.193027575368 0.45513698630137 0.352725793327909
"457" 69.99 302.8 378.7 86.7 0.777777777777778 -332.633233319046 0.259931506849315 0.286327608982827
"458" 69.99 258.8 378.7 86.7 0.666666666666667 -269.767109587084 0.410616438356165 0.335007727975271
"459" 69.99 237.4 378.7 86.7 0.555555555555556 -239.191313044721 0.483904109589041 0.365206402695872
"460" 69.99 262.8 378.7 86.7 0.666666666666667 -275.482211744535 0.396917808219178 0.329908675799087
"461" 69.99 256 378.7 86.7 0.777777777777778 -265.766538076868 0.420205479452055 0.338671875
"462" 69.99 230.6 378.7 86.7 0.555555555555556 -229.475639377054 0.507191780821918 0.375975715524718
"463" 69.99 270.4 378.7 86.7 0.666666666666667 -286.340905843692 0.370890410958904 0.320636094674556
"464" 69.99 250.8 378.7 86.7 0.555555555555556 -258.336905272182 0.438013698630137 0.345693779904306
"465" 69.99 199.6 378.7 86.7 0.444444444444444 -185.183597656808 0.613356164383562 0.43436873747495
"466" 69.99 227 378.7 86.7 0.666666666666667 -224.332047435348 0.519520547945206 0.381938325991189
"467" 69.99 287.8 378.7 86.7 0.666666666666667 -311.201600228604 0.311301369863014 0.301250868658791
"468" 69.99 197.9 378.7 86.7 0.444444444444444 -182.754679239891 0.619178082191781 0.438100050530571
"469" 69.99 247.8 378.7 86.7 0.666666666666667 -254.050578654093 0.448287671232877 0.349878934624697
"470" 69.99 242.8 378.7 86.7 0.777777777777778 -246.90670095728 0.46541095890411 0.357084019769357
"471" 69.99 242.8 378.7 86.7 0.777777777777778 -246.90670095728 0.46541095890411 0.357084019769357
"472" 69.99 192.8 378.7 86.7 0.555555555555556 -175.467923989141 0.636643835616438 0.449688796680498
"473" 69.99 204.2 378.7 86.7 0.555555555555556 -191.755965137877 0.597602739726028 0.424583741429971
"474" 69.99 287.8 378.7 86.7 0.666666666666667 -311.201600228604 0.311301369863014 0.301250868658791
"475" 69.99 250.2 378.7 86.7 0.666666666666667 -257.479639948564 0.440068493150685 0.34652278177458
"476" 69.99 245.6 378.7 86.7 0.555555555555556 -250.907272467495 0.455821917808219 0.353013029315961
"477" 69.99 231.4 378.7 86.7 0.555555555555556 -230.618659808544 0.504452054794521 0.374675885911841
"478" 69.99 278 378.7 86.7 0.666666666666667 -297.199599942849 0.34486301369863 0.311870503597122
"479" 69.99 218.8 378.7 86.7 0.555555555555556 -212.616088012573 0.547602739726028 0.396252285191956
"480" 69.99 287.8 378.7 86.7 0.666666666666667 -311.201600228604 0.311301369863014 0.301250868658791
"481" 69.99 252 378.7 86.7 0.666666666666667 -260.051435919417 0.433904109589041 0.344047619047619
"482" 69.99 221.6 378.7 86.7 0.555555555555556 -216.616659522789 0.538013698630137 0.391245487364621
"483" 69.99 287.8 378.7 86.7 0.666666666666667 -311.201600228604 0.311301369863014 0.301250868658791
"484" 69.99 230 378.7 86.7 0.555555555555556 -228.618374053436 0.509246575342466 0.37695652173913
"485" 69.99 257.8 378.7 86.7 0.777777777777778 -268.338334047721 0.414041095890411 0.336307214895268
"486" 69.99 237 378.7 86.7 0.666666666666667 -238.619802828976 0.48527397260274 0.365822784810127
"487" 69.99 231.4 378.7 86.7 0.555555555555556 -230.618659808544 0.504452054794521 0.374675885911841
"488" 69.99 228.8 378.7 86.7 0.666666666666667 -226.903843406201 0.513356164383562 0.378933566433566
"489" 69.99 219.6 378.7 86.7 0.666666666666667 -213.759108444063 0.54486301369863 0.394808743169399
"490" 69.99 217 378.7 86.7 0.777777777777778 -210.04429204172 0.553767123287671 0.399539170506912
"491" 69.99 203 378.7 86.7 0.555555555555556 -190.041434490641 0.601712328767123 0.427093596059113
"492" 69.99 251.2 378.7 86.7 0.666666666666667 -258.908415487927 0.436643835616438 0.345143312101911
"493" 69.99 196 378.7 86.7 0.555555555555556 -180.040005715102 0.625684931506849 0.44234693877551
"494" 69.99 320.2 378.7 86.7 0.888888888888889 -357.493927703958 0.200342465753425 0.270768269831355
"495" 69.99 209.2 378.7 86.7 0.555555555555556 -198.899842834691 0.580479452054795 0.414435946462715
"496" 69.99 302.8 378.7 86.7 0.777777777777778 -332.633233319046 0.259931506849315 0.286327608982827
"497" 69.99 240.4 378.7 86.7 0.666666666666667 -243.477639662809 0.473630136986302 0.360648918469218
"498" 69.99 282.8 378.7 86.7 0.666666666666667 -304.05772253179 0.328424657534247 0.306577086280057
"499" 69.99 302.8 378.7 86.7 0.777777777777778 -332.633233319046 0.259931506849315 0.286327608982827
"500" 69.99 257.8 378.7 86.7 0.777777777777778 -268.338334047721 0.414041095890411 0.336307214895268
"501" 69.99 302.8 378.7 86.7 0.777777777777778 -332.633233319046 0.259931506849315 0.286327608982827
"502" 69.99 278.6 378.7 86.7 0.777777777777778 -298.056865266467 0.342808219178082 0.311198851399856
"503" 69.99 235.6 378.7 86.7 0.555555555555556 -236.619517073868 0.490068493150685 0.367996604414261
"504" 69.99 228.8 378.7 86.7 0.666666666666667 -226.903843406201 0.513356164383562 0.378933566433567
"505" 69.99 257.2 378.7 86.7 0.666666666666667 -267.481068724103 0.416095890410959 0.337091757387247
"506" 69.99 271.6 378.7 86.7 0.666666666666667 -288.055436490927 0.366780821917808 0.319219440353461
"507" 69.99 230.2 378.7 86.7 0.666666666666667 -228.904129161309 0.508561643835616 0.376629018245004
"508" 69.99 262.8 378.7 86.7 0.666666666666667 -275.482211744535 0.396917808219178 0.329908675799087
"509" 69.99 262.8 378.7 86.7 0.666666666666667 -275.482211744535 0.396917808219178 0.329908675799087
"510" 69.99 257.2 378.7 86.7 0.666666666666667 -267.481068724103 0.416095890410959 0.337091757387247
"511" 69.99 234.6 378.7 86.7 0.666666666666667 -235.190741534505 0.493493150684932 0.369565217391304
"512" 69.99 193.4 378.7 86.7 0.333333333333333 -176.325189312759 0.634589041095891 0.448293691830403
"513" 69.99 279.6 378.7 86.7 0.777777777777778 -299.485640805829 0.339383561643836 0.310085836909871
"514" 69.99 262 378.7 86.7 0.555555555555556 -274.339191313045 0.399657534246575 0.330916030534351
"515" 69.99 279.6 378.7 86.7 0.777777777777778 -299.485640805829 0.339383561643836 0.310085836909871
"516" 69.99 277 378.7 86.7 0.666666666666667 -295.770824403486 0.348287671232877 0.312996389891697
"517" 69.99 257 378.7 86.7 0.666666666666667 -267.195313616231 0.416780821917808 0.337354085603113
"518" 69.99 282 378.7 86.7 0.666666666666667 -302.9147021003 0.331164383561644 0.307446808510638
"519" 69.99 282.8 378.7 86.7 0.666666666666667 -304.05772253179 0.328424657534247 0.306577086280057
"520" 69.99 256 378.7 86.7 0.777777777777778 -265.766538076868 0.420205479452055 0.338671875
"521" 69.99 228.8 378.7 86.7 0.666666666666667 -226.903843406201 0.513356164383562 0.378933566433567
"522" 69.99 272.8 378.7 86.7 0.666666666666667 -289.769967138163 0.362671232876712 0.317815249266862
"523" 69.99 177.1 378.7 86.7 0.444444444444444 -153.036148021146 0.69041095890411 0.489553924336533
"524" 69.99 231.4 378.7 86.7 0.555555555555556 -230.618659808544 0.504452054794521 0.374675885911841
"525" 69.99 225.9 378.7 86.7 0.555555555555556 -222.760394342049 0.523287671232877 0.383798140770252
"526" 69.99 297 378.7 86.7 0.777777777777778 -324.346335190741 0.279794520547945 0.291919191919192
"527" 69.99 265.8 378.7 86.7 0.666666666666667 -279.768538362623 0.386643835616438 0.326185101580135
"528" 69.99 238.8 378.7 86.7 0.555555555555556 -241.191598799828 0.479109589041096 0.363065326633166
"529" 69.99 224.6 378.7 86.7 0.555555555555556 -220.902986140877 0.527739726027397 0.386019590382903
"530" 69.99 262 378.7 86.7 0.555555555555556 -274.339191313045 0.399657534246575 0.330916030534351
"531" 69.99 244.4 378.7 86.7 0.666666666666667 -249.19274182026 0.459931506849315 0.354746317512275
"532" 69.99 251.2 378.7 86.7 0.666666666666667 -258.908415487927 0.436643835616438 0.345143312101911
"533" 69.99 302.8 378.7 86.7 0.777777777777778 -332.633233319046 0.259931506849315 0.286327608982827
"534" 69.99 271.6 378.7 86.7 0.666666666666667 -288.055436490927 0.366780821917808 0.319219440353461
"535" 69.99 256 378.7 86.7 0.777777777777778 -265.766538076868 0.420205479452055 0.338671875
"536" 69.99 227.6 378.7 86.7 0.555555555555556 -225.189312758965 0.517465753424658 0.380931458699473
"537" 69.99 257.4 378.7 86.7 0.666666666666667 -267.766823831976 0.41541095890411 0.336829836829837
"538" 69.99 223.8 378.7 86.7 0.555555555555556 -219.759965709387 0.530479452054795 0.387399463806971
"539" 69.99 277 378.7 86.7 0.666666666666667 -295.770824403486 0.348287671232877 0.312996389891697
"540" 69.99 232 378.7 86.7 0.666666666666667 -231.475925132162 0.502397260273973 0.373706896551724
"541" 69.99 240.4 378.7 86.7 0.666666666666667 -243.477639662809 0.473630136986302 0.360648918469218
"542" 69.99 200.6 378.7 86.7 0.444444444444444 -186.612373196171 0.609931506849315 0.432203389830508
"543" 69.99 221.4 378.7 86.7 0.555555555555556 -216.330904414916 0.538698630136986 0.39159891598916
"544" 69.99 251.6 378.7 86.7 0.666666666666667 -259.479925703672 0.43527397260274 0.344594594594595
"545" 69.99 242.8 378.7 86.7 0.777777777777778 -246.90670095728 0.46541095890411 0.357084019769357
"546" 69.99 277 378.7 86.7 0.666666666666667 -295.770824403486 0.348287671232877 0.312996389891697
"547" 69.99 222.4 378.7 86.7 0.555555555555556 -217.759679954279 0.53527397260274 0.389838129496403
"548" 69.99 271.6 378.7 86.7 0.666666666666667 -288.055436490927 0.366780821917808 0.319219440353461
"549" 69.99 214.6 378.7 86.7 0.555555555555556 -206.61523074725 0.561986301369863 0.404007455731594
"550" 69.99 213.8 378.7 86.7 0.666666666666667 -205.472210315759 0.564726027397261 0.405519176800748
"551" 69.99 320.2 378.7 86.7 0.888888888888889 -357.493927703958 0.200342465753425 0.270768269831355
"552" 69.99 251.2 378.7 86.7 0.555555555555556 -258.908415487927 0.436643835616438 0.345143312101911
"553" 69.99 257.8 378.7 86.7 0.777777777777778 -268.338334047721 0.414041095890411 0.336307214895268
"554" 69.99 221 378.7 86.7 0.444444444444444 -215.759394199171 0.540068493150685 0.392307692307692
"555" 69.99 234.6 378.7 86.7 0.777777777777778 -235.190741534505 0.493493150684931 0.369565217391304
"556" 69.99 242.8 378.7 86.7 0.777777777777778 -246.90670095728 0.46541095890411 0.357084019769357
"557" 69.99 240 378.7 86.7 0.555555555555556 -242.906129447064 0.475 0.36125
"558" 69.99 152 378.7 86.7 0.444444444444444 -117.17388198314 0.776369863013699 0.570394736842105
"559" 69.99 247 378.7 86.7 0.555555555555556 -252.907558222603 0.451027397260274 0.351012145748988
"560" 69.99 297 378.7 86.7 0.777777777777778 -324.346335190741 0.279794520547945 0.291919191919192
"561" 69.99 214.6 378.7 86.7 0.555555555555556 -206.61523074725 0.561986301369863 0.404007455731594
"562" 69.99 320.2 378.7 86.7 0.888888888888889 -357.493927703958 0.200342465753425 0.270768269831355
"563" 69.99 256 378.7 86.7 0.777777777777778 -265.766538076868 0.420205479452055 0.338671875
"564" 69.99 245.8 378.7 86.7 0.555555555555556 -251.193027575368 0.45513698630137 0.352725793327909
"565" 69.99 167 378.7 86.7 0.555555555555556 -138.605515073582 0.725 0.519161676646707
"566" 69.99 302.8 378.7 86.7 0.777777777777778 -332.633233319046 0.259931506849315 0.286327608982827
"567" 69.99 250.8 378.7 86.7 0.555555555555556 -258.336905272182 0.438013698630137 0.345693779904306
"568" 69.99 232 378.7 86.7 0.666666666666667 -231.475925132162 0.502397260273973 0.373706896551724
"569" 69.99 302.8 378.7 86.7 0.777777777777778 -332.633233319046 0.259931506849315 0.286327608982827
"570" 69.99 302.8 378.7 86.7 0.777777777777778 -332.633233319046 0.259931506849315 0.286327608982827
"571" 69.99 287.8 378.7 86.7 0.666666666666667 -311.201600228604 0.311301369863014 0.301250868658791
"572" 69.99 297 378.7 86.7 0.777777777777778 -324.346335190741 0.279794520547945 0.291919191919192
"573" 69.99 277 378.7 86.7 0.666666666666667 -295.770824403486 0.348287671232877 0.312996389891697
"574" 69.99 206.2 378.7 86.7 0.555555555555556 -194.613516216602 0.590753424657534 0.420465567410281
"575" 69.99 217.4 378.7 86.7 0.666666666666667 -210.615802257465 0.552397260273973 0.398804047838086
"576" 69.99 221.2 378.7 86.7 0.555555555555556 -216.045149307044 0.539383561643836 0.391952983725136
"577" 69.99 222 378.7 86.7 0.666666666666667 -217.188169738534 0.536643835616438 0.39054054054054
"578" 69.99 257.8 378.7 86.7 0.777777777777778 -268.338334047721 0.414041095890411 0.336307214895268
"579" 69.99 294.4 378.7 86.7 0.777777777777778 -320.631518788398 0.288698630136986 0.294497282608696
"580" 69.99 231.2 378.7 86.7 0.666666666666667 -230.332904700671 0.50513698630137 0.375
"581" 69.99 193.2 378.7 86.7 0.444444444444444 -176.039434204886 0.63527397260274 0.448757763975155
"582" 69.99 220 378.7 86.7 0.555555555555556 -214.330618659809 0.543493150684932 0.394090909090909
"583" 69.99 242.8 378.7 86.7 0.777777777777778 -246.90670095728 0.46541095890411 0.357084019769357
"584" 69.99 256 378.7 86.7 0.777777777777778 -265.766538076868 0.420205479452055 0.338671875
"585" 69.99 267.2 378.7 86.7 0.555555555555556 -281.768824117731 0.381849315068493 0.324476047904192
"586" 69.99 257.4 378.7 86.7 0.666666666666667 -267.766823831976 0.41541095890411 0.336829836829837
"587" 69.99 268.6 378.7 86.7 0.777777777777778 -283.769109872839 0.377054794520548 0.322784810126582
"588" 69.99 272.8 378.7 86.7 0.666666666666667 -289.769967138163 0.362671232876712 0.317815249266862
"589" 69.99 185.4 378.7 86.7 0.666666666666667 -164.894984997857 0.661986301369863 0.467637540453074
"590" 69.99 257.8 378.7 86.7 0.777777777777778 -268.338334047721 0.414041095890411 0.336307214895268
"591" 69.99 268.6 378.7 86.7 0.777777777777778 -283.769109872839 0.377054794520548 0.322784810126582
"592" 69.99 247.2 378.7 86.7 0.666666666666667 -253.193313330476 0.450342465753425 0.350728155339806
"593" 69.99 260 378.7 86.7 0.666666666666667 -271.481640234319 0.406506849315069 0.333461538461538
"594" 69.99 237 378.7 86.7 0.777777777777778 -238.619802828976 0.48527397260274 0.365822784810127
"595" 69.99 282.8 378.7 86.7 0.666666666666667 -304.05772253179 0.328424657534247 0.306577086280057
"596" 69.99 314.4 378.7 86.7 0.777777777777778 -349.207029575654 0.220205479452055 0.275763358778626
"597" 69.99 278.6 378.7 86.7 0.777777777777778 -298.056865266467 0.342808219178082 0.311198851399856
"598" 69.99 243.2 378.7 86.7 0.666666666666667 -247.478211173025 0.464041095890411 0.356496710526316
"599" 69.99 214 378.7 86.7 0.444444444444444 -205.757965423632 0.564041095890411 0.405140186915888
"600" 69.99 232.8 378.7 86.7 0.666666666666667 -232.618945563652 0.499657534246575 0.372422680412371
"601" 69.99 282.8 378.7 86.7 0.666666666666667 -304.05772253179 0.328424657534247 0.306577086280057
"602" 69.99 266.4 378.7 86.7 0.555555555555556 -280.625803686241 0.38458904109589 0.32545045045045
"603" 69.99 294.4 378.7 86.7 0.777777777777778 -320.631518788398 0.288698630136986 0.294497282608696
"604" 69.99 205 378.7 86.7 0.555555555555556 -192.898985569367 0.59486301369863 0.422926829268293
"605" 69.99 271.6 378.7 86.7 0.666666666666667 -288.055436490927 0.366780821917808 0.319219440353461
"606" 69.99 245 378.7 86.7 0.555555555555556 -250.050007143878 0.457876712328767 0.353877551020408
"607" 69.99 205.8 378.7 86.7 0.555555555555556 -194.042006000857 0.592123287671233 0.421282798833819
"608" 69.99 257.8 378.7 86.7 0.777777777777778 -268.338334047721 0.414041095890411 0.336307214895268
"609" 69.99 262.8 378.7 86.7 0.666666666666667 -275.482211744535 0.396917808219178 0.329908675799087
"610" 69.99 257.4 378.7 86.7 0.666666666666667 -267.766823831976 0.41541095890411 0.336829836829837
"611" 69.99 231.2 378.7 86.7 0.666666666666667 -230.332904700671 0.50513698630137 0.375
"612" 69.99 187 378.7 86.7 0.555555555555556 -167.181025860837 0.656506849315069 0.463636363636364
"613" 69.99 261.2 378.7 86.7 0.666666666666667 -273.196170881554 0.402397260273973 0.331929555895865
"614" 69.99 238.6 378.7 86.7 0.666666666666667 -240.905843691956 0.479794520547945 0.363369656328583
"615" 69.99 251.6 378.7 86.7 0.666666666666667 -259.479925703672 0.43527397260274 0.344594594594595
"616" 69.99 262 378.7 86.7 0.555555555555556 -274.339191313045 0.399657534246575 0.330916030534351
"617" 69.99 205.4 378.7 86.7 0.555555555555556 -193.470495785112 0.593493150684931 0.422103213242454
"618" 69.99 220.4 378.7 86.7 0.555555555555556 -214.902128875554 0.542123287671233 0.393375680580762
"619" 69.99 298.8 378.7 86.7 0.777777777777778 -326.918131161594 0.273630136986301 0.290160642570281
"620" 69.99 172.8 378.7 86.7 0.555555555555556 -146.892413201886 0.70513698630137 0.501736111111111
"621" 69.99 229.8 378.7 86.7 0.555555555555556 -228.332618945564 0.509931506849315 0.377284595300261
"622" 69.99 230.8 378.7 86.7 0.555555555555556 -229.761394484926 0.506506849315069 0.375649913344887
"623" 69.99 223.6 378.7 86.7 0.555555555555556 -219.474210601514 0.531164383561644 0.387745974955277
"624" 69.99 261.4 378.7 86.7 0.555555555555556 -273.481925989427 0.401712328767123 0.331675592960979
"625" 69.99 314.4 378.7 86.7 0.777777777777778 -349.207029575654 0.220205479452055 0.275763358778626
"626" 69.99 267.8 378.7 86.7 0.555555555555556 -282.626089441349 0.379794520547945 0.323749066467513
"627" 69.99 297 378.7 86.7 0.777777777777778 -324.346335190741 0.279794520547945 0.291919191919192
"628" 69.99 248.4 378.7 86.7 0.666666666666667 -254.907843977711 0.446232876712329 0.349033816425121
"629" 69.99 262 378.7 86.7 0.555555555555556 -274.339191313045 0.399657534246575 0.330916030534351
"630" 69.99 256 378.7 86.7 0.777777777777778 -265.766538076868 0.420205479452055 0.338671875
"631" 69.99 257.8 378.7 86.7 0.777777777777778 -268.338334047721 0.414041095890411 0.336307214895268
"632" 69.99 281.4 378.7 86.7 0.666666666666667 -302.057436776682 0.333219178082192 0.308102345415778
"633" 69.99 262 378.7 86.7 0.555555555555556 -274.339191313045 0.399657534246575 0.330916030534351
"634" 69.99 320.2 378.7 86.7 0.888888888888889 -357.493927703958 0.200342465753425 0.270768269831355
"635" 69.99 308.6 378.7 86.7 0.777777777777778 -340.92013144735 0.240068493150685 0.280946208684381
"636" 69.99 235.4 378.7 86.7 0.555555555555556 -236.333761965995 0.490753424657534 0.368309260832625
"637" 69.99 302.8 378.7 86.7 0.777777777777778 -332.633233319046 0.259931506849315 0.286327608982827
"638" 69.99 238.2 378.7 86.7 0.555555555555556 -240.334333476211 0.481164383561644 0.363979848866499
"639" 69.99 302.8 378.7 86.7 0.777777777777778 -332.633233319046 0.259931506849315 0.286327608982827
"640" 69.99 224 378.7 86.7 0.555555555555556 -220.04572081726 0.529794520547945 0.387053571428571
"641" 69.99 314.4 378.7 86.7 0.777777777777778 -349.207029575654 0.220205479452055 0.275763358778626
"642" 69.99 282 378.7 86.7 0.666666666666667 -302.9147021003 0.331164383561644 0.307446808510638
"643" 69.99 261.2 378.7 86.7 0.666666666666667 -273.196170881554 0.402397260273973 0.331929555895865
"644" 69.99 188 378.7 86.7 0.444444444444444 -168.6098014002 0.653082191780822 0.461170212765957
"645" 69.99 314.4 378.7 86.7 0.777777777777778 -349.207029575654 0.220205479452055 0.275763358778626
"646" 69.99 302.8 378.7 86.7 0.777777777777778 -332.633233319046 0.259931506849315 0.286327608982827
"647" 69.99 220.4 378.7 86.7 0.555555555555556 -214.902128875554 0.542123287671233 0.393375680580762
"648" 69.99 231.4 378.7 86.7 0.555555555555556 -230.618659808544 0.504452054794521 0.374675885911841
"649" 69.99 252.8 378.7 86.7 0.666666666666667 -261.194456350907 0.431164383561644 0.342958860759494
"650" 69.99 236.2 378.7 86.7 0.555555555555556 -237.476782397485 0.488013698630137 0.367061812023709
"651" 69.99 262 378.7 86.7 0.555555555555556 -274.339191313045 0.399657534246575 0.330916030534351
"652" 69.99 237.4 378.7 86.7 0.555555555555556 -239.191313044721 0.483904109589041 0.365206402695872
"653" 69.99 242.8 378.7 86.7 0.777777777777778 -246.90670095728 0.46541095890411 0.357084019769357
"654" 69.99 227 378.7 86.7 0.555555555555556 -224.332047435348 0.519520547945206 0.381938325991189
"655" 69.99 253.8 378.7 86.7 0.666666666666667 -262.62323189027 0.427739726027398 0.34160756501182
"656" 69.99 227 378.7 86.7 0.666666666666667 -224.332047435348 0.519520547945206 0.381938325991189
"657" 69.99 273.8 378.7 86.7 0.777777777777778 -291.198742677525 0.359246575342466 0.316654492330168
"658" 69.99 257.8 378.7 86.7 0.777777777777778 -268.338334047721 0.414041095890411 0.336307214895268
"659" 69.99 282.8 378.7 86.7 0.666666666666667 -304.05772253179 0.328424657534247 0.306577086280057
"660" 69.99 308.6 378.7 86.7 0.777777777777778 -340.92013144735 0.240068493150685 0.280946208684381
"661" 69.99 302.8 378.7 86.7 0.777777777777778 -332.633233319046 0.259931506849315 0.286327608982827
"662" 69.99 184.2 378.7 86.7 0.555555555555556 -163.180454350621 0.666095890410959 0.470684039087948
"663" 69.99 268.6 378.7 86.7 0.777777777777778 -283.769109872839 0.377054794520548 0.322784810126582
"664" 69.99 221.2 378.7 86.7 0.555555555555556 -216.045149307044 0.539383561643836 0.391952983725136
"665" 69.99 257.8 378.7 86.7 0.777777777777778 -268.338334047721 0.414041095890411 0.336307214895268
"666" 69.99 210.6 378.7 86.7 0.555555555555556 -200.900128589799 0.575684931506849 0.411680911680912
"667" 69.99 196 378.7 86.7 0.555555555555556 -180.040005715102 0.625684931506849 0.44234693877551
"668" 69.99 196.6 378.7 86.7 0.555555555555556 -180.89727103872 0.623630136986301 0.440996948118006
"669" 69.99 272.8 378.7 86.7 0.666666666666667 -289.769967138163 0.362671232876712 0.317815249266862
"670" 69.99 320.2 378.7 86.7 0.888888888888889 -357.493927703958 0.200342465753425 0.270768269831355
"671" 69.99 278.6 378.7 86.7 0.777777777777778 -298.056865266467 0.342808219178082 0.311198851399856
"672" 69.99 268.6 378.7 86.7 0.777777777777778 -283.769109872839 0.377054794520548 0.322784810126582
"673" 69.99 241.4 378.7 86.7 0.555555555555556 -244.906415202172 0.470205479452055 0.359154929577465
"674" 69.99 208.2 378.7 86.7 0.444444444444444 -197.471067295328 0.583904109589041 0.4164265129683
"675" 69.99 216.7 378.7 86.7 0.555555555555556 -209.615659379911 0.554794520547945 0.400092293493309
"676" 69.99 256 378.7 86.7 0.777777777777778 -265.766538076868 0.420205479452055 0.338671875
"677" 69.99 194 378.7 86.7 0.444444444444444 -177.182454636377 0.632534246575343 0.446907216494845
"678" 69.99 228.8 378.7 86.7 0.666666666666667 -226.903843406201 0.513356164383562 0.378933566433567
"679" 69.99 257.8 378.7 86.7 0.777777777777778 -268.338334047721 0.414041095890411 0.336307214895268
"680" 69.99 297 378.7 86.7 0.777777777777778 -324.346335190741 0.279794520547945 0.291919191919192
"681" 69.99 158.4 378.7 86.7 0.555555555555556 -126.318045435062 0.754452054794521 0.547348484848485
"682" 69.99 265.8 378.7 86.7 0.666666666666667 -279.768538362623 0.386643835616438 0.326185101580135
"683" 69.99 302.8 378.7 86.7 0.777777777777778 -332.633233319046 0.259931506849315 0.286327608982827
"684" 69.99 246.2 378.7 86.7 0.666666666666667 -251.764537791113 0.453767123287671 0.352152721364744
"685" 69.99 204.3 378.7 86.7 0.555555555555556 -191.898842691813 0.597260273972603 0.424375917767988
"686" 69.99 213.4 378.7 86.7 0.444444444444444 -204.900700100014 0.566095890410959 0.406279287722587
"687" 69.99 242 378.7 86.7 0.555555555555556 -245.763680525789 0.468150684931507 0.358264462809917
"688" 69.99 299.4 378.7 86.7 0.777777777777778 -327.775396485212 0.271575342465753 0.289579158316633
"689" 69.99 314.4 378.7 86.7 0.777777777777778 -349.207029575654 0.220205479452055 0.275763358778626
"690" 69.99 302.8 378.7 86.7 0.777777777777778 -332.633233319046 0.259931506849315 0.286327608982827
"691" 69.99 242.8 378.7 86.7 0.777777777777778 -246.90670095728 0.46541095890411 0.357084019769357
"692" 69.99 297 378.7 86.7 0.777777777777778 -324.346335190741 0.279794520547945 0.291919191919192
"693" 69.99 240.6 378.7 86.7 0.444444444444444 -243.763394770681 0.472945205479452 0.360349127182045
"694" 69.99 252.8 378.7 86.7 0.666666666666667 -261.194456350907 0.431164383561644 0.342958860759494
"695" 69.99 256.6 378.7 86.7 0.666666666666667 -266.623803400486 0.418150684931507 0.337879968823071
"696" 69.99 251.6 378.7 86.7 0.666666666666667 -259.479925703672 0.43527397260274 0.344594594594595
"697" 69.99 257 378.7 86.7 0.555555555555556 -267.195313616231 0.416780821917808 0.337354085603113
"698" 69.99 308.6 378.7 86.7 0.777777777777778 -340.92013144735 0.240068493150685 0.280946208684381
"699" 69.99 257 378.7 86.7 0.666666666666667 -267.195313616231 0.416780821917808 0.337354085603113
"700" 69.99 302.8 378.7 86.7 0.777777777777778 -332.633233319046 0.259931506849315 0.286327608982827
"701" 69.99 299.4 378.7 86.7 0.777777777777778 -327.775396485212 0.271575342465753 0.289579158316633
"702" 69.99 308.6 378.7 86.7 0.777777777777778 -340.92013144735 0.240068493150685 0.280946208684381
"703" 69.99 153.8 378.7 86.7 0.555555555555556 -119.745677953993 0.770205479452055 0.56371911573472
"704" 69.99 320.2 378.7 86.7 0.888888888888889 -357.493927703958 0.200342465753425 0.270768269831355
"705" 69.99 149.6 378.7 86.7 0.555555555555556 -113.74482068867 0.78458904109589 0.579545454545455
"706" 69.99 244.4 378.7 86.7 0.666666666666667 -249.19274182026 0.459931506849315 0.354746317512275
"707" 69.99 228.8 378.7 86.7 0.666666666666667 -226.903843406201 0.513356164383562 0.378933566433567
"708" 69.99 201.2 378.7 86.7 0.666666666666667 -187.469638519789 0.607876712328767 0.430914512922465
"709" 69.99 320.2 378.7 86.7 0.888888888888889 -357.493927703958 0.200342465753425 0.270768269831355
"710" 69.99 252.8 378.7 86.7 0.666666666666667 -261.194456350907 0.431164383561644 0.342958860759494
"711" 69.99 302.8 378.7 86.7 0.777777777777778 -332.633233319046 0.259931506849315 0.286327608982827
"712" 69.99 268.6 378.7 86.7 0.777777777777778 -283.769109872839 0.377054794520548 0.322784810126582
"713" 69.99 257.8 378.7 86.7 0.777777777777778 -268.338334047721 0.414041095890411 0.336307214895268
"714" 69.99 257.8 378.7 86.7 0.777777777777778 -268.338334047721 0.414041095890411 0.336307214895268
"715" 69.99 214.4 378.7 86.7 0.666666666666667 -206.329475639377 0.562671232876712 0.404384328358209
"716" 69.99 108.8 378.7 86.7 0.555555555555556 -55.4507786826689 0.924315068493151 0.796875
"717" 69.99 230.2 378.7 86.7 0.666666666666667 -228.904129161309 0.508561643835616 0.376629018245004
"718" 69.99 287.2 378.7 86.7 0.666666666666667 -310.344334904986 0.313356164383562 0.301880222841226
"719" 69.99 252 378.7 86.7 0.666666666666667 -260.051435919417 0.433904109589041 0.344047619047619
"720" 69.99 256 378.7 86.7 0.777777777777778 -265.766538076868 0.420205479452055 0.338671875
"721" 69.99 273.6 378.7 86.7 0.666666666666667 -290.912987569653 0.359931506849315 0.316885964912281
"722" 69.99 188.4 378.7 86.7 0.555555555555556 -169.181311615945 0.651712328767123 0.460191082802548
"723" 69.99 293.6 378.7 86.7 0.666666666666667 -319.488498356908 0.291438356164384 0.295299727520436
"724" 69.99 267 378.7 86.7 0.666666666666667 -281.483069009859 0.382534246575343 0.324719101123595
"725" 69.99 214 378.7 86.7 0.444444444444444 -205.757965423632 0.564041095890411 0.405140186915888
"726" 69.99 256 378.7 86.7 0.777777777777778 -265.766538076868 0.420205479452055 0.338671875
"727" 69.99 256 378.7 86.7 0.777777777777778 -265.766538076868 0.420205479452055 0.338671875
"728" 69.99 297 378.7 86.7 0.777777777777778 -324.346335190741 0.279794520547945 0.291919191919192
"729" 69.99 267 378.7 86.7 0.666666666666667 -281.483069009859 0.382534246575343 0.324719101123595
"730" 69.99 256 378.7 86.7 0.777777777777778 -265.766538076868 0.420205479452055 0.338671875
"731" 69.99 232.8 378.7 86.7 0.666666666666667 -232.618945563652 0.499657534246575 0.372422680412371
"732" 69.99 277 378.7 86.7 0.666666666666667 -295.770824403486 0.348287671232877 0.312996389891697
"733" 69.99 287.2 378.7 86.7 0.666666666666667 -310.344334904986 0.313356164383562 0.301880222841226
"734" 69.99 261.4 378.7 86.7 0.555555555555556 -273.481925989427 0.401712328767123 0.331675592960979
"735" 69.99 209.8 378.7 86.7 0.555555555555556 -199.757108158308 0.578424657534247 0.413250714966635
"736" 69.99 261.4 378.7 86.7 0.555555555555556 -273.481925989427 0.401712328767123 0.331675592960979
"737" 69.99 282 378.7 86.7 0.666666666666667 -302.9147021003 0.331164383561644 0.307446808510638
"738" 69.99 271.6 378.7 86.7 0.666666666666667 -288.055436490927 0.366780821917808 0.319219440353461
"739" 69.99 195.6 378.7 86.7 0.555555555555556 -179.468495499357 0.627054794520548 0.443251533742331
"740" 69.99 277 378.7 86.7 0.666666666666667 -295.770824403486 0.348287671232877 0.312996389891697
"741" 69.99 257.4 378.7 86.7 0.666666666666667 -267.766823831976 0.41541095890411 0.336829836829837
"742" 69.99 257.8 378.7 86.7 0.777777777777778 -268.338334047721 0.414041095890411 0.336307214895268
"743" 69.99 249.8 378.7 86.7 0.555555555555556 -256.908129732819 0.441438356164384 0.347077662129704
"744" 69.99 218.8 378.7 86.7 0.555555555555556 -212.616088012573 0.547602739726028 0.396252285191956
"745" 69.99 228.2 378.7 86.7 0.555555555555556 -226.046578082583 0.51541095890411 0.379929886064855
"746" 69.99 294.4 378.7 86.7 0.777777777777778 -320.631518788398 0.288698630136986 0.294497282608696
"747" 69.99 277 378.7 86.7 0.666666666666667 -295.770824403486 0.348287671232877 0.312996389891697
"748" 69.99 272.2 378.7 86.7 0.555555555555556 -288.912701814545 0.36472602739726 0.318515797207935
"749" 69.99 196.6 378.7 86.7 0.444444444444444 -180.89727103872 0.623630136986301 0.440996948118006
"750" 69.99 218.2 378.7 86.7 0.555555555555556 -211.758822688955 0.549657534246575 0.397341888175985
"751" 69.99 242.8 378.7 86.7 0.777777777777778 -246.90670095728 0.46541095890411 0.357084019769357
"752" 69.99 320.2 378.7 86.7 0.888888888888889 -357.493927703958 0.200342465753425 0.270768269831355
"753" 69.99 211.6 378.7 86.7 0.555555555555556 -202.328904129161 0.572260273972603 0.409735349716446
"754" 69.99 320.2 378.7 86.7 0.888888888888889 -357.493927703958 0.200342465753425 0.270768269831355
"755" 69.99 302.8 378.7 86.7 0.777777777777778 -332.633233319046 0.259931506849315 0.286327608982827
"756" 69.99 320.2 378.7 86.7 0.888888888888889 -357.493927703958 0.200342465753425 0.270768269831355
"757" 69.99 242.8 378.7 86.7 0.777777777777778 -246.90670095728 0.46541095890411 0.357084019769357
"758" 69.99 294.4 378.7 86.7 0.777777777777778 -320.631518788398 0.288698630136986 0.294497282608696
"759" 69.99 287.8 378.7 86.7 0.666666666666667 -311.201600228604 0.311301369863014 0.301250868658791
"760" 69.99 202.8 378.7 86.7 0.555555555555556 -189.755679382769 0.602397260273973 0.427514792899408
"761" 69.99 225.8 378.7 86.7 0.555555555555556 -222.617516788113 0.523630136986301 0.383968113374668
"762" 69.99 198.8 378.7 86.7 0.555555555555556 -184.040577225318 0.616095890410959 0.436116700201207
"763" 69.99 320.2 378.7 86.7 0.888888888888889 -357.493927703958 0.200342465753425 0.270768269831355
"764" 69.99 242 378.7 86.7 0.555555555555556 -245.763680525789 0.468150684931507 0.358264462809917
"765" 69.99 251.6 378.7 86.7 0.666666666666667 -259.479925703672 0.43527397260274 0.344594594594595
"766" 69.99 282.8 378.7 86.7 0.666666666666667 -304.05772253179 0.328424657534247 0.306577086280057
"767" 69.99 299.4 378.7 86.7 0.777777777777778 -327.775396485212 0.271575342465753 0.289579158316633
"768" 69.99 247.8 378.7 86.7 0.666666666666667 -254.050578654093 0.448287671232877 0.349878934624697
"769" 69.99 277 378.7 86.7 0.666666666666667 -295.770824403486 0.348287671232877 0.312996389891697
"770" 69.99 251.6 378.7 86.7 0.666666666666667 -259.479925703672 0.43527397260274 0.344594594594595
"771" 69.99 217.2 378.7 86.7 0.666666666666667 -210.330047149593 0.553082191780822 0.399171270718232
"772" 69.99 294.4 378.7 86.7 0.777777777777778 -320.631518788398 0.288698630136986 0.294497282608696
"773" 69.99 234.6 378.7 86.7 0.777777777777778 -235.190741534505 0.493493150684931 0.369565217391304
"774" 69.99 175.1 378.7 86.7 0.555555555555556 -150.17859694242 0.697260273972603 0.495145631067961
"775" 69.99 287.8 378.7 86.7 0.666666666666667 -311.201600228604 0.311301369863014 0.301250868658791
"776" 69.99 231.4 378.7 86.7 0.555555555555556 -230.618659808544 0.504452054794521 0.374675885911841
"777" 69.99 224 378.7 86.7 0.555555555555556 -220.04572081726 0.529794520547945 0.387053571428571
"778" 69.99 177.8 378.7 86.7 0.333333333333333 -154.0362908987 0.688013698630137 0.487626546681665
"779" 69.99 252.8 378.7 86.7 0.666666666666667 -261.194456350907 0.431164383561644 0.342958860759494
"780" 69.99 226.8 378.7 86.7 0.555555555555556 -224.046292327475 0.520205479452055 0.382275132275132
"781" 69.99 226.4 378.7 86.7 0.555555555555556 -223.47478211173 0.521575342465753 0.382950530035336
"782" 69.99 297 378.7 86.7 0.777777777777778 -324.346335190741 0.279794520547945 0.291919191919192
"783" 69.99 241.4 378.7 86.7 0.555555555555556 -244.906415202172 0.470205479452055 0.359154929577465
"784" 69.99 257.2 378.7 86.7 0.666666666666667 -267.481068724103 0.416095890410959 0.337091757387247
"785" 69.99 268.6 378.7 86.7 0.777777777777778 -283.769109872839 0.377054794520548 0.322784810126582
"786" 69.99 182.7 378.7 86.7 0.555555555555556 -161.037291041577 0.671232876712329 0.474548440065681
"787" 69.99 282.8 378.7 86.7 0.666666666666667 -304.05772253179 0.328424657534247 0.306577086280057
"788" 69.99 221.4 378.7 86.7 0.666666666666667 -216.330904414916 0.538698630136986 0.39159891598916
"789" 69.99 208.4 378.7 86.7 0.444444444444444 -197.7568224032 0.583219178082192 0.416026871401152
"790" 69.99 320.2 378.7 86.7 0.888888888888889 -357.493927703958 0.200342465753425 0.270768269831355
"791" 69.99 256 378.7 86.7 0.777777777777778 -265.766538076868 0.420205479452055 0.338671875
"792" 69.99 261.2 378.7 86.7 0.666666666666667 -273.196170881554 0.402397260273973 0.331929555895865
"793" 69.99 188.2 378.7 86.7 0.444444444444444 -168.895556508073 0.652397260273973 0.460680127523911
"794" 69.99 267 378.7 86.7 0.666666666666667 -281.483069009859 0.382534246575343 0.324719101123595
"795" 69.99 268.6 378.7 86.7 0.777777777777778 -283.769109872839 0.377054794520548 0.322784810126582
"796" 69.99 213.8 378.7 86.7 0.666666666666667 -205.472210315759 0.564726027397261 0.405519176800748
"797" 69.99 205.1 378.7 86.7 0.444444444444444 -193.041863123303 0.594520547945206 0.422720624085812
"798" 69.99 196 378.7 86.7 0.555555555555556 -180.040005715102 0.625684931506849 0.44234693877551
"799" 69.99 237.4 378.7 86.7 0.555555555555556 -239.191313044721 0.483904109589041 0.365206402695872
"800" 69.99 149.6 378.7 86.7 0.666666666666667 -113.74482068867 0.78458904109589 0.579545454545455
"801" 69.99 277 378.7 86.7 0.666666666666667 -295.770824403486 0.348287671232877 0.312996389891697
"802" 69.99 164.6 378.7 86.7 0.555555555555556 -135.176453779111 0.733219178082192 0.526731470230863
"803" 69.99 240 378.7 86.7 0.555555555555556 -242.906129447064 0.475 0.36125
"804" 69.99 208 378.7 86.7 0.555555555555556 -197.185312187455 0.58458904109589 0.416826923076923
"805" 69.99 221.4 378.7 86.7 0.666666666666667 -216.330904414916 0.538698630136986 0.39159891598916
"806" 69.99 237 378.7 86.7 0.777777777777778 -238.619802828976 0.48527397260274 0.365822784810127
"807" 69.99 229.8 378.7 86.7 0.555555555555556 -228.332618945564 0.509931506849315 0.377284595300261
"808" 69.99 271.2 378.7 86.7 0.666666666666667 -287.483926275182 0.368150684931507 0.319690265486726
"809" 69.99 294.4 378.7 86.7 0.777777777777778 -320.631518788398 0.288698630136986 0.294497282608696
"810" 69.99 268.6 378.7 86.7 0.777777777777778 -283.769109872839 0.377054794520548 0.322784810126582
"811" 69.99 256 378.7 86.7 0.777777777777778 -265.766538076868 0.420205479452055 0.338671875
"812" 69.99 230.8 378.7 86.7 0.555555555555556 -229.761394484926 0.506506849315069 0.375649913344887
"813" 69.99 251.6 378.7 86.7 0.666666666666667 -259.479925703672 0.43527397260274 0.344594594594595
"814" 69.99 237.5 378.7 86.7 0.666666666666667 -239.334190598657 0.483561643835616 0.365052631578947
"815" 69.99 252.8 378.7 86.7 0.666666666666667 -261.194456350907 0.431164383561644 0.342958860759494
"816" 69.99 251.6 378.7 86.7 0.666666666666667 -259.479925703672 0.43527397260274 0.344594594594595
"817" 69.99 247.8 378.7 86.7 0.666666666666667 -254.050578654093 0.448287671232877 0.349878934624697
"818" 69.99 209 378.7 86.7 0.444444444444444 -198.614087726818 0.581164383561644 0.414832535885167
"819" 69.99 320.2 378.7 86.7 0.888888888888889 -357.493927703958 0.200342465753425 0.270768269831355
"820" 69.99 242 378.7 86.7 0.555555555555556 -245.763680525789 0.468150684931507 0.358264462809917
"821" 69.99 218.4 378.7 86.7 0.555555555555556 -212.044577796828 0.548972602739726 0.396978021978022
"822" 69.99 308.6 378.7 86.7 0.777777777777778 -340.92013144735 0.240068493150685 0.280946208684381
"823" 69.99 268.6 378.7 86.7 0.777777777777778 -283.769109872839 0.377054794520548 0.322784810126582
"824" 69.99 251.6 378.7 86.7 0.666666666666667 -259.479925703672 0.43527397260274 0.344594594594595
"825" 69.99 308.6 378.7 86.7 0.777777777777778 -340.92013144735 0.240068493150685 0.280946208684381
"826" 69.99 256 378.7 86.7 0.777777777777778 -265.766538076868 0.420205479452055 0.338671875
"827" 69.99 246.2 378.7 86.7 0.666666666666667 -251.764537791113 0.453767123287671 0.352152721364744
"828" 69.99 297 378.7 86.7 0.777777777777778 -324.346335190741 0.279794520547945 0.291919191919192
"829" 69.99 293.6 378.7 86.7 0.666666666666667 -319.488498356908 0.291438356164384 0.295299727520436
"830" 69.99 240 378.7 86.7 0.555555555555556 -242.906129447064 0.475 0.36125
"831" 69.99 255.6 378.7 86.7 0.555555555555556 -265.195027861123 0.421575342465754 0.339201877934272
"832" 69.99 159 378.7 86.7 0.444444444444444 -127.17531075868 0.752397260273973 0.545283018867925
"833" 69.99 257.8 378.7 86.7 0.777777777777778 -268.338334047721 0.414041095890411 0.336307214895268
"834" 69.99 234.2 378.7 86.7 0.555555555555556 -234.61923131876 0.49486301369863 0.370196413321947
"835" 69.99 302.8 378.7 86.7 0.777777777777778 -332.633233319046 0.259931506849315 0.286327608982827
"836" 69.99 227 378.7 86.7 0.666666666666667 -224.332047435348 0.519520547945206 0.381938325991189
"837" 69.99 257.8 378.7 86.7 0.777777777777778 -268.338334047721 0.414041095890411 0.336307214895268
"838" 69.99 188.6 378.7 86.7 0.555555555555556 -169.467066723818 0.651027397260274 0.459703075291622
"839" 69.99 320.2 378.7 86.7 0.888888888888889 -357.493927703958 0.200342465753425 0.270768269831355
"840" 69.99 179.2 378.7 86.7 0.555555555555556 -156.036576653808 0.683219178082192 0.483816964285714
"841" 69.99 121.5 378.7 86.7 0.222222222222222 -73.5962280325761 0.880821917808219 0.71358024691358
"842" 69.99 297 378.7 86.7 0.777777777777778 -324.346335190741 0.279794520547945 0.291919191919192
"843" 69.99 314.4 378.7 86.7 0.777777777777778 -349.207029575654 0.220205479452055 0.275763358778626
"844" 69.99 298.8 378.7 86.7 0.777777777777778 -326.918131161594 0.273630136986301 0.290160642570281
"845" 69.99 241.4 378.7 86.7 0.555555555555556 -244.906415202172 0.470205479452055 0.359154929577465
"846" 69.99 282.8 378.7 86.7 0.666666666666667 -304.05772253179 0.328424657534247 0.306577086280057
"847" 69.99 257.8 378.7 86.7 0.777777777777778 -268.338334047721 0.414041095890411 0.336307214895268
"848" 69.99 172.8 378.7 86.7 0.666666666666667 -146.892413201886 0.70513698630137 0.501736111111111
"849" 69.99 250.2 378.7 86.7 0.666666666666667 -257.479639948564 0.440068493150685 0.34652278177458
"850" 69.99 247 378.7 86.7 0.555555555555556 -252.907558222603 0.451027397260274 0.351012145748988
"851" 69.99 278.6 378.7 86.7 0.777777777777778 -298.056865266467 0.342808219178082 0.311198851399856
"852" 69.99 277.4 378.7 86.7 0.777777777777778 -296.342334619231 0.346917808219178 0.312545061283345
"853" 69.99 242 378.7 86.7 0.444444444444444 -245.763680525789 0.468150684931507 0.358264462809917
"854" 69.99 97.3 378.7 86.7 0.333333333333333 -39.0198599799971 0.963698630136986 0.891058581706064
"855" 69.99 214.6 378.7 86.7 0.555555555555556 -206.61523074725 0.561986301369863 0.404007455731594
"856" 69.99 302.8 378.7 86.7 0.777777777777778 -332.633233319046 0.259931506849315 0.286327608982827
"857" 69.99 251.2 378.7 86.7 0.666666666666667 -258.908415487927 0.436643835616438 0.345143312101911
"858" 69.99 320.2 378.7 86.7 0.888888888888889 -357.493927703958 0.200342465753425 0.270768269831355
"859" 69.99 209.5 378.7 86.7 0.444444444444444 -199.328475496499 0.579452054794521 0.413842482100239
"860" 69.99 264.6 378.7 86.7 0.666666666666667 -278.054007715388 0.390753424657534 0.327664399092971
"861" 69.99 236.2 378.7 86.7 0.555555555555556 -237.476782397485 0.488013698630137 0.367061812023709
"862" 69.99 282.8 378.7 86.7 0.666666666666667 -304.05772253179 0.328424657534247 0.306577086280057
"863" 69.99 299.4 378.7 86.7 0.777777777777778 -327.775396485212 0.271575342465753 0.289579158316633
"864" 69.99 194.6 378.7 86.7 0.666666666666667 -178.039719959994 0.630479452054795 0.445529290853032
"865" 69.99 179.6 378.7 86.7 0.444444444444444 -156.608086869553 0.681849315068493 0.482739420935412
"866" 69.99 170.4 378.7 86.7 0.555555555555556 -143.463351907415 0.713356164383562 0.508802816901408
"867" 69.99 288.6 378.7 86.7 0.666666666666667 -312.344620660094 0.308561643835616 0.3004158004158
"868" 69.99 236.4 378.7 86.7 0.666666666666667 -237.762537505358 0.487328767123288 0.366751269035533
"869" 69.99 163.4 378.7 86.7 0.444444444444444 -133.461923131876 0.737328767123288 0.530599755201958
"870" 69.99 257.8 378.7 86.7 0.777777777777778 -268.338334047721 0.414041095890411 0.336307214895268
"871" 69.99 281.4 378.7 86.7 0.666666666666667 -302.057436776682 0.333219178082192 0.308102345415778
"872" 69.99 191.6 378.7 86.7 0.555555555555556 -173.753393341906 0.640753424657534 0.452505219206681
"873" 69.99 277 378.7 86.7 0.666666666666667 -295.770824403486 0.348287671232877 0.312996389891697
"874" 69.99 302.8 378.7 86.7 0.777777777777778 -332.633233319046 0.259931506849315 0.286327608982827
"875" 69.99 302.8 378.7 86.7 0.777777777777778 -332.633233319046 0.259931506849315 0.286327608982827
"876" 69.99 250.2 378.7 86.7 0.666666666666667 -257.479639948564 0.440068493150685 0.34652278177458
"877" 69.99 302.8 378.7 86.7 0.777777777777778 -332.633233319046 0.259931506849315 0.286327608982827
"878" 69.99 302.8 378.7 86.7 0.777777777777778 -332.633233319046 0.259931506849315 0.286327608982827
"879" 69.99 257.8 378.7 86.7 0.777777777777778 -268.338334047721 0.414041095890411 0.336307214895268
"880" 69.99 203.8 378.7 86.7 0.444444444444444 -191.184454922132 0.598972602739726 0.425417075564279
"881" 69.99 242.8 378.7 86.7 0.777777777777778 -246.90670095728 0.46541095890411 0.357084019769357
"882" 69.99 237 378.7 86.7 0.666666666666667 -238.619802828976 0.48527397260274 0.365822784810127
"883" 69.99 201.6 378.7 86.7 0.555555555555556 -188.041148735534 0.606506849315068 0.430059523809524
"884" 69.99 252.8 378.7 86.7 0.666666666666667 -261.194456350907 0.431164383561644 0.342958860759494
"885" 69.99 237 378.7 86.7 0.666666666666667 -238.619802828976 0.48527397260274 0.365822784810127
"886" 69.99 219.6 378.7 86.7 0.666666666666667 -213.759108444063 0.54486301369863 0.394808743169399
"887" 69.99 258.8 378.7 86.7 0.666666666666667 -269.767109587084 0.410616438356165 0.335007727975271
"888" 69.99 320.2 378.7 86.7 0.888888888888889 -357.493927703958 0.200342465753425 0.270768269831355
"889" 69.99 160.1 378.7 86.7 0.666666666666667 -128.746963851979 0.748630136986301 0.541536539662711
"890" 69.99 262.8 378.7 86.7 0.666666666666667 -275.482211744535 0.396917808219178 0.329908675799087
"891" 69.99 232 378.7 86.7 0.666666666666667 -231.475925132162 0.502397260273973 0.373706896551724
"892" 69.99 222 378.7 86.7 0.666666666666667 -217.188169738534 0.536643835616438 0.39054054054054
"893" 69.99 242 378.7 86.7 0.555555555555556 -245.763680525789 0.468150684931507 0.358264462809917
"894" 69.99 179.6 378.7 86.7 0.444444444444444 -156.608086869553 0.681849315068493 0.482739420935412
"895" 69.99 282.8 378.7 86.7 0.666666666666667 -304.05772253179 0.328424657534247 0.306577086280057
"896" 69.99 231.2 378.7 86.7 0.666666666666667 -230.332904700671 0.50513698630137 0.375
"897" 69.99 197.8 378.7 86.7 0.444444444444444 -182.611801685955 0.619520547945206 0.438321536905966
"898" 69.99 297 378.7 86.7 0.777777777777778 -324.346335190741 0.279794520547945 0.291919191919192
"899" 69.99 287.2 378.7 86.7 0.666666666666667 -310.344334904986 0.313356164383562 0.301880222841226
"900" 69.99 268.6 378.7 86.7 0.777777777777778 -283.769109872839 0.377054794520548 0.322784810126582
"901" 69.99 231.2 378.7 86.7 0.666666666666667 -230.332904700671 0.50513698630137 0.375
"902" 69.99 184.6 378.7 86.7 0.555555555555556 -163.751964566367 0.66472602739726 0.469664138678223
"903" 69.99 273.6 378.7 86.7 0.666666666666667 -290.912987569653 0.359931506849315 0.316885964912281
"904" 69.99 257.8 378.7 86.7 0.777777777777778 -268.338334047721 0.414041095890411 0.336307214895268
"905" 69.99 208.2 378.7 86.7 0.444444444444444 -197.471067295328 0.583904109589041 0.4164265129683
"906" 69.99 226.2 378.7 86.7 0.555555555555556 -223.189027003858 0.522260273972603 0.383289124668435
"907" 69.99 241.2 378.7 86.7 0.555555555555556 -244.620660094299 0.470890410958904 0.359452736318408
"908" 69.99 220.5 378.7 86.7 0.666666666666667 -215.04500642949 0.541780821917808 0.393197278911565
"909" 69.99 200.4 378.7 86.7 0.555555555555556 -186.326618088298 0.610616438356165 0.432634730538922
"910" 69.99 245 378.7 86.7 0.555555555555556 -250.050007143878 0.457876712328767 0.353877551020408
"911" 69.99 297 378.7 86.7 0.777777777777778 -324.346335190741 0.279794520547945 0.291919191919192
"912" 69.99 267.8 378.7 86.7 0.555555555555556 -282.626089441349 0.379794520547945 0.323749066467513
"913" 69.99 241.2 378.7 86.7 0.555555555555556 -244.620660094299 0.470890410958904 0.359452736318408
"914" 69.99 272.8 378.7 86.7 0.666666666666667 -289.769967138163 0.362671232876712 0.317815249266862
"915" 69.99 246.4 378.7 86.7 0.444444444444444 -252.050292898986 0.453082191780822 0.351866883116883
"916" 69.99 277.4 378.7 86.7 0.777777777777778 -296.342334619231 0.346917808219178 0.312545061283345
"917" 69.99 246.4 378.7 86.7 0.444444444444444 -252.050292898986 0.453082191780822 0.351866883116883
"918" 69.99 200.9 378.7 86.7 0.666666666666667 -187.04100585798 0.608904109589041 0.431557989049278
"919" 69.99 201.6 378.7 86.7 0.555555555555556 -188.041148735534 0.606506849315068 0.430059523809524
"920" 69.99 189.6 378.7 86.7 0.555555555555556 -170.89584226318 0.647602739726028 0.457278481012658
"921" 69.99 183.2 378.7 86.7 0.444444444444444 -161.751678811259 0.669520547945206 0.47325327510917
"922" 69.99 294.4 378.7 86.7 0.777777777777778 -320.631518788398 0.288698630136986 0.294497282608696
"923" 69.99 320.2 378.7 86.7 0.888888888888889 -357.493927703958 0.200342465753425 0.270768269831355
"924" 69.99 258.8 378.7 86.7 0.666666666666667 -269.767109587084 0.410616438356165 0.335007727975271
"925" 69.99 192 378.7 86.7 0.444444444444444 -174.324903557651 0.639383561643836 0.4515625
"926" 69.99 277.4 378.7 86.7 0.777777777777778 -296.342334619231 0.346917808219178 0.312545061283345
"927" 69.99 183.4 378.7 86.7 0.555555555555556 -162.037433919131 0.668835616438356 0.472737186477645
"928" 69.99 282.8 378.7 86.7 0.666666666666667 -304.05772253179 0.328424657534247 0.306577086280057
"929" 69.99 174.6 378.7 86.7 0.555555555555556 -149.464209172739 0.698972602739726 0.496563573883161
"930" 69.99 247 378.7 86.7 0.555555555555556 -252.907558222603 0.451027397260274 0.351012145748988
"931" 69.99 188.5 378.7 86.7 0.555555555555556 -169.324189169881 0.651369863013699 0.459946949602122
"932" 69.99 257.8 378.7 86.7 0.777777777777778 -268.338334047721 0.414041095890411 0.336307214895268
"933" 69.99 262.8 378.7 86.7 0.666666666666667 -275.482211744535 0.396917808219178 0.329908675799087
"934" 69.99 247.8 378.7 86.7 0.666666666666667 -254.050578654093 0.448287671232877 0.349878934624697
"935" 69.99 302.8 378.7 86.7 0.777777777777778 -332.633233319046 0.259931506849315 0.286327608982827
"936" 69.99 299.4 378.7 86.7 0.777777777777778 -327.775396485212 0.271575342465753 0.289579158316633
"937" 69.99 291.2 378.7 86.7 0.777777777777778 -316.059437062437 0.299657534246575 0.297733516483516
"938" 69.99 257.2 378.7 86.7 0.666666666666667 -267.481068724103 0.416095890410959 0.337091757387247
"939" 69.99 247.2 378.7 86.7 0.666666666666667 -253.193313330476 0.450342465753425 0.350728155339806
"940" 69.99 214.4 378.7 86.7 0.666666666666667 -206.329475639377 0.562671232876712 0.404384328358209
"941" 69.99 241.4 378.7 86.7 0.555555555555556 -244.906415202172 0.470205479452055 0.359154929577465
"942" 69.99 261.4 378.7 86.7 0.555555555555556 -273.481925989427 0.401712328767123 0.331675592960979
"943" 69.99 193.8 378.7 86.7 0.555555555555556 -176.896699528504 0.633219178082192 0.447368421052632
"944" 69.99 202.6 378.7 86.7 0.444444444444444 -189.469924274896 0.603082191780822 0.427936821322804
"945" 69.99 257 378.7 86.7 0.666666666666667 -267.195313616231 0.416780821917808 0.337354085603113
"946" 69.99 234.2 378.7 86.7 0.555555555555556 -234.61923131876 0.49486301369863 0.370196413321947
"947" 69.99 247.8 378.7 86.7 0.666666666666667 -254.050578654093 0.448287671232877 0.349878934624697
"948" 69.99 261.2 378.7 86.7 0.666666666666667 -273.196170881554 0.402397260273973 0.331929555895865
"949" 69.99 298.8 378.7 86.7 0.777777777777778 -326.918131161594 0.273630136986301 0.290160642570281
"950" 69.99 251.6 378.7 86.7 0.666666666666667 -259.479925703672 0.43527397260274 0.344594594594595
"951" 69.99 314.4 378.7 86.7 0.777777777777778 -349.207029575654 0.220205479452055 0.275763358778626
"952" 69.99 281.4 378.7 86.7 0.666666666666667 -302.057436776682 0.333219178082192 0.308102345415778
"953" 69.99 277.4 378.7 86.7 0.777777777777778 -296.342334619231 0.346917808219178 0.312545061283345
"954" 69.99 277 378.7 86.7 0.666666666666667 -295.770824403486 0.348287671232877 0.312996389891697
"955" 69.99 256.6 378.7 86.7 0.666666666666667 -266.623803400486 0.418150684931507 0.337879968823071
"956" 69.99 302.8 378.7 86.7 0.777777777777778 -332.633233319046 0.259931506849315 0.286327608982827
"957" 69.99 247.8 378.7 86.7 0.666666666666667 -254.050578654093 0.448287671232877 0.349878934624697
"958" 69.99 232 378.7 86.7 0.666666666666667 -231.475925132162 0.502397260273973 0.373706896551724
"959" 69.99 234.6 378.7 86.7 0.666666666666667 -235.190741534505 0.493493150684932 0.369565217391304
"960" 69.99 297 378.7 86.7 0.777777777777778 -324.346335190741 0.279794520547945 0.291919191919192
"961" 69.99 267 378.7 86.7 0.666666666666667 -281.483069009859 0.382534246575343 0.324719101123595
"962" 69.99 188.8 378.7 86.7 0.555555555555556 -169.75282183169 0.650342465753425 0.459216101694915
"963" 69.99 152.1 378.7 86.7 0.333333333333333 -117.316759537077 0.776027397260274 0.570019723865878
"964" 69.99 212.8 378.7 86.7 0.555555555555556 -204.043434776397 0.568150684931507 0.407424812030075
"965" 69.99 302.8 378.7 86.7 0.777777777777778 -332.633233319046 0.259931506849315 0.286327608982827
"966" 69.99 210.3 378.7 86.7 0.444444444444444 -200.47149592799 0.576712328767123 0.412268188302425
"967" 69.99 205.4 378.7 86.7 0.555555555555556 -193.470495785112 0.593493150684932 0.422103213242454
"968" 69.99 277.4 378.7 86.7 0.777777777777778 -296.342334619231 0.346917808219178 0.312545061283345
"969" 69.99 242.8 378.7 86.7 0.777777777777778 -246.90670095728 0.46541095890411 0.357084019769357
"970" 69.99 224.8 378.7 86.7 0.555555555555556 -221.18874124875 0.527054794520548 0.38567615658363
"971" 69.99 194.6 378.7 86.7 0.555555555555556 -178.039719959994 0.630479452054795 0.445529290853032
"972" 69.99 179.2 378.7 86.7 0.333333333333333 -156.036576653808 0.683219178082192 0.483816964285714
"973" 69.99 297 378.7 86.7 0.777777777777778 -324.346335190741 0.279794520547945 0.291919191919192
"974" 69.99 197.6 378.7 86.7 0.555555555555556 -182.326046578083 0.620205479452055 0.438765182186235
"975" 69.99 257.8 378.7 86.7 0.777777777777778 -268.338334047721 0.414041095890411 0.336307214895268
"976" 69.99 302.8 378.7 86.7 0.777777777777778 -332.633233319046 0.259931506849315 0.286327608982827
"977" 69.99 308.6 378.7 86.7 0.777777777777778 -340.92013144735 0.240068493150685 0.280946208684381
"978" 69.99 171.2 378.7 86.7 0.555555555555556 -144.606372338906 0.710616438356164 0.50642523364486
"979" 69.99 320.2 378.7 86.7 0.888888888888889 -357.493927703958 0.200342465753425 0.270768269831355
"980" 69.99 230.6 378.7 86.7 0.555555555555556 -229.475639377054 0.507191780821918 0.375975715524718
"981" 69.99 245.9 378.7 86.7 0.666666666666667 -251.335905129304 0.454794520547945 0.352582350549004
"982" 69.99 287.8 378.7 86.7 0.666666666666667 -311.201600228604 0.311301369863014 0.301250868658791
"983" 69.99 262 378.7 86.7 0.555555555555556 -274.339191313045 0.399657534246575 0.330916030534351
"984" 69.99 252.2 378.7 86.7 0.555555555555556 -260.33719102729 0.433219178082192 0.343774781919112
"985" 69.99 199.8 378.7 86.7 0.444444444444444 -185.469352764681 0.612671232876712 0.433933933933934
"986" 69.99 272.8 378.7 86.7 0.666666666666667 -289.769967138163 0.362671232876712 0.317815249266862
"987" 69.99 214.6 378.7 86.7 0.555555555555556 -206.61523074725 0.561986301369863 0.404007455731594
"988" 69.99 234.2 378.7 86.7 0.555555555555556 -234.61923131876 0.49486301369863 0.370196413321947
"989" 69.99 247.2 378.7 86.7 0.666666666666667 -253.193313330476 0.450342465753425 0.350728155339806
"990" 69.99 129.2 378.7 86.7 0.555555555555556 -84.5977996856693 0.854452054794521 0.671052631578947
"991" 69.99 298.8 378.7 86.7 0.777777777777778 -326.918131161594 0.273630136986301 0.290160642570281
"992" 69.99 237 378.7 86.7 0.666666666666667 -238.619802828976 0.48527397260274 0.365822784810127
"993" 69.99 212.6 378.7 86.7 0.555555555555556 -203.757679668524 0.568835616438356 0.407808090310442
"994" 69.99 281.4 378.7 86.7 0.666666666666667 -302.057436776682 0.333219178082192 0.308102345415778
"995" 69.99 193.8 378.7 86.7 0.555555555555556 -176.896699528504 0.633219178082192 0.447368421052632
"996" 69.99 314.4 378.7 86.7 0.777777777777778 -349.207029575654 0.220205479452055 0.275763358778626
"997" 69.99 277 378.7 86.7 0.666666666666667 -295.770824403486 0.348287671232877 0.312996389891697
"998" 69.99 152.6 378.7 86.7 0.333333333333333 -118.031147306758 0.774315068493151 0.568152031454784
"999" 69.99 172 378.7 86.7 0.333333333333333 -145.749392770396 0.707876712328767 0.50406976744186
"1000" 69.99 269 378.7 86.7 0.777777777777778 -284.340620088584 0.375684931506849 0.322304832713755
