"SCI" "RCI" "GER" "MSM*" "est.p.SCI" "est.p.RCI" "est.p.GER" "est.p.MSM*" "GER*" "GERt" "MIG" "p.Wills" "Bayes"
"tree_1" 0.333333333333333 -351.053283767038 0.572610674389739 0.432417582417582 0.279947791887086 0.0163397560398825 0.114905113237502 0.122987822228135 0.914 0.68186994657834 182 0.086 1
"tree_2" 0.166666666666667 -410.03717472119 0.474141497724452 0.382410106899903 0.643745966218361 0.0198578060092614 0.22244961202477 0.296539664087416 0.818 0.578254752019578 205.8 0.182 1
"tree_3" 0.166666666666667 -410.03717472119 0.474141497724452 0.382410106899903 0.643745966218361 0.0198578060092614 0.22244961202477 0.296539664087416 0.818 0.578254752019578 205.8 0.182 1
"tree_4" 0.166666666666667 -410.03717472119 0.474141497724452 0.382410106899903 0.643745966218361 0.0198578060092614 0.22244961202477 0.296539664087416 0.818 0.578254752019578 205.8 0.182 1
"tree_5" 0.333333333333333 -285.377942998761 0.682250724038064 0.506109324758842 0.279947791887086 0.0130641439720751 0.0442031471067912 0.0192946568389779 0.971 0.797239806066037 155.5 0.029 1
"tree_6" 0.333333333333333 -285.377942998761 0.682250724038064 0.506109324758842 0.279947791887086 0.0130641439720751 0.0442031471067912 0.0192946568389779 0.971 0.797239806066037 155.5 0.029 1
"tree_7" 0.333333333333333 -392.193308550186 0.503930492345883 0.396273917421954 0.279947791887086 0.0187313380526736 0.185177364546775 0.239121612230871 0.861 0.609600525163406 198.6 0.139 1
"tree_8" 0.166666666666667 -410.03717472119 0.474141497724452 0.382410106899903 0.643745966218361 0.0198578060092614 0.22244961202477 0.296539664087416 0.818 0.578254752019578 205.8 0.182 1
"tree_9" 0.166666666666667 -410.03717472119 0.474141497724452 0.382410106899903 0.643745966218361 0.0198578060092614 0.22244961202477 0.296539664087416 0.818 0.578254752019578 205.8 0.182 1
"tree_10" 0.5 -267.534076827757 0.712039718659495 0.53068105192178 0.078926115492411 0.0122788242772179 0.0323492571855229 0.00887465691789546 0.98 0.828585579209864 148.3 0.02 1
"tree_11" 0.333333333333333 -285.377942998761 0.682250724038064 0.506109324758842 0.279947791887086 0.0130641439720751 0.0442031471067912 0.0192946568389779 0.971 0.797239806066037 155.5 0.029 1
"tree_12" 0.333333333333333 -392.193308550186 0.503930492345883 0.396273917421954 0.279947791887086 0.0187313380526736 0.185177364546775 0.239121612230871 0.861 0.609600525163406 198.6 0.139 1
"tree_13" 0.333333333333333 -316.35687732342 0.630533719486967 0.468452380952381 0.279947791887086 0.0145308591959046 0.071763966737945 0.0542021748485351 0.949 0.74282006102467 168 0.051 1
"tree_14" 0.166666666666667 -410.03717472119 0.474141497724452 0.382410106899903 0.643745966218361 0.0198578060092614 0.22244961202477 0.296539664087416 0.818 0.578254752019578 205.8 0.182 1
"tree_15" 0.5 -191.697645600991 0.838642945800579 0.668649107901444 0.078926115492411 0.00938031698176485 0.00579139877618788 1.99619555337686e-05 0.997 0.961805115071129 117.7 0.003 1
"tree_16" 0.166666666666667 -410.03717472119 0.474141497724452 0.382410106899903 0.643745966218361 0.0198578060092614 0.22244961202477 0.296539664087416 0.818 0.578254752019578 205.8 0.182 1
"tree_17" 0.5 -298.513011152416 0.660322714108399 0.489427860696517 0.078926115492411 0.0136696273078558 0.0547355577403072 0.0311972386531866 0.966 0.774165834168498 160.8 0.034 1
"tree_18" 0.333333333333333 -358.488228004957 0.560198593297476 0.425405405405405 0.279947791887086 0.0167515270463179 0.126014711704981 0.141612733192018 0.907 0.668809207768412 185 0.093 1
"tree_19" 0.333333333333333 -358.488228004957 0.560198593297476 0.425405405405405 0.279947791887086 0.0167515270463179 0.126014711704981 0.141612733192018 0.907 0.668809207768412 185 0.093 1
"tree_20" 0.333333333333333 -392.193308550186 0.503930492345883 0.396273917421954 0.279947791887086 0.0187313380526736 0.185177364546775 0.239121612230871 0.861 0.609600525163406 198.6 0.139 1
"tree_21" 0.166666666666667 -410.03717472119 0.474141497724452 0.382410106899903 0.643745966218361 0.0198578060092614 0.22244961202477 0.296539664087416 0.818 0.578254752019578 205.8 0.182 1
"tree_22" 0.333333333333333 -392.193308550186 0.503930492345883 0.396273917421954 0.279947791887086 0.0187313380526736 0.185177364546775 0.239121612230871 0.861 0.609600525163406 198.6 0.139 1
"tree_23" 0.5 -340.644361833953 0.589987587918908 0.442632170978628 0.078926115492411 0.015777858437214 0.100487395050595 0.0990942142737205 0.924 0.700154980912239 177.8 0.076 1
"tree_24" 0.333333333333333 -316.35687732342 0.630533719486967 0.468452380952381 0.279947791887086 0.0145308591959046 0.071763966737945 0.0542021748485351 0.949 0.74282006102467 168 0.051 1
"tree_25" 0.166666666666667 -410.03717472119 0.474141497724452 0.382410106899903 0.643745966218361 0.0198578060092614 0.22244961202477 0.296539664087416 0.818 0.578254752019578 205.8 0.182 1
"tree_26" 0.333333333333333 -392.193308550186 0.503930492345883 0.396273917421954 0.279947791887086 0.0187313380526736 0.185177364546775 0.239121612230871 0.861 0.609600525163406 198.6 0.139 1
"tree_27" 0.166666666666667 -410.03717472119 0.474141497724452 0.382410106899903 0.643745966218361 0.0198578060092614 0.22244961202477 0.296539664087416 0.818 0.578254752019578 205.8 0.182 1
"tree_28" 0.166666666666667 -410.03717472119 0.474141497724452 0.382410106899903 0.643745966218361 0.0198578060092614 0.22244961202477 0.296539664087416 0.818 0.578254752019578 205.8 0.182 1
"tree_29" 0.333333333333333 -302.72614622057 0.65328920148945 0.484307692307692 0.279947791887086 0.0138688996588882 0.0584640474312162 0.0358889903993535 0.964 0.766764748842872 162.5 0.036 1
"tree_30" 0.166666666666667 -410.03717472119 0.474141497724452 0.382410106899903 0.643745966218361 0.0198578060092614 0.22244961202477 0.296539664087416 0.818 0.578254752019578 205.8 0.182 1
"tree_31" 0.333333333333333 -316.35687732342 0.630533719486967 0.468452380952381 0.279947791887086 0.0145308591959046 0.071763966737945 0.0542021748485351 0.949 0.74282006102467 168 0.051 1
"tree_32" 0.333333333333333 -222.676579925651 0.786925941249483 0.604454685099846 0.279947791887086 0.0104828372348055 0.0128521125258341 0.000506463852106213 0.993 0.907385370029763 130.2 0.00700000000000001 1
"tree_33" 0.166666666666667 -552.044609665428 0.237070748862226 0.299125807677689 0.643745966218361 0.0310371430063716 0.635574008246371 0.707960741292393 0.445 0.328794640749955 263.1 0.555 1
"tree_34" 0.166666666666667 -552.044609665428 0.237070748862226 0.299125807677689 0.643745966218361 0.0310371430063716 0.635574008246371 0.707960741292393 0.445 0.328794640749955 263.1 0.555 1
"tree_35" 0.333333333333333 -458.364312267658 0.393462970624741 0.349312028406569 0.279947791887086 0.0232009778655733 0.343339526382617 0.455428137557718 0.692 0.493359949755047 225.3 0.308 1
"tree_36" 0.333333333333333 -458.364312267658 0.393462970624741 0.349312028406569 0.279947791887086 0.0232009778655733 0.343339526382617 0.455428137557718 0.692 0.493359949755047 225.3 0.308 1
"tree_37" 0.166666666666667 -552.044609665428 0.237070748862226 0.299125807677689 0.643745966218361 0.0310371430063716 0.635574008246371 0.707960741292393 0.445 0.328794640749955 263.1 0.555 1
"tree_38" 0.333333333333333 -302.72614622057 0.65328920148945 0.484307692307692 0.279947791887086 0.0138688996588882 0.0584640474312162 0.0358889903993535 0.964 0.766764748842872 162.5 0.036 1
"tree_39" 0.333333333333333 -316.35687732342 0.630533719486967 0.468452380952381 0.279947791887086 0.0145308591959046 0.071763966737945 0.0542021748485351 0.949 0.74282006102467 168 0.051 1
"tree_40" 0.666666666666667 -173.853779429988 0.868431940422011 0.712217194570136 0.012491438990009 0.00879244870983573 0.00335171549981317 1.38329363265094e-06 0.999 0.993150888214956 110.5 0.001 1
"tree_41" 0.333333333333333 -392.193308550186 0.503930492345883 0.396273917421954 0.279947791887086 0.0187313380526736 0.185177364546775 0.239121612230871 0.861 0.609600525163406 198.6 0.139 1
"tree_42" 0.166666666666667 -552.044609665428 0.237070748862226 0.299125807677689 0.643745966218361 0.0310371430063716 0.635574008246371 0.707960741292393 0.445 0.328794640749955 263.1 0.555 1
"tree_43" 0.333333333333333 -427.385377942999 0.445179975175838 0.369830827067669 0.279947791887086 0.021007586232003 0.262597255616587 0.353913874397264 0.773 0.547779694796413 212.8 0.227 1
"tree_44" 0.166666666666667 -552.044609665428 0.237070748862226 0.299125807677689 0.643745966218361 0.0310371430063716 0.635574008246371 0.707960741292393 0.445 0.328794640749955 263.1 0.555 1
"tree_45" 0.166666666666667 -552.044609665428 0.237070748862226 0.299125807677689 0.643745966218361 0.0310371430063716 0.635574008246371 0.707960741292393 0.445 0.328794640749955 263.1 0.555 1
"tree_46" 0.166666666666667 -552.044609665428 0.237070748862226 0.299125807677689 0.643745966218361 0.0310371430063716 0.635574008246371 0.707960741292393 0.445 0.328794640749955 263.1 0.555 1
"tree_47" 0.166666666666667 -410.03717472119 0.474141497724452 0.382410106899903 0.643745966218361 0.0198578060092614 0.22244961202477 0.296539664087416 0.818 0.578254752019578 205.8 0.182 1
"tree_48" 0.166666666666667 -552.044609665428 0.237070748862226 0.299125807677689 0.643745966218361 0.0310371430063716 0.635574008246371 0.707960741292393 0.445 0.328794640749955 263.1 0.555 1
"tree_49" 0.333333333333333 -427.385377942999 0.445179975175838 0.369830827067669 0.279947791887086 0.021007586232003 0.262597255616587 0.353913874397264 0.773 0.547779694796413 212.8 0.227 1
"tree_50" 0.333333333333333 -427.385377942999 0.445179975175838 0.369830827067669 0.279947791887086 0.021007586232003 0.262597255616587 0.353913874397264 0.773 0.547779694796413 212.8 0.227 1
"tree_51" 0.333333333333333 -427.385377942999 0.445179975175838 0.369830827067669 0.279947791887086 0.021007586232003 0.262597255616587 0.353913874397264 0.773 0.547779694796413 212.8 0.227 1
"tree_52" 0.5 -191.697645600991 0.838642945800579 0.668649107901444 0.078926115492411 0.00938031698176485 0.00579139877618788 1.99619555337686e-05 0.997 0.961805115071129 117.7 0.003 1
"tree_53" 0.5 -298.513011152416 0.660322714108399 0.489427860696517 0.078926115492411 0.0136696273078558 0.0547355577403072 0.0311972386531866 0.966 0.774165834168498 160.8 0.034 1
"tree_54" 0.5 -267.534076827757 0.712039718659495 0.53068105192178 0.078926115492411 0.0122788242772179 0.0323492571855229 0.00887465691789546 0.98 0.828585579209864 148.3 0.02 1
"tree_55" 0.333333333333333 -285.377942998761 0.682250724038064 0.506109324758842 0.279947791887086 0.0130641439720751 0.0442031471067912 0.0192946568389779 0.971 0.797239806066037 155.5 0.029 0
