"SCI" "RCI" "GER" "MSM*" "est.p.SCI" "est.p.RCI" "est.p.GER" "est.p.MSM*" "GER*" "GERt" "MIG" "p.Wills" "Bayes"
"tree_1" 0.3 -323.945304218783 0.39595730613016 0.200525065633204 0.357711454533845 0.0103152663698626 0.310991798313791 0.478989704663238 0.793 0.503590194592103 399.95 0.207 1
"tree_2" 0.3 -318.433326266695 0.405780674412015 0.203166561114629 0.357711454533845 0.0100098085427903 0.286467105454711 0.451161112563063 0.819 0.515445806009248 394.75 0.181 1
"tree_3" 0.5 -179.043883824465 0.654198545385851 0.304653371320038 0.0206057808210821 0.00450364147779415 0.00969396400252022 0.00445568278663285 0.994 0.815255979346656 263.25 0.00600000000000001 1
"tree_4" 0.6 -130.390078439686 0.740908661566072 0.368990108120543 0.00210574372772841 0.00334862272434458 0.00132648992942328 2.39461657990902e-05 0.997 0.919904549355682 217.35 0.003 1
"tree_5" 0.5 -130.390078439686 0.740908661566072 0.368990108120543 0.0206057808210821 0.00334862272434458 0.00132648992942328 2.39461657990902e-05 0.997 0.919904549355682 217.35 0.003 1
"tree_6" 0.5 -130.390078439686 0.740908661566072 0.368990108120543 0.0206057808210821 0.00334862272434458 0.00132648992942328 2.39461657990902e-05 0.997 0.919904549355682 217.35 0.003 1
"tree_7" 0.6 -108.342166631334 0.780202134693492 0.408038667005851 0.00210574372772841 0.00291902792679556 0.000433755774639803 4.35930718130775e-07 0.999 0.967326995024261 196.55 0.001 1
"tree_8" 0.4 -144.064023743905 0.716539151789931 0.348317046688382 0.111058204879544 0.00364281334826468 0.00246189402455334 0.00015493758400378 0.995 0.890493513340073 230.25 0.005 1
"tree_9" 0.5 -130.390078439686 0.740908661566072 0.368990108120543 0.0206057808210821 0.00334862272434458 0.00132648992942328 2.39461657990902e-05 0.997 0.919904549355682 217.35 0.003 1
"tree_10" 0.7 -126.203095187619 0.748370643241711 0.375820056232427 0.000100320653173938 0.0032629127311988 0.00108589143489145 1.24317328866632e-05 0.997 0.928910254182167 213.4 0.003 1
"tree_11" 0.4 -179.043883824465 0.654198545385851 0.304653371320038 0.111058204879544 0.00450364147779415 0.00969396400252022 0.00445568278663285 0.994 0.815255979346656 263.25 0.00600000000000001 1
"tree_12" 0.5 -130.390078439686 0.740908661566072 0.368990108120543 0.0206057808210821 0.00334862272434458 0.00132648992942328 2.39461657990902e-05 0.997 0.919904549355682 217.35 0.003 1
"tree_13" 0.4 -179.043883824465 0.654198545385851 0.304653371320038 0.111058204879544 0.00450364147779415 0.00969396400252022 0.00445568278663285 0.994 0.815255979346656 263.25 0.00600000000000001 1
"tree_14" 0.5 -130.390078439686 0.740908661566072 0.368990108120543 0.0206057808210821 0.00334862272434458 0.00132648992942328 2.39461657990902e-05 0.997 0.919904549355682 217.35 0.003 1
"tree_15" 0.5 -130.390078439686 0.740908661566072 0.368990108120543 0.0206057808210821 0.00334862272434458 0.00132648992942328 2.39461657990902e-05 0.997 0.919904549355682 217.35 0.003 1
"tree_16" 0.5 -130.390078439686 0.740908661566072 0.368990108120543 0.0206057808210821 0.00334862272434458 0.00132648992942328 2.39461657990902e-05 0.997 0.919904549355682 217.35 0.003 1
"tree_17" 0.4 -144.064023743905 0.716539151789931 0.348317046688382 0.111058204879544 0.00364281334826468 0.00246189402455334 0.00015493758400378 0.995 0.890493513340073 230.25 0.005 1
"tree_18" 0.4 -144.064023743905 0.716539151789931 0.348317046688382 0.111058204879544 0.00364281334826468 0.00246189402455334 0.00015493758400378 0.995 0.890493513340073 230.25 0.005 1
"tree_19" 0.5 -130.390078439686 0.740908661566072 0.368990108120543 0.0206057808210821 0.00334862272434458 0.00132648992942328 2.39461657990902e-05 0.997 0.919904549355682 217.35 0.003 1
"tree_20" 0.5 -130.390078439686 0.740908661566072 0.368990108120543 0.0206057808210821 0.00334862272434458 0.00132648992942328 2.39461657990902e-05 0.997 0.919904549355682 217.35 0.003 1
"tree_21" 0.5 -130.390078439686 0.740908661566072 0.368990108120543 0.0206057808210821 0.00334862272434458 0.00132648992942328 2.39461657990902e-05 0.997 0.919904549355682 217.35 0.003 1
"tree_22" 0.4 -144.064023743905 0.716539151789931 0.348317046688382 0.111058204879544 0.00364281334826468 0.00246189402455334 0.00015493758400378 0.995 0.890493513340073 230.25 0.005 1
"tree_23" 0.6 -130.390078439686 0.740908661566072 0.368990108120543 0.00210574372772841 0.00334862272434458 0.00132648992942328 2.39461657990902e-05 0.997 0.919904549355682 217.35 0.003 1
"tree_24" 0.4 -144.064023743905 0.716539151789931 0.348317046688382 0.111058204879544 0.00364281334826468 0.00246189402455334 0.00015493758400378 0.995 0.890493513340073 230.25 0.005 1
"tree_25" 0.4 -144.064023743905 0.716539151789931 0.348317046688382 0.111058204879544 0.00364281334826468 0.00246189402455334 0.00015493758400378 0.995 0.890493513340073 230.25 0.005 1
"tree_26" 0.4 -144.064023743905 0.716539151789931 0.348317046688382 0.111058204879544 0.00364281334826468 0.00246189402455334 0.00015493758400378 0.995 0.890493513340073 230.25 0.005 1
"tree_27" 0.5 -130.390078439686 0.740908661566072 0.368990108120543 0.0206057808210821 0.00334862272434458 0.00132648992942328 2.39461657990902e-05 0.997 0.919904549355682 217.35 0.003 1
"tree_28" 0.5 -130.390078439686 0.740908661566072 0.368990108120543 0.0206057808210821 0.00334862272434458 0.00132648992942328 2.39461657990902e-05 0.997 0.919904549355682 217.35 0.003 1
"tree_29" 0.6 -130.390078439686 0.740908661566072 0.368990108120543 0.00210574372772841 0.00334862272434458 0.00132648992942328 2.39461657990902e-05 0.997 0.919904549355682 217.35 0.003 1
"tree_30" 0.5 -174.856900572398 0.66166052706149 0.309294253760123 0.0206057808210821 0.00439181860476524 0.00834512541290531 0.00323932062933397 0.994 0.82426168417314 259.3 0.00600000000000001 1
"tree_31" 0.5 -179.043883824465 0.654198545385851 0.304653371320038 0.0206057808210821 0.00450364147779415 0.00969396400252022 0.00445568278663285 0.994 0.815255979346656 263.25 0.00600000000000001 1
"tree_32" 0.4 -179.043883824465 0.654198545385851 0.304653371320038 0.111058204879544 0.00450364147779415 0.00969396400252022 0.00445568278663285 0.994 0.815255979346656 263.25 0.00600000000000001 1
"tree_33" 0.6 -126.203095187619 0.748370643241711 0.375820056232427 0.00210574372772841 0.0032629127311988 0.00108589143489145 1.24317328866632e-05 0.997 0.928910254182167 213.4 0.003 1
"tree_34" 0.4 -179.043883824465 0.654198545385851 0.304653371320038 0.111058204879544 0.00450364147779415 0.00969396400252022 0.00445568278663285 0.994 0.815255979346656 263.25 0.00600000000000001 1
"tree_35" 0.5 -179.043883824465 0.654198545385851 0.304653371320038 0.0206057808210821 0.00450364147779415 0.00969396400252022 0.00445568278663285 0.994 0.815255979346656 263.25 0.00600000000000001 1
"tree_36" 0.5 -130.390078439686 0.740908661566072 0.368990108120543 0.0206057808210821 0.00334862272434458 0.00132648992942328 2.39461657990902e-05 0.997 0.919904549355682 217.35 0.003 1
"tree_37" 0.6 -108.342166631334 0.780202134693492 0.408038667005851 0.00210574372772841 0.00291902792679556 0.000433755774639803 4.35930718130775e-07 0.999 0.967326995024261 196.55 0.001 1
"tree_38" 0.4 -179.043883824465 0.654198545385851 0.304653371320038 0.111058204879544 0.00450364147779415 0.00969396400252022 0.00445568278663285 0.994 0.815255979346656 263.25 0.00600000000000001 1
"tree_39" 0.5 -174.856900572398 0.66166052706149 0.309294253760123 0.0206057808210821 0.00439181860476524 0.00834512541290531 0.00323932062933397 0.994 0.82426168417314 259.3 0.00600000000000001 1
"tree_40" 0.6 -126.203095187619 0.748370643241711 0.375820056232427 0.00210574372772841 0.0032629127311988 0.00108589143489145 1.24317328866632e-05 0.997 0.928910254182167 213.4 0.003 1
"tree_41" 0.5 -130.390078439686 0.740908661566072 0.368990108120543 0.0206057808210821 0.00334862272434458 0.00132648992942328 2.39461657990902e-05 0.997 0.919904549355682 217.35 0.003 1
"tree_42" 0.5 -130.390078439686 0.740908661566072 0.368990108120543 0.0206057808210821 0.00334862272434458 0.00132648992942328 2.39461657990902e-05 0.997 0.919904549355682 217.35 0.003 1
"tree_43" 0.5 -174.856900572398 0.66166052706149 0.309294253760123 0.0206057808210821 0.00439181860476524 0.00834512541290531 0.00323932062933397 0.994 0.82426168417314 259.3 0.00600000000000001 1
"tree_44" 0.5 -179.043883824465 0.654198545385851 0.304653371320038 0.0206057808210821 0.00450364147779415 0.00969396400252022 0.00445568278663285 0.994 0.815255979346656 263.25 0.00600000000000001 1
"tree_45" 0.6 -126.203095187619 0.748370643241711 0.375820056232427 0.00210574372772841 0.0032629127311988 0.00108589143489145 1.24317328866632e-05 0.997 0.928910254182167 213.4 0.003 1
"tree_46" 0.5 -130.390078439686 0.740908661566072 0.368990108120543 0.0206057808210821 0.00334862272434458 0.00132648992942328 2.39461657990902e-05 0.997 0.919904549355682 217.35 0.003 1
"tree_47" 0.6 -130.390078439686 0.740908661566072 0.368990108120543 0.00210574372772841 0.00334862272434458 0.00132648992942328 2.39461657990902e-05 0.997 0.919904549355682 217.35 0.003 1
"tree_48" 0.6 -130.390078439686 0.740908661566072 0.368990108120543 0.00210574372772841 0.00334862272434458 0.00132648992942328 2.39461657990902e-05 0.997 0.919904549355682 217.35 0.003 1
"tree_49" 0.5 -122.016111935552 0.755832624917351 0.382907615182621 0.0206057808210821 0.00317918100948639 0.00088412483290469 6.17015152751156e-06 0.997 0.937915959008652 209.45 0.003 1
"tree_50" 0.5 -130.390078439686 0.740908661566072 0.368990108120543 0.0206057808210821 0.00334862272434458 0.00132648992942328 2.39461657990902e-05 0.997 0.919904549355682 217.35 0.003 1
"tree_51" 0.5 -122.016111935552 0.755832624917351 0.382907615182621 0.0206057808210821 0.00317918100948639 0.00088412483290469 6.17015152751156e-06 0.997 0.937915959008652 209.45 0.003 1
"tree_52" 0.6 -126.203095187619 0.748370643241711 0.375820056232427 0.00210574372772841 0.0032629127311988 0.00108589143489145 1.24317328866632e-05 0.997 0.928910254182167 213.4 0.003 1
"tree_53" 0.5 -130.390078439686 0.740908661566072 0.368990108120543 0.0206057808210821 0.00334862272434458 0.00132648992942328 2.39461657990902e-05 0.997 0.919904549355682 217.35 0.003 1
"tree_54" 0.4 -201.727793088828 0.613771606687447 0.281749516950641 0.111058204879544 0.00515481342281513 0.0205806721531455 0.0187676009802028 0.99 0.76646557851456 284.65 0.01 1
"tree_55" 0.6 -108.342166631334 0.780202134693492 0.408038667005851 0.00210574372772841 0.00291902792679556 0.000433755774639803 4.35930718130775e-07 0.999 0.967326995024261 196.55 0.001 1
"tree_56" 0.6 -108.342166631334 0.780202134693492 0.408038667005851 0.00210574372772841 0.00291902792679556 0.000433755774639803 4.35930718130775e-07 0.999 0.967326995024261 196.55 0.001 1
"tree_57" 0.6 -108.342166631334 0.780202134693492 0.408038667005851 0.00210574372772841 0.00291902792679556 0.000433755774639803 4.35930718130775e-07 0.999 0.967326995024261 196.55 0.001 1
"tree_58" 0.5 -130.390078439686 0.740908661566072 0.368990108120543 0.0206057808210821 0.00334862272434458 0.00132648992942328 2.39461657990902e-05 0.997 0.919904549355682 217.35 0.003 1
"tree_59" 0.7 -104.155183379266 0.787664116369132 0.416407061266874 0.000100320653173938 0.00284329775273079 0.000344083939640325 1.70288661498711e-07 0.999 0.976332699850746 192.6 0.001 1
"tree_60" 0.4 -179.043883824465 0.654198545385851 0.304653371320038 0.111058204879544 0.00450364147779415 0.00969396400252022 0.00445568278663285 0.994 0.815255979346656 263.25 0.00600000000000001 1
"tree_61" 0.7 -108.342166631334 0.780202134693492 0.408038667005851 0.000100320653173938 0.00291902792679556 0.000433755774639803 4.35930718130775e-07 0.999 0.967326995024261 196.55 0.001 1
"tree_62" 0.6 -156.995972016112 0.693492018513271 0.330789853578057 0.00210574372772841 0.00394216392135398 0.0042228668619959 0.000656835689887205 0.995 0.862678425015234 242.45 0.005 1
"tree_63" 0.5 -201.727793088828 0.613771606687447 0.281749516950641 0.0206057808210821 0.00515481342281513 0.0205806721531455 0.0187676009802028 0.99 0.76646557851456 284.65 0.01 1
"tree_64" 0.5 -130.390078439686 0.740908661566072 0.368990108120543 0.0206057808210821 0.00334862272434458 0.00132648992942328 2.39461657990902e-05 0.997 0.919904549355682 217.35 0.003 1
"tree_65" 0.4 -201.727793088828 0.613771606687447 0.281749516950641 0.111058204879544 0.00515481342281513 0.0205806721531455 0.0187676009802028 0.99 0.76646557851456 284.65 0.01 1
"tree_66" 0.4 -144.064023743905 0.716539151789931 0.348317046688382 0.111058204879544 0.00364281334826468 0.00246189402455334 0.00015493758400378 0.995 0.890493513340073 230.25 0.005 1
"tree_67" 0.6 -130.390078439686 0.740908661566072 0.368990108120543 0.00210574372772841 0.00334862272434458 0.00132648992942328 2.39461657990902e-05 0.997 0.919904549355682 217.35 0.003 1
"tree_68" 0.5 -179.043883824465 0.654198545385851 0.304653371320038 0.0206057808210821 0.00450364147779415 0.00969396400252022 0.00445568278663285 0.994 0.815255979346656 263.25 0.00600000000000001 1
"tree_69" 0.6 -130.390078439686 0.740908661566072 0.368990108120543 0.00210574372772841 0.00334862272434458 0.00132648992942328 2.39461657990902e-05 0.997 0.919904549355682 217.35 0.003 1
"tree_70" 0.6 -130.390078439686 0.740908661566072 0.368990108120543 0.00210574372772841 0.00334862272434458 0.00132648992942328 2.39461657990902e-05 0.997 0.919904549355682 217.35 0.003 1
"tree_71" 0.5 -130.390078439686 0.740908661566072 0.368990108120543 0.0206057808210821 0.00334862272434458 0.00132648992942328 2.39461657990902e-05 0.997 0.919904549355682 217.35 0.003 1
"tree_72" 0.4 -144.064023743905 0.716539151789931 0.348317046688382 0.111058204879544 0.00364281334826468 0.00246189402455334 0.00015493758400378 0.995 0.890493513340073 230.25 0.005 1
"tree_73" 0.4 -144.064023743905 0.716539151789931 0.348317046688382 0.111058204879544 0.00364281334826468 0.00246189402455334 0.00015493758400378 0.995 0.890493513340073 230.25 0.005 1
"tree_74" 0.6 -108.342166631334 0.780202134693492 0.408038667005851 0.00210574372772841 0.00291902792679556 0.000433755774639803 4.35930718130775e-07 0.999 0.967326995024261 196.55 0.001 1
"tree_75" 0.5 -179.043883824465 0.654198545385851 0.304653371320038 0.0206057808210821 0.00450364147779415 0.00969396400252022 0.00445568278663285 0.994 0.815255979346656 263.25 0.00600000000000001 1
"tree_76" 0.4 -144.064023743905 0.716539151789931 0.348317046688382 0.111058204879544 0.00364281334826468 0.00246189402455334 0.00015493758400378 0.995 0.890493513340073 230.25 0.005 1
"tree_77" 0.5 -130.390078439686 0.740908661566072 0.368990108120543 0.0206057808210821 0.00334862272434458 0.00132648992942328 2.39461657990902e-05 0.997 0.919904549355682 217.35 0.003 1
"tree_78" 0.6 -126.203095187619 0.748370643241711 0.375820056232427 0.00210574372772841 0.0032629127311988 0.00108589143489145 1.24317328866632e-05 0.997 0.928910254182167 213.4 0.003 1
"tree_79" 0.4 -144.064023743905 0.716539151789931 0.348317046688382 0.111058204879544 0.00364281334826468 0.00246189402455334 0.00015493758400378 0.995 0.890493513340073 230.25 0.005 1
"tree_80" 0.6 -117.829128683485 0.763294606592991 0.390267639902676 0.00210574372772841 0.00309738792697404 0.000715785707241057 2.91671067829875e-06 0.998 0.946921663835137 205.5 0.002 1
"tree_81" 0.6 -126.203095187619 0.748370643241711 0.375820056232427 0.00210574372772841 0.0032629127311988 0.00108589143489145 1.24317328866632e-05 0.997 0.928910254182167 213.4 0.003 1
"tree_82" 0.7 -126.203095187619 0.748370643241711 0.375820056232427 0.000100320653173938 0.0032629127311988 0.00108589143489145 1.24317328866632e-05 0.997 0.928910254182167 213.4 0.003 1
"tree_83" 0.5 -179.043883824465 0.654198545385851 0.304653371320038 0.0206057808210821 0.00450364147779415 0.00969396400252022 0.00445568278663285 0.994 0.815255979346656 263.25 0.00600000000000001 1
"tree_84" 0.5 -122.016111935552 0.755832624917351 0.382907615182621 0.0206057808210821 0.00317918100948639 0.00088412483290469 6.17015152751156e-06 0.997 0.937915959008652 209.45 0.003 1
"tree_85" 0.7 -126.203095187619 0.748370643241711 0.375820056232427 0.000100320653173938 0.0032629127311988 0.00108589143489145 1.24317328866632e-05 0.997 0.928910254182167 213.4 0.003 1
"tree_86" 0.4 -144.064023743905 0.716539151789931 0.348317046688382 0.111058204879544 0.00364281334826468 0.00246189402455334 0.00015493758400378 0.995 0.890493513340073 230.25 0.005 1
"tree_87" 0.6 -126.203095187619 0.748370643241711 0.375820056232427 0.00210574372772841 0.0032629127311988 0.00108589143489145 1.24317328866632e-05 0.997 0.928910254182167 213.4 0.003 1
"tree_88" 0.5 -201.727793088828 0.613771606687447 0.281749516950641 0.0206057808210821 0.00515481342281513 0.0205806721531455 0.0187676009802028 0.99 0.76646557851456 284.65 0.01 1
"tree_89" 0.5 -139.877040491838 0.724001133465571 0.354396818382678 0.0206057808210821 0.00355035872074687 0.00204841279538528 9.11218851657542e-05 0.996 0.899499218166558 226.3 0.004 1
"tree_90" 0.6 -108.342166631334 0.780202134693492 0.408038667005851 0.00210574372772841 0.00291902792679556 0.000433755774639803 4.35930718130775e-07 0.999 0.967326995024261 196.55 0.001 1
"tree_91" 0.7 -108.342166631334 0.780202134693492 0.408038667005851 0.000100320653173938 0.00291902792679556 0.000433755774639803 4.35930718130775e-07 0.999 0.967326995024261 196.55 0.001 1
"tree_92" 0.5 -156.995972016112 0.693492018513271 0.330789853578057 0.0206057808210821 0.00394216392135398 0.0042228668619959 0.000656835689887205 0.995 0.862678425015234 242.45 0.005 1
"tree_93" 0.5 -174.856900572398 0.66166052706149 0.309294253760123 0.0206057808210821 0.00439181860476524 0.00834512541290531 0.00323932062933397 0.994 0.82426168417314 259.3 0.00600000000000001 1
"tree_94" 0.3 -192.717829128684 0.62982903560971 0.290421872170922 0.357711454533845 0.00488675538627009 0.015437212809913 0.011182124183429 0.99 0.785844943331047 276.15 0.01 1
"tree_95" 0.4 -179.043883824465 0.654198545385851 0.304653371320038 0.111058204879544 0.00450364147779415 0.00969396400252022 0.00445568278663285 0.994 0.815255979346656 263.25 0.00600000000000001 1
"tree_96" 0.4 -144.064023743905 0.716539151789931 0.348317046688382 0.111058204879544 0.00364281334826468 0.00246189402455334 0.00015493758400378 0.995 0.890493513340073 230.25 0.005 1
"tree_97" 0.5 -139.877040491838 0.724001133465571 0.354396818382678 0.0206057808210821 0.00355035872074687 0.00204841279538528 9.11218851657542e-05 0.996 0.899499218166558 226.3 0.004 1
"tree_98" 0.4 -144.064023743905 0.716539151789931 0.348317046688382 0.111058204879544 0.00364281334826468 0.00246189402455334 0.00015493758400378 0.995 0.890493513340073 230.25 0.005 1
"tree_99" 0.6 -130.390078439686 0.740908661566072 0.368990108120543 0.00210574372772841 0.00334862272434458 0.00132648992942328 2.39461657990902e-05 0.997 0.919904549355682 217.35 0.003 1
"tree_100" 0.4 -144.064023743905 0.716539151789931 0.348317046688382 0.111058204879544 0.00364281334826468 0.00246189402455334 0.00015493758400378 0.995 0.890493513340073 230.25 0.005 1
"tree_101" 0.6 -130.390078439686 0.740908661566072 0.368990108120543 0.00210574372772841 0.00334862272434458 0.00132648992942328 2.39461657990902e-05 0.997 0.919904549355682 217.35 0.003 1
"tree_102" 0.6 -130.390078439686 0.740908661566072 0.368990108120543 0.00210574372772841 0.00334862272434458 0.00132648992942328 2.39461657990902e-05 0.997 0.919904549355682 217.35 0.003 1
"tree_103" 0.8 -104.155183379266 0.787664116369132 0.416407061266874 1.55455755333117e-06 0.00284329775273079 0.000344083939640325 1.70288661498711e-07 0.999 0.976332699850746 192.6 0.001 1
"tree_104" 0.5 -179.043883824465 0.654198545385851 0.304653371320038 0.0206057808210821 0.00450364147779415 0.00969396400252022 0.00445568278663285 0.994 0.815255979346656 263.25 0.00600000000000001 1
"tree_105" 0.5 -156.995972016112 0.693492018513271 0.330789853578057 0.0206057808210821 0.00394216392135398 0.0042228668619959 0.000656835689887205 0.995 0.862678425015234 242.45 0.005 1
"tree_106" 0.4 -144.064023743905 0.716539151789931 0.348317046688382 0.111058204879544 0.00364281334826468 0.00246189402455334 0.00015493758400378 0.995 0.890493513340073 230.25 0.005 1
"tree_107" 0.5 -130.390078439686 0.740908661566072 0.368990108120543 0.0206057808210821 0.00334862272434458 0.00132648992942328 2.39461657990902e-05 0.997 0.919904549355682 217.35 0.003 1
"tree_108" 0.5 -130.390078439686 0.740908661566072 0.368990108120543 0.0206057808210821 0.00334862272434458 0.00132648992942328 2.39461657990902e-05 0.997 0.919904549355682 217.35 0.003 1
"tree_109" 0.6 -130.390078439686 0.740908661566072 0.368990108120543 0.00210574372772841 0.00334862272434458 0.00132648992942328 2.39461657990902e-05 0.997 0.919904549355682 217.35 0.003 1
"tree_110" 0.6 -126.203095187619 0.748370643241711 0.375820056232427 0.00210574372772841 0.0032629127311988 0.00108589143489145 1.24317328866632e-05 0.997 0.928910254182167 213.4 0.003 1
"tree_111" 0.5 -130.390078439686 0.740908661566072 0.368990108120543 0.0206057808210821 0.00334862272434458 0.00132648992942328 2.39461657990902e-05 0.997 0.919904549355682 217.35 0.003 1
"tree_112" 0.5 -139.877040491838 0.724001133465571 0.354396818382678 0.0206057808210821 0.00355035872074687 0.00204841279538528 9.11218851657542e-05 0.996 0.899499218166558 226.3 0.004 1
"tree_113" 0.4 -144.064023743905 0.716539151789931 0.348317046688382 0.111058204879544 0.00364281334826468 0.00246189402455334 0.00015493758400378 0.995 0.890493513340073 230.25 0.005 1
"tree_114" 0.4 -144.064023743905 0.716539151789931 0.348317046688382 0.111058204879544 0.00364281334826468 0.00246189402455334 0.00015493758400378 0.995 0.890493513340073 230.25 0.005 1
"tree_115" 0.4 -144.064023743905 0.716539151789931 0.348317046688382 0.111058204879544 0.00364281334826468 0.00246189402455334 0.00015493758400378 0.995 0.890493513340073 230.25 0.005 1
"tree_116" 0.5 -179.679881280475 0.653065079814867 0.303960583664961 0.0206057808210821 0.00452084785501996 0.00991403461156712 0.00466918555184608 0.994 0.813888024183139 263.85 0.00600000000000001 1
"tree_117" 0.5 -201.727793088828 0.613771606687447 0.281749516950641 0.0206057808210821 0.00515481342281513 0.0205806721531455 0.0187676009802028 0.99 0.76646557851456 284.65 0.01 1
"tree_118" 0.4 -201.727793088828 0.613771606687447 0.281749516950641 0.111058204879544 0.00515481342281513 0.0205806721531455 0.0187676009802028 0.99 0.76646557851456 284.65 0.01 1
"tree_119" 0.7 -104.155183379266 0.787664116369132 0.416407061266874 0.000100320653173938 0.00284329775273079 0.000344083939640325 1.70288661498711e-07 0.999 0.976332699850746 192.6 0.001 1
"tree_120" 0.6 -117.829128683485 0.763294606592991 0.390267639902676 0.00210574372772841 0.00309738792697404 0.000715785707241057 2.91671067829875e-06 0.998 0.946921663835137 205.5 0.002 1
"tree_121" 0.6 -126.203095187619 0.748370643241711 0.375820056232427 0.00210574372772841 0.0032629127311988 0.00108589143489145 1.24317328866632e-05 0.997 0.928910254182167 213.4 0.003 1
"tree_122" 0.5 -130.390078439686 0.740908661566072 0.368990108120543 0.0206057808210821 0.00334862272434458 0.00132648992942328 2.39461657990902e-05 0.997 0.919904549355682 217.35 0.003 1
"tree_123" 0.5 -122.016111935552 0.755832624917351 0.382907615182621 0.0206057808210821 0.00317918100948639 0.00088412483290469 6.17015152751156e-06 0.997 0.937915959008652 209.45 0.003 1
"tree_124" 0.5 -107.706169175323 0.781335600264475 0.40928808369482 0.0206057808210821 0.00290740871155704 0.000418942689239535 3.79544177285516e-07 0.999 0.968694950187778 195.95 0.001 1
"tree_125" 0.5 -130.390078439686 0.740908661566072 0.368990108120543 0.0206057808210821 0.00334862272434458 0.00132648992942328 2.39461657990902e-05 0.997 0.919904549355682 217.35 0.003 1
"tree_126" 0.4 -156.359974560102 0.694625484084254 0.331610502377507 0.111058204879544 0.00392694171975148 0.00411620842293065 0.000615640168062038 0.995 0.864046380178751 241.85 0.005 1
"tree_127" 0.4 -179.043883824465 0.654198545385851 0.304653371320038 0.111058204879544 0.00450364147779415 0.00969396400252022 0.00445568278663285 0.994 0.815255979346656 263.25 0.00600000000000001 1
"tree_128" 0.6 -126.203095187619 0.748370643241711 0.375820056232427 0.00210574372772841 0.0032629127311988 0.00108589143489145 1.24317328866632e-05 0.997 0.928910254182167 213.4 0.003 1
"tree_129" 0.5 -107.706169175323 0.781335600264475 0.40928808369482 0.0206057808210821 0.00290740871155704 0.000418942689239535 3.79544177285516e-07 0.999 0.968694950187778 195.95 0.001 1
"tree_130" 0.6 -156.995972016112 0.693492018513271 0.330789853578057 0.00210574372772841 0.00394216392135398 0.0042228668619959 0.000656835689887205 0.995 0.862678425015234 242.45 0.005 1
"tree_131" 0.5 -179.043883824465 0.654198545385851 0.304653371320038 0.0206057808210821 0.00450364147779415 0.00969396400252022 0.00445568278663285 0.994 0.815255979346656 263.25 0.00600000000000001 1
"tree_132" 0.4 -201.727793088828 0.613771606687447 0.281749516950641 0.111058204879544 0.00515481342281513 0.0205806721531455 0.0187676009802028 0.99 0.76646557851456 284.65 0.01 1
"tree_133" 0.3 -215.401738393046 0.589402096911306 0.269534532011427 0.357711454533845 0.00558665758023592 0.0309978004823923 0.0368113317966336 0.988 0.737054542498951 297.55 0.012 1
"tree_134" 0.4 -130.390078439686 0.740908661566072 0.368990108120543 0.111058204879544 0.00334862272434458 0.00132648992942328 2.39461657990902e-05 0.997 0.919904549355682 217.35 0.003 1
"tree_135" 0.4 -144.064023743905 0.716539151789931 0.348317046688382 0.111058204879544 0.00364281334826468 0.00246189402455334 0.00015493758400378 0.995 0.890493513340073 230.25 0.005 1
"tree_136" 0.5 -179.043883824465 0.654198545385851 0.304653371320038 0.0206057808210821 0.00450364147779415 0.00969396400252022 0.00445568278663285 0.994 0.815255979346656 263.25 0.00600000000000001 1
"tree_137" 0.5 -179.043883824465 0.654198545385851 0.304653371320038 0.0206057808210821 0.00450364147779415 0.00969396400252022 0.00445568278663285 0.994 0.815255979346656 263.25 0.00600000000000001 1
"tree_138" 0.5 -130.390078439686 0.740908661566072 0.368990108120543 0.0206057808210821 0.00334862272434458 0.00132648992942328 2.39461657990902e-05 0.997 0.919904549355682 217.35 0.003 1
"tree_139" 0.6 -130.390078439686 0.740908661566072 0.368990108120543 0.00210574372772841 0.00334862272434458 0.00132648992942328 2.39461657990902e-05 0.997 0.919904549355682 217.35 0.003 1
"tree_140" 0.5 -139.877040491838 0.724001133465571 0.354396818382678 0.0206057808210821 0.00355035872074687 0.00204841279538528 9.11218851657542e-05 0.996 0.899499218166558 226.3 0.004 1
"tree_141" 0.4 -144.064023743905 0.716539151789931 0.348317046688382 0.111058204879544 0.00364281334826468 0.00246189402455334 0.00015493758400378 0.995 0.890493513340073 230.25 0.005 1
"tree_142" 0.5 -201.727793088828 0.613771606687447 0.281749516950641 0.0206057808210821 0.00515481342281513 0.0205806721531455 0.0187676009802028 0.99 0.76646557851456 284.65 0.01 1
"tree_143" 0.5 -179.043883824465 0.654198545385851 0.304653371320038 0.0206057808210821 0.00450364147779415 0.00969396400252022 0.00445568278663285 0.994 0.815255979346656 263.25 0.00600000000000001 1
"tree_144" 0.5 -156.995972016112 0.693492018513271 0.330789853578057 0.0206057808210821 0.00394216392135398 0.0042228668619959 0.000656835689887205 0.995 0.862678425015234 242.45 0.005 1
"tree_145" 0.4 -201.727793088828 0.613771606687447 0.281749516950641 0.111058204879544 0.00515481342281513 0.0205806721531455 0.0187676009802028 0.99 0.76646557851456 284.65 0.01 1
"tree_146" 0.6 -174.856900572398 0.66166052706149 0.309294253760123 0.00210574372772841 0.00439181860476524 0.00834512541290531 0.00323932062933397 0.994 0.82426168417314 259.3 0.00600000000000001 1
"tree_147" 0.5 -122.016111935552 0.755832624917351 0.382907615182621 0.0206057808210821 0.00317918100948639 0.00088412483290469 6.17015152751156e-06 0.997 0.937915959008652 209.45 0.003 1
"tree_148" 0.5 -170.669917320331 0.66912250873713 0.314078715488545 0.0206057808210821 0.0042824831202944 0.00715799859302072 0.00230963474461515 0.994 0.833267388999625 255.35 0.00600000000000001 1
"tree_149" 0.4 -201.727793088828 0.613771606687447 0.281749516950641 0.111058204879544 0.00515481342281513 0.0205806721531455 0.0187676009802028 0.99 0.76646557851456 284.65 0.01 1
"tree_150" 0.3 -192.717829128684 0.62982903560971 0.290421872170922 0.357711454533845 0.00488675538627009 0.015437212809913 0.011182124183429 0.99 0.785844943331047 276.15 0.01 1
"tree_151" 0.5 -156.995972016112 0.693492018513271 0.330789853578057 0.0206057808210821 0.00394216392135398 0.0042228668619959 0.000656835689887205 0.995 0.862678425015234 242.45 0.005 1
"tree_152" 0.7 -108.342166631334 0.780202134693492 0.408038667005851 0.000100320653173938 0.00291902792679556 0.000433755774639803 4.35930718130775e-07 0.999 0.967326995024261 196.55 0.001 1
"tree_153" 0.6 -108.342166631334 0.780202134693492 0.408038667005851 0.00210574372772841 0.00291902792679556 0.000433755774639803 4.35930718130775e-07 0.999 0.967326995024261 196.55 0.001 1
"tree_154" 0.5 -179.043883824465 0.654198545385851 0.304653371320038 0.0206057808210821 0.00450364147779415 0.00969396400252022 0.00445568278663285 0.994 0.815255979346656 263.25 0.00600000000000001 1
"tree_155" 0.6 -130.390078439686 0.740908661566072 0.368990108120543 0.00210574372772841 0.00334862272434458 0.00132648992942328 2.39461657990902e-05 0.997 0.919904549355682 217.35 0.003 1
"tree_156" 0.6 -174.856900572398 0.66166052706149 0.309294253760123 0.00210574372772841 0.00439181860476524 0.00834512541290531 0.00323932062933397 0.994 0.82426168417314 259.3 0.00600000000000001 1
"tree_157" 0.5 -130.390078439686 0.740908661566072 0.368990108120543 0.0206057808210821 0.00334862272434458 0.00132648992942328 2.39461657990902e-05 0.997 0.919904549355682 217.35 0.003 1
"tree_158" 0.4 -144.064023743905 0.716539151789931 0.348317046688382 0.111058204879544 0.00364281334826468 0.00246189402455334 0.00015493758400378 0.995 0.890493513340073 230.25 0.005 1
"tree_159" 0.7 -108.342166631334 0.780202134693492 0.408038667005851 0.000100320653173938 0.00291902792679556 0.000433755774639803 4.35930718130775e-07 0.999 0.967326995024261 196.55 0.001 1
"tree_160" 0.5 -107.706169175323 0.781335600264475 0.40928808369482 0.0206057808210821 0.00290740871155704 0.000418942689239535 3.79544177285516e-07 0.999 0.968694950187778 195.95 0.001 1
"tree_161" 0.5 -122.016111935552 0.755832624917351 0.382907615182621 0.0206057808210821 0.00317918100948639 0.00088412483290469 6.17015152751156e-06 0.997 0.937915959008652 209.45 0.003 1
"tree_162" 0.4 -144.064023743905 0.716539151789931 0.348317046688382 0.111058204879544 0.00364281334826468 0.00246189402455334 0.00015493758400378 0.995 0.890493513340073 230.25 0.005 1
"tree_163" 0.5 -201.727793088828 0.613771606687447 0.281749516950641 0.0206057808210821 0.00515481342281513 0.0205806721531455 0.0187676009802028 0.99 0.76646557851456 284.65 0.01 1
"tree_164" 0.7 -126.203095187619 0.748370643241711 0.375820056232427 0.000100320653173938 0.0032629127311988 0.00108589143489145 1.24317328866632e-05 0.997 0.928910254182167 213.4 0.003 1
"tree_165" 0.5 -139.877040491838 0.724001133465571 0.354396818382678 0.0206057808210821 0.00355035872074687 0.00204841279538528 9.11218851657542e-05 0.996 0.899499218166558 226.3 0.004 1
"tree_166" 0.4 -179.043883824465 0.654198545385851 0.304653371320038 0.111058204879544 0.00450364147779415 0.00969396400252022 0.00445568278663285 0.994 0.815255979346656 263.25 0.00600000000000001 1
"tree_167" 0.6 -126.203095187619 0.748370643241711 0.375820056232427 0.00210574372772841 0.0032629127311988 0.00108589143489145 1.24317328866632e-05 0.997 0.928910254182167 213.4 0.003 1
"tree_168" 0.4 -121.380114479542 0.756966090488335 0.384007661000718 0.111058204879544 0.00316663284241326 0.000856526461213345 5.52425437751017e-06 0.997 0.939283914172169 208.85 0.003 1
"tree_169" 0.4 -156.359974560102 0.694625484084254 0.331610502377507 0.111058204879544 0.00392694171975148 0.00411620842293065 0.000615640168062038 0.995 0.864046380178751 241.85 0.005 1
"tree_170" 0.5 -201.727793088828 0.613771606687447 0.281749516950641 0.0206057808210821 0.00515481342281513 0.0205806721531455 0.0187676009802028 0.99 0.76646557851456 284.65 0.01 1
"tree_171" 0.3 -144.064023743905 0.716539151789931 0.348317046688382 0.357711454533845 0.00364281334826468 0.00246189402455334 0.00015493758400378 0.995 0.890493513340073 230.25 0.005 1
"tree_172" 0.3 -144.064023743905 0.716539151789931 0.348317046688382 0.357711454533845 0.00364281334826468 0.00246189402455334 0.00015493758400378 0.995 0.890493513340073 230.25 0.005 1
"tree_173" 0.5 -130.390078439686 0.740908661566072 0.368990108120543 0.0206057808210821 0.00334862272434458 0.00132648992942328 2.39461657990902e-05 0.997 0.919904549355682 217.35 0.003 1
"tree_174" 0.4 -144.064023743905 0.716539151789931 0.348317046688382 0.111058204879544 0.00364281334826468 0.00246189402455334 0.00015493758400378 0.995 0.890493513340073 230.25 0.005 1
"tree_175" 0.5 -179.043883824465 0.654198545385851 0.304653371320038 0.0206057808210821 0.00450364147779415 0.00969396400252022 0.00445568278663285 0.994 0.815255979346656 263.25 0.00600000000000001 1
"tree_176" 0.5 -122.016111935552 0.755832624917351 0.382907615182621 0.0206057808210821 0.00317918100948639 0.00088412483290469 6.17015152751156e-06 0.997 0.937915959008652 209.45 0.003 1
"tree_177" 0.4 -144.064023743905 0.716539151789931 0.348317046688382 0.111058204879544 0.00364281334826468 0.00246189402455334 0.00015493758400378 0.995 0.890493513340073 230.25 0.005 1
"tree_178" 0.7 -126.203095187619 0.748370643241711 0.375820056232427 0.000100320653173938 0.0032629127311988 0.00108589143489145 1.24317328866632e-05 0.997 0.928910254182167 213.4 0.003 1
"tree_179" 0.5 -130.390078439686 0.740908661566072 0.368990108120543 0.0206057808210821 0.00334862272434458 0.00132648992942328 2.39461657990902e-05 0.997 0.919904549355682 217.35 0.003 1
"tree_180" 0.6 -108.342166631334 0.780202134693492 0.408038667005851 0.00210574372772841 0.00291902792679556 0.000433755774639803 4.35930718130775e-07 0.999 0.967326995024261 196.55 0.001 1
"tree_181" 0.7 -104.155183379266 0.787664116369132 0.416407061266874 0.000100320653173938 0.00284329775273079 0.000344083939640325 1.70288661498711e-07 0.999 0.976332699850746 192.6 0.001 1
"tree_182" 0.4 -144.064023743905 0.716539151789931 0.348317046688382 0.111058204879544 0.00364281334826468 0.00246189402455334 0.00015493758400378 0.995 0.890493513340073 230.25 0.005 1
"tree_183" 0.5 -201.727793088828 0.613771606687447 0.281749516950641 0.0206057808210821 0.00515481342281513 0.0205806721531455 0.0187676009802028 0.99 0.76646557851456 284.65 0.01 1
"tree_184" 0.5 -201.727793088828 0.613771606687447 0.281749516950641 0.0206057808210821 0.00515481342281513 0.0205806721531455 0.0187676009802028 0.99 0.76646557851456 284.65 0.01 1
"tree_185" 0.6 -108.342166631334 0.780202134693492 0.408038667005851 0.00210574372772841 0.00291902792679556 0.000433755774639803 4.35930718130775e-07 0.999 0.967326995024261 196.55 0.001 1
"tree_186" 0.6 -174.856900572398 0.66166052706149 0.309294253760123 0.00210574372772841 0.00439181860476524 0.00834512541290531 0.00323932062933397 0.994 0.82426168417314 259.3 0.00600000000000001 1
"tree_187" 0.7 -108.342166631334 0.780202134693492 0.408038667005851 0.000100320653173938 0.00291902792679556 0.000433755774639803 4.35930718130775e-07 0.999 0.967326995024261 196.55 0.001 1
"tree_188" 0.5 -130.390078439686 0.740908661566072 0.368990108120543 0.0206057808210821 0.00334862272434458 0.00132648992942328 2.39461657990902e-05 0.997 0.919904549355682 217.35 0.003 1
"tree_189" 0.4 -144.064023743905 0.716539151789931 0.348317046688382 0.111058204879544 0.00364281334826468 0.00246189402455334 0.00015493758400378 0.995 0.890493513340073 230.25 0.005 1
"tree_190" 0.4 -144.064023743905 0.716539151789931 0.348317046688382 0.111058204879544 0.00364281334826468 0.00246189402455334 0.00015493758400378 0.995 0.890493513340073 230.25 0.005 1
"tree_191" 0.5 -107.706169175323 0.781335600264475 0.40928808369482 0.0206057808210821 0.00290740871155704 0.000418942689239535 3.79544177285516e-07 0.999 0.968694950187778 195.95 0.001 1
"tree_192" 0.5 -130.390078439686 0.740908661566072 0.368990108120543 0.0206057808210821 0.00334862272434458 0.00132648992942328 2.39461657990902e-05 0.997 0.919904549355682 217.35 0.003 1
"tree_193" 0.7 -104.155183379266 0.787664116369132 0.416407061266874 0.000100320653173938 0.00284329775273079 0.000344083939640325 1.70288661498711e-07 0.999 0.976332699850746 192.6 0.001 1
"tree_194" 0.4 -144.064023743905 0.716539151789931 0.348317046688382 0.111058204879544 0.00364281334826468 0.00246189402455334 0.00015493758400378 0.995 0.890493513340073 230.25 0.005 1
"tree_195" 0.6 -179.679881280475 0.653065079814867 0.303960583664961 0.00210574372772841 0.00452084785501996 0.00991403461156712 0.00466918555184608 0.994 0.813888024183139 263.85 0.00600000000000001 1
"tree_196" 0.5 -139.877040491838 0.724001133465571 0.354396818382678 0.0206057808210821 0.00355035872074687 0.00204841279538528 9.11218851657542e-05 0.996 0.899499218166558 226.3 0.004 1
"tree_197" 0.4 -121.380114479542 0.756966090488335 0.384007661000718 0.111058204879544 0.00316663284241326 0.000856526461213345 5.52425437751017e-06 0.997 0.939283914172169 208.85 0.003 1
"tree_198" 0.6 -107.706169175323 0.781335600264475 0.40928808369482 0.00210574372772841 0.00290740871155704 0.000418942689239535 3.79544177285516e-07 0.999 0.968694950187778 195.95 0.001 1
"tree_199" 0.6 -107.706169175323 0.781335600264475 0.40928808369482 0.00210574372772841 0.00290740871155704 0.000418942689239535 3.79544177285516e-07 0.999 0.968694950187778 195.95 0.001 1
"tree_200" 0.6 -130.390078439686 0.740908661566072 0.368990108120543 0.00210574372772841 0.00334862272434458 0.00132648992942328 2.39461657990902e-05 0.997 0.919904549355682 217.35 0.003 1
"tree_201" 0.4 -144.064023743905 0.716539151789931 0.348317046688382 0.111058204879544 0.00364281334826468 0.00246189402455334 0.00015493758400378 0.995 0.890493513340073 230.25 0.005 1
"tree_202" 0.4 -144.064023743905 0.716539151789931 0.348317046688382 0.111058204879544 0.00364281334826468 0.00246189402455334 0.00015493758400378 0.995 0.890493513340073 230.25 0.005 1
"tree_203" 0.4 -144.064023743905 0.716539151789931 0.348317046688382 0.111058204879544 0.00364281334826468 0.00246189402455334 0.00015493758400378 0.995 0.890493513340073 230.25 0.005 1
"tree_204" 0.7 -108.342166631334 0.780202134693492 0.408038667005851 0.000100320653173938 0.00291902792679556 0.000433755774639803 4.35930718130775e-07 0.999 0.967326995024261 196.55 0.001 1
"tree_205" 0.4 -144.064023743905 0.716539151789931 0.348317046688382 0.111058204879544 0.00364281334826468 0.00246189402455334 0.00015493758400378 0.995 0.890493513340073 230.25 0.005 1
"tree_206" 0.5 -179.679881280475 0.653065079814867 0.303960583664961 0.0206057808210821 0.00452084785501996 0.00991403461156712 0.00466918555184608 0.994 0.813888024183139 263.85 0.00600000000000001 1
"tree_207" 0.6 -174.856900572398 0.66166052706149 0.309294253760123 0.00210574372772841 0.00439181860476524 0.00834512541290531 0.00323932062933397 0.994 0.82426168417314 259.3 0.00600000000000001 1
"tree_208" 0.5 -122.016111935552 0.755832624917351 0.382907615182621 0.0206057808210821 0.00317918100948639 0.00088412483290469 6.17015152751156e-06 0.997 0.937915959008652 209.45 0.003 1
"tree_209" 0.6 -152.808988764045 0.700954000188911 0.336268343815514 0.00210574372772841 0.00384291480711851 0.0035620200968204 0.000423986141413321 0.995 0.871684129841719 238.5 0.005 1
"tree_210" 0.6 -126.203095187619 0.748370643241711 0.375820056232427 0.00210574372772841 0.0032629127311988 0.00108589143489145 1.24317328866632e-05 0.997 0.928910254182167 213.4 0.003 1
"tree_211" 0.4 -201.727793088828 0.613771606687447 0.281749516950641 0.111058204879544 0.00515481342281513 0.0205806721531455 0.0187676009802028 0.99 0.76646557851456 284.65 0.01 1
"tree_212" 0.5 -130.390078439686 0.740908661566072 0.368990108120543 0.0206057808210821 0.00334862272434458 0.00132648992942328 2.39461657990902e-05 0.997 0.919904549355682 217.35 0.003 1
"tree_213" 0.6 -156.995972016112 0.693492018513271 0.330789853578057 0.00210574372772841 0.00394216392135398 0.0042228668619959 0.000656835689887205 0.995 0.862678425015234 242.45 0.005 1
"tree_214" 0.4 -144.064023743905 0.716539151789931 0.348317046688382 0.111058204879544 0.00364281334826468 0.00246189402455334 0.00015493758400378 0.995 0.890493513340073 230.25 0.005 1
"tree_215" 0.5 -107.706169175323 0.781335600264475 0.40928808369482 0.0206057808210821 0.00290740871155704 0.000418942689239535 3.79544177285516e-07 0.999 0.968694950187778 195.95 0.001 1
"tree_216" 0.6 -174.856900572398 0.66166052706149 0.309294253760123 0.00210574372772841 0.00439181860476524 0.00834512541290531 0.00323932062933397 0.994 0.82426168417314 259.3 0.00600000000000001 1
"tree_217" 0.5 -130.390078439686 0.740908661566072 0.368990108120543 0.0206057808210821 0.00334862272434458 0.00132648992942328 2.39461657990902e-05 0.997 0.919904549355682 217.35 0.003 1
"tree_218" 0.4 -144.064023743905 0.716539151789931 0.348317046688382 0.111058204879544 0.00364281334826468 0.00246189402455334 0.00015493758400378 0.995 0.890493513340073 230.25 0.005 1
"tree_219" 0.5 -139.877040491838 0.724001133465571 0.354396818382678 0.0206057808210821 0.00355035872074687 0.00204841279538528 9.11218851657542e-05 0.996 0.899499218166558 226.3 0.004 1
"tree_220" 0.6 -130.390078439686 0.740908661566072 0.368990108120543 0.00210574372772841 0.00334862272434458 0.00132648992942328 2.39461657990902e-05 0.997 0.919904549355682 217.35 0.003 1
"tree_221" 0.5 -107.706169175323 0.781335600264475 0.40928808369482 0.0206057808210821 0.00290740871155704 0.000418942689239535 3.79544177285516e-07 0.999 0.968694950187778 195.95 0.001 1
"tree_222" 0.7 -126.203095187619 0.748370643241711 0.375820056232427 0.000100320653173938 0.0032629127311988 0.00108589143489145 1.24317328866632e-05 0.997 0.928910254182167 213.4 0.003 1
"tree_223" 0.4 -130.390078439686 0.740908661566072 0.368990108120543 0.111058204879544 0.00334862272434458 0.00132648992942328 2.39461657990902e-05 0.997 0.919904549355682 217.35 0.003 1
"tree_224" 0.6 -126.203095187619 0.748370643241711 0.375820056232427 0.00210574372772841 0.0032629127311988 0.00108589143489145 1.24317328866632e-05 0.997 0.928910254182167 213.4 0.003 1
"tree_225" 0.4 -144.064023743905 0.716539151789931 0.348317046688382 0.111058204879544 0.00364281334826468 0.00246189402455334 0.00015493758400378 0.995 0.890493513340073 230.25 0.005 1
"tree_226" 0.6 -108.342166631334 0.780202134693492 0.408038667005851 0.00210574372772841 0.00291902792679556 0.000433755774639803 4.35930718130775e-07 0.999 0.967326995024261 196.55 0.001 1
"tree_227" 0.4 -144.064023743905 0.716539151789931 0.348317046688382 0.111058204879544 0.00364281334826468 0.00246189402455334 0.00015493758400378 0.995 0.890493513340073 230.25 0.005 1
"tree_228" 0.4 -201.727793088828 0.613771606687447 0.281749516950641 0.111058204879544 0.00515481342281513 0.0205806721531455 0.0187676009802028 0.99 0.76646557851456 284.65 0.01 1
"tree_229" 0.4 -144.064023743905 0.716539151789931 0.348317046688382 0.111058204879544 0.00364281334826468 0.00246189402455334 0.00015493758400378 0.995 0.890493513340073 230.25 0.005 1
"tree_230" 0.7 -126.203095187619 0.748370643241711 0.375820056232427 0.000100320653173938 0.0032629127311988 0.00108589143489145 1.24317328866632e-05 0.997 0.928910254182167 213.4 0.003 1
"tree_231" 0.4 -144.064023743905 0.716539151789931 0.348317046688382 0.111058204879544 0.00364281334826468 0.00246189402455334 0.00015493758400378 0.995 0.890493513340073 230.25 0.005 1
"tree_232" 0.6 -179.679881280475 0.653065079814867 0.303960583664961 0.00210574372772841 0.00452084785501996 0.00991403461156712 0.00466918555184608 0.994 0.813888024183139 263.85 0.00600000000000001 1
"tree_233" 0.6 -130.390078439686 0.740908661566072 0.368990108120543 0.00210574372772841 0.00334862272434458 0.00132648992942328 2.39461657990902e-05 0.997 0.919904549355682 217.35 0.003 1
"tree_234" 0.4 -144.064023743905 0.716539151789931 0.348317046688382 0.111058204879544 0.00364281334826468 0.00246189402455334 0.00015493758400378 0.995 0.890493513340073 230.25 0.005 1
"tree_235" 0.5 -157.631969472122 0.692358552942288 0.329973256531578 0.0206057808210821 0.00395743895566938 0.00433187639117155 0.00070036774410576 0.995 0.861310469851717 243.05 0.005 1
"tree_236" 0.5 -174.856900572398 0.66166052706149 0.309294253760123 0.0206057808210821 0.00439181860476524 0.00834512541290531 0.00323932062933397 0.994 0.82426168417314 259.3 0.00600000000000001 1
"tree_237" 0.6 -126.203095187619 0.748370643241711 0.375820056232427 0.00210574372772841 0.0032629127311988 0.00108589143489145 1.24317328866632e-05 0.997 0.928910254182167 213.4 0.003 1
"tree_238" 0.6 -130.390078439686 0.740908661566072 0.368990108120543 0.00210574372772841 0.00334862272434458 0.00132648992942328 2.39461657990902e-05 0.997 0.919904549355682 217.35 0.003 1
"tree_239" 0.5 -179.679881280475 0.653065079814867 0.303960583664961 0.0206057808210821 0.00452084785501996 0.00991403461156712 0.00466918555184608 0.994 0.813888024183139 263.85 0.00600000000000001 1
"tree_240" 0.3 -215.401738393046 0.589402096911306 0.269534532011427 0.357711454533845 0.00558665758023592 0.0309978004823923 0.0368113317966336 0.988 0.737054542498951 297.55 0.012 1
"tree_241" 0.5 -170.669917320331 0.66912250873713 0.314078715488545 0.0206057808210821 0.0042824831202944 0.00715799859302072 0.00230963474461515 0.994 0.833267388999625 255.35 0.00600000000000001 1
"tree_242" 0.5 -179.043883824465 0.654198545385851 0.304653371320038 0.0206057808210821 0.00450364147779415 0.00969396400252022 0.00445568278663285 0.994 0.815255979346656 263.25 0.00600000000000001 1
"tree_243" 0.5 -130.390078439686 0.740908661566072 0.368990108120543 0.0206057808210821 0.00334862272434458 0.00132648992942328 2.39461657990902e-05 0.997 0.919904549355682 217.35 0.003 0
